1713858240748 416.71 0
1713858541957 265.51 0
1713858854319 276.13 0
1713859145852 283.93 0
1713859478013 262.63 0
1713859781758 271.28 0
1713860085065 268.59 0
1713860427338 296.05 0
1713860738975 267.23 0
1713861074559 273.23 0
1713861368472 261.89 0
1713861683292 268.3 0
1713861989295 274.21 0
1713862309704 294.3 0
1713862614097 264.93 0
1713862918712 261.77 0
1713863242230 303.28 0
1713863546437 269.05 0
1713863860816 285.92 0
1713864184095 292.64 0
1713864484579 264.04 0
1713864819049 263.12 0
1713865126196 269.24 0
1713865425373 265.51 0
1713865745507 275.77 0
1713866050060 253.22 0
1713866367222 284.09 0
1713866681962 281.54 0
1713867009991 297.45 0
1713867313354 301.02 0
1713867622724 306.94 0
1713867937339 292.41 0
1713868245821 272.83 0
1713868557447 280.87 0
1713868863933 279.77 0
1713869166918 273.18 0
1713869468452 278.9 0
1713869789280 297.17 0
1713870112464 281.21 0
1713870420772 274.92 0
1713870738487 262.96 0
1713871052451 281.86 0
1713871353641 298.68 0
1713871685059 295.84 0
1713871961476 246.55 0
1713872274554 282.86 0
1713872596516 282.22 0
1713872902224 303.36 0
1713873214070 274.47 0
1713873548748 267.99 0
1713873860272 259.49 0
1713874189200 309.87 0
1713874499818 285.6 0
1713874807746 264.32 0
1713875103904 272.1 0
1713875434717 304.31 0
1713875757345 274.16 0
1713876047683 269.13 0
1713876353695 279.07 0
1713876657150 282.38 0
1713876958687 284.4 0
1713877261622 277.88 0
1713877567402 275.09 0
1713877872751 279.09 0
1713878195111 258.11 0
1713878496088 249.04 0
1713878799303 283.15 0
1713879106242 274.01 0
1713879434588 259.42 0
1713879731264 234.33 0
1713880029342 273.54 0
1713880338417 278.32 0
1713880655179 282.33 0
1713880973547 305.7 0
1713881280379 279.3 0
1713881595743 296.74 0
1713881894382 271.99 0
1713882212350 315.4 0
1713882541509 318.45 0
1713882839315 295.37 0
1713883144603 302.79 0
1713883439368 292.07 0
1713883760704 295.43 0
1713884068345 305.29 0
1713884378650 255.81 0
1713884700312 296.92 0
1713885017137 268.59 0
1713885310217 277.66 0
1713885617371 287.06 0
1713885917767 297.91 0
1713886219828 292.93 0
1713886522828 300.62 0
1713886834782 308.77 0
1713887154249 282.66 0
1713887457631 275.14 0
1713887774150 283.72 0
1713888078349 263.86 0
1713888413501 286.16 0
1713888732399 285.39 0
1713889042499 280.35 0
1713889356892 248.32 0
1713889665859 306.57 0
1713889946239 277.91 0
1713890241438 236.28 0
1713890541959 272.9 0
1713890862838 318.52 0
1713891159153 266.59 0
1713891474901 282.46 0
1713891775292 292.02 0
1713892065527 287.81 0
1713892388180 320.21 0
1713892685924 295.3 0
1713892993883 305.54 0
1713893283500 262.51 0
1713893601130 290.6 0
1713893897850 252.08 0
1713894215249 291.77 0
1713894513745 263.88 0
1713894790649 274.53 0
1713895111144 318.02 0
1713895425230 311.61 0
1713895736584 265.86 0
1713896059148 303.58 0
1713896366382 281.29 0
1713896644451 248.03 0
1713896963446 300.71 0
1713897278203 300.67 0
1713897573564 285.45 0
1713897877487 267.89 0
1713898166139 274.16 0
1713898452059 255.12 0
1713898743796 289.01 0
1713899078939 273.85 0
1713899385400 272.6 0
1713899673362 285.56 0
1713899994812 295.22 0
1713900305503 308.16 0
1713900593258 285.21 0
1713900886784 290.97 0
1713901217966 305.04 0
1713901525251 304.07 0
1713901830071 290.95 0
1713902137219 304.6 0
1713902426903 287.09 0
1713902742806 313.14 0
1713903064951 319.59 0
1713903361453 294.01 0
1713903651857 287.86 0
1713903964190 278.75 0
1713904272412 284.11 0
1713904576939 259.43 0
1713904876769 297.36 0
1713905185199 305.99 0
1713905494123 274.43 0
1713905805389 307.59 0
1713906111591 303.68 0
1713906434074 319.83 0
1713906740059 302.85 0
1713907050912 289.85 0
1713907353664 275.56 0
1713907660192 303.77 0
1713907977657 290.75 0
1713908288863 280.65 0
1713908598400 280.03 0
1713908928893 288.65 0
1713909209474 278.0 0
1713909511932 300.01 0
1713909808303 287.87 0
1713910124467 313.74 0
1713910428102 301.05 0
1713910716435 285.83 0
1713911021736 302.7 0
1713911309345 285.03 0
1713911622489 310.56 0
1713911919079 286.65 0
1713912206030 284.5 0
1713912507804 299.2 0
1713912827758 263.39 0
1713913114713 284.43 0
1713913441166 323.96 0
1713913734252 283.89 0
1713914047389 259.79 0
1713914355454 293.91 0
1713914660571 302.54 0
1713914974627 290.19 0
1713915290849 313.71 0
1713915593283 293.18 0
1713915912498 292.96 0
1713916185626 270.65 0
1713916489792 301.55 0
1713916807279 314.27 0
1713917093030 283.1 0
1713917396895 301.27 0
1713917708937 309.37 0
1713918022618 311.12 0
1713918321109 295.88 0
1713918621923 298.3 0
1713918910016 285.44 0
1713919239723 296.43 0
1713919558584 300.59 0
1713919855961 264.42 0
1713920174027 291.96 0
1713920503027 302.92 0
1713920818890 286.84 0
1713921096288 274.89 0
1713921416466 317.43 0
1713921693285 274.22 0
1713922002149 306.42 0
1713922303351 298.68 0
1713922584502 278.68 0
1713922890615 296.47 0
1713923201109 308.06 0
1713923519831 316.32 0
1713923805216 282.31 0
1713924117372 278.78 0
1713924416558 296.68 0
1713924743319 324.29 0
1713925045212 290.79 0
1713925346608 268.83 0
1713925659751 310.06 0
1713925955130 292.79 0
1713926239729 282.18 0
1713926535808 293.47 0
1713926860508 281.04 0
1713927146203 283.24 0
1713927450355 301.65 0
1713927730159 277.41 0
1713928049993 317.42 0
1713928337622 285.19 0
1713928648799 308.58 0
1713928924452 273.2 0
1713929231986 305.15 0
1713929541929 292.24 0
1713929839797 295.31 0
1713930131568 289.13 0
1713930445974 276.88 0
1713930747236 262.37 0
1713931048309 298.38 0
1713931353268 271.35 0
1713931652350 296.72 0
1713931963266 286.38 0
1713932251880 281.95 0
1713932584073 329.78 0
1713932870897 284.31 0
1713933173896 300.32 0
1713933463463 287.14 0
1713933766757 269.96 0
1713934088243 318.98 0
1713934404649 308.0 0
1713934701038 293.75 0
1713935009405 279.81 0
1713935310277 296.84 0
1713935609183 296.46 0
1713935942830 312.51 0
1713936236303 291.0 0
1713936531257 258.54 0
1713936847676 293.29 0
1713937130514 280.39 0
1713937428366 295.25 0
1713937721312 260.56 0
1713938055873 325.7 0
1713938340726 239.78 0
1713938654967 290.17 0
1713938967415 272.24 0
1713939265618 295.62 0
1713939560990 292.81 0
1713939866745 303.13 0
1713940161181 291.47 0
1713940480216 316.32 0
1713940795424 312.34 0
1713941098599 300.68 0
1713941414235 312.88 0
1713941708712 292.01 0
1713942016124 304.94 0
1713942308495 289.91 0
1713942613995 302.96 0
1713942918056 301.56 0
1713943237021 315.95 0
1713943526816 287.18 0
1713943852454 323.07 0
1713944171695 316.54 0
1713944470202 295.98 0
1713944773888 301.22 0
1713945075989 276.22 0
1713945385590 307.16 0
1713945684121 295.66 0
1713945965432 270.07 0
1713946280477 286.3 0
1713946590127 278.94 0
1713946866637 274.04 0
1713947186449 317.06 0
1713947466135 277.22 0
1713947770794 302.09 0
1713948079880 306.62 0
1713948372038 289.61 0
1713948683948 308.13 0
1713949000753 314.19 0
1713949303277 300.03 0
1713949621293 315.46 0
1713949920006 289.5 0
1713950211781 252.56 0
1713950508153 293.86 0
1713950821107 310.47 0
1713951117649 293.99 0
1713951413910 293.74 0
1713951726712 309.93 0
1713952012437 275.81 0
1713952311832 259.22 0
1713952648842 305.34 0
1713952950100 279.57 0
1713953260388 271.33 0
1713953557081 264.12 0
1713953849133 289.59 0
1713954148112 296.29 0
1713954469483 286.34 0
1713954775612 276.53 0
1713955068146 261.49 0
1713955372475 301.85 0
1713955677771 241.85 0
1713955977455 296.65 0
1713956266998 286.86 0
1713956565287 295.74 0
1713956853108 278.59 0
1713957163108 307.38 0
1713957453523 287.94 0
1713957769443 313.17 0
1713958060810 288.84 0
1713958349554 286.2 0
1713958651893 299.8 0
1713958953102 291.21 0
1713959268184 312.54 0
1713959560890 289.63 0
1713959859694 295.85 0
1713960166576 260.76 0
1713960485617 316.43 0
1713960787796 292.03 0
1713961081129 290.8 0
1713961373096 289.37 0
1713961664809 288.88 0
1713961958402 291.05 0
1713962266386 305.41 0
1713962548319 279.34 0
1713962850007 291.29 0
1713963174601 321.96 0
1713963445856 268.58 0
1713963750502 302.08 0
1713964077914 324.64 0
1713964366984 286.15 0
1713964664298 294.67 0
1713964953454 279.04 0
1713965265073 292.41 0
1713965567995 300.4 0
1713965883295 312.56 0
1713966171618 285.65 0
1713966458348 284.1 0
1713966747576 286.48 0
1713967034761 284.41 0
1713967328186 290.7 0
1713967633602 302.85 0
1713967916658 280.21 0
1713968216522 296.96 0
1713968525417 306.16 0
1713968838284 302.62 0
1713969141157 300.24 0
1713969446895 303.08 0
1713969744027 294.44 0
1713970017155 270.4 0
1713970314734 294.42 0
1713970617775 300.27 0
1713970899185 278.76 0
1713971189047 287.31 0
1713971495641 304.02 0
1713971803867 305.34 0
1713972112012 275.41 0
1713972417123 263.19 0
1713972724530 287.63 0
1713973009885 282.78 0
1713973307157 294.65 0
1713973605623 295.77 0
1713973922867 314.62 0
1713974222826 297.37 0
1713974529407 303.13 0
1713974823923 291.69 0
1713975128221 301.7 0
1713975418548 287.47 0
1713975717833 296.54 0
1713976030539 309.59 0
1713976313230 272.0 0
1713976618582 302.69 0
1713976918526 297.36 0
1713977218838 295.89 0
1713977509370 287.72 0
1713977833873 321.46 0
1713978129727 292.85 0
1713978442143 270.37 0
1713978724770 279.23 0
1713979006379 279.04 0
1713979311029 302.01 0
1713979598495 284.74 0
1713979891389 290.23 0
1713980227349 270.83 0
1713980538538 278.45 0
1713980825509 284.14 0
1713981137792 309.68 0
1713981458442 253.28 0
1713981776452 277.9 0
1713982083763 304.65 0
1713982359546 273.11 0
1713982674546 312.19 0
1713982971929 262.12 0
1713983272741 290.47 0
1713983558854 283.63 0
1713983890113 328.71 0
1713984199207 306.35 0
1713984486273 284.36 0
1713984796118 270.64 0
1713985095654 297.05 0
1713985378779 280.6 0
1713985674572 293.32 0
1713985964107 287.06 0
1713986258840 292.18 0
1713986549787 288.28 0
1713986856710 271.67 0
1713987145946 279.35 0
1713987446393 297.91 0
1713987726084 276.81 0
1713988034691 305.94 0
1713988330385 293.17 0
1713988639744 306.34 0
1713988949041 306.72 0
1713989246227 285.86 0
1713989556743 308.0 0
1713989855303 295.66 0
1713990167099 309.11 0
1713990445067 274.98 0
1713990762856 315.08 0
1713991088267 265.23 0
1713991407266 305.9 0
1713991724317 285.02 0
1713992031630 278.16 0
1713992330521 296.31 0
1713992617792 284.85 0
1713992946019 321.48 0
1713993238368 289.91 0
1713993548500 307.73 0
1713993850465 299.37 0
1713994126466 273.51 0
1713994417555 288.49 0
1713994741343 294.41 0
1713995038728 286.26 0
1713995359422 286.46 0
1713995639653 277.71 0
1713995929907 287.84 0
1713996234072 301.67 0
1713996537449 299.83 0
1713996825582 285.63 0
1713997138041 302.32 0
1713997440310 299.58 0
1713997718955 275.92 0
1713998003072 281.22 0
1713998297430 291.87 0
1713998608335 307.86 0
1713998889779 278.9 0
1713999193904 301.62 0
1713999497151 300.8 0
1713999779572 279.99 0
1714000082362 300.36 0
1714000335814 250.99 0
1714000637798 299.47 0
1714000928157 287.86 0
1714001223679 292.56 0
1714001523305 297.18 0
1714001845891 319.91 0
1714002124978 276.52 0
1714002419784 292.32 0
1714002695391 273.11 0
1714002997712 299.61 0
1714003289184 288.87 0
1714003575629 275.47 0
1714003870264 292.17 0
1714004176954 303.96 0
1714004480010 300.18 0
1714004788767 306.15 0
1714005088601 296.0 0
1714005395042 303.78 0
1714005695703 290.02 0
1714005990737 292.16 0
1714006298044 304.67 0
1714006599840 299.13 0
1714006916388 314.04 0
1714007206354 287.34 0
1714007517536 308.64 0
1714007821197 300.97 0
1714008121489 297.13 0
1714008424710 300.71 0
1714008747308 320.03 0
1714009033639 283.71 0
1714009328122 291.9 0
1714009647039 316.41 0
1714009930963 280.89 0
1714010265961 298.86 0
1714010578701 309.98 0
1714010862517 281.21 0
1714011148429 270.35 0
1714011449202 298.28 0
1714011764141 283.01 0
1714012069756 303.18 0
1714012361862 267.85 0
1714012680001 302.77 0
1714012992258 290.98 0
1714013291853 296.97 0
1714013594903 293.72 0
1714013889863 292.49 0
1714014197413 305.01 0
1714014493311 293.32 0
1714014817683 321.66 0
1714015118066 297.88 0
1714015421716 301.0 0
1714015730202 298.32 0
1714016021614 288.95 0
1714016342199 289.42 0
1714016631365 286.64 0
1714016941918 286.61 0
1714017265734 282.38 0
1714017589152 280.57 0
1714017892098 264.07 0
1714018190238 295.52 0
1714018489760 296.4 0
1714018786761 254.26 0
1714019112624 297.56 0
1714019391731 275.89 0
1714019700059 305.85 0
1714020020871 318.34 0
1714020316928 293.53 0
1714020630244 310.87 0
1714020901122 268.29 0
1714021186200 282.55 0
1714021490125 301.43 0
1714021776624 283.97 0
1714022078455 299.32 0
1714022369119 288.17 0
1714022645975 274.15 0
1714022955854 307.35 0
1714023244060 278.46 0
1714023561615 314.43 0
1714023854748 290.65 0
1714024138270 281.03 0
1714024446414 305.59 0
1714024746415 297.47 0
1714025044221 295.25 0
1714025335501 252.58 0
1714025632199 294.23 0
1714025950069 292.19 0
1714026259861 292.15 0
1714026558229 295.61 0
1714026869383 272.06 0
1714027173037 295.82 0
1714027465391 289.86 0
1714027743980 276.11 0
1714028065770 317.71 0
1714028363097 294.77 0
1714028656514 290.93 0
1714028955089 295.97 0
1714029237725 280.05 0
1714029510285 269.98 0
1714029839160 326.26 0
1714030134499 292.85 0
1714030454653 317.6 0
1714030735547 278.15 0
1714031038078 299.98 0
1714031362986 322.09 0
1714031664634 298.64 0
1714031984854 317.65 0
1714032275878 288.41 0
1714032555546 276.68 0
1714032864508 306.28 0
1714033187739 258.75 0
1714033470981 272.56 0
1714033749957 276.46 0
1714034057240 304.67 0
1714034352668 292.3 0
1714034648897 293.7 0
1714034916909 265.4 0
1714035232584 278.9 0
1714035541270 305.7 0
1714035845013 301.22 0
1714036138991 291.41 0
1714036422607 281.03 0
1714036737621 312.41 0
1714037033454 292.36 0
1714037313024 276.95 0
1714037614938 297.88 0
1714037909057 291.55 0
1714038196080 284.48 0
1714038521640 322.73 0
1714038805718 281.09 0
1714039097319 288.94 0
1714039405934 298.01 0
1714039699060 290.56 0
1714039993793 292.12 0
1714040296319 259.86 0
1714040589199 290.35 0
1714040918105 326.34 0
1714041174169 252.63 0
1714041474015 288.13 0
1714041808350 331.68 0
1714042094268 283.3 0
1714042389240 292.38 0
1714042694575 302.75 0
1714042988084 290.87 0
1714043292779 301.88 0
1714043596574 293.18 0
1714043891147 291.91 0
1714044160772 266.92 0
1714044480684 317.27 0
1714044756731 273.38 0
1714045068261 308.89 0
1714045378703 283.35 0
1714045683891 302.63 0
1714045986405 299.96 0
1714046294843 305.55 0
1714046597533 276.51 0
1714046908958 308.88 0
1714047218954 307.41 0
1714047526303 297.22 0
1714047810353 281.1 0
1714048133758 320.8 0
1714048425250 288.64 0
1714048741752 313.23 0
1714049032273 287.84 0
1714049322125 286.88 0
1714049623629 288.79 0
1714049954932 328.48 0
1714050282585 325.02 0
1714050561857 276.62 0
1714050883551 319.1 0
1714051158591 272.38 0
1714051469645 308.36 0
1714051753726 271.21 0
1714052062520 306.22 0
1714052348658 283.53 0
1714052660891 285.67 0
1714052952068 288.62 0
1714053239965 285.37 0
1714053532045 289.5 0
1714053825443 290.79 0
1714054126844 298.68 0
1714054439424 297.1 0
1714054756125 279.54 0
1714055031482 272.76 0
1714055340786 268.38 0
1714055659842 316.51 0
1714055931671 268.92 0
1714056261806 327.49 0
1714056598550 295.61 0
1714056887848 286.8 0
1714057195106 276.45 0
1714057509325 283.63 0
1714057811533 299.64 0
1714058082035 238.62 0
1714058388760 286.52 0
1714058684697 262.13 0
1714058957880 270.59 0
1714059247086 255.44 0
1714059549504 299.84 0
1714059833975 281.45 0
1714060126433 289.82 0
1714060418211 288.94 0
1714060709469 280.05 0
1714060991931 278.98 0
1714061283071 288.38 0
1714061588674 302.92 0
1714061868362 276.95 0
1714062171481 300.51 0
1714062479715 305.65 0
1714062782290 291.13 0
1714063078191 293.27 0
1714063368472 287.71 0
1714063662536 291.22 0
1714063969904 304.65 0
1714064251654 279.12 0
1714064564328 309.88 0
1714064859603 284.64 0
1714065160835 298.67 0
1714065457290 293.73 0
1714065740268 280.19 0
1714066046674 303.31 0
1714066346738 297.35 0
1714066635336 285.72 0
1714066960409 314.45 0
1714067251291 288.19 0
1714067572395 318.45 0
1714067876492 301.46 0
1714068183762 304.53 0
1714068485181 298.64 0
1714068800382 312.52 0
1714069078515 267.18 0
1714069370156 289.06 0
1714069664900 291.99 0
1714069977748 310.18 0
1714070253234 249.59 0
1714070551753 295.83 0
1714070857000 294.91 0
1714071159350 299.74 0
1714071463174 301.15 0
1714071776126 310.27 0
1714072076680 297.9 0
1714072357821 278.4 0
1714072653493 292.78 0
1714072947948 283.57 0
1714073262521 311.89 0
1714073578288 312.94 0
1714073896043 273.45 0
1714074179845 281.08 0
1714074495257 285.46 0
1714074799830 301.91 0
1714075109460 306.93 0
1714075401541 289.4 0
1714075715458 310.8 0
1714076003782 285.64 0
1714076304067 297.6 0
1714076612974 306.22 0
1714076914926 290.31 0
1714077213097 295.32 0
1714077514799 299.08 0
1714077824142 306.55 0
1714078128256 301.39 0
1714078438124 306.48 0
1714078728565 287.59 0
1714079037394 295.11 0
1714079331226 291.13 0
1714079633131 253.7 0
1714079951815 315.92 0
1714080247567 293.07 0
1714080531058 280.54 0
1714080834333 254.51 0
1714081116923 279.97 0
1714081402080 282.46 0
1714081700094 295.35 0
1714082011294 308.57 0
1714082300507 285.8 0
1714082600990 297.78 0
1714082910824 297.47 0
1714083204426 290.99 0
1714083487193 280.11 0
1714083796044 306.11 0
1714084099931 301.11 0
1714084416143 313.45 0
1714084710964 292.14 0
1714085001054 279.84 0
1714085310715 264.04 0
1714085610586 297.22 0
1714085904126 290.93 0
1714086212223 305.32 0
1714086484241 269.28 0
1714086823199 328.93 0
1714087095709 269.79 0
1714087420790 322.43 0
1714087718402 294.94 0
1714088004460 283.36 0
1714088299298 292.12 0
1714088583788 281.69 0
1714088873738 278.5 0
1714089175702 299.28 0
1714089454251 275.79 0
1714089766071 309.1 0
1714090062035 293.22 0
1714090365687 300.72 0
1714090669924 301.39 0
1714090952929 272.33 0
1714091254025 298.45 0
1714091576664 319.79 0
1714091867343 288.0 0
1714092168769 298.47 0
1714092475213 276.67 0
1714092770195 284.6 0
1714093051628 277.69 0
1714093366255 288.16 0
1714093677390 280.14 0
1714093988351 275.86 0
1714094284986 293.94 0
1714094571090 275.21 0
1714094874700 300.81 0
1714095174799 297.19 0
1714095480243 302.67 0
1714095780161 297.05 0
1714096079615 296.75 0
1714096377059 294.79 0
1714096667851 281.33 0
1714096951623 281.13 0
1714097278987 324.66 0
1714097594501 312.79 0
1714097891320 294.0 0
1714098198399 303.84 0
1714098498746 242.95 0
1714098796586 295.2 0
1714099093371 294.11 0
1714099403284 307.08 0
1714099708891 283.25 0
1714100009482 297.94 0
1714100311054 268.16 0
1714100625280 310.96 0
1714100954355 326.35 0
1714101232396 275.37 0
1714101542420 306.66 0
1714101818568 273.45 0
1714102134573 305.66 0
1714102439588 302.36 0
1714102720414 278.1 0
1714103016135 292.72 0
1714103318987 278.68 0
1714103632644 299.15 0
1714103928374 286.25 0
1714104206396 250.57 0
1714104523686 313.74 0
1714104819878 293.41 0
1714105116521 279.55 0
1714105430221 292.65 0
1714105725821 285.68 0
1714106059314 330.36 0
1714106356069 267.88 0
1714106656547 262.44 0
1714106944337 285.26 0
1714107265759 292.5 0
1714107584525 293.48 0
1714107869713 282.71 0
1714108171030 298.47 0
1714108461740 288.19 0
1714108742848 278.61 0
1714109028176 282.78 0
1714109313684 275.02 0
1714109627229 310.75 0
1714109926805 296.45 0
1714110230042 300.43 0
1714110516677 284.05 0
1714110829673 310.07 0
1714111140492 307.88 0
1714111441317 290.2 0
1714111754842 310.66 0
1714112066783 309.24 0
1714112361168 291.78 0
1714112668683 304.71 0
1714112983267 311.95 0
1714113289650 303.11 0
1714113596876 304.6 0
1714113912366 312.93 0
1714114221755 306.84 0
1714114516906 292.22 0
1714114815802 296.06 0
1714115130017 311.4 0
1714115430314 252.97 0
1714115742574 301.87 0
1714116034123 288.25 0
1714116334604 297.25 0
1714116627865 289.81 0
1714116919097 288.66 0
1714117227551 305.58 0
1714117540210 309.97 0
1714117831433 288.16 0
1714118119589 285.52 0
1714118424819 302.4 0
1714118710977 283.4 0
1714119023096 308.96 0
1714119318692 292.0 0
1714119631310 309.78 0
1714119922006 288.0 0
1714120210387 285.78 0
1714120503593 290.52 0
1714120823106 316.38 0
1714121111167 285.41 0
1714121418985 305.2 0
1714121724801 303.05 0
1714122006189 278.67 0
1714122312252 303.45 0
1714122601608 285.31 0
1714122886334 282.01 0
1714123209068 320.21 0
1714123482781 271.08 0
1714123795061 309.2 0
1714124105596 307.59 0
1714124387900 279.46 0
1714124694004 303.55 0
1714125009362 312.82 0
1714125293298 281.37 0
1714125597457 301.51 0
1714125903087 302.9 0
1714126193801 288.11 0
1714126495966 299.63 0
1714126778037 279.39 0
1714127095326 314.26 0
1714127380095 281.47 0
1714127673391 290.65 0
1714127977183 300.76 0
1714128291398 311.7 0
1714128585673 291.5 0
1714128884866 296.38 0
1714129183705 296.12 0
1714129507498 321.16 0
1714129781471 271.31 0
1714130081832 297.6 0
1714130417857 306.04 0
1714130702287 281.87 0
1714131007387 302.48 0
1714131307322 296.73 0
1714131604280 294.37 0
1714131902315 294.67 0
1714132165650 260.72 0
1714132477762 301.17 0
1714132778330 297.98 0
1714133086951 306.05 0
1714133385360 295.76 0
1714133694098 305.96 0
1714133992938 296.17 0
1714134318460 322.89 0
1714134601474 280.43 0
1714134908867 304.78 0
1714135206262 292.61 0
1714135513019 304.08 0
1714135816220 300.47 0
1714136117419 298.6 0
1714136434084 313.73 0
1714136728701 291.86 0
1714137009685 278.31 0
1714137325379 313.1 0
1714137619416 291.37 0
1714137911587 289.5 0
1714138228684 314.48 0
1714138536611 304.53 0
1714138820422 271.26 0
1714139145356 322.41 0
1714139434979 287.03 0
1714139744451 306.69 0
1714140055410 308.31 0
1714140344518 286.49 0
1714140668396 320.77 0
1714140985979 315.07 0
1714141295575 306.54 0
1714141585815 287.63 0
1714141872038 283.54 0
1714142212102 337.26 0
1714142498661 283.94 0
1714142812114 310.23 0
1714143124415 286.28 0
1714143442329 291.88 0
1714143728580 283.4 0
1714144036608 282.98 0
1714144355589 277.81 0
1714144648292 263.38 0
1714144972541 289.07 0
1714145274477 299.42 0
1714145582964 291.44 0
1714145878589 293.15 0
1714146192461 311.3 0
1714146485483 251.37 0
1714146790484 302.4 0
1714147092988 272.64 0
1714147400457 266.64 0
1714147701478 298.29 0
1714147999828 295.83 0
1714148283756 276.7 0
1714148581407 294.58 0
1714148889926 276.17 0
1714149192965 300.1 0
1714149492130 296.67 0
1714149805157 308.85 0
1714150091448 283.42 0
1714150379098 279.06 0
1714150690290 308.67 0
1714150981276 288.39 0
1714151304850 300.32 0
1714151621486 292.54 0
1714151925913 265.42 0
1714152200524 263.52 0
1714152493463 290.07 0
1714152800397 304.08 0
1714153103276 300.28 0
1714153409658 280.13 0
1714153722420 310.21 0
1714154016255 257.26 0
1714154330650 275.46 0
1714154623868 290.69 0
1714154930173 303.64 0
1714155249932 317.01 0
1714155554647 302.12 0
1714155869143 311.81 0
1714156154082 274.89 0
1714156430303 273.61 0
1714156738222 305.31 0
1714157051512 310.72 0
1714157350316 296.17 0
1714157658406 305.31 0
1714157949387 288.1 0
1714158276117 316.34 0
1714158572647 293.76 0
1714158895458 320.19 0
1714159189722 291.58 0
1714159487614 293.3 0
1714159760173 269.9 0
1714160084664 321.78 0
1714160393909 296.47 0
