1713857823700 0.002 0
1713858275378 0.002 1
1713858578177 0.002 2
1713858861901 0.002 3
1713859215134 0.00199 4
1713859510464 0.00199 5
1713859816472 0.00199 6
1713860131042 0.00199 7
1713860471732 0.00199 8
1713860801039 0.00199 9
1713861106379 0.00198 10
1713861414946 0.00198 11
1713861714775 0.00198 12
1713862015396 0.00198 13
1713862349145 0.00198 14
1713862656690 0.00197 15
1713862938944 0.00197 16
1713863276501 0.00197 17
1713863574895 0.00197 18
1713863891447 0.00197 19
1713864220492 0.00197 20
1713864555916 0.00196 21
1713864856939 0.00196 22
1713865159804 0.00196 23
1713865469268 0.00196 24
1713865796214 0.00196 25
1713866083121 0.00195 26
1713866400404 0.00195 27
1713866711884 0.00195 28
1713867012325 0.00195 29
1713867315773 0.00195 30
1713867644475 0.00195 31
1713867972843 0.00194 32
1713868276535 0.00194 33
1713868584138 0.00194 34
1713868893757 0.00194 35
1713869189524 0.00194 36
1713869492022 0.00194 37
1713869831121 0.00193 38
1713870145839 0.00193 39
1713870475514 0.00193 40
1713870770333 0.00193 41
1713871054946 0.00193 42
1713871389136 0.00192 43
1713871714907 0.00192 44
1713871991538 0.00192 45
1713872314291 0.00192 46
1713872598853 0.00192 47
1713872939590 0.00192 48
1713873280680 0.00191 49
1713873600763 0.00191 50
1713873879160 0.00191 51
1713874214120 0.00191 52
1713874543416 0.00191 53
1713874831799 0.0019 54
1713875130341 0.0019 55
1713875483158 0.0019 56
1713875778544 0.0019 57
1713876074474 0.0019 58
1713876374751 0.0019 59
1713876674281 0.00189 60
1713876983267 0.00189 61
1713877292106 0.00189 62
1713877593615 0.00189 63
1713877936990 0.00189 64
1713878247023 0.00188 65
1713878516085 0.00188 66
1713878832222 0.00188 67
1713879175115 0.00188 68
1713879496925 0.00188 69
1713879755793 0.00188 70
1713880060085 0.00187 71
1713880372817 0.00187 72
1713880667841 0.00187 73
1713881000760 0.00187 74
1713881298893 0.00187 75
1713881622379 0.00186 76
1713881896919 0.00186 77
1713882223005 0.00186 78
1713882543932 0.00186 79
1713882841798 0.00186 80
1713883147157 0.00186 81
1713883465260 0.00185 82
1713883763039 0.00185 83
1713884122781 0.00185 84
1713884403370 0.00185 85
1713884748567 0.00185 86
1713885032442 0.00184 87
1713885330298 0.00184 88
1713885619843 0.00184 89
1713885926887 0.00184 90
1713886222187 0.00184 91
1713886525996 0.00184 92
1713886871097 0.00183 93
1713887182479 0.00183 94
1713887489013 0.00183 95
1713887814470 0.00183 96
1713888127334 0.00183 97
1713888446944 0.00182 98
1713888762131 0.00182 99
1713889108565 0.00182 100
1713889359274 0.00182 101
1713889668318 0.00182 102
1713890005138 0.00182 103
1713890268342 0.00181 104
1713890544292 0.00181 105
1713890892046 0.00181 106
1713891192185 0.00181 107
1713891483251 0.00181 108
1713891777705 0.0018 109
1713892067948 0.0018 110
1713892390609 0.0018 111
1713892688307 0.0018 112
1713893020977 0.0018 113
1713893310459 0.0018 114
1713893645715 0.00179 115
1713893923463 0.00179 116
1713894249815 0.00179 117
1713894516107 0.00179 118
1713894793106 0.00179 119
1713895113607 0.00178 120
1713895470704 0.00178 121
1713895754979 0.00178 122
1713896085068 0.00178 123
1713896396154 0.00178 124
1713896662730 0.00178 125
1713896977511 0.00177 126
1713897288106 0.00177 127
1713897609547 0.00177 128
1713897891970 0.00177 129
1713898196931 0.00177 130
1713898454573 0.00176 131
1713898805078 0.00176 132
1713899111954 0.00176 133
1713899387780 0.00176 134
1713899699576 0.00176 135
1713899997322 0.00176 136
1713900308036 0.00175 137
1713900595794 0.00175 138
1713900912820 0.00175 139
1713901221167 0.00175 140
1713901538781 0.00175 141
1713901832607 0.00174 142
1713902139795 0.00174 143
1713902429642 0.00174 144
1713902745341 0.00174 145
1713903067429 0.00174 146
1713903363970 0.00174 147
1713903685432 0.00173 148
1713903988230 0.00173 149
1713904317401 0.00173 150
1713904579399 0.00173 151
1713904879192 0.00173 152
1713905219661 0.00172 153
1713905497775 0.00172 154
1713905807889 0.00172 155
1713906114230 0.00172 156
1713906437104 0.00172 157
1713906761052 0.00172 158
1713907077913 0.00171 159
1713907356304 0.00171 160
1713907686839 0.00171 161
1713908008187 0.00171 162
1713908318332 0.00171 163
1713908640230 0.0017 164
1713908931469 0.0017 165
1713909211911 0.0017 166
1713909520411 0.0017 167
1713909810713 0.0017 168
1713910127034 0.00169 169
1713910430586 0.00169 170
1713910719022 0.00169 171
1713911024303 0.00169 172
1713911311901 0.00169 173
1713911632417 0.00169 174
1713911921512 0.00168 175
1713912208515 0.00168 176
1713912564351 0.00168 177
1713912830276 0.00168 178
1713913117186 0.00168 179
1713913450345 0.00167 180
1713913787592 0.00167 181
1713914061477 0.00167 182
1713914358014 0.00167 183
1713914684508 0.00167 184
1713914977133 0.00167 185
1713915300092 0.00166 186
1713915619444 0.00166 187
1713915914964 0.00166 188
1713916188101 0.00166 189
1713916493003 0.00166 190
1713916809898 0.00165 191
1713917095612 0.00165 192
1713917399550 0.00165 193
1713917711493 0.00165 194
1713918025219 0.00165 195
1713918323609 0.00165 196
1713918624558 0.00164 197
1713918943107 0.00164 198
1713919257863 0.00164 199
1713919591278 0.00164 200
1713919882054 0.00164 201
1713920200084 0.00163 202
1713920531711 0.00163 203
1713920821382 0.00163 204
1713921099007 0.00163 205
1713921419053 0.00163 206
1713921695706 0.00163 207
1713922004653 0.00162 208
1713922305812 0.00162 209
1713922594151 0.00162 210
1713922893039 0.00162 211
1713923203489 0.00162 212
1713923522891 0.00161 213
1713923838578 0.00161 214
1713924119866 0.00161 215
1713924419009 0.00161 216
1713924754398 0.00161 217
1713925077713 0.0016 218
1713925349662 0.0016 219
1713925662324 0.0016 220
1713925957540 0.0016 221
1713926242298 0.0016 222
1713926578764 0.0016 223
1713926862944 0.00159 224
1713927148580 0.00159 225
1713927452738 0.00159 226
1713927732551 0.00159 227
1713928052423 0.00159 228
1713928340082 0.00158 229
1713928651198 0.00158 230
1713928926815 0.00158 231
1713929249670 0.00158 232
1713929544321 0.00158 233
1713929842307 0.00158 234
1713930169073 0.00157 235
1713930484848 0.00157 236
1713930749604 0.00157 237
1713931081907 0.00157 238
1713931355605 0.00157 239
1713931676870 0.00156 240
1713931969690 0.00156 241
1713932254280 0.00156 242
1713932586571 0.00156 243
1713932873502 0.00156 244
1713933176304 0.00155 245
1713933496749 0.00155 246
1713933769248 0.00155 247
1713934096634 0.00155 248
1713934407276 0.00155 249
1713934729513 0.00155 250
1713935013417 0.00154 251
1713935312700 0.00154 252
1713935630174 0.00154 253
1713935945290 0.00154 254
1713936272288 0.00154 255
1713936554373 0.00153 256
1713936850107 0.00153 257
1713937133102 0.00153 258
1713937460737 0.00153 259
1713937730152 0.00153 260
1713938100914 0.00153 261
1713938364757 0.00152 262
1713938695141 0.00152 263
1713938969833 0.00152 264
1713939268167 0.00152 265
1713939563602 0.00152 266
1713939869700 0.00151 267
1713940163708 0.00151 268
1713940482993 0.00151 269
1713940797900 0.00151 270
1713941101333 0.00151 271
1713941416688 0.0015 272
1713941711174 0.0015 273
1713942018561 0.0015 274
1713942311000 0.0015 275
1713942616477 0.0015 276
1713942921059 0.0015 277
1713943239620 0.00149 278
1713943529363 0.00149 279
1713943855142 0.00149 280
1713944174174 0.00149 281
1713944472655 0.00149 282
1713944799749 0.00148 283
1713945078414 0.00148 284
1713945388333 0.00148 285
1713945695351 0.00148 286
1713945994138 0.00148 287
1713946311116 0.00148 288
1713946592592 0.00147 289
1713946869375 0.00147 290
1713947188901 0.00147 291
1713947468774 0.00147 292
1713947773246 0.00147 293
1713948082403 0.00146 294
1713948375627 0.00146 295
1713948686506 0.00146 296
1713949003232 0.00146 297
1713949305812 0.00146 298
1713949630489 0.00145 299
1713949959204 0.00145 300
1713950214277 0.00145 301
1713950510623 0.00145 302
1713950823649 0.00145 303
1713951120139 0.00145 304
1713951416757 0.00144 305
1713951736613 0.00144 306
1713952052597 0.00144 307
1713952343169 0.00144 308
1713952670506 0.00144 309
1713952989015 0.00143 310
1713953292943 0.00143 311
1713953559531 0.00143 312
1713953851808 0.00143 313
1713954183141 0.00143 314
1713954499030 0.00142 315
1713954806629 0.00142 316
1713955070610 0.00142 317
1713955435899 0.00142 318
1713955680364 0.00142 319
1713955980121 0.00142 320
1713956269532 0.00141 321
1713956574493 0.00141 322
1713956855708 0.00141 323
1713957165554 0.00141 324
1713957456260 0.00141 325
1713957771950 0.0014 326
1713958063311 0.0014 327
1713958352077 0.0014 328
1713958661868 0.0014 329
1713958955613 0.0014 330
1713959271252 0.00139 331
1713959563819 0.00139 332
1713959905641 0.00139 333
1713960169173 0.00139 334
1713960495674 0.00139 335
1713960790555 0.00139 336
1713961083672 0.00138 337
1713961375749 0.00138 338
1713961667345 0.00138 339
1713961960968 0.00138 340
1713962268974 0.00138 341
1713962558702 0.00137 342
1713962852529 0.00137 343
1713963177268 0.00137 344
1713963448409 0.00137 345
1713963753266 0.00137 346
1713964080738 0.00136 347
1713964369611 0.00136 348
1713964674198 0.00136 349
1713964972647 0.00136 350
1713965267588 0.00136 351
1713965570700 0.00136 352
1713965885962 0.00135 353
1713966174234 0.00135 354
1713966461089 0.00135 355
1713966750288 0.00135 356
1713967037301 0.00135 357
1713967330732 0.00134 358
1713967636430 0.00134 359
1713967919434 0.00134 360
1713968219248 0.00134 361
1713968535645 0.00134 362
1713968840908 0.00133 363
1713969143792 0.00133 364
1713969449570 0.00133 365
1713969746744 0.00133 366
1713970020287 0.00133 367
1713970317494 0.00133 368
1713970620508 0.00132 369
1713970901727 0.00132 370
1713971191606 0.00132 371
1713971498507 0.00132 372
1713971836582 0.00132 373
1713972153924 0.00131 374
1713972436889 0.00131 375
1713972727038 0.00131 376
1713973012485 0.00131 377
1713973309839 0.00131 378
1713973608229 0.0013 379
1713973925443 0.0013 380
1713974226257 0.0013 381
1713974532220 0.0013 382
1713974826498 0.0013 383
1713975131070 0.0013 384
1713975421287 0.00129 385
1713975720934 0.00129 386
1713976041217 0.00129 387
1713976315877 0.00129 388
1713976621154 0.00129 389
1713976922935 0.00128 390
1713977221637 0.00128 391
1713977512285 0.00128 392
1713977836662 0.00128 393
1713978171750 0.00128 394
1713978444812 0.00127 395
1713978727330 0.00127 396
1713979009003 0.00127 397
1713979313744 0.00127 398
1713979601142 0.00127 399
1713979956272 0.00126 400
1713980260078 0.00126 401
1713980541209 0.00126 402
1713980828096 0.00126 403
1713981204470 0.00126 404
1713981498545 0.00126 405
1713981779102 0.00125 406
1713982086423 0.00125 407
1713982362348 0.00125 408
1713982708726 0.00125 409
1713982982264 0.00125 410
1713983275211 0.00124 411
1713983561392 0.00124 412
1713983892845 0.00124 413
1713984201905 0.00124 414
1713984525472 0.00124 415
1713984798590 0.00123 416
1713985098159 0.00123 417
1713985381241 0.00123 418
1713985677029 0.00123 419
1713985966648 0.00123 420
1713986261496 0.00122 421
1713986584592 0.00122 422
1713986866585 0.00122 423
1713987148464 0.00122 424
1713987449257 0.00122 425
1713987728729 0.00122 426
1713988037198 0.00121 427
1713988333002 0.00121 428
1713988642308 0.00121 429
1713988960358 0.00121 430
1713989248735 0.00121 431
1713989559635 0.0012 432
1713989857755 0.0012 433
1713990169734 0.0012 434
1713990447765 0.0012 435
1713990822899 0.0012 436
1713991099684 0.00119 437
1713991439282 0.00119 438
1713991753204 0.00119 439
1713992034203 0.00119 440
1713992332915 0.00119 441
1713992624532 0.00118 442
1713992948443 0.00118 443
1713993240754 0.00118 444
1713993551078 0.00118 445
1713993852941 0.00118 446
1713994128899 0.00118 447
1713994446661 0.00117 448
1713994752442 0.00117 449
1713995072947 0.00117 450
1713995361929 0.00117 451
1713995642057 0.00117 452
1713995932388 0.00116 453
1713996237616 0.00116 454
1713996539937 0.00116 455
1713996835709 0.00116 456
1713997140705 0.00116 457
1713997442923 0.00115 458
1713997721827 0.00115 459
1713998005544 0.00115 460
1713998300459 0.00115 461
1713998610868 0.00115 462
1713998892269 0.00114 463
1713999196344 0.00114 464
1713999499567 0.00114 465
1713999781985 0.00114 466
1714000084806 0.00114 467
1714000338259 0.00114 468
1714000640283 0.00113 469
1714000930698 0.00113 470
1714001226109 0.00113 471
1714001525960 0.00113 472
1714001848411 0.00113 473
1714002127451 0.00112 474
1714002422263 0.00112 475
1714002697992 0.00112 476
1714003000297 0.00112 477
1714003300139 0.00112 478
1714003578077 0.00111 479
1714003872987 0.00111 480
1714004179822 0.00111 481
1714004482598 0.00111 482
1714004792591 0.00111 483
1714005091236 0.0011 484
1714005405661 0.0011 485
1714005698557 0.0011 486
1714005993349 0.0011 487
1714006300696 0.0011 488
1714006602339 0.00109 489
1714006919004 0.00109 490
1714007208881 0.00109 491
1714007520213 0.00109 492
1714007824354 0.00109 493
1714008123991 0.00109 494
1714008427261 0.00108 495
1714008749924 0.00108 496
1714009036210 0.00108 497
1714009330603 0.00108 498
1714009649596 0.00108 499
1714009967094 0.00107 500
1714010268456 0.00107 501
1714010581296 0.00107 502
1714010878064 0.00107 503
1714011150902 0.00107 504
1714011481113 0.00106 505
1714011766562 0.00106 506
1714012094001 0.00106 507
1714012377068 0.00106 508
1714012701246 0.00106 509
1714012994855 0.00105 510
1714013301173 0.00105 511
1714013597368 0.00105 512
1714013892394 0.00105 513
1714014199974 0.00105 514
1714014496006 0.00104 515
1714014820170 0.00104 516
1714015120701 0.00104 517
1714015431868 0.00104 518
1714015732640 0.00104 519
1714016052724 0.00104 520
1714016344715 0.00103 521
1714016655149 0.00103 522
1714016983329 0.00103 523
1714017308247 0.00103 524
1714017627982 0.00103 525
1714017894699 0.00102 526
1714018193338 0.00102 527
1714018532496 0.00102 528
1714018814846 0.00102 529
1714019115825 0.00102 530
1714019394204 0.00101 531
1714019702515 0.00101 532
1714020023385 0.00101 533
1714020319361 0.00101 534
1714020632817 0.00101 535
1714020903632 0.001 536
1714021188680 0.001 537
1714021492635 0.001 538
1714021779116 0.001 539
1714022080923 0.001 540
1714022371804 0.00099 541
1714022648496 0.00099 542
1714022965531 0.00099 543
1714023247176 0.00099 544
1714023564080 0.00099 545
1714023857224 0.00098 546
1714024140806 0.00098 547
1714024448920 0.00098 548
1714024748955 0.00098 549
1714025082910 0.00098 550
1714025337954 0.00097 551
1714025657852 0.00097 552
1714025967629 0.00097 553
1714026262614 0.00097 554
1714026597226 0.00097 555
1714026877196 0.00097 556
1714027175516 0.00096 557
1714027467856 0.00096 558
1714027748053 0.00096 559
1714028068309 0.00096 560
1714028365570 0.00096 561
1714028659079 0.00095 562
1714028957660 0.00095 563
1714029240233 0.00095 564
1714029512888 0.00095 565
1714029841641 0.00095 566
1714030137042 0.00094 567
1714030457378 0.00094 568
1714030738073 0.00094 569
1714031040781 0.00094 570
1714031365974 0.00094 571
1714031667105 0.00093 572
1714031987458 0.00093 573
1714032278855 0.00093 574
1714032558211 0.00093 575
1714032928974 0.00093 576
1714033198410 0.00092 577
1714033473475 0.00092 578
1714033752560 0.00092 579
1714034060360 0.00092 580
1714034355189 0.00092 581
1714034651475 0.00091 582
1714034953660 0.00091 583
1714035235308 0.00091 584
1714035543776 0.00091 585
1714035847567 0.00091 586
1714036141556 0.0009 587
1714036425195 0.0009 588
1714036741079 0.0009 589
1714037036056 0.0009 590
1714037317046 0.0009 591
1714037617488 0.00089 592
1714037911588 0.00089 593
1714038198897 0.00089 594
1714038524619 0.00089 595
1714038808363 0.00089 596
1714039107910 0.00088 597
1714039408488 0.00088 598
1714039701647 0.00088 599
1714040035827 0.00088 600
1714040298833 0.00088 601
1714040591739 0.00087 602
1714040921528 0.00087 603
1714041185860 0.00087 604
1714041476645 0.00087 605
1714041810956 0.00087 606
1714042096848 0.00086 607
1714042391803 0.00086 608
1714042697198 0.00086 609
1714042990668 0.00086 610
1714043303383 0.00086 611
1714043599227 0.00086 612
1714043893810 0.00085 613
1714044163401 0.00085 614
1714044483331 0.00085 615
1714044759351 0.00085 616
1714045095316 0.00085 617
1714045381238 0.00084 618
1714045686428 0.00084 619
1714045989276 0.00084 620
1714046321005 0.00084 621
1714046600064 0.00084 622
1714046911531 0.00083 623
1714047229065 0.00083 624
1714047529232 0.00083 625
1714047812930 0.00083 626
1714048136597 0.00083 627
1714048428510 0.00082 628
1714048744380 0.00082 629
1714049035179 0.00082 630
1714049334811 0.00082 631
1714049626439 0.00082 632
1714049957554 0.00081 633
1714050285232 0.00081 634
1714050564439 0.00081 635
1714050886199 0.00081 636
1714051161267 0.00081 637
1714051482499 0.0008 638
1714051756289 0.0008 639
1714052065114 0.0008 640
1714052375214 0.0008 641
1714052663433 0.0008 642
1714052954574 0.00079 643
1714053242535 0.00079 644
1714053534642 0.00079 645
1714053828158 0.00079 646
1714054142257 0.00079 647
1714054476537 0.00078 648
1714054758704 0.00078 649
1714055072172 0.00078 650
1714055343308 0.00078 651
1714055662736 0.00078 652
1714055934256 0.00077 653
1714056302929 0.00077 654
1714056601029 0.00077 655
1714056917572 0.00077 656
1714057225560 0.00077 657
1714057511876 0.00076 658
1714057843096 0.00076 659
1714058102195 0.00076 660
1714058422525 0.00076 661
1714058687277 0.00076 662
1714058991636 0.00075 663
1714059249648 0.00075 664
1714059552509 0.00075 665
1714059836592 0.00075 666
1714060129245 0.00075 667
1714060429392 0.00074 668
1714060712934 0.00074 669
1714060994678 0.00074 670
1714061285733 0.00074 671
1714061591399 0.00074 672
1714061870952 0.00073 673
1714062174051 0.00073 674
1714062491148 0.00073 675
1714062784905 0.00073 676
1714063080753 0.00073 677
1714063371294 0.00072 678
1714063665248 0.00072 679
1714063972525 0.00072 680
1714064254441 0.00072 681
1714064574952 0.00072 682
1714064862155 0.00071 683
1714065163545 0.00071 684
1714065460058 0.00071 685
1714065743353 0.00071 686
1714066049377 0.00071 687
1714066349600 0.0007 688
1714066645943 0.0007 689
1714066963084 0.0007 690
1714067253923 0.0007 691
1714067574991 0.0007 692
1714067879221 0.00069 693
1714068186527 0.00069 694
1714068487841 0.00069 695
1714068811320 0.00069 696
1714069081077 0.00068 697
1714069372895 0.00068 698
1714069667557 0.00068 699
1714070003635 0.00068 700
1714070255908 0.00068 701
1714070562081 0.00067 702
1714070859602 0.00067 703
1714071162002 0.00067 704
1714071465841 0.00067 705
1714071778755 0.00067 706
1714072079408 0.00066 707
1714072360453 0.00066 708
1714072664364 0.00066 709
1714072950620 0.00066 710
1714073265333 0.00066 711
1714073622543 0.00065 712
1714073898746 0.00065 713
1714074209781 0.00065 714
1714074497891 0.00065 715
1714074802515 0.00065 716
1714075112115 0.00064 717
1714075404648 0.00064 718
1714075718126 0.00064 719
1714076006463 0.00064 720
1714076306740 0.00064 721
1714076624591 0.00063 722
1714076917480 0.00063 723
1714077215696 0.00063 724
1714077517580 0.00063 725
1714077826838 0.00063 726
1714078131631 0.00062 727
1714078440950 0.00062 728
1714078740188 0.00062 729
1714079040085 0.00062 730
1714079379292 0.00062 731
1714079635880 0.00061 732
1714079954484 0.00061 733
1714080250510 0.00061 734
1714080579719 0.00061 735
1714080836941 0.00061 736
1714081119610 0.0006 737
1714081404700 0.0006 738
1714081702708 0.0006 739
1714082014691 0.0006 740
1714082303190 0.00059 741
1714082613344 0.00059 742
1714082913411 0.00059 743
1714083207068 0.00059 744
1714083489915 0.00059 745
1714083798802 0.00058 746
1714084102665 0.00058 747
1714084418802 0.00058 748
1714084721196 0.00058 749
1714085046663 0.00058 750
1714085313354 0.00057 751
1714085613190 0.00057 752
1714085906798 0.00057 753
1714086214954 0.00057 754
1714086494251 0.00057 755
1714086825911 0.00056 756
1714087098339 0.00056 757
1714087423452 0.00056 758
1714087721077 0.00056 759
1714088007168 0.00056 760
1714088302085 0.00055 761
1714088595216 0.00055 762
1714088876402 0.00055 763
1714089178449 0.00055 764
1714089456964 0.00055 765
1714089768797 0.00054 766
1714090064953 0.00054 767
1714090368518 0.00054 768
1714090680583 0.00054 769
1714090955559 0.00053 770
1714091256858 0.00053 771
1714091579325 0.00053 772
1714091870288 0.00053 773
1714092197884 0.00053 774
1714092485571 0.00052 775
1714092773917 0.00052 776
1714093078073 0.00052 777
1714093397238 0.00052 778
1714093712482 0.00052 779
1714093991030 0.00051 780
1714094295870 0.00051 781
1714094573885 0.00051 782
1714094877472 0.00051 783
1714095177548 0.00051 784
1714095483095 0.0005 785
1714095782858 0.0005 786
1714096082251 0.0005 787
1714096386497 0.0005 788
1714096670485 0.0005 789
1714096954321 0.00049 790
1714097281701 0.00049 791
1714097597303 0.00049 792
1714097894551 0.00049 793
1714098255346 0.00048 794
1714098501370 0.00048 795
1714098799242 0.00048 796
1714099096193 0.00048 797
1714099425393 0.00048 798
1714099711530 0.00047 799
1714100042850 0.00047 800
1714100314309 0.00047 801
1714100627989 0.00047 802
1714100957003 0.00047 803
1714101235722 0.00046 804
1714101545102 0.00046 805
1714101828901 0.00046 806
1714102137214 0.00046 807
1714102442223 0.00046 808
1714102723408 0.00045 809
1714103040252 0.00045 810
1714103333488 0.00045 811
1714103642106 0.00045 812
1714103955811 0.00044 813
1714104209036 0.00044 814
1714104526448 0.00044 815
1714104836875 0.00044 816
1714105137555 0.00044 817
1714105440129 0.00043 818
1714105728939 0.00043 819
1714106088169 0.00043 820
1714106394086 0.00043 821
1714106659066 0.00043 822
1714106973243 0.00042 823
1714107290851 0.00042 824
1714107586993 0.00042 825
1714107872327 0.00042 826
1714108173530 0.00041 827
1714108464218 0.00041 828
1714108745383 0.00041 829
1714109038652 0.00041 830
1714109316466 0.00041 831
1714109630343 0.0004 832
1714109929601 0.0004 833
1714110232605 0.0004 834
1714110519575 0.0004 835
1714110832607 0.0004 836
1714111151095 0.00039 837
1714111444099 0.00039 838
1714111757422 0.00039 839
1714112069363 0.00039 840
1714112363956 0.00038 841
1714112671294 0.00038 842
1714112986086 0.00038 843
1714113292262 0.00038 844
1714113599417 0.00038 845
1714113914898 0.00037 846
1714114224602 0.00037 847
1714114519623 0.00037 848
1714114818531 0.00037 849
1714115175903 0.00036 850
1714115440651 0.00036 851
1714115745629 0.00036 852
1714116037273 0.00036 853
1714116337564 0.00036 854
1714116630409 0.00035 855
1714116921653 0.00035 856
1714117230120 0.00035 857
1714117543253 0.00035 858
1714117834036 0.00035 859
1714118122281 0.00034 860
1714118427498 0.00034 861
1714118713555 0.00034 862
1714119026032 0.00034 863
1714119321372 0.00033 864
1714119633976 0.00033 865
1714119924582 0.00033 866
1714120213047 0.00033 867
1714120506193 0.00033 868
1714120825733 0.00032 869
1714121113763 0.00032 870
1714121421734 0.00032 871
1714121727499 0.00032 872
1714122008790 0.00031 873
1714122316287 0.00031 874
1714122604316 0.00031 875
1714122888853 0.00031 876
1714123211686 0.00031 877
1714123485453 0.0003 878
1714123797755 0.0003 879
1714124108430 0.0003 880
1714124390439 0.0003 881
1714124696525 0.00029 882
1714125011922 0.00029 883
1714125295935 0.00029 884
1714125600177 0.00029 885
1714125905676 0.00029 886
1714126196319 0.00028 887
1714126498555 0.00028 888
1714126781043 0.00028 889
1714127098618 0.00028 890
1714127382605 0.00027 891
1714127676138 0.00027 892
1714127979686 0.00027 893
1714128293958 0.00027 894
1714128588467 0.00027 895
1714128887578 0.00026 896
1714129186334 0.00026 897
1714129510140 0.00026 898
1714129784220 0.00026 899
1714130111685 0.00025 900
1714130420403 0.00025 901
1714130704849 0.00025 902
1714131010583 0.00025 903
1714131309892 0.00024 904
1714131607480 0.00024 905
1714131904913 0.00024 906
1714132176573 0.00024 907
1714132480341 0.00024 908
1714132780891 0.00023 909
1714133089577 0.00023 910
1714133388035 0.00023 911
1714133696759 0.00023 912
1714133995561 0.00022 913
1714134321025 0.00022 914
1714134604074 0.00022 915
1714134913653 0.00022 916
1714135208916 0.00022 917
1714135515733 0.00021 918
1714135818802 0.00021 919
1714136120349 0.00021 920
1714136436835 0.00021 921
1714136731356 0.0002 922
1714137012236 0.0002 923
1714137328016 0.0002 924
1714137622063 0.0002 925
1714137914187 0.00019 926
1714138232089 0.00019 927
1714138549144 0.00019 928
1714138822940 0.00019 929
1714139147936 0.00018 930
1714139437750 0.00018 931
1714139747078 0.00018 932
1714140057990 0.00018 933
1714140347616 0.00018 934
1714140670886 0.00017 935
1714140989008 0.00017 936
1714141298168 0.00017 937
1714141588482 0.00017 938
1714141874824 0.00016 939
1714142214696 0.00016 940
1714142501862 0.00016 941
1714142838105 0.00016 942
1714143150434 0.00015 943
1714143445023 0.00015 944
1714143753617 0.00015 945
1714144077765 0.00015 946
1714144384825 0.00014 947
1714144683461 0.00014 948
1714144974971 0.00014 949
1714145291511 0.00014 950
1714145585432 0.00013 951
1714145881151 0.00013 952
1714146234090 0.00013 953
1714146488067 0.00013 954
1714146820336 0.00013 955
1714147133795 0.00012 956
1714147403072 0.00012 957
1714147703981 0.00012 958
1714148007036 0.00012 959
1714148286808 0.00011 960
1714148613426 0.00011 961
1714148892848 0.00011 962
1714149195444 0.00011 963
1714149495320 0.0001 964
1714149807793 0.0001 965
1714150100021 0.0001 966
1714150381605 0.0001 967
1714150692876 9e-05 968
1714151004435 9e-05 969
1714151328881 9e-05 970
1714151660480 9e-05 971
1714151936999 8e-05 972
1714152203387 8e-05 973
1714152496301 8e-05 974
1714152802985 7e-05 975
1714153128973 7e-05 976
1714153412192 7e-05 977
1714153758974 7e-05 978
1714154055526 6e-05 979
1714154333160 6e-05 980
1714154626523 6e-05 981
1714154932903 6e-05 982
1714155252515 5e-05 983
1714155557321 5e-05 984
1714155879176 5e-05 985
1714156156678 5e-05 986
1714156432902 4e-05 987
1714156740780 4e-05 988
1714157054129 4e-05 989
1714157353079 3e-05 990
1714157661271 3e-05 991
1714157959763 3e-05 992
1714158278863 3e-05 993
1714158575261 2e-05 994
1714158898115 2e-05 995
1714159194294 2e-05 996
1714159490262 1e-05 997
1714159762870 1e-05 998
1714160097428 1e-05 999
