1713858240371 0.0 0
1713858540863 0.0 1
1713858854281 0.0 2
1713859145809 0.03435929144164256 3
1713859477748 0.027961212571194993 4
1713859781714 0.03283452417280295 5
1713860085030 0.03600124817676737 6
1713860427063 0.028899776764218083 7
1713860738940 0.0383150168309158 8
1713861074239 0.04579975523123865 9
1713861368234 0.047902396332651316 10
1713861683224 0.03990778171283014 11
1713861988953 0.048126256671803175 12
1713862309667 0.038546132239903455 13
1713862614008 0.06933826464598301 14
1713862918425 0.055675551240547856 15
1713863242193 0.06610362030562834 16
1713863545526 0.07310942353063744 17
1713863860780 0.060829050108290386 18
1713864184059 0.06934899667283873 19
1713864484497 0.09027116618654754 20
1713864818997 0.09573622317020344 21
1713865126151 0.08130149836228837 22
1713865425284 0.09466519608861394 23
1713865745012 0.09315778126302181 24
1713866049397 0.08367793336064731 25
1713866367183 0.09544778323064328 26
1713866681915 0.09835800216971755 27
1713867009305 0.05310529712566912 28
1713867313319 0.08088933138988356 29
1713867622685 0.09638750779554178 30
1713867936864 0.08505906351350219 31
1713868245626 0.11889872031716726 32
1713868557370 0.10801677436316696 33
1713868863880 0.10561735194620239 34
1713869166884 0.12378819008240081 35
1713869468377 0.12679956161460998 36
1713869789163 0.1710307215016602 37
1713870112302 0.15664659318109403 38
1713870420728 0.17324691471221984 39
1713870738452 0.17008986561225806 40
1713871052141 0.11782770868560127 41
1713871353599 0.15155311989100134 42
1713871684890 0.17435117345809725 43
1713871961430 0.13687066330754136 44
1713872274368 0.19976712540556868 45
1713872596482 0.1283932604612964 46
1713872902183 0.1423261460809515 47
1713873214023 0.20410579022121225 48
1713873548644 0.27600402504144816 49
1713873860180 0.19246743978468325 50
1713874189000 0.21591343230428 51
1713874499679 0.2673111508558646 52
1713874807711 0.21034022712321274 53
1713875103867 0.25457544050108916 54
1713875434622 0.2559258846423908 55
1713875757279 0.2142943166775182 56
1713876047649 0.22531380621439595 57
1713876353512 0.24562016759546862 58
1713876657102 0.22734759924365605 59
1713876958654 0.2945732906180082 60
1713877261097 0.24840502871316839 61
1713877567175 0.31551803959191704 62
1713877872676 0.27461321419530343 63
1713878195067 0.30600576391541684 64
1713878496027 0.2722952672722802 65
1713878799211 0.25936129807974856 66
1713879106190 0.3669260796201631 67
1713879434495 0.40863671647836625 68
1713879731228 0.3911015719430953 69
1713880029302 0.28406975468476875 70
1713880338379 0.32474455962212073 71
1713880655116 0.3522604908838089 72
1713880973511 0.3068984325866773 73
1713881280036 0.30829428749816995 74
1713881595601 0.33325526134006817 75
1713881894349 0.23682221840915355 76
1713882212277 0.3162795805488444 77
1713882541429 0.24577955231580362 78
1713882839273 0.3174324599568189 79
1713883144555 0.32786701399798907 80
1713883439194 0.35742104226616406 81
1713883760668 0.2842362970699134 82
1713884068301 0.36173755766515236 83
1713884378564 0.35371501468011307 84
1713884700261 0.36288376211074874 85
1713885017096 0.3237191142450265 86
1713885310069 0.4297729169324589 87
1713885617327 0.31531637852310074 88
1713885917157 0.28564284488391173 89
1713886219782 0.3090902869699868 90
1713886522761 0.37395300516713803 91
1713886834739 0.445044203326111 92
1713887153727 0.44312054903278686 93
1713887457598 0.47588530658702066 94
1713887772702 0.4385839651807816 95
1713888078308 0.4218207750380752 96
1713888413466 0.45341482965921803 97
1713888732309 0.43746062108533723 98
1713889042454 0.4283408358732427 99
1713889356847 0.33516314752613796 100
1713889665810 0.39717784980692905 101
1713889946198 0.47510729917256334 102
1713890241374 0.479019477635171 103
1713890541221 0.38456720635073527 104
1713890862779 0.44011562110156977 105
1713891158609 0.4701532637220237 106
1713891474611 0.31817201018992247 107
1713891775231 0.37713853377320056 108
1713892065492 0.47611040782093766 109
1713892388133 0.2977806015543518 110
1713892685876 0.21502844114264213 111
1713892993825 0.5256506525720758 112
1713893283462 0.5567578473611389 113
1713893601038 0.4515046722285181 114
1713893897744 0.6002255576405565 115
1713894215208 0.47534563360823473 116
1713894513669 0.4167606298654635 117
1713894790609 0.42144891713548854 118
1713895111108 0.4603986413462744 119
1713895425195 0.5778829544977285 120
1713895736439 0.4736322259687228 121
1713896058527 0.5771643416093918 122
1713896366291 0.5786161982989607 123
1713896644159 0.5051918373314866 124
1713896963410 0.503565705146641 125
1713897278158 0.45986278566435296 126
1713897573522 0.5565973228754962 127
1713897877416 0.5016087812685526 128
1713898166095 0.5544319140537629 129
1713898452025 0.47335795466020547 130
1713898743562 0.6368673348892201 131
1713899076900 0.5729483820855596 132
1713899384531 0.4835937296800611 133
1713899673303 0.572966929904347 134
1713899994763 0.43374400736808766 135
1713900305463 0.503848601382534 136
1713900593211 0.4184113890133693 137
1713900886736 0.6538035423237674 138
1713901217833 0.5167307936613645 139
1713901525207 0.5728770995451167 140
1713901829709 0.4292677566500415 141
1713902137187 0.3903869914238476 142
1713902426855 0.5831325934534178 143
1713902742741 0.5051804636263536 144
1713903064899 0.5768003840568229 145
1713903361417 0.5672609754971354 146
1713903651803 0.6211437330705835 147
1713903964154 0.5350196267562702 148
1713904272311 0.4853076940457203 149
1713904576805 0.5515518471062723 150
1713904876732 0.5197948247265013 151
1713905185148 0.5921864858471757 152
1713905494021 0.42935145700145994 153
1713905805335 0.511316542482694 154
1713906111539 0.5341689010453418 155
1713906434039 0.5740211616962887 156
1713906739920 0.6014503046395621 157
1713907050874 0.6381491642910961 158
1713907353448 0.5144023367565749 159
1713907660049 0.6024156030412094 160
1713907977013 0.5504874754946246 161
1713908288803 0.6136938320053026 162
1713908598339 0.6715315645495465 163
1713908928856 0.5662933129065343 164
1713909209444 0.5229383083284085 165
1713909511895 0.5567642664354221 166
1713909808256 0.4251595118364309 167
1713910124423 0.6403890679066755 168
1713910428055 0.6055530611835505 169
1713910716389 0.5198863733608025 170
1713911021696 0.5325102078447154 171
1713911309310 0.5832185020291845 172
1713911622433 0.6223854850823404 173
1713911919040 0.5458679761511409 174
1713912205988 0.48702372862486487 175
1713912507680 0.6979646179746829 176
1713912827718 0.4454381244628059 177
1713913114680 0.6210421293638604 178
1713913441116 0.6166581832946137 179
1713913734206 0.7036570884910133 180
1713914047351 0.6412954119227346 181
1713914355367 0.5590474830226424 182
1713914660533 0.6373733442312517 183
1713914974572 0.5863587926529547 184
1713915290802 0.5366949617681335 185
1713915593236 0.6740658472421721 186
1713915912375 0.5173161438214062 187
1713916185592 0.5155654502300974 188
1713916489612 0.5111307693104603 189
1713916807245 0.6008330135592296 190
1713917092963 0.51935124485087 191
1713917396857 0.6430395047889744 192
1713917708884 0.6196989032912773 193
1713918022584 0.5196857354992781 194
1713918321074 0.5545068622506552 195
1713918621884 0.6608242022412835 196
1713918909967 0.7014477030619233 197
1713919239496 0.6009679460498156 198
1713919558420 0.5931691234642429 199
1713919855663 0.6513896159596371 200
1713920173994 0.6002707765387301 201
1713920502983 0.6499605788830698 202
1713920818515 0.5726127964890555 203
1713921096233 0.5424955452598303 204
1713921416404 0.5728566296018852 205
1713921693247 0.6251106728903351 206
1713922002092 0.6189963305255494 207
1713922303309 0.5682828564224366 208
1713922584468 0.6769689188293145 209
1713922890581 0.45066889368553537 210
1713923201067 0.6557620147520694 211
1713923519787 0.6514318711738653 212
1713923805167 0.6743829634120957 213
1713924117327 0.5735189889937918 214
1713924416524 0.5629331862427327 215
1713924743268 0.6589606999048979 216
1713925045161 0.6580345909131433 217
1713925346503 0.5443583493628406 218
1713925659696 0.5929578610553982 219
1713925955074 0.6716759131032776 220
1713926239694 0.5483486258058373 221
1713926535734 0.6948102116355801 222
1713926859778 0.5007579205184363 223
1713927146162 0.6071121322422016 224
1713927450203 0.5250092380054425 225
1713927730131 0.6920441264426141 226
1713928049930 0.5981741531814265 227
1713928337568 0.660584735759392 228
1713928648630 0.5659374166835528 229
1713928924372 0.5775478679647782 230
1713929231924 0.6773763460528438 231
1713929541877 0.6334593963469569 232
1713929839603 0.6089644047467223 233
1713930131406 0.6502083314819445 234
1713930445927 0.7031682358402355 235
1713930747183 0.6036364301469045 236
1713931047956 0.7164427735107268 237
1713931353239 0.6269390829682191 238
1713931652300 0.6883615189878258 239
1713931963219 0.5752532151973102 240
1713932251609 0.6169569591029259 241
1713932584029 0.6670653938538132 242
1713932870850 0.6606677334958768 243
1713933173794 0.5854494506787056 244
1713933463417 0.7099838657267671 245
1713933766674 0.6150833373882773 246
1713934088201 0.48294153585704663 247
1713934404610 0.6596100915578192 248
1713934700989 0.5817469767571879 249
1713935009295 0.6522463885023506 250
1713935310234 0.563438297748267 251
1713935609131 0.7366210144507866 252
1713935942656 0.6967127112876437 253
1713936236263 0.6903368461825147 254
1713936530797 0.7183473680870895 255
1713936847632 0.6426526306849208 256
1713937130469 0.6322252928803695 257
1713937428320 0.71056929920189 258
1713937721272 0.646080347403038 259
1713938055823 0.7425078584400068 260
1713938340655 0.6843819638553565 261
1713938654890 0.7390461116575697 262
1713938967353 0.6648721417208632 263
1713939265418 0.6248325833049965 264
1713939560945 0.5981604298673203 265
1713939866699 0.6101922318890852 266
1713940161139 0.7148669066290331 267
1713940480001 0.7172547146677258 268
1713940795310 0.5920273280741697 269
1713941098552 0.6513735475712692 270
1713941414187 0.7313019161137987 271
1713941708678 0.7004065230936175 272
1713942016085 0.6712725687045731 273
1713942308432 0.6095551990071626 274
1713942613931 0.6381344164496953 275
1713942918014 0.7081356068232162 276
1713943236965 0.5325186423331404 277
1713943526769 0.6078752018051203 278
1713943852407 0.7002420584112542 279
1713944171662 0.6585211482074662 280
1713944470132 0.7153848212572308 281
1713944773846 0.7078014377328159 282
1713945075943 0.6140067757757446 283
1713945385546 0.681009857504695 284
1713945683963 0.7492789020223164 285
1713945965389 0.691297447018373 286
1713946280412 0.7146101358707122 287
1713946590026 0.40257733136266244 288
1713946866604 0.651839579126794 289
1713947186403 0.6755111712509944 290
1713947466098 0.6929390887195613 291
1713947770757 0.7118577427271997 292
1713948079847 0.6855516928078432 293
1713948371977 0.5695174147560567 294
1713948683718 0.577968051593911 295
1713949000667 0.6595237828989654 296
1713949303230 0.5913051524571453 297
1713949621248 0.7131683089953226 298
1713949919955 0.7427001784138578 299
1713950211741 0.6824237446475269 300
1713950508111 0.7108365112635588 301
1713950821067 0.710297369410501 302
1713951117608 0.6386170272058876 303
1713951413849 0.7102147125830756 304
1713951726667 0.6916812884111383 305
1713952012393 0.7792653833331645 306
1713952311786 0.692136182396203 307
1713952648473 0.7451865419071104 308
1713952950048 0.6968213541558212 309
1713953260316 0.7111374220905595 310
1713953557037 0.6035134323367982 311
1713953849089 0.7642670021719086 312
1713954148052 0.7350910031440895 313
1713954469431 0.7708402555841398 314
1713954775537 0.7746709110136487 315
1713955068089 0.6790440068697634 316
1713955372422 0.7427322430372864 317
1713955677723 0.6834785374662099 318
1713955976975 0.6777262801449103 319
1713956266948 0.5751228629297143 320
1713956565232 0.6819924478389828 321
1713956853054 0.7136265394030801 322
1713957163065 0.7102335406991752 323
1713957453467 0.6860968873115784 324
1713957769414 0.654336336496592 325
1713958060753 0.7093081081613802 326
1713958349481 0.7087508400411884 327
1713958651854 0.6379566082213479 328
1713958953053 0.7498743539109876 329
1713959268124 0.6777562870489275 330
1713959560853 0.607109207701066 331
1713959859639 0.7633420964369286 332
1713960166372 0.6689452885179148 333
1713960485560 0.6968394872410307 334
1713960787679 0.633655064747898 335
1713961081079 0.6912211511430605 336
1713961373014 0.648078178997624 337
1713961664598 0.7081871792887343 338
1713961958354 0.7114362505306412 339
1713962266352 0.7360768895262344 340
1713962548284 0.5418913292504627 341
1713962849961 0.6530448765587022 342
1713963174452 0.7159399608522534 343
1713963445826 0.6964967774943793 344
1713963750464 0.7755507208541506 345
1713964077878 0.6412890734918097 346
1713964366863 0.5977503210490827 347
1713964664254 0.7474760254244032 348
1713964953204 0.7276092227602159 349
1713965265032 0.6605139808570131 350
1713965567956 0.7130545292936105 351
1713965883237 0.5541781157032671 352
1713966171573 0.7003226593184688 353
1713966458303 0.7443822589281935 354
1713966747530 0.6366803070459736 355
1713967034668 0.648791430225438 356
1713967327979 0.6192888857839781 357
1713967633522 0.6951529032449747 358
1713967916616 0.745455204049715 359
1713968216355 0.6749684209600547 360
1713968525370 0.6934008251791968 361
1713968838233 0.7097260434811269 362
1713969141105 0.6962901630871782 363
1713969446837 0.6966211612924127 364
1713969743974 0.709092579210894 365
1713970017108 0.7516735934167117 366
1713970314680 0.6787791442541615 367
1713970617729 0.7451261381836976 368
1713970899145 0.6535038852929798 369
1713971189007 0.70522523176308 370
1713971495598 0.7072276724873229 371
1713971803810 0.7779916897650451 372
1713972111971 0.7583351730308997 373
1713972416478 0.7535685939464309 374
1713972724493 0.6792445523536793 375
1713973009796 0.7188109246781805 376
1713973307116 0.7126438871436271 377
1713973605578 0.7234734132302023 378
1713973922822 0.6291130043830572 379
1713974222773 0.5559948671649622 380
1713974529360 0.7416202305244268 381
1713974823879 0.7525272723641073 382
1713975128176 0.6871931855974046 383
1713975418514 0.728741168406717 384
1713975717794 0.7271228082481781 385
1713976030485 0.6967900156272948 386
1713976313192 0.696069647115256 387
1713976618531 0.7119895351017859 388
1713976918481 0.7518749303730922 389
1713977218802 0.72162474513515 390
1713977509331 0.71768525047655 391
1713977833712 0.7174718227450021 392
1713978129476 0.7520783252883511 393
1713978442083 0.7141457013548336 394
1713978724019 0.6927195225644994 395
1713979006335 0.6491894272897939 396
1713979310974 0.7176284615903344 397
1713979598453 0.7665838118442176 398
1713979891343 0.7653411633474431 399
1713980227078 0.7633959545942729 400
1713980538500 0.7089846958542237 401
1713980825321 0.7142113857754192 402
1713981137747 0.7994610943562007 403
1713981457715 0.7339950191336988 404
1713981776416 0.6909715783266751 405
1713982083725 0.7384105531860886 406
1713982359499 0.7429274673230475 407
1713982674509 0.7549993917344671 408
1713982970814 0.6582845300503002 409
1713983272704 0.6494373837945054 410
1713983558814 0.7939170100821629 411
1713983890074 0.7609024203819831 412
1713984199160 0.7080918764936267 413
1713984486231 0.7883594556322777 414
1713984796077 0.6643670535744827 415
1713985095612 0.74329171271507 416
1713985378725 0.7471761477991873 417
1713985673811 0.7281898546802086 418
1713985964053 0.7436554661624013 419
1713986258796 0.7266445009747832 420
1713986549744 0.7734817732559307 421
1713986856229 0.6793514252873935 422
1713987145904 0.7335517488547403 423
1713987446353 0.684168217493953 424
1713987726040 0.7253706052059709 425
1713988034643 0.7558446952033774 426
1713988330349 0.7640783288307044 427
1713988639313 0.7150840634247472 428
1713988949001 0.750888357295925 429
1713989246191 0.7266698931674245 430
1713989556705 0.7553411262535259 431
1713989855257 0.7078012574235942 432
1713990166828 0.7520122942819197 433
1713990444693 0.6798637025345805 434
1713990762820 0.8205232146412325 435
1713991088091 0.7772167962798675 436
1713991405550 0.7579859459648375 437
1713991724279 0.7946611088193204 438
1713992031333 0.599656470662686 439
1713992330484 0.7254790855301032 440
1713992617742 0.726710050222752 441
1713992945979 0.6752583591239483 442
1713993238320 0.6420854871864277 443
1713993548460 0.7082873274762036 444
1713993850420 0.7534395479577696 445
1713994126424 0.6983339823057475 446
1713994417276 0.7806283573304907 447
1713994741055 0.7114798950315039 448
1713995038671 0.7221123079259862 449
1713995359387 0.696302179472977 450
1713995639622 0.7086764194720937 451
1713995929862 0.6923562376005495 452
1713996234035 0.7398109169522517 453
1713996537402 0.7224467490367286 454
1713996825537 0.7700403451018274 455
1713997138002 0.7491970044524385 456
1713997440260 0.7172834131709153 457
1713997718818 0.762068733818896 458
1713998003019 0.706185671946717 459
1713998297373 0.7390134605661963 460
1713998608291 0.7447417692494477 461
1713998889743 0.7553284068758779 462
1713999193859 0.7559319447503867 463
1713999497111 0.7266592144179911 464
1713999779530 0.7295183547159468 465
1714000082314 0.7611530447842524 466
1714000335774 0.699490260732728 467
1714000637701 0.7803732158580579 468
1714000928121 0.7725846496149625 469
1714001223230 0.7351926000400496 470
1714001523252 0.742193149677419 471
1714001845843 0.7082248595504939 472
1714002124909 0.7172082599295106 473
1714002419743 0.7607457833862843 474
1714002695340 0.6850352380519127 475
1714002997569 0.7164816952557997 476
1714003289144 0.6906974110769056 477
1714003575587 0.7746435494263894 478
1714003870217 0.7741502202522701 479
1714004176920 0.7616988060130059 480
1714004479974 0.6399965370835133 481
1714004788724 0.7594005526445771 482
1714005088565 0.7747574723056077 483
1714005394987 0.7870967570282835 484
1714005695650 0.7445383591692032 485
1714005990698 0.7798654351154348 486
1714006297992 0.7057540474368312 487
1714006599800 0.7199735252315296 488
1714006916342 0.6836068444700925 489
1714007206312 0.7315725636812171 490
1714007517482 0.6996671034523068 491
1714007821152 0.740209967712056 492
1714008121452 0.742939983058921 493
1714008424671 0.7121806505316519 494
1714008747269 0.7586640683226612 495
1714009033604 0.6831221123756657 496
1714009328079 0.7678491781485642 497
1714009646985 0.7721602207496813 498
1714009930458 0.7907243087134141 499
1714010265926 0.7716916753399748 500
1714010578401 0.7425012099150953 501
1714010862482 0.7943824339814952 502
1714011148379 0.7482883228327478 503
1714011449150 0.79388485245428 504
1714011764090 0.7446324318663101 505
1714012069718 0.7701803444922085 506
1714012361818 0.7879886972896429 507
1714012679804 0.7617056969221673 508
1714012992194 0.7573088713846589 509
1714013291798 0.7374571719366145 510
1714013594865 0.7549896354691453 511
1714013889822 0.7619614041325745 512
1714014197383 0.7006424158618084 513
1714014493266 0.7780516138668869 514
1714014817644 0.7417109276953985 515
1714015118022 0.7443066263205301 516
1714015421676 0.7782944288210204 517
1714015730161 0.7782404302938036 518
1714016021565 0.7939240927333429 519
1714016342111 0.7519157519639617 520
1714016631333 0.7798641206684915 521
1714016941722 0.7807741820726508 522
1714017265690 0.7711309357188564 523
1714017588797 0.7903051285997145 524
1714017892023 0.7552700742369919 525
1714018190178 0.7437680300193953 526
1714018489710 0.8151468572320808 527
1714018786713 0.7689287698841607 528
1714019112375 0.698700247729023 529
1714019391678 0.6838075853456967 530
1714019700029 0.7829243029717354 531
1714020020834 0.7284640257607701 532
1714020316894 0.7017159352456185 533
1714020630203 0.7489912154842707 534
1714020901078 0.7684418858591276 535
1714021186157 0.7645871475697319 536
1714021490095 0.754548361553826 537
1714021776581 0.7608284848477584 538
1714022078404 0.7623062612618569 539
1714022369075 0.6975236153811654 540
1714022645921 0.793126133519544 541
1714022955821 0.8104630783185642 542
1714023243948 0.747608636412196 543
1714023561578 0.7404962797118875 544
1714023854708 0.775992404789236 545
1714024138218 0.7788316352977412 546
1714024446364 0.7929942340759898 547
1714024746366 0.7668974967802797 548
1714025044182 0.7630589062214846 549
1714025335459 0.7951668642477235 550
1714025632153 0.808369235491936 551
1714025950013 0.7891564490465736 552
1714026259744 0.7535566276737486 553
1714026558185 0.8002107755490087 554
1714026869258 0.7529875011004006 555
1714027172518 0.7386279122945034 556
1714027465348 0.6748340177311527 557
1714027743935 0.7131015082729069 558
1714028065727 0.7107951750897169 559
1714028363055 0.7847275221445773 560
1714028656477 0.754053203782441 561
1714028955016 0.7348816015416527 562
1714029237675 0.7098557682143375 563
1714029510183 0.8041704732568988 564
1714029839119 0.7216051117259235 565
1714030134456 0.7108369926152963 566
1714030454619 0.8090431128715944 567
1714030735505 0.7734212902487061 568
1714031038023 0.7289043356464695 569
1714031362846 0.7904346167801679 570
1714031664576 0.812540270646892 571
1714031984713 0.7760632238437821 572
1714032275846 0.7371201263641741 573
1714032555506 0.6347844689191741 574
1714032864458 0.8169110876597272 575
1714033187691 0.7620901907338555 576
1714033470947 0.8019627639964025 577
1714033749901 0.7884720470762266 578
1714034057206 0.6956720616357648 579
1714034352635 0.681271436582096 580
1714034648860 0.741023349032844 581
1714034916850 0.8092971196258387 582
1714035232530 0.7839494755460314 583
1714035540987 0.751841649341274 584
1714035844968 0.7950744231674255 585
1714036138946 0.7526506334635178 586
1714036422558 0.7628785705288307 587
1714036737576 0.7675013167259317 588
1714037033411 0.7962279126565776 589
1714037312966 0.7208947414319352 590
1714037614893 0.6432287367444633 591
1714037909007 0.7812620966881845 592
1714038196030 0.810980516812617 593
1714038521577 0.7708571396638201 594
1714038805682 0.8064778956423714 595
1714039097277 0.7392099211544407 596
1714039405892 0.6890740495133705 597
1714039699026 0.7478134111899722 598
1714039993748 0.7990020864829216 599
1714040295659 0.7961047272788525 600
1714040589152 0.774675490575572 601
1714040918014 0.7771193082480065 602
1714041174126 0.7791810324405617 603
1714041473964 0.7272741436690207 604
1714041808298 0.7588716635036311 605
1714042094234 0.7620366287104507 606
1714042389190 0.6914716880281137 607
1714042694526 0.7644962815756162 608
1714042988040 0.6958536033733559 609
1714043292513 0.7654821135888259 610
1714043596536 0.8281451263600988 611
1714043891106 0.772943466443527 612
1714044160701 0.7852567417892952 613
1714044480637 0.8073574747774638 614
1714044756679 0.8035238002264083 615
1714045068208 0.8097750111653624 616
1714045378632 0.7563756858247471 617
1714045683844 0.7557951315869411 618
1714045986341 0.7858793615099291 619
1714046294792 0.8018542371510491 620
1714046597490 0.7548611745411168 621
1714046908917 0.7132490134156341 622
1714047218908 0.7403759799437779 623
1714047526248 0.7908315655334278 624
1714047810305 0.7886811135904528 625
1714048133697 0.7584199066875065 626
1714048425197 0.6785730541255109 627
1714048741714 0.7602158448463198 628
1714049032170 0.7924923953033534 629
1714049322031 0.8179692211240588 630
1714049623574 0.7435381903757258 631
1714049954884 0.8001249252246373 632
1714050282540 0.7896251975951447 633
1714050561822 0.7978438444570795 634
1714050883506 0.7475981458745025 635
1714051158548 0.7560525649365267 636
1714051469591 0.7791413353094298 637
1714051753680 0.78533579673443 638
1714052062477 0.7827799174925028 639
1714052348619 0.7799659436440299 640
1714052660844 0.767561481337436 641
1714052952030 0.7147116450974225 642
1714053239916 0.8117527427610146 643
1714053532003 0.7669836098687198 644
1714053825406 0.8028900256578403 645
1714054126804 0.8078859517288409 646
1714054439325 0.7794977280384577 647
1714054756055 0.7664797381249006 648
1714055031437 0.7068126158408053 649
1714055340530 0.7649456587456681 650
1714055659788 0.7862555805410653 651
1714055931597 0.8167611093847718 652
1714056261709 0.800367358715119 653
1714056598509 0.7754800960448727 654
1714056887794 0.8035304528408506 655
1714057194002 0.8258917552047607 656
1714057509158 0.7820428660793414 657
1714057811489 0.7957573452454587 658
1714058081685 0.8020427357992019 659
1714058388676 0.828527611333808 660
1714058684620 0.7768769174021687 661
1714058956927 0.8252430671937329 662
1714059247047 0.7650553636642375 663
1714059549458 0.7671159282928828 664
1714059833924 0.8027244438171671 665
1714060126386 0.7402775566466915 666
1714060418076 0.8076470623517719 667
1714060709407 0.8192462979414831 668
1714060991884 0.7828231784575705 669
1714061283028 0.7835205837227518 670
1714061588617 0.820811708548873 671
1714061868327 0.7027198757478715 672
1714062171438 0.7813084366351857 673
1714062479677 0.7792252575665387 674
1714062782253 0.760682294753598 675
1714063078149 0.7998707200262501 676
1714063368425 0.7667107088403237 677
1714063662482 0.7238214985646613 678
1714063969864 0.6349072930459946 679
1714064251618 0.7784428130538242 680
1714064564291 0.8058492225018911 681
1714064859566 0.757435703034197 682
1714065160792 0.7875935088416689 683
1714065457246 0.7379297891683078 684
1714065740216 0.8050400064574842 685
1714066046622 0.833322792283497 686
1714066346701 0.7789170164122022 687
1714066635292 0.7779105874198229 688
1714066960365 0.8075886958718048 689
1714067251247 0.7129144565105043 690
1714067572342 0.8055210865019802 691
1714067876416 0.7491965659190003 692
1714068183721 0.6807429842900226 693
1714068485137 0.8252891407837536 694
1714068800325 0.782637379260295 695
1714069078468 0.8181120120256874 696
1714069370110 0.78553122690684 697
1714069664860 0.6668647494210017 698
1714069977714 0.7389771403188529 699
1714070253192 0.7835815050260637 700
1714070551705 0.7894062680773598 701
1714070856955 0.7323306057321559 702
1714071159314 0.7163354659526224 703
1714071463127 0.768315392931811 704
1714071776084 0.7733153184493186 705
1714072076207 0.7654016597906171 706
1714072357768 0.7938348776826838 707
1714072653202 0.8159706456649808 708
1714072947902 0.7836790488945923 709
1714073262489 0.8303519832180855 710
1714073578248 0.8361149767826289 711
1714073895970 0.7717624279486116 712
1714074179792 0.8502844933621019 713
1714074495213 0.8157047601413171 714
1714074799771 0.6711269354507237 715
1714075109414 0.827841636047268 716
1714075401472 0.7301823446056808 717
1714075715413 0.7796770529487205 718
1714076003731 0.7632686969650156 719
1714076304028 0.8179086661666568 720
1714076612926 0.7634364049605572 721
1714076914857 0.7809150906521086 722
1714077212775 0.8282118376302854 723
1714077514741 0.7847709087376269 724
1714077824088 0.8062104616364812 725
1714078128204 0.8164696010528086 726
1714078438082 0.8244231199993141 727
1714078728512 0.7924107685834746 728
1714079035262 0.7945065924800253 729
1714079331192 0.819218833069791 730
1714079632960 0.7914800355186702 731
1714079951773 0.7290419996516939 732
1714080247535 0.7537979179563126 733
1714080531021 0.833182694136002 734
1714080833895 0.741888868119112 735
1714081116880 0.8023203209547397 736
1714081402046 0.742305031223205 737
1714081700021 0.8334106755145295 738
1714082011253 0.8180393334673149 739
1714082300463 0.7211571893356229 740
1714082600922 0.8059382648844079 741
1714082910779 0.8090728245387607 742
1714083204366 0.8094889705868958 743
1714083487158 0.7505258051097832 744
1714083795995 0.7214355579123678 745
1714084099883 0.8081382448164752 746
1714084416088 0.8078199725132378 747
1714084710914 0.8186065662294468 748
1714085001002 0.776945557778806 749
1714085310681 0.8052218879737009 750
1714085610544 0.7976542453556459 751
1714085904088 0.7023774642535289 752
1714086212081 0.7568900239004723 753
1714086484199 0.7983001935895593 754
1714086823157 0.7932023459561711 755
1714087095674 0.7856343161716265 756
1714087420727 0.8001068749619927 757
1714087718364 0.827498312795704 758
1714088004414 0.8017313636817264 759
1714088299261 0.8097038113059739 760
1714088583741 0.7708470579321687 761
1714088873686 0.7533111491107799 762
1714089175648 0.8082444056597855 763
1714089454213 0.7939076318180793 764
1714089766031 0.7821587340971076 765
1714090061995 0.8048924031949736 766
1714090365641 0.8081437989933531 767
1714090669884 0.7916260664860898 768
1714090952885 0.8136311568759528 769
1714091253982 0.7511989759018464 770
1714091576610 0.8295692051806917 771
1714091867294 0.8086717045801548 772
1714092168730 0.816311029522487 773
1714092474519 0.7697364832450079 774
1714092770147 0.8094557742235777 775
1714093051574 0.8223417444949263 776
1714093366203 0.8170620267584771 777
1714093675927 0.8087008679029102 778
1714093988312 0.761449336409188 779
1714094284944 0.8256854703081249 780
1714094571052 0.7356348021273865 781
1714094874670 0.7962363874017065 782
1714095174628 0.801674884974181 783
1714095480192 0.767985740510052 784
1714095780104 0.7493984687343536 785
1714096079578 0.8164778644721102 786
1714096377022 0.8111138040415137 787
1714096667803 0.7774089214190633 788
1714096951586 0.8022872645189468 789
1714097278949 0.7927380986271909 790
1714097594458 0.8204160855289846 791
1714097891271 0.8206030332005724 792
1714098198359 0.8466344988420087 793
1714098498267 0.7886122344524527 794
1714098796541 0.8060212242510495 795
1714099092806 0.8033136229402491 796
1714099403237 0.8103709686264929 797
1714099708608 0.7912890431710616 798
1714100009445 0.7604927742863872 799
1714100310978 0.7938356710853721 800
1714100625239 0.8420315020801394 801
1714100954314 0.7815763123998162 802
1714101232333 0.8050755522195802 803
1714101542351 0.8013095551978977 804
1714101818526 0.8010248438675933 805
1714102134536 0.7791653993435332 806
1714102439547 0.810533923046631 807
1714102720294 0.8213291101986829 808
1714103016096 0.8134917155229655 809
1714103318911 0.8421783077646801 810
1714103632604 0.7841468946418342 811
1714103928334 0.8365832198251528 812
1714104206352 0.7804886880062843 813
1714104522730 0.7971387672107143 814
1714104819833 0.850962947725256 815
1714105116398 0.8315163649415845 816
1714105430183 0.7873678428883163 817
1714105725774 0.8261538740690146 818
1714106059264 0.8159073642423275 819
1714106356022 0.8336979192676284 820
1714106656501 0.8060038288909867 821
1714106944298 0.8247374250130731 822
1714107265711 0.8224508548968317 823
1714107584293 0.7952084773424144 824
1714107869672 0.8037902369703533 825
1714108170771 0.7845053022762339 826
1714108461690 0.6899198467965507 827
1714108742779 0.8221740160757461 828
1714109028135 0.7967393465626423 829
1714109313637 0.7854149692973115 830
1714109627192 0.8372644475283167 831
1714109926757 0.8418588953403259 832
1714110229994 0.7847939098757 833
1714110516622 0.8068870451609608 834
1714110829623 0.7830065824569801 835
1714111140458 0.7552433856923559 836
1714111441268 0.7497630020387692 837
1714111754738 0.7568165121199801 838
1714112066628 0.746678882800947 839
1714112361114 0.8227619112378698 840
1714112668640 0.7231002247549515 841
1714112983211 0.841383248878118 842
1714113289158 0.7339252964992652 843
1714113596835 0.8009146852180657 844
1714113912319 0.7953816854400743 845
1714114219517 0.8245525119617935 846
1714114516330 0.8151263279632734 847
1714114815270 0.8401560611427812 848
1714115129445 0.8160360353841442 849
1714115428693 0.7235476960727627 850
1714115742265 0.7807584454882988 851
1714116033827 0.8344808494240171 852
1714116334104 0.7515903283396976 853
1714116627336 0.8280885446776175 854
1714116919026 0.8064082137465853 855
1714117226349 0.8384436443117469 856
1714117540005 0.8452532106697271 857
1714117831376 0.8044777039669382 858
1714118119109 0.8053599532054435 859
1714118424230 0.7848109362436613 860
1714118710854 0.7923141236395068 861
1714119022444 0.8030652809762446 862
1714119317892 0.8243305150957951 863
1714119631112 0.8196267157354545 864
1714119921933 0.8213183480925097 865
1714120210325 0.8336133902872411 866
1714120503477 0.8130333158912645 867
1714120821859 0.824203518062864 868
1714121111111 0.8156500658501523 869
1714121418926 0.8037191187605351 870
1714121724714 0.7913488517452217 871
1714122006104 0.7951753215662131 872
1714122312218 0.806097196376938 873
1714122601567 0.8433114222739062 874
1714122886293 0.6963714499202315 875
1714123209034 0.7576411639521168 876
1714123482735 0.8061339713857366 877
1714123794623 0.7879346990434537 878
1714124105319 0.693586789647798 879
1714124387853 0.8069625900407191 880
1714124693960 0.8151628230623434 881
1714125009313 0.8230088392584965 882
1714125293257 0.8165319017408443 883
1714125597413 0.7961072192455163 884
1714125903045 0.7813709922576941 885
1714126193754 0.8178223914417205 886
1714126495924 0.8143959187019466 887
1714126777914 0.8132002347000278 888
1714127094273 0.7827610889760278 889
1714127380067 0.841103845676036 890
1714127673229 0.8090366404897092 891
1714127976866 0.8151357134463323 892
1714128291355 0.7946204422178786 893
1714128585433 0.7601176051473153 894
1714128884821 0.7908516152165742 895
1714129183668 0.7866642888740384 896
1714129507459 0.7986337894947901 897
1714129781425 0.7934517042901331 898
1714130081789 0.8105849858688987 899
1714130417696 0.8359659108016932 900
1714130702247 0.8037825513427397 901
1714131007298 0.8204828476305562 902
1714131307269 0.8101408501067993 903
1714131604232 0.8238680489872646 904
1714131902126 0.8115102127980192 905
1714132165600 0.8138219043961791 906
1714132477720 0.840789525654586 907
1714132778287 0.8315649172335073 908
1714133086903 0.7662087931333179 909
1714133385312 0.8338474884766804 910
1714133693966 0.7921857150756675 911
1714133992904 0.8338391272353088 912
1714134318419 0.8193789071940195 913
1714134601431 0.7904065858512268 914
1714134908819 0.8375516950993285 915
1714135206224 0.8072057041535001 916
1714135512965 0.8124142101998288 917
1714135816185 0.7600631081871523 918
1714136117371 0.8163556954831522 919
1714136434039 0.8149087466966692 920
1714136728667 0.8252227081038683 921
1714137009635 0.7750262249251841 922
1714137325317 0.807328331183421 923
1714137619352 0.8124934413298798 924
1714137911524 0.7949931251089417 925
1714138228642 0.7870668259312052 926
1714138536566 0.7998087296805342 927
1714138820383 0.8077477245033706 928
1714139145318 0.8051561599671907 929
1714139434940 0.8291157676933605 930
1714139744413 0.8201011633618978 931
1714140055355 0.7365606358731163 932
1714140344455 0.7964923185992863 933
1714140668356 0.8061843670553828 934
1714140985891 0.8152780115009842 935
1714141295517 0.8413805917687661 936
1714141585773 0.8246308017181303 937
1714141871994 0.812980504750648 938
1714142212061 0.7980535606515357 939
1714142498613 0.8456240289065633 940
1714142812067 0.8442412690298604 941
1714143124355 0.8207950069866788 942
1714143442285 0.8097936224329073 943
1714143728391 0.8326492476627171 944
1714144036567 0.8173654449776457 945
1714144355543 0.8331145253501748 946
1714144648175 0.8208888264227957 947
1714144972506 0.8123804870139466 948
1714145274361 0.8119014802990435 949
1714145582174 0.8242272295029848 950
1714145878560 0.732222613998689 951
1714146192426 0.8480713347867425 952
1714146485435 0.8168031560013822 953
1714146790442 0.8380125779704604 954
1714147092939 0.8577172393929177 955
1714147400411 0.7979038499241814 956
1714147701339 0.8209625690238089 957
1714147999781 0.825110719284255 958
1714148283703 0.801004903390375 959
1714148581366 0.8513581277412634 960
1714148889568 0.7816452653552386 961
1714149192926 0.8370161924589563 962
1714149492058 0.81148419151272 963
1714149804147 0.842530373960254 964
1714150091165 0.8150472906234463 965
1714150379053 0.8084307549159953 966
1714150690237 0.8065938416555525 967
1714150981234 0.863415236518349 968
1714151304734 0.8222022198478199 969
1714151621397 0.822611939819113 970
1714151925867 0.7614174094624121 971
1714152200490 0.8176261387326544 972
1714152493427 0.820025799366372 973
1714152800358 0.8223246253600495 974
1714153103236 0.8381942157376882 975
1714153409069 0.8312270300118793 976
1714153722372 0.8472097083039458 977
1714154016207 0.8428700784795455 978
1714154330601 0.8030352453551773 979
1714154623824 0.8092107574580024 980
1714154930133 0.8115217578247885 981
1714155249892 0.8065070108753036 982
1714155554600 0.8237521816193835 983
1714155869101 0.8311829012389718 984
1714156154044 0.7981222440925161 985
1714156430266 0.7992693624573152 986
1714156738188 0.7698660892881278 987
1714157051470 0.8137517423368373 988
1714157350277 0.8257080643034508 989
1714157658368 0.8246453458115088 990
1714157949332 0.8164007537062836 991
1714158276073 0.840286663019766 992
1714158570690 0.8164927275937778 993
1714158895424 0.84704564352418 994
1714159189668 0.6826163867750379 995
1714159487564 0.8129999029959116 996
1714159760134 0.8368847304656413 997
1714160084623 0.8094507463038055 998
1714160393543 0.8034644906061799 999
