1713858240709 1.4106 0
1713858541927 0.587 0
1713858854302 0.5197 0
1713859145833 0.5133 0
1713859477988 0.5398 0
1713859781739 0.4872 0
1713860085053 0.4454 0
1713860427311 0.4803 0
1713860738961 0.4433 0
1713861074525 0.4182 0
1713861368450 0.4807 0
1713861683268 0.468 0
1713861989270 0.4488 0
1713862309691 0.4612 0
1713862614075 0.4004 0
1713862918685 0.4308 0
1713863242217 0.4288 0
1713863546413 0.3931 0
1713863860804 0.3786 0
1713864184082 0.3451 0
1713864484563 0.3808 0
1713864819031 0.4183 0
1713865126172 0.3862 0
1713865425345 0.3744 0
1713865745482 0.3682 0
1713866050037 0.3617 0
1713866367208 0.3431 0
1713866681942 0.3429 0
1713867009967 0.3409 0
1713867313341 0.3019 0
1713867622710 0.3114 0
1713867937314 0.319 0
1713868245790 0.2911 0
1713868557425 0.2764 0
1713868863908 0.2697 0
1713869166905 0.2862 0
1713869468418 0.2974 0
1713869789217 0.2813 0
1713870112435 0.2682 0
1713870420757 0.249 0
1713870738474 0.264 0
1713871052422 0.2775 0
1713871353628 0.2472 0
1713871685030 0.2562 0
1713871961458 0.2776 0
1713872274525 0.2644 0
1713872596504 0.1834 0
1713872902211 0.2514 0
1713873214053 0.2914 0
1713873548724 0.2515 0
1713873860251 0.1861 0
1713874189172 0.2157 0
1713874499779 0.1869 0
1713874807733 0.2132 0
1713875103892 0.1854 0
1713875434691 0.1749 0
1713875757326 0.1978 0
1713876047670 0.1557 0
1713876353667 0.1762 0
1713876657131 0.1731 0
1713876958675 0.1676 0
1713877261592 0.1619 0
1713877567378 0.1515 0
1713877872726 0.1733 0
1713878195095 0.1526 0
1713878496065 0.148 0
1713878799280 0.1589 0
1713879106226 0.1174 0
1713879434562 0.1118 0
1713879731251 0.1136 0
1713880029328 0.1219 0
1713880338403 0.1059 0
1713880655156 0.1561 0
1713880973534 0.1058 0
1713881280348 0.0893 0
1713881595720 0.1293 0
1713881894369 0.0968 0
1713882212320 0.0739 0
1713882541484 0.0971 0
1713882839297 0.1021 0
1713883144583 0.1012 0
1713883439341 0.079 0
1713883760690 0.0779 0
1713884068327 0.0767 0
1713884378630 0.0891 0
1713884700287 0.0533 0
1713885017121 0.045 0
1713885310191 0.0648 0
1713885617355 0.0497 0
1713885917753 0.0566 0
1713886219814 0.0588 0
1713886522809 0.0095 0
1713886834761 0.04 0
1713887154220 0.0297 0
1713887457614 0.0611 0
1713887774064 0.0935 0
1713888078333 0.0637 0
1713888413488 0.0204 0
1713888732375 0.0157 0
1713889042481 -0.0047 0
1713889356874 0.0136 0
1713889665839 0.0475 0
1713889946226 0.0301 0
1713890241417 -0.0063 0
1713890541934 -0.0251 0
1713890862814 0.01 0
1713891159131 -0.0207 0
1713891474875 -0.0288 0
1713891775271 -0.0243 0
1713892065514 -0.006 0
1713892388162 0.0063 0
1713892685907 -0.0073 0
1713892993860 -0.0624 0
1713893283486 0.0036 0
1713893601103 -0.054 0
1713893897813 -0.0424 0
1713894215226 -0.0669 0
1713894513719 -0.0696 0
1713894790635 -0.0156 0
1713895111128 -0.073 0
1713895425217 -0.0032 0
1713895736566 -0.0408 0
1713896059121 -0.0705 0
1713896366358 -0.0535 0
1713896644428 -0.0498 0
1713896963433 -0.0364 0
1713897278185 -0.0795 0
1713897573549 -0.0811 0
1713897877463 -0.0881 0
1713898166123 -0.091 0
1713898452047 -0.0575 0
1713898743782 -0.0559 0
1713899078922 -0.0237 0
1713899385374 -0.0588 0
1713899673339 -0.0442 0
1713899994790 -0.0794 0
1713900305484 -0.0927 0
1713900593242 -0.043 0
1713900886764 -0.0984 0
1713901217918 -0.0782 0
1713901525232 -0.0978 0
1713901830048 -0.1106 0
1713902137204 -0.0998 0
1713902426883 -0.1094 0
1713902742784 -0.1111 0
1713903064927 -0.0801 0
1713903361438 -0.0832 0
1713903651837 -0.0979 0
1713903964177 -0.1178 0
1713904272377 -0.1274 0
1713904576902 -0.1123 0
1713904876755 -0.0697 0
1713905185179 -0.0859 0
1713905494092 -0.122 0
1713905805368 -0.1206 0
1713906111568 -0.0915 0
1713906434062 -0.1199 0
1713906740034 -0.1203 0
1713907050898 -0.1131 0
1713907353638 -0.1137 0
1713907660164 -0.1052 0
1713907977623 -0.174 0
1713908288835 -0.1748 0
1713908598379 -0.1352 0
1713908928876 -0.0977 0
1713909209462 -0.1276 0
1713909511920 -0.1352 0
1713909808282 -0.1125 0
1713910124450 -0.1555 0
1713910428084 -0.1287 0
1713910716412 -0.1284 0
1713911021721 -0.1394 0
1713911309332 -0.1235 0
1713911622463 -0.1305 0
1713911919066 -0.1381 0
1713912206012 -0.1359 0
1713912507773 -0.1384 0
1713912827741 -0.1717 0
1713913114701 -0.1594 0
1713913441147 -0.1683 0
1713913734229 -0.1555 0
1713914047374 -0.1712 0
1713914355427 -0.1769 0
1713914660551 -0.1709 0
1713914974603 -0.1425 0
1713915290834 -0.1287 0
1713915593263 -0.1352 0
1713915912474 -0.196 0
1713916185613 -0.1453 0
1713916489761 -0.1803 0
1713916807266 -0.1185 0
1713917093006 -0.192 0
1713917396880 -0.1967 0
1713917708920 -0.169 0
1713918022606 -0.164 0
1713918321096 -0.2169 0
1713918621905 -0.1474 0
1713918909997 -0.2054 0
1713919239697 -0.1335 0
1713919558561 -0.1916 0
1713919855945 -0.1629 0
1713920174014 -0.17 0
1713920503010 -0.1715 0
1713920818864 -0.1882 0
1713921096272 -0.1496 0
1713921416439 -0.1669 0
1713921693269 -0.1586 0
1713922002125 -0.16 0
1713922303334 -0.1976 0
1713922584488 -0.2054 0
1713922890603 -0.1885 0
1713923201096 -0.1989 0
1713923519811 -0.2017 0
1713923805199 -0.1664 0
1713924117353 -0.198 0
1713924416545 -0.1845 0
1713924743297 -0.217 0
1713925045189 -0.2032 0
1713925346585 -0.2135 0
1713925659723 -0.2302 0
1713925955112 -0.198 0
1713926239717 -0.2222 0
1713926535784 -0.2086 0
1713926860482 -0.1996 0
1713927146185 -0.173 0
1713927450342 -0.2188 0
1713927730147 -0.1533 0
1713928049966 -0.195 0
1713928337604 -0.1905 0
1713928648767 -0.1925 0
1713928924427 -0.1952 0
1713929231967 -0.2254 0
1713929541909 -0.2178 0
1713929839774 -0.185 0
1713930131542 -0.1873 0
1713930445956 -0.2325 0
1713930747216 -0.2263 0
1713931048283 -0.1829 0
1713931353256 -0.1992 0
1713931652325 -0.2371 0
1713931963250 -0.1675 0
1713932251856 -0.219 0
1713932584054 -0.1545 0
1713932870877 -0.2422 0
1713933173872 -0.1802 0
1713933463443 -0.2253 0
1713933766744 -0.2018 0
1713934088230 -0.2206 0
1713934404635 -0.2026 0
1713934701024 -0.2111 0
1713935009378 -0.1805 0
1713935310257 -0.208 0
1713935609164 -0.2064 0
1713935942799 -0.2098 0
1713936236287 -0.1906 0
1713936531226 -0.2084 0
1713936847656 -0.2009 0
1713937130499 -0.1959 0
1713937428352 -0.2098 0
1713937721297 -0.2312 0
1713938055852 -0.2215 0
1713938340704 -0.2388 0
1713938654925 -0.2402 0
1713938967392 -0.2188 0
1713939265594 -0.2236 0
1713939560970 -0.2345 0
1713939866731 -0.2115 0
1713940161165 -0.2086 0
1713940480189 -0.2424 0
1713940795396 -0.2047 0
1713941098582 -0.203 0
1713941414210 -0.2141 0
1713941708700 -0.2045 0
1713942016110 -0.2657 0
1713942308467 -0.2457 0
1713942613971 -0.2491 0
1713942918039 -0.2246 0
1713943237002 -0.2755 0
1713943526802 -0.1984 0
1713943852432 -0.2559 0
1713944171683 -0.2335 0
1713944470180 -0.2666 0
1713944773873 -0.2495 0
1713945075971 -0.2287 0
1713945385575 -0.2571 0
1713945684095 -0.2476 0
1713945965416 -0.2154 0
1713946280453 -0.2785 0
1713946590106 -0.2417 0
1713946866625 -0.2056 0
1713947186434 -0.2031 0
1713947466121 -0.2597 0
1713947770781 -0.2375 0
1713948079867 -0.2187 0
1713948372007 -0.2498 0
1713948683930 -0.2356 0
1713949000725 -0.2271 0
1713949303259 -0.2554 0
1713949621273 -0.2444 0
1713949919985 -0.2541 0
1713950211766 -0.2141 0
1713950508134 -0.2115 0
1713950821091 -0.2486 0
1713951117636 -0.2203 0
1713951413887 -0.2731 0
1713951726689 -0.2319 0
1713952012417 -0.2458 0
1713952311811 -0.2838 0
1713952648814 -0.2469 0
1713952950076 -0.2568 0
1713953260365 -0.2282 0
1713953557062 -0.2255 0
1713953849118 -0.2412 0
1713954148085 -0.2605 0
1713954469469 -0.291 0
1713954775584 -0.2946 0
1713955068117 -0.272 0
1713955372454 -0.2761 0
1713955677755 -0.2768 0
1713955977432 -0.2463 0
1713956266979 -0.251 0
1713956565266 -0.2603 0
1713956853085 -0.286 0
1713957163087 -0.2766 0
1713957453498 -0.2434 0
1713957769431 -0.2525 0
1713958060786 -0.2737 0
1713958349526 -0.2595 0
1713958651878 -0.2804 0
1713958953078 -0.2761 0
1713959268156 -0.284 0
1713959560877 -0.2397 0
1713959859667 -0.2719 0
1713960166553 -0.2667 0
1713960485600 -0.2663 0
1713960787767 -0.2774 0
1713961081112 -0.2402 0
1713961373074 -0.2782 0
1713961664779 -0.2759 0
1713961958388 -0.2738 0
1713962266373 -0.2689 0
1713962548306 -0.2825 0
1713962849988 -0.2992 0
1713963174570 -0.2866 0
1713963445844 -0.296 0
1713963750489 -0.2689 0
1713964077901 -0.2319 0
1713964366954 -0.2417 0
1713964664279 -0.285 0
1713964953429 -0.2661 0
1713965265057 -0.3072 0
1713965567981 -0.2901 0
1713965883270 -0.2351 0
1713966171604 -0.2986 0
1713966458330 -0.3117 0
1713966747557 -0.2868 0
1713967034736 -0.2761 0
1713967328161 -0.2785 0
1713967633582 -0.2857 0
1713967916643 -0.2552 0
1713968216498 -0.2822 0
1713968525397 -0.2708 0
1713968838259 -0.2752 0
1713969141142 -0.2358 0
1713969446871 -0.2576 0
1713969744007 -0.2791 0
1713970017135 -0.3084 0
1713970314712 -0.2449 0
1713970617758 -0.2546 0
1713970899166 -0.2756 0
1713971189029 -0.334 0
1713971495625 -0.3139 0
1713971803848 -0.2805 0
1713972111997 -0.2912 0
1713972417109 -0.2472 0
1713972724516 -0.3083 0
1713973009854 -0.303 0
1713973307135 -0.305 0
1713973605604 -0.3 0
1713973922844 -0.2941 0
1713974222812 -0.2866 0
1713974529384 -0.306 0
1713974823905 -0.2977 0
1713975128199 -0.2687 0
1713975418536 -0.3087 0
1713975717820 -0.2899 0
1713976030520 -0.2929 0
1713976313216 -0.2905 0
1713976618559 -0.2566 0
1713976918510 -0.2876 0
1713977218825 -0.2978 0
1713977509354 -0.2929 0
1713977833846 -0.2984 0
1713978129699 -0.2852 0
1713978442118 -0.2889 0
1713978724754 -0.2815 0
1713979006365 -0.2934 0
1713979311009 -0.3169 0
1713979598477 -0.3154 0
1713979891370 -0.288 0
1713980227323 -0.3076 0
1713980538521 -0.244 0
1713980825481 -0.2875 0
1713981137772 -0.3188 0
1713981458415 -0.3198 0
1713981776438 -0.2891 0
1713982083746 -0.3281 0
1713982359526 -0.3001 0
1713982674533 -0.2964 0
1713982971903 -0.2902 0
1713983272728 -0.2853 0
1713983558838 -0.3456 0
1713983890098 -0.2768 0
1713984199193 -0.2957 0
1713984486258 -0.2866 0
1713984796100 -0.3179 0
1713985095640 -0.2971 0
1713985378755 -0.286 0
1713985674555 -0.2986 0
1713985964083 -0.3249 0
1713986258822 -0.3001 0
1713986549771 -0.3061 0
1713986856680 -0.3104 0
1713987145932 -0.3388 0
1713987446375 -0.3088 0
1713987726063 -0.293 0
1713988034669 -0.2701 0
1713988330369 -0.2627 0
1713988639720 -0.3241 0
1713988949022 -0.2978 0
1713989246214 -0.3039 0
1713989556729 -0.2716 0
1713989855287 -0.2986 0
1713990167071 -0.3111 0
1713990445044 -0.2929 0
1713990762841 -0.3129 0
1713991088241 -0.301 0
1713991407242 -0.3127 0
1713991724299 -0.3147 0
1713992031604 -0.2937 0
1713992330508 -0.2904 0
1713992617766 -0.2931 0
1713992946005 -0.2646 0
1713993238352 -0.2928 0
1713993548484 -0.2919 0
1713993850444 -0.2665 0
1713994126447 -0.3094 0
1713994417532 -0.3248 0
1713994741316 -0.307 0
1713995038702 -0.3453 0
1713995359409 -0.359 0
1713995639640 -0.3231 0
1713995929894 -0.3526 0
1713996234056 -0.2799 0
1713996537434 -0.3219 0
1713996825563 -0.3272 0
1713997138028 -0.3187 0
1713997440285 -0.2887 0
1713997718939 -0.329 0
1713998003050 -0.3195 0
1713998297409 -0.3013 0
1713998608313 -0.3559 0
1713998889763 -0.2841 0
1713999193886 -0.3154 0
1713999497138 -0.3177 0
1713999779556 -0.2798 0
1714000082339 -0.3225 0
1714000335798 -0.2848 0
1714000637771 -0.3107 0
1714000928144 -0.3174 0
1714001223649 -0.299 0
1714001523288 -0.3165 0
1714001845872 -0.3176 0
1714002124951 -0.3116 0
1714002419767 -0.3026 0
1714002695372 -0.3061 0
1714002997689 -0.3415 0
1714003289165 -0.2898 0
1714003575612 -0.3403 0
1714003870247 -0.2983 0
1714004176941 -0.3217 0
1714004479994 -0.2993 0
1714004788749 -0.3467 0
1714005088587 -0.3401 0
1714005395014 -0.3698 0
1714005695682 -0.3515 0
1714005990719 -0.2653 0
1714006298019 -0.3439 0
1714006599826 -0.3301 0
1714006916374 -0.3257 0
1714007206339 -0.3115 0
1714007517514 -0.2635 0
1714007821181 -0.2716 0
1714008121477 -0.3683 0
1714008424695 -0.3407 0
1714008747293 -0.3202 0
1714009033626 -0.3031 0
1714009328106 -0.3401 0
1714009647016 -0.3169 0
1714009930949 -0.3056 0
1714010265948 -0.3253 0
1714010578672 -0.3162 0
1714010862505 -0.3272 0
1714011148409 -0.3239 0
1714011449183 -0.3436 0
1714011764119 -0.3279 0
1714012069743 -0.3461 0
1714012361847 -0.3336 0
1714012679976 -0.3516 0
1714012992233 -0.3385 0
1714013291828 -0.3174 0
1714013594890 -0.3523 0
1714013889851 -0.3286 0
1714014197400 -0.3254 0
1714014493289 -0.316 0
1714014817666 -0.3239 0
1714015118050 -0.356 0
1714015421701 -0.3043 0
1714015730183 -0.3448 0
1714016021593 -0.3779 0
1714016342175 -0.3345 0
1714016631353 -0.3318 0
1714016941893 -0.3125 0
1714017265710 -0.2949 0
1714017589128 -0.3332 0
1714017892073 -0.3611 0
1714018190220 -0.3399 0
1714018489739 -0.3545 0
1714018786741 -0.3356 0
1714019112599 -0.3422 0
1714019391710 -0.3338 0
1714019700047 -0.3596 0
1714020020855 -0.3016 0
1714020316914 -0.3514 0
1714020630227 -0.3101 0
1714020901108 -0.317 0
1714021186180 -0.3526 0
1714021490112 -0.3327 0
1714021776608 -0.3857 0
1714022078436 -0.3578 0
1714022369093 -0.3257 0
1714022645952 -0.3344 0
1714022955842 -0.3523 0
1714023244037 -0.3405 0
1714023561599 -0.3317 0
1714023854731 -0.357 0
1714024138250 -0.3586 0
1714024446396 -0.3005 0
1714024746393 -0.3477 0
1714025044206 -0.305 0
1714025335485 -0.3476 0
1714025632181 -0.3542 0
1714025950037 -0.3268 0
1714026259836 -0.318 0
1714026558212 -0.3342 0
1714026869342 -0.3251 0
1714027173015 -0.3294 0
1714027465371 -0.3128 0
1714027743965 -0.3455 0
1714028065755 -0.3108 0
1714028363079 -0.3396 0
1714028656499 -0.3411 0
1714028955066 -0.3178 0
1714029237708 -0.3849 0
1714029510262 -0.3825 0
1714029839142 -0.3059 0
1714030134484 -0.3573 0
1714030454639 -0.3026 0
1714030735528 -0.3709 0
1714031038052 -0.3694 0
1714031362962 -0.3796 0
1714031664613 -0.3476 0
1714031984828 -0.3623 0
1714032275866 -0.3376 0
1714032555532 -0.3743 0
1714032864486 -0.3693 0
1714033187723 -0.3426 0
1714033470968 -0.3415 0
1714033749937 -0.3647 0
1714034057227 -0.34 0
1714034352655 -0.3577 0
1714034648882 -0.3259 0
1714034916868 -0.3712 0
1714035232562 -0.3687 0
1714035541238 -0.352 0
1714035844998 -0.367 0
1714036138971 -0.3248 0
1714036422586 -0.3705 0
1714036737605 -0.3826 0
1714037033431 -0.3419 0
1714037313001 -0.3588 0
1714037614921 -0.3567 0
1714037909039 -0.3451 0
1714038196063 -0.3475 0
1714038521621 -0.3767 0
1714038805704 -0.3544 0
1714039097298 -0.3778 0
1714039405919 -0.3543 0
1714039699046 -0.3683 0
1714039993766 -0.3409 0
1714040296290 -0.3637 0
1714040589179 -0.3465 0
1714040918075 -0.3778 0
1714041174153 -0.3617 0
1714041473988 -0.3754 0
1714041808324 -0.3631 0
1714042094255 -0.3845 0
1714042389220 -0.3529 0
1714042694555 -0.349 0
1714042988066 -0.355 0
1714043292753 -0.3413 0
1714043596556 -0.3576 0
1714043891132 -0.367 0
1714044160748 -0.3546 0
1714044480665 -0.3292 0
1714044756713 -0.3537 0
1714045068240 -0.3393 0
1714045378680 -0.3468 0
1714045683870 -0.3782 0
1714045986388 -0.3691 0
1714046294821 -0.3833 0
1714046597514 -0.3808 0
1714046908940 -0.3553 0
1714047218938 -0.3466 0
1714047526282 -0.3525 0
1714047810327 -0.38 0
1714048133728 -0.2907 0
1714048425234 -0.3299 0
1714048741736 -0.3555 0
1714049032222 -0.322 0
1714049322101 -0.339 0
1714049623605 -0.359 0
1714049954915 -0.366 0
1714050282571 -0.3696 0
1714050561845 -0.3864 0
1714050883536 -0.356 0
1714051158575 -0.4025 0
1714051469623 -0.3316 0
1714051753710 -0.3369 0
1714052062506 -0.3642 0
1714052348638 -0.3515 0
1714052660873 -0.3642 0
1714052952055 -0.3549 0
1714053239946 -0.3915 0
1714053532029 -0.3944 0
1714053825429 -0.3724 0
1714054126831 -0.3887 0
1714054439401 -0.3277 0
1714054756093 -0.3614 0
1714055031458 -0.3725 0
1714055340761 -0.3399 0
1714055659822 -0.3672 0
1714055931650 -0.3844 0
1714056261776 -0.3636 0
1714056598531 -0.3735 0
1714056887824 -0.3345 0
1714057195083 -0.307 0
1714057509296 -0.3818 0
1714057811514 -0.3575 0
1714058082009 -0.3519 0
1714058388736 -0.3918 0
1714058684669 -0.3682 0
1714058957863 -0.3935 0
1714059247071 -0.3778 0
1714059549487 -0.3484 0
1714059833952 -0.3515 0
1714060126415 -0.3516 0
1714060418184 -0.3439 0
1714060709436 -0.3622 0
1714060991913 -0.3714 0
1714061283053 -0.35 0
1714061588656 -0.3466 0
1714061868348 -0.4002 0
1714062171458 -0.3673 0
1714062479700 -0.3653 0
1714062782278 -0.3731 0
1714063078177 -0.3879 0
1714063368457 -0.3654 0
1714063662512 -0.3727 0
1714063969891 -0.3554 0
1714064251641 -0.3633 0
1714064564315 -0.3754 0
1714064859590 -0.3752 0
1714065160817 -0.3543 0
1714065457271 -0.3527 0
1714065740250 -0.3706 0
1714066046655 -0.3687 0
1714066346725 -0.3772 0
1714066635318 -0.349 0
1714066960390 -0.3719 0
1714067251273 -0.3894 0
1714067572368 -0.3522 0
1714067876450 -0.411 0
1714068183747 -0.357 0
1714068485163 -0.3554 0
1714068800363 -0.3448 0
1714069078496 -0.3969 0
1714069370139 -0.397 0
1714069664883 -0.3862 0
1714069977736 -0.3592 0
1714070253221 -0.3972 0
1714070551736 -0.3873 0
1714070856986 -0.3331 0
1714071159338 -0.3821 0
1714071463152 -0.392 0
1714071776110 -0.3526 0
1714072076656 -0.39 0
1714072357801 -0.3637 0
1714072653462 -0.3859 0
1714072947934 -0.3718 0
1714073262506 -0.3658 0
1714073578268 -0.3891 0
1714073896016 -0.4022 0
1714074179825 -0.3646 0
1714074495238 -0.4164 0
1714074799802 -0.37 0
1714075109441 -0.3345 0
1714075401516 -0.3622 0
1714075715443 -0.4027 0
1714076003765 -0.3728 0
1714076304052 -0.3655 0
1714076612957 -0.3554 0
1714076914899 -0.3611 0
1714077213074 -0.3882 0
1714077514774 -0.3838 0
1714077824123 -0.382 0
1714078128227 -0.385 0
1714078438107 -0.3514 0
1714078728539 -0.3915 0
1714079037364 -0.3923 0
1714079331214 -0.3842 0
1714079633104 -0.3644 0
1714079951801 -0.3657 0
1714080247554 -0.381 0
1714080531044 -0.3906 0
1714080834311 -0.3701 0
1714081116906 -0.3622 0
1714081402067 -0.337 0
1714081700071 -0.363 0
1714082011277 -0.3903 0
1714082300491 -0.3833 0
1714082600961 -0.3304 0
1714082910807 -0.3712 0
1714083204403 -0.3903 0
1714083487179 -0.3769 0
1714083796022 -0.3792 0
1714084099911 -0.3723 0
1714084416118 -0.3839 0
1714084710939 -0.4177 0
1714085001034 -0.3903 0
1714085310701 -0.3531 0
1714085610571 -0.3853 0
1714085904112 -0.3813 0
1714086212200 -0.3731 0
1714086484227 -0.3761 0
1714086823177 -0.3583 0
1714087095696 -0.3648 0
1714087420766 -0.3766 0
1714087718385 -0.3779 0
1714088004436 -0.3805 0
1714088299285 -0.3821 0
1714088583770 -0.4305 0
1714088873718 -0.4009 0
1714089175678 -0.3959 0
1714089454237 -0.3513 0
1714089766058 -0.3664 0
1714090062016 -0.3571 0
1714090365671 -0.3522 0
1714090669910 -0.3903 0
1714090952908 -0.3808 0
1714091254005 -0.4046 0
1714091576643 -0.3756 0
1714091867319 -0.3891 0
1714092168755 -0.3836 0
1714092475186 -0.3432 0
1714092770170 -0.3833 0
1714093051608 -0.3568 0
1714093366235 -0.4055 0
1714093677378 -0.4109 0
1714093988337 -0.3926 0
1714094284970 -0.3911 0
1714094571074 -0.3682 0
1714094874688 -0.3766 0
1714095174761 -0.3728 0
1714095480219 -0.3732 0
1714095780143 -0.3792 0
1714096079602 -0.4028 0
1714096377039 -0.3803 0
1714096667826 -0.3798 0
1714096951609 -0.3869 0
1714097278972 -0.3779 0
1714097594487 -0.3672 0
1714097891299 -0.4205 0
1714098198382 -0.3953 0
1714098498719 -0.4164 0
1714098796564 -0.4024 0
1714099093350 -0.4096 0
1714099403266 -0.3885 0
1714099708868 -0.4014 0
1714100009469 -0.4145 0
1714100311031 -0.405 0
1714100625266 -0.4153 0
1714100954334 -0.432 0
1714101232370 -0.3764 0
1714101542397 -0.3809 0
1714101818552 -0.3949 0
1714102134556 -0.3987 0
1714102439573 -0.3561 0
1714102720387 -0.385 0
1714103016122 -0.3964 0
1714103318956 -0.3835 0
1714103632630 -0.3752 0
1714103928356 -0.3585 0
1714104206379 -0.4421 0
1714104523660 -0.3842 0
1714104819855 -0.3881 0
1714105116492 -0.3529 0
1714105430203 -0.3297 0
1714105725805 -0.3814 0
1714106059297 -0.377 0
1714106356048 -0.3888 0
1714106656528 -0.3762 0
1714106944322 -0.4113 0
1714107265736 -0.4254 0
1714107584499 -0.4047 0
1714107869698 -0.3956 0
1714108171005 -0.3912 0
1714108461719 -0.3794 0
1714108742821 -0.39 0
1714109028158 -0.413 0
1714109313665 -0.3636 0
1714109627215 -0.3527 0
1714109926786 -0.4009 0
1714110230028 -0.3888 0
1714110516657 -0.4029 0
1714110829648 -0.3849 0
1714111140479 -0.4186 0
1714111441297 -0.3905 0
1714111754815 -0.405 0
1714112066759 -0.3841 0
1714112361146 -0.3898 0
1714112668662 -0.3875 0
1714112983236 -0.4176 0
1714113289622 -0.3831 0
1714113596858 -0.3837 0
1714113912348 -0.4054 0
1714114221739 -0.4138 0
1714114516823 -0.3579 0
1714114815688 -0.3886 0
1714115129919 -0.4151 0
1714115430124 -0.3662 0
1714115742520 -0.4066 0
1714116033875 -0.4049 0
1714116334540 -0.4242 0
1714116627771 -0.4129 0
1714116919071 -0.4208 0
1714117227454 -0.3728 0
1714117540094 -0.3821 0
1714117831411 -0.4049 0
1714118119553 -0.403 0
1714118424713 -0.3847 0
1714118710897 -0.4247 0
1714119022557 -0.4001 0
1714119318043 -0.3705 0
1714119631152 -0.4101 0
1714119921979 -0.4265 0
1714120210360 -0.3924 0
1714120503560 -0.404 0
1714120822577 -0.405 0
1714121111145 -0.4281 0
1714121418959 -0.4173 0
1714121724778 -0.3824 0
1714122006160 -0.3985 0
1714122312236 -0.4057 0
1714122601592 -0.4382 0
1714122886319 -0.4287 0
1714123209055 -0.3954 0
1714123482766 -0.3859 0
1714123795036 -0.3908 0
1714124105569 -0.3871 0
1714124387886 -0.3815 0
1714124693985 -0.4244 0
1714125009341 -0.4026 0
1714125293285 -0.4271 0
1714125597441 -0.3827 0
1714125903072 -0.3892 0
1714126193782 -0.4132 0
1714126495944 -0.3784 0
1714126777941 -0.4119 0
1714127095304 -0.409 0
1714127380083 -0.4197 0
1714127673367 -0.4305 0
1714127977157 -0.368 0
1714128291386 -0.3874 0
1714128585652 -0.3953 0
1714128884849 -0.4075 0
1714129183692 -0.4306 0
1714129507486 -0.4157 0
1714129781452 -0.406 0
1714130081817 -0.3813 0
1714130417827 -0.3919 0
1714130702272 -0.3905 0
1714131007356 -0.393 0
1714131307308 -0.4192 0
1714131604262 -0.4164 0
1714131902293 -0.3966 0
1714132165630 -0.3943 0
1714132477743 -0.3849 0
1714132778313 -0.4416 0
1714133086936 -0.3923 0
1714133385338 -0.3811 0
1714133694075 -0.4051 0
1714133992924 -0.4261 0
1714134318446 -0.4111 0
1714134601453 -0.3889 0
1714134908853 -0.4044 0
1714135206249 -0.4286 0
1714135512997 -0.4012 0
1714135816204 -0.4162 0
1714136117399 -0.3796 0
1714136434067 -0.4034 0
1714136728689 -0.3942 0
1714137009662 -0.4186 0
1714137325351 -0.3963 0
1714137619394 -0.4135 0
1714137911566 -0.4385 0
1714138228669 -0.4115 0
1714138536592 -0.4152 0
1714138820404 -0.4034 0
1714139145340 -0.4223 0
1714139434965 -0.385 0
1714139744437 -0.4094 0
1714140055389 -0.3898 0
1714140344479 -0.4055 0
1714140668383 -0.3833 0
1714140985954 -0.4227 0
1714141295549 -0.4112 0
1714141585800 -0.4201 0
1714141872017 -0.4198 0
1714142212084 -0.4305 0
1714142498634 -0.4019 0
1714142812092 -0.4132 0
1714143124393 -0.4161 0
1714143442309 -0.4226 0
1714143728551 -0.4503 0
1714144036594 -0.3774 0
1714144355571 -0.4047 0
1714144648252 -0.3761 0
1714144972528 -0.4146 0
1714145274450 -0.4034 0
1714145582945 -0.3876 0
1714145878577 -0.4189 0
1714146192447 -0.3777 0
1714146485461 -0.4033 0
1714146790470 -0.4434 0
1714147092971 -0.3952 0
1714147400438 -0.4144 0
1714147701451 -0.4175 0
1714147999808 -0.421 0
1714148283736 -0.4291 0
1714148581387 -0.4096 0
1714148889904 -0.3869 0
1714149192947 -0.4142 0
1714149492110 -0.4068 0
1714149805132 -0.4163 0
1714150091423 -0.3994 0
1714150379076 -0.4454 0
1714150690266 -0.4387 0
1714150981260 -0.3821 0
1714151304826 -0.4266 0
1714151621462 -0.4069 0
1714151925896 -0.4216 0
1714152200511 -0.4164 0
1714152493449 -0.4004 0
1714152800377 -0.41 0
1714153103259 -0.4275 0
1714153409643 -0.4343 0
1714153722399 -0.4248 0
1714154016236 -0.4437 0
1714154330627 -0.4336 0
1714154623850 -0.4192 0
1714154930158 -0.408 0
1714155249917 -0.446 0
1714155554628 -0.4351 0
1714155869127 -0.4249 0
1714156154068 -0.4274 0
1714156430289 -0.4175 0
1714156738210 -0.3939 0
1714157051497 -0.4201 0
1714157350297 -0.4211 0
1714157658388 -0.42 0
1714157949368 -0.4399 0
1714158276100 -0.4076 0
1714158572626 -0.4194 0
1714158895445 -0.4154 0
1714159189693 -0.4072 0
1714159487589 -0.4268 0
1714159760159 -0.4529 0
1714160084645 -0.4103 0
1714160393894 -0.4281 0
