1707832824642 5.3387 0
1707832830996 2.2741 0
1707832837449 1.71 0
1707832843995 1.3239 0
1707832850624 1.0837 0
1707832857345 0.9744 0
1707832861090 0.8193 0
1707832867586 0.7633 0
1707832874074 0.6486 0
1707832880625 0.7148 0
1707832887303 0.679 0
1707832893883 0.6182 0
1707832900412 0.592 0
1707832906955 0.5574 0
1707832913482 0.4756 0
1707832920127 0.6346 0
1707832923903 0.6031 0
1707832927662 0.502 0
1707832931434 0.5222 0
1707832935208 0.6705 0
1707832938983 0.5184 0
1707832942762 0.4791 0
1707832946646 0.6617 0
1707832953193 0.7614 0
1707832959761 0.3519 0
1707832966235 0.5325 0
1707832972764 0.5302 0
1707832979486 0.4805 0
1707832983239 0.5105 0
1707832986999 0.584 0
1707832990764 0.5469 0
1707832994529 0.4623 0
1707832998302 0.6168 0
1707833002071 0.4459 0
1707833005835 0.3761 0
1707833009666 0.5888 0
1707833013452 0.4135 0
1707833017231 0.4809 0
1707833023754 0.4275 0
1707833030331 0.5719 0
1707833036898 0.5509 0
1707833043542 0.4667 0
1707833050125 0.3954 0
1707833056679 0.3358 0
1707833063195 0.3713 0
1707833066946 0.4852 0
1707833070703 0.4984 0
1707833074586 0.4471 0
1707833078347 0.5642 0
1707833082114 0.5823 0
1707833086194 0.4958 0
1707833089960 0.3348 0
1707833093729 0.5637 0
1707833097494 0.5009 0
1707833101380 0.3877 0
1707833105149 0.5085 0
1707833108910 0.383 0
1707833112679 0.4239 0
1707833116443 0.4068 0
1707833120215 0.3856 0
1707833123990 0.4417 0
1707833127763 0.5723 0
1707833131619 0.4917 0
1707833135386 0.4715 0
1707833139159 0.4099 0
1707833145626 0.4213 0
1707833152191 0.4305 0
1707833155964 0.4361 0
1707833159744 0.3118 0
1707833166491 0.5891 0
1707833173050 0.3453 0
1707833179660 0.4707 0
1707833183442 0.5248 0
1707833190163 0.4044 0
1707833193937 0.3999 0
1707833197834 0.4047 0
1707833201612 0.3871 0
1707833205391 0.3735 0
1707833209173 0.4694 0
1707833212961 0.3656 0
1707833216756 0.425 0
1707833222971 0.4704 0
1707833226889 0.4648 0
1707833230641 0.4036 0
1707833234394 0.3752 0
1707833238149 0.5126 0
1707833241900 0.4048 0
1707833245650 0.3757 0
1707833249404 0.2853 0
1707833253157 0.4825 0
1707833260001 0.4913 0
1707833266509 0.3586 0
1707833270264 0.3263 0
1707833274020 0.4044 0
1707833277772 0.2796 0
1707833281532 0.4114 0
1707833285293 0.5109 0
1707833289062 0.3546 0
1707833295726 0.3551 0
1707833302611 0.296 0
1707833309273 0.3999 0
1707833313038 0.2487 0
1707833316813 0.3564 0
1707833323511 0.3477 0
1707833327284 0.3597 0
1707833331057 0.5269 0
1707833334827 0.4878 0
1707833338599 0.4384 0
1707833342368 0.4269 0
1707833346148 0.4552 0
1707833349985 0.3026 0
1707833353762 0.3704 0
1707833357546 0.498 0
1707833361328 0.4262 0
1707833365095 0.3722 0
1707833368864 0.3303 0
1707833372647 0.4175 0
1707833376429 0.3311 0
1707833380347 0.3165 0
1707833386912 0.2732 0
1707833390691 0.3611 0
1707833394469 0.5362 0
1707833398265 0.3943 0
1707833402045 0.3605 0
1707833405831 0.3745 0
1707833412560 0.5016 0
1707833419217 0.3852 0
1707833422983 0.4082 0
1707833429623 0.4092 0
1707833436135 0.4534 0
1707833439905 0.3683 0
1707833443801 0.3762 0
1707833447573 0.3326 0
1707833454159 0.3377 0
1707833460817 0.4094 0
1707833464597 0.2819 0
1707833468380 0.2864 0
1707833475092 0.3024 0
1707833481638 0.2512 0
1707833488215 0.5202 0
1707833494798 0.3235 0
1707833501378 0.3056 0
1707833508045 0.206 0
1707833511822 0.3278 0
1707833515614 0.3475 0
1707833522194 0.264 0
1707833528859 0.3019 0
1707833535517 0.2361 0
1707833542058 0.4628 0
1707833548696 0.3129 0
1707833555261 0.3605 0
1707833559047 0.4732 0
1707833565688 0.3381 0
1707833572265 0.3437 0
1707833579022 0.1805 0
1707833585619 0.3415 0
1707833592171 0.4218 0
1707833598942 0.3145 0
1707833605521 0.3757 0
1707833612051 0.3485 0
1707833618825 0.3468 0
1707833625592 0.3227 0
1707833632185 0.3213 0
1707833635973 0.3073 0
1707833639758 0.2069 0
1707833646268 0.3855 0
1707833650042 0.266 0
1707833656776 0.2233 0
1707833663377 0.264 0
1707833667159 0.2183 0
1707833670934 0.3169 0
1707833674721 0.2618 0
1707833678504 0.3107 0
1707833682281 0.3113 0
1707833689293 0.2745 0
1707833693072 0.1708 0
1707833699766 0.1677 0
1707833703553 0.4065 0
1707833707344 0.2957 0
1707833711128 0.2031 0
1707833714959 0.3158 0
1707833718735 0.2955 0
1707833722521 0.2416 0
1707833726318 0.2523 0
1707833730098 0.3516 0
1707833733877 0.2831 0
1707833737653 0.3176 0
1707833744362 0.2544 0
1707833750955 0.2352 0
1707833757552 0.2249 0
1707833764063 0.3235 0
1707833770782 0.2546 0
1707833777490 0.248 0
1707833784082 0.1838 0
1707833790759 0.3272 0
1707833794560 0.2492 0
1707833798363 0.1751 0
1707833805086 0.2718 0
1707833808883 0.1487 0
1707833812679 0.2912 0
1707833819435 0.201 0
1707833825991 0.2236 0
1707833829778 0.2902 0
1707833836492 0.2784 0
1707833840280 0.2039 0
1707833844065 0.1962 0
1707833850663 0.26 0
1707833857207 0.1884 0
1707833863932 0.1841 0
1707833870606 0.3328 0
1707833877115 0.3637 0
1707833880874 0.2789 0
1707833887310 0.1775 0
1707833891070 0.1933 0
1707833897811 0.2229 0
1707833901571 0.3559 0
1707833908146 0.2565 0
1707833914668 0.2762 0
1707833918429 0.1863 0
1707833922186 0.2144 0
1707833929070 0.1452 0
1707833932822 0.2252 0
1707833936585 0.1772 0
1707833940343 0.2221 0
1707833944108 0.2814 0
1707833947865 0.3402 0
1707833951628 0.2863 0
1707833955385 0.2007 0
1707833959295 0.2929 0
1707833963044 0.258 0
1707833966801 0.3213 0
1707833973298 0.1689 0
1707833977065 0.1993 0
1707833980832 0.278 0
1707833984590 0.1757 0
1707833991290 0.2211 0
1707833997953 0.1423 0
1707834001711 0.2171 0
1707834005480 0.1967 0
1707834012018 0.1361 0
1707834018577 0.1856 0
1707834025325 0.2435 0
1707834031834 0.2423 0
1707834035601 0.2564 0
1707834039370 0.2042 0
1707834043134 0.1867 0
1707834046896 0.1465 0
1707834050666 0.2246 0
1707834054563 0.1591 0
1707834058338 0.1693 0
1707834064890 0.1882 0
1707834071420 0.1643 0
1707834077932 0.1175 0
1707834081748 0.0939 0
1707834088334 0.2082 0
1707834094888 0.0254 0
1707834098651 0.3167 0
1707834102416 0.1832 0
1707834106178 0.2398 0
1707834109937 0.2371 0
1707834113821 0.1577 0
1707834117589 0.1581 0
1707834121349 0.1957 0
1707834125110 0.2871 0
1707834128868 0.0789 0
1707834132639 0.15 0
1707834136408 0.4096 0
1707834140164 0.0929 0
1707834143994 0.1061 0
1707834147765 0.1609 0
1707834151540 0.1408 0
1707834155311 0.1953 0
1707834159077 0.2558 0
1707834162838 0.2081 0
1707834166611 0.1469 0
1707834173217 0.122 0
1707834177103 0.1359 0
1707834183723 0.0977 0
1707834190389 0.3576 0
1707834196972 0.1697 0
1707834203516 0.1652 0
1707834207399 0.158 0
1707834211160 0.2133 0
1707834214924 0.1835 0
1707834221521 0.1615 0
1707834225287 0.2446 0
1707834229052 0.2391 0
1707834232822 0.0857 0
1707834236724 0.1991 0
1707834240499 0.1389 0
1707834244271 0.0631 0
1707834248045 0.144 0
1707834251823 0.2724 0
1707834258320 0.1302 0
1707834262093 0.3209 0
1707834265925 0.2344 0
1707834269703 0.1377 0
1707834273498 0.2389 0
1707834277276 0.3234 0
1707834281062 0.1129 0
1707834287630 0.1692 0
1707834291412 0.1625 0
1707834295199 0.193 0
1707834299105 0.2418 0
1707834302881 0.0428 0
1707834306670 0.2317 0
1707834313228 0.1183 0
1707834319960 0.187 0
1707834326626 0.0845 0
1707834333173 0.1125 0
1707834339879 0.1229 0
1707834343640 0.1796 0
1707834347418 0.1201 0
1707834351192 0.0864 0
1707834354964 0.1133 0
1707834358893 0.0613 0
1707834365412 0.0554 0
1707834371967 0.0248 0
1707834375738 0.2407 0
1707834379519 0.1377 0
1707834386235 0.2338 0
1707834392795 0.0603 0
1707834399314 0.1871 0
1707834405861 0.1085 0
1707834412535 0.0405 0
1707834419090 0.0476 0
1707834422878 0.0699 0
1707834426674 0.0732 0
1707834433248 0.1212 0
1707834439922 0.0763 0
1707834446606 0.0726 0
1707834453154 0.038 0
1707834456936 0.2209 0
1707834460720 0.1183 0
1707834464508 0.1626 0
1707834468313 0.0646 0
1707834474995 0.1408 0
1707834478801 0.1082 0
1707834485724 0.0082 0
1707834489516 0.0749 0
1707834493313 0.0813 0
1707834497103 0.0575 0
1707834500886 0.2266 0
1707834504811 0.0529 0
1707834508622 0.1326 0
1707834512417 0.169 0
1707834516212 0.1511 0
1707834519999 0.148 0
1707834523796 0.0392 0
1707834527587 0.1672 0
1707834534352 0.0407 0
1707834538145 0.0215 0
1707834541939 0.031 0
1707834545742 0.0979 0
1707834549535 0.0329 0
1707834553331 0.2055 0
1707834557119 0.0983 0
1707834563791 0.0601 0
1707834570522 -0.0197 0
1707834577177 -0.009 0
1707834580970 0.0739 0
1707834584768 0.1323 0
1707834588569 0.0311 0
1707834592421 0.1144 0
1707834596210 0.0738 0
1707834599992 0.0367 0
1707834603783 0.0248 0
1707834607574 0.0758 0
1707834611361 0.0507 0
1707834615145 -0.0019 0
1707834618926 0.0241 0
1707834622852 -0.0098 0
1707834626646 0.056 0
1707834633192 -0.0266 0
1707834639946 0.0569 0
1707834646445 0.1051 0
1707834653212 -0.0472 0
1707834656994 -0.0099 0
1707834660772 0.0558 0
1707834664551 0.04 0
1707834668332 0.1206 0
1707834672112 0.0373 0
1707834675902 0.2154 0
1707834679689 0.199 0
1707834683623 0.1908 0
1707834687410 -0.0173 0
1707834691200 -0.0206 0
1707834694992 0.0259 0
1707834698771 0.0735 0
1707834702563 0.0178 0
1707834706349 0.1915 0
1707834710201 0.1089 0
1707834713993 -0.0052 0
1707834717778 -0.0471 0
1707834721562 0.0455 0
1707834728106 0.0969 0
1707834734672 0.0318 0
1707834741498 0.0591 0
1707834745292 0.109 0
1707834749077 -0.0083 0
1707834755599 -0.0884 0
1707834759386 -0.0668 0
1707834763171 -0.0488 0
1707834766961 0.0564 0
1707834770883 0.1898 0
1707834774677 0.0956 0
1707834778495 0.0322 0
1707834782288 0.0338 0
1707834786092 0.0309 0
1707834789882 0.1059 0
1707834793673 -0.0245 0
1707834797438 -0.0283 0
1707834801266 0.0081 0
1707834805025 0.0111 0
1707834811696 -0.0153 0
1707834815457 0.1074 0
1707834819216 -0.0634 0
1707834822978 -0.0766 0
1707834826739 -0.0197 0
1707834830497 -0.0012 0
1707834834395 -0.0778 0
1707834838161 0.1538 0
1707834841919 0.0723 0
1707834845673 0.0217 0
1707834849433 -0.0101 0
1707834853196 0.0342 0
1707834857799 0.0576 0
1707834862200 0.0504 0
1707834866765 -0.0161 0
1707834871170 -0.0308 0
1707834876743 0.1124 0
1707834880507 -0.1142 0
1707834887035 -0.0456 0
1707834893632 -0.0433 0
1707834900272 0.0517 0
1707834906899 0.0252 0
1707834913446 -0.0521 0
1707834920124 0.0348 0
1707834926647 -0.0099 0
1707834930522 -0.0179 0
1707834934283 -0.0003 0
1707834938041 -0.0378 0
1707834941807 0.1605 0
1707834945570 -0.0777 0
1707834949335 0.0002 0
1707834953090 -0.0076 0
1707834956849 -0.0672 0
1707834960605 -0.0424 0
1707834964514 -0.0896 0
1707834968285 0.1593 0
1707834977721 -0.0187 0
1707834981496 -0.0206 0
1707834988081 -0.0441 0
1707834994746 -0.0177 0
1707834998512 -0.0748 0
1707835005050 -0.0256 0
1707835008816 -0.0084 0
1707835012579 0.0054 0
1707835016352 -0.0567 0
1707835020107 -0.0303 0
1707835023995 -0.0418 0
1707835027756 0.0087 0
1707835031520 -0.1034 0
1707835035284 0.1011 0
1707835039049 0.1216 0
1707835042809 0.075 0
1707835046580 0.2278 0
1707835050341 0.1485 0
1707835054101 0.0273 0
1707835058025 0.0019 0
1707835064504 -0.0384 0
1707835071197 -0.0339 0
1707835077784 -0.0342 0
1707835081555 -0.1162 0
1707835088238 -0.1268 0
1707835094769 -0.009 0
1707835101398 0.0059 0
1707835105165 0.0479 0
1707835108943 -0.0004 0
1707835112720 -0.022 0
1707835116495 -0.0523 0
1707835120399 -0.0163 0
1707835124174 -0.0502 0
1707835127951 0.0136 0
1707835131730 -0.0083 0
1707835135509 0.0575 0
1707835139282 0.0355 0
1707835143056 -0.0541 0
1707835146832 -0.097 0
1707835150752 -0.0383 0
1707835154533 -0.0592 0
1707835158313 -0.0958 0
1707835162087 0.01 0
1707835165857 -0.0243 0
1707835169636 -0.086 0
1707835173412 -0.0393 0
1707835177180 -0.033 0
1707835181017 -0.0397 0
1707835184789 -0.0634 0
1707835188565 -0.0364 0
1707835195233 -0.0731 0
1707835199016 -0.0583 0
1707835202783 -0.0963 0
1707835206562 0.0053 0
1707835210351 -0.0463 0
1707835214275 -0.117 0
1707835218054 0.0473 0
1707835223395 -0.201 0
1707835227179 -0.028 0
1707835230952 -0.0338 0
1707835234730 0.0339 0
1707835238503 -0.0357 0
1707835244067 -0.0507 0
1707835248309 -0.1111 0
1707835252093 -0.0652 0
1707835258717 -0.0427 0
1707835265351 -0.1028 0
1707835272014 -0.026 0
1707835278647 -0.1434 0
1707835282417 -0.0398 0
1707835286192 -0.0017 0
1707835292792 -0.0569 0
1707835299425 -0.1086 0
1707835306040 -0.1636 0
1707835312638 -0.0485 0
1707835316413 -0.1833 0
1707835322993 -0.1033 0
1707835326772 -0.0987 0
1707835333404 -0.0966 0
1707835337300 -0.0501 0
1707835341074 -0.1127 0
1707835344844 -0.1718 0
1707835348622 0.0042 0
1707835352398 -0.1438 0
1707835356159 0.1566 0
1707835359927 -0.116 0
1707835366291 -0.0203 0
1707835370060 -0.035 0
1707835373824 -0.1271 0
1707835377594 -0.051 0
1707835381367 -0.2006 0
1707835385130 -0.1099 0
1707835388897 -0.202 0
1707835392674 -0.015 0
1707835396443 -0.1523 0
1707835400353 -0.1516 0
1707835404123 -0.1533 0
1707835410841 0.0219 0
1707835414606 -0.0074 0
1707835418374 -0.1993 0
1707835424981 -0.0838 0
1707835428745 -0.0366 0
1707835432626 -0.0223 0
1707835436399 -0.1669 0
1707835440170 -0.1166 0
1707835446663 -0.1365 0
1707835453251 0.0567 0
1707835457022 -0.0523 0
1707835460788 -0.0638 0
1707835464693 -0.0783 0
1707835468473 -0.0572 0
1707835472243 -0.1148 0
1707835476017 -0.0638 0
1707835479786 -0.0535 0
1707835483556 -0.1382 0
1707835487326 -0.2048 0
1707835491100 -0.066 0
1707835494943 -0.0632 0
1707835498724 -0.0694 0
1707835502495 -0.0855 0
1707835506697 0.0605 0
1707835510471 -0.0623 0
1707835514249 -0.1231 0
1707835518023 -0.0937 0
1707835521810 -0.0608 0
1707835525664 -0.0612 0
1707835529454 -0.1027 0
1707835533239 -0.0663 0
1707835537030 -0.2176 0
1707835543665 -0.0209 0
1707835547454 -0.0169 0
1707835551236 -0.09 0
1707835555665 -0.154 0
1707835559595 -0.2008 0
1707835566453 -0.0348 0
1707835570236 -0.1377 0
1707835575400 -0.1859 0
1707835582120 -0.1511 0
1707835588727 -0.1149 0
1707835595524 -0.091 0
1707835602181 0.0249 0
1707835605967 -0.1255 0
1707835612626 -0.1752 0
1707835616416 -0.1141 0
1707835620201 -0.1288 0
1707835624107 -0.1322 0
1707835627885 -0.1529 0
1707835631671 -0.1643 0
1707835635464 -0.2283 0
1707835639246 -0.2152 0
1707835645834 -0.1564 0
1707835649614 -0.1702 0
1707835653537 -0.1985 0
1707835657321 -0.0945 0
1707835661110 -0.1237 0
1707835664892 -0.1577 0
1707835668676 -0.1551 0
1707835672471 -0.1728 0
1707835679061 -0.0733 0
1707835685854 -0.2114 0
1707835689650 -0.2319 0
1707835693439 -0.2251 0
1707835697216 -0.129 0
1707835700985 -0.1834 0
1707835704759 -0.118 0
1707835708559 -0.1868 0
1707835712340 -0.1608 0
1707835716260 -0.1664 0
1707835720040 -0.1207 0
1707835723819 -0.1791 0
1707835727601 -0.0735 0
1707835731382 -0.2159 0
1707835735155 -0.0888 0
1707835739904 -0.2862 0
1707835746439 -0.2391 0
1707835753260 -0.1296 0
1707835757047 -0.2135 0
1707835760842 -0.0672 0
1707835764620 -0.1174 0
1707835768401 -0.0844 0
1707835773234 -0.1297 0
1707835777013 -0.2533 0
1707835781797 -0.2373 0
1707835785720 -0.1499 0
1707835789747 -0.114 0
1707835793535 -0.1548 0
1707835797535 -0.1678 0
1707835801881 -0.0267 0
1707835805668 -0.0487 0
1707835810401 -0.0106 0
1707835815755 -0.146 0
1707835819691 -0.1518 0
1707835824125 -0.2092 0
1707835827906 -0.2095 0
1707835833005 -0.0674 0
1707835836792 -0.1615 0
1707835840582 -0.1322 0
1707835845704 -0.2347 0
1707835852465 -0.1248 0
1707835856248 -0.1768 0
1707835862921 -0.2106 0
1707835866710 -0.255 0
1707835870503 -0.1719 0
1707835874286 -0.1136 0
1707835878079 -0.0417 0
1707835881918 -0.1053 0
1707835885706 -0.2255 0
1707835891472 -0.2442 0
1707835895264 -0.2934 0
1707835899051 -0.017 0
1707835902836 -0.0619 0
1707835907443 -0.2923 0
1707835911329 -0.0654 0
1707835917878 -0.1775 0
1707835924465 -0.126 0
1707835928252 -0.2709 0
1707835932030 -0.1209 0
1707835935823 -0.1377 0
1707835942544 -0.15 0
1707835949270 -0.188 0
1707835955900 -0.063 0
1707835962655 -0.2721 0
1707835966450 -0.1724 0
1707835970246 -0.2769 0
1707835974034 -0.2759 0
1707835977951 -0.1702 0
1707835981743 -0.1866 0
1707835985535 -0.0251 0
1707835989332 -0.1797 0
1707835993121 -0.2241 0
1707835996916 -0.0749 0
1707836000712 -0.2609 0
1707836007363 -0.2147 0
1707836011158 -0.3846 0
1707836014950 -0.1999 0
1707836021713 -0.2107 0
1707836028235 -0.1376 0
1707836034839 -0.2174 0
1707836041721 -0.2429 0
1707836045523 -0.2588 0
1707836049320 -0.2407 0
1707836053113 -0.3293 0
1707836056911 -0.3174 0
1707836060709 -0.2624 0
1707836064505 -0.108 0
1707836068439 0.0172 0
1707836072233 -0.2179 0
1707836076029 -0.1855 0
1707836079824 -0.1858 0
1707836083623 -0.2201 0
1707836090234 -0.2795 0
1707836094041 -0.1302 0
1707836097974 -0.1009 0
1707836101772 -0.2043 0
1707836105571 -0.2181 0
1707836109383 -0.1869 0
1707836113174 -0.1808 0
1707836116973 -0.2359 0
1707836123585 -0.3657 0
1707836127521 -0.1477 0
1707836131325 -0.1187 0
1707836135124 -0.337 0
1707836138925 -0.2991 0
1707836142727 -0.1605 0
1707836146529 -0.1588 0
1707836150333 -0.2347 0
1707836154138 -0.272 0
1707836158089 -0.2368 0
1707836161889 -0.2881 0
1707836165690 -0.0676 0
1707836169495 -0.216 0
1707836173303 -0.124 0
1707836177106 -0.0942 0
1707836180902 -0.3291 0
1707836184690 -0.1141 0
1707836188644 -0.2233 0
1707836192471 -0.3599 0
1707836196451 -0.1742 0
1707836201160 -0.1501 0
1707836204959 -0.2782 0
1707836211045 -0.2345 0
1707836216198 -0.2854 0
1707836220964 -0.2701 0
1707836224910 -0.0791 0
1707836228709 -0.2346 0
1707836233601 -0.2314 0
1707836237478 -0.2621 0
1707836241809 -0.2939 0
1707836245607 -0.2768 0
1707836250091 -0.2673 0
1707836253930 -0.2977 0
1707836260764 -0.2161 0
1707836267401 -0.168 0
1707836274015 -0.1172 0
1707836280662 -0.2823 0
1707836284590 -0.1711 0
1707836288402 -0.0767 0
1707836292199 -0.3206 0
1707836298864 -0.329 0
1707836305665 -0.2189 0
1707836315208 -0.2872 0
1707836321918 -0.2351 0
1707836328521 -0.2642 0
1707836335170 -0.2547 0
1707836341966 -0.3378 0
1707836348561 -0.2904 0
1707836355148 -0.2082 0
1707836361929 -0.2654 0
1707836368538 -0.3188 0
1707836372454 -0.2432 0
1707836376263 -0.3308 0
1707836380061 -0.2424 0
1707836383865 -0.2069 0
1707836387677 -0.3033 0
1707836391480 -0.3802 0
1707836395294 -0.2517 0
1707836399130 -0.1892 0
1707836403083 -0.269 0
1707836406894 -0.2965 0
1707836410699 -0.3112 0
1707836414507 -0.2773 0
1707836418311 -0.3096 0
1707836422113 -0.2841 0
1707836425923 -0.1595 0
1707836429861 -0.2542 0
1707836433677 -0.3072 0
1707836437488 -0.1787 0
1707836441299 -0.3362 0
1707836445106 -0.2676 0
1707836448918 -0.3172 0
1707836452731 -0.2287 0
1707836456541 -0.2273 0
1707836460496 -0.2409 0
1707836464305 -0.2654 0
1707836468111 -0.2521 0
1707836471921 -0.1186 0
1707836475729 -0.2635 0
1707836479703 -0.3037 0
1707836483527 -0.3439 0
1707836487488 -0.1599 0
1707836491300 -0.2109 0
1707836495129 -0.2681 0
1707836498936 -0.0936 0
1707836502846 -0.197 0
1707836506663 -0.2846 0
1707836510469 -0.3528 0
1707836514903 -0.29 0
1707836519694 -0.2711 0
1707836523809 -0.3071 0
1707836527631 -0.2977 0
1707836534237 -0.3233 0
1707836538046 -0.1884 0
1707836541859 -0.2356 0
1707836545667 -0.1777 0
1707836549610 -0.3345 0
1707836553428 -0.2899 0
1707836557238 -0.2763 0
1707836561053 -0.25 0
1707836564870 -0.3056 0
1707836568674 -0.2512 0
1707836574005 -0.2932 0
1707836578395 -0.2177 0
1707836583033 -0.3454 0
1707836586846 -0.379 0
1707836590662 -0.2779 0
1707836594472 -0.2849 0
1707836598548 -0.2485 0
1707836602362 -0.1796 0
1707836606171 -0.249 0
1707836610117 -0.289 0
1707836613894 -0.3193 0
1707836618019 -0.311 0
1707836621808 -0.2726 0
1707836625887 -0.3423 0
1707836629674 -0.2906 0
1707836633536 -0.1479 0
1707836637898 -0.2857 0
1707836641827 -0.3106 0
1707836645619 -0.2941 0
1707836650408 -0.343 0
1707836654184 -0.2576 0
1707836657964 -0.3105 0
1707836661740 -0.4043 0
1707836665901 -0.2764 0
1707836670541 -0.3439 0
1707836674394 -0.3701 0
1707836679404 -0.199 0
1707836684967 -0.3004 0
1707836688747 -0.1491 0
1707836692523 -0.3465 0
1707836696318 -0.2149 0
1707836700663 -0.176 0
1707836704439 -0.2749 0
1707836708275 -0.2537 0
1707836714402 -0.2567 0
1707836718189 -0.298 0
1707836721961 -0.3141 0
1707836725801 -0.303 0
1707836729700 -0.3581 0
1707836733478 -0.3094 0
1707836740115 -0.3168 0
1707836744023 -0.3457 0
1707836748663 -0.3489 0
1707836752912 -0.3517 0
1707836756695 -0.3937 0
1707836760478 -0.3641 0
1707836765125 -0.2417 0
1707836769542 -0.3095 0
1707836774285 -0.2739 0
1707836778158 -0.3721 0
1707836781935 -0.3441 0
1707836786137 -0.324 0
1707836791018 -0.3288 0
1707836794802 -0.2146 0
1707836798989 -0.3524 0
1707836802768 -0.387 0
1707836806552 -0.2092 0
1707836810469 -0.3234 0
1707836814487 -0.1316 0
1707836820364 -0.2587 0
1707836824498 -0.2426 0
1707836828287 -0.3277 0
1707836832076 -0.2907 0
1707836835858 -0.3241 0
1707836840458 -0.2284 0
1707836844242 -0.3648 0
1707836848745 -0.2447 0
1707836853692 -0.2263 0
1707836858113 -0.2811 0
1707836862877 -0.2085 0
1707836867155 -0.2452 0
1707836871934 -0.3491 0
1707836876384 -0.2906 0
1707836880160 -0.2545 0
1707836884076 -0.3464 0
1707836887869 -0.3854 0
1707836894080 -0.2179 0
1707836897860 -0.2914 0
1707836901648 -0.4084 0
1707836905428 -0.2526 0
1707836909830 -0.3176 0
1707836913626 -0.3943 0
1707836917561 -0.3613 0
1707836921345 -0.2171 0
1707836926034 -0.3841 0
1707836929822 -0.4115 0
1707836934631 -0.354 0
1707836940375 -0.2913 0
1707836944300 -0.2013 0
1707836948090 -0.133 0
1707836954789 -0.4235 0
1707836958576 -0.2735 0
1707836964053 -0.3049 0
1707836967836 -0.2522 0
1707836972872 -0.3656 0
1707836976647 -0.3817 0
1707836980428 -0.3159 0
1707836984213 -0.1743 0
1707836988144 -0.2137 0
1707836992818 -0.2647 0
1707836996604 -0.2992 0
1707837000391 -0.2298 0
1707837004193 -0.3202 0
1707837008625 -0.3233 0
1707837012401 -0.394 0
1707837017478 -0.3763 0
1707837023468 -0.3923 0
1707837027250 -0.322 0
1707837034062 -0.3379 0
1707837038243 -0.3468 0
1707837042372 -0.3317 0
1707837047501 -0.4068 0
1707837051980 -0.3762 0
1707837058835 -0.2934 0
1707837065559 -0.2904 0
1707837069346 -0.3196 0
1707837073129 -0.3062 0
1707837076924 -0.2768 0
1707837080702 -0.3366 0
1707837084488 -0.4215 0
1707837088329 -0.3583 0
1707837092114 -0.3507 0
1707837095934 -0.4277 0
1707837099712 -0.2393 0
1707837103519 -0.434 0
1707837107291 -0.3114 0
1707837114467 -0.3646 0
1707837118243 -0.2896 0
1707837122342 -0.3703 0
1707837126456 -0.379 0
1707837130237 -0.2647 0
1707837134023 -0.3614 0
1707837137812 -0.2292 0
1707837144347 -0.2988 0
1707837151002 -0.3039 0
1707837157691 -0.3458 0
1707837164365 -0.4142 0
1707837170967 -0.3444 0
1707837174750 -0.3028 0
1707837178528 -0.3294 0
1707837185081 -0.2134 0
1707837188983 -0.2591 0
1707837192758 -0.3013 0
1707837196533 -0.35 0
1707837200322 -0.3081 0
1707837204105 -0.3359 0
1707837207897 -0.2994 0
1707837211681 -0.3213 0
1707837215467 -0.4196 0
1707837219253 -0.4081 0
1707837223188 -0.4212 0
1707837226980 -0.359 0
1707837230762 -0.4017 0
1707837234553 -0.2914 0
1707837238354 -0.2878 0
1707837244889 -0.3163 0
1707837248680 -0.2886 0
1707837252607 -0.3516 0
1707837259213 -0.4189 0
1707837265867 -0.4059 0
1707837272533 -0.4611 0
1707837279110 -0.3147 0
1707837283013 -0.2916 0
1707837286802 -0.3193 0
1707837290587 -0.4236 0
1707837297197 -0.4055 0
1707837300986 -0.2571 0
1707837307536 -0.3945 0
1707837311331 -0.3585 0
1707837315250 -0.4078 0
1707837319038 -0.3365 0
1707837322823 -0.3283 0
1707837326605 -0.3116 0
1707837330390 -0.37 0
1707837334176 -0.369 0
1707837337961 -0.3883 0
1707837344778 -0.2644 0
1707837348558 -0.3546 0
1707837352340 -0.3125 0
1707837356129 -0.3966 0
1707837359916 -0.2474 0
1707837366520 -0.2315 0
1707837370307 -0.4238 0
1707837374152 -0.2261 0
1707837380743 -0.342 0
1707837384530 -0.2993 0
1707837388317 -0.3274 0
1707837392105 -0.3099 0
1707837395890 -0.3615 0
1707837399672 -0.3428 0
1707837406331 -0.4002 0
1707837410118 -0.4473 0
1707837413902 -0.4394 0
1707837417696 -0.3594 0
1707837421487 -0.5127 0
1707837425276 -0.2358 0
1707837429058 -0.4084 0
1707837432843 -0.3219 0
1707837436784 -0.3682 0
1707837440572 -0.4094 0
1707837444365 -0.4696 0
1707837448152 -0.3745 0
1707837451933 -0.4095 0
1707837455717 -0.2725 0
1707837461350 -0.3044 0
1707837465137 -0.3282 0
1707837468931 -0.3682 0
1707837472859 -0.3139 0
1707837477051 -0.3035 0
1707837482404 -0.2409 0
1707837486186 -0.3635 0
1707837489970 -0.4383 0
1707837494505 -0.4339 0
1707837498293 -0.3961 0
1707837503066 -0.3481 0
1707837506986 -0.4532 0
1707837512065 -0.2779 0
1707837515854 -0.3847 0
1707837519647 -0.3645 0
1707837523436 -0.3133 0
1707837527228 -0.3795 0
1707837531856 -0.4229 0
1707837535714 -0.3358 0
1707837539512 -0.4921 0
1707837543304 -0.3489 0
1707837547102 -0.397 0
1707837550894 -0.3441 0
1707837554677 -0.4092 0
1707837558469 -0.3491 0
1707837562263 -0.449 0
1707837566137 -0.4035 0
1707837571852 -0.3596 0
1707837576191 -0.436 0
1707837579981 -0.3497 0
1707837583796 -0.4928 0
1707837588549 -0.3689 0
1707837592543 -0.2719 0
1707837596418 -0.4072 0
1707837600340 -0.4764 0
1707837604372 -0.4092 0
1707837610920 -0.2653 0
1707837614712 -0.3799 0
1707837618507 -0.4384 0
1707837622303 -0.418 0
1707837626095 -0.3871 0
1707837629895 -0.3682 0
1707837633832 -0.4017 0
1707837637628 -0.397 0
1707837641422 -0.3142 0
1707837645216 -0.3968 0
1707837649009 -0.4416 0
1707837652791 -0.4047 0
1707837656585 -0.2526 0
1707837661639 -0.4766 0
1707837665570 -0.316 0
1707837669359 -0.2723 0
1707837673151 -0.3469 0
1707837676942 -0.4312 0
1707837683622 -0.3788 0
1707837690223 -0.2377 0
1707837696915 -0.3944 0
1707837700715 -0.4228 0
1707837707289 -0.3885 0
1707837713991 -0.3849 0
1707837717779 -0.2472 0
1707837721573 -0.3344 0
1707837725418 -0.386 0
1707837729210 -0.3664 0
1707837733006 -0.4057 0
1707837736792 -0.4124 0
1707837740580 -0.4657 0
1707837744382 -0.4346 0
1707837748168 -0.4704 0
1707837751965 -0.3579 0
1707837755884 -0.366 0
1707837759678 -0.3992 0
1707837763475 -0.2548 0
1707837767261 -0.2766 0
1707837771050 -0.3885 0
1707837775345 -0.4018 0
1707837779184 -0.3724 0
1707837783944 -0.4389 0
1707837788078 -0.491 0
1707837793454 -0.2944 0
1707837797901 -0.1609 0
1707837801690 -0.453 0
1707837806188 -0.4629 0
1707837809984 -0.3445 0
1707837813856 -0.3864 0
1707837817649 -0.4364 0
1707837824493 -0.4856 0
1707837828289 -0.4648 0
1707837832081 -0.4291 0
1707837835880 -0.4183 0
1707837839678 -0.4354 0
1707837843469 -0.3713 0
1707837848053 -0.5189 0
1707837851842 -0.2661 0
1707837856772 -0.4993 0
1707837860562 -0.4661 0
1707837865880 -0.3006 0
1707837869680 -0.2867 0
1707837873473 -0.4089 0
1707837878085 -0.4905 0
1707837882106 -0.4278 0
1707837885903 -0.4421 0
1707837889825 -0.5171 0
1707837895569 -0.466 0
1707837899379 -0.3256 0
1707837903183 -0.4756 0
1707837906973 -0.3512 0
1707837910764 -0.4558 0
1707837914554 -0.3327 0
1707837918348 -0.5114 0
1707837922297 -0.3289 0
1707837926099 -0.4283 0
1707837931414 -0.3266 0
1707837935328 -0.3148 0
1707837939120 -0.2654 0
1707837943472 -0.3319 0
1707837947261 -0.4206 0
1707837951274 -0.4064 0
1707837955135 -0.2992 0
1707837959596 -0.2888 0
1707837964279 -0.2934 0
1707837968081 -0.3429 0
1707837972460 -0.3138 0
1707837977097 -0.5054 0
1707837980890 -0.4361 0
1707837984682 -0.3531 0
1707837988497 -0.4648 0
1707837992451 -0.4405 0
1707837996654 -0.5668 0
1707838001105 -0.4507 0
1707838004906 -0.3391 0
1707838009292 -0.4708 0
1707838013093 -0.4583 0
1707838017153 -0.2966 0
1707838021094 -0.3719 0
1707838024902 -0.4411 0
1707838031512 -0.3803 0
1707838035320 -0.2915 0
1707838039306 -0.4393 0
1707838043111 -0.4822 0
1707838046918 -0.2777 0
1707838050720 -0.4041 0
1707838054676 -0.5509 0
1707838059032 -0.3262 0
1707838062846 -0.4612 0
1707838066946 -0.466 0
1707838072793 -0.4516 0
1707838076588 -0.4509 0
1707838080524 -0.4334 0
1707838084972 -0.388 0
1707838089322 -0.4263 0
1707838093130 -0.3034 0
1707838096942 -0.3679 0
1707838100739 -0.3428 0
1707838105113 -0.434 0
1707838108927 -0.3905 0
1707838112731 -0.3982 0
1707838116674 -0.3191 0
1707838120499 -0.4762 0
1707838124315 -0.2998 0
1707838128114 -0.5078 0
1707838131933 -0.3362 0
1707838136043 -0.4334 0
1707838139839 -0.3755 0
1707838143641 -0.3128 0
1707838147532 -0.4357 0
1707838151350 -0.3822 0
1707838155185 -0.3845 0
1707838160066 -0.3931 0
1707838163862 -0.4277 0
1707838170526 -0.4765 0
1707838177199 -0.388 0
1707838180998 -0.403 0
1707838184805 -0.4505 0
1707838188612 -0.4943 0
1707838192416 -0.384 0
1707838196221 -0.4172 0
1707838200029 -0.466 0
1707838203830 -0.3757 0
1707838207785 -0.3585 0
1707838211596 -0.451 0
1707838215396 -0.3869 0
1707838219205 -0.4248 0
1707838223010 -0.4017 0
1707838226809 -0.4579 0
1707838230612 -0.4307 0
1707838237356 -0.3227 0
1707838241167 -0.3449 0
1707838244974 -0.3175 0
1707838248782 -0.3642 0
1707838252584 -0.3216 0
1707838256385 -0.4195 0
1707838260189 -0.369 0
1707838263994 -0.3679 0
1707838267933 -0.4012 0
1707838271736 -0.2842 0
1707838275552 -0.4423 0
1707838279364 -0.434 0
1707838283169 -0.4102 0
1707838289852 -0.4761 0
1707838293658 -0.4858 0
1707838297523 -0.4578 0
1707838301333 -0.476 0
1707838305135 -0.3838 0
1707838308944 -0.507 0
1707838312745 -0.3018 0
1707838316548 -0.4147 0
1707838320351 -0.4176 0
1707838324160 -0.3856 0
1707838330877 -0.4258 0
1707838334681 -0.4719 0
1707838338481 -0.3329 0
1707838342289 -0.2601 0
1707838346100 -0.3955 0
1707838349899 -0.359 0
1707838353708 -0.3166 0
1707838357586 -0.3926 0
1707838361389 -0.3965 0
1707838365191 -0.4473 0
1707838368996 -0.3983 0
1707838372804 -0.4633 0
1707838376819 -0.4214 0
1707838381524 -0.4089 0
1707838386088 -0.3338 0
1707838390596 -0.4445 0
1707838395727 -0.4082 0
1707838399536 -0.3637 0
1707838403344 -0.4612 0
1707838407148 -0.3961 0
1707838410947 -0.4363 0
1707838414989 -0.3906 0
1707838419313 -0.3502 0
1707838423262 -0.3424 0
1707838428255 -0.445 0
1707838432057 -0.4556 0
1707838435862 -0.4552 0
1707838442475 -0.5049 0
1707838446286 -0.4706 0
1707838453043 -0.4392 0
1707838456841 -0.391 0
1707838460644 -0.3338 0
1707838464448 -0.4033 0
1707838468249 -0.46 0
1707838472048 -0.4774 0
1707838478625 -0.4258 0
1707838485452 -0.3967 0
1707838492114 -0.4146 0
1707838495919 -0.4346 0
1707838499724 -0.4383 0
1707838503531 -0.4656 0
1707838507346 -0.4187 0
1707838511150 -0.4968 0
1707838515087 -0.495 0
1707838518892 -0.4128 0
1707838522703 -0.4026 0
1707838529317 -0.4618 0
1707838533123 -0.4195 0
1707838536932 -0.4963 0
1707838540734 -0.4564 0
1707838544688 -0.357 0
1707838548492 -0.4122 0
1707838552309 -0.4428 0
1707838556117 -0.4442 0
1707838559913 -0.4667 0
1707838563718 -0.4847 0
1707838567528 -0.5234 0
1707838571336 -0.4329 0
1707838575275 -0.5237 0
1707838579077 -0.4302 0
1707838582883 -0.4508 0
1707838586685 -0.435 0
1707838590490 -0.4177 0
1707838594301 -0.5389 0
1707838598112 -0.3935 0
1707838601918 -0.4852 0
1707838605870 -0.3435 0
1707838609677 -0.5342 0
1707838613495 -0.453 0
1707838617298 -0.4828 0
1707838621109 -0.4566 0
1707838624922 -0.3814 0
1707838628725 -0.3818 0
1707838632535 -0.4358 0
1707838636700 -0.3506 0
1707838640699 -0.3389 0
1707838645349 -0.3139 0
1707838652211 -0.4133 0
1707838656022 -0.4497 0
1707838659828 -0.4909 0
1707838663637 -0.4857 0
1707838667590 -0.4926 0
1707838671408 -0.4513 0
1707838675220 -0.3716 0
1707838679037 -0.4175 0
1707838683900 -0.4082 0
1707838687712 -0.3656 0
1707838691523 -0.4135 0
1707838695340 -0.2832 0
1707838699290 -0.4748 0
1707838703110 -0.4728 0
1707838706928 -0.5138 0
1707838710744 -0.5123 0
1707838714556 -0.4363 0
1707838718371 -0.489 0
1707838722710 -0.36 0
1707838728927 -0.432 0
1707838733264 -0.3638 0
1707838738161 -0.3067 0
1707838741976 -0.4744 0
1707838745823 -0.5112 0
1707838749635 -0.2968 0
1707838753447 -0.3097 0
1707838757738 -0.3013 0
1707838761552 -0.4302 0
1707838767212 -0.2494 0
1707838771026 -0.4445 0
1707838774840 -0.4691 0
1707838778650 -0.4372 0
1707838782461 -0.401 0
1707838787173 -0.3141 0
1707838790987 -0.3674 0
1707838795443 -0.4013 0
1707838799768 -0.4562 0
1707838803597 -0.484 0
1707838807424 -0.3935 0
1707838811252 -0.3556 0
1707838815079 -0.4615 0
1707838819426 -0.4172 0
1707838824369 -0.4484 0
1707838828179 -0.5026 0
1707838832692 -0.4448 0
1707838836662 -0.3484 0
1707838840855 -0.3168 0
1707838844677 -0.4729 0
1707838848501 -0.4573 0
1707838854457 -0.4605 0
1707838861260 -0.4442 0
1707838865214 -0.4137 0
1707838869035 -0.392 0
1707838872860 -0.4753 0
1707838876685 -0.326 0
1707838880507 -0.3463 0
1707838884444 -0.4506 0
1707838888264 -0.4348 0
1707838892081 -0.4004 0
1707838896236 -0.4011 0
1707838900424 -0.4402 0
1707838904249 -0.5222 0
1707838908253 -0.4572 0
1707838912576 -0.3514 0
1707838918308 -0.4437 0
1707838922127 -0.3957 0
1707838926326 -0.447 0
1707838930308 -0.6029 0
1707838934129 -0.4432 0
1707838939219 -0.3861 0
1707838943039 -0.4722 0
1707838946902 -0.5649 0
1707838951082 -0.3113 0
1707838955056 -0.4916 0
1707838959187 -0.4007 0
1707838963354 -0.4522 0
1707838967175 -0.5148 0
1707838971789 -0.4337 0
1707838976855 -0.4821 0
1707838980928 -0.4497 0
1707838986011 -0.5397 0
1707838989829 -0.4495 0
1707838993784 -0.3896 0
1707838997753 -0.4441 0
1707839001591 -0.3902 0
1707839006804 -0.376 0
1707839010627 -0.5402 0
1707839015791 -0.407 0
1707839019615 -0.4254 0
1707839023430 -0.376 0
1707839027392 -0.5275 0
1707839031213 -0.5035 0
1707839035037 -0.3132 0
1707839039249 -0.3114 0
1707839043066 -0.4725 0
1707839048611 -0.4771 0
1707839052427 -0.4642 0
1707839056251 -0.4468 0
1707839060230 -0.5387 0
1707839064047 -0.4852 0
1707839070713 -0.4296 0
1707839074550 -0.4402 0
1707839078372 -0.4161 0
1707839082196 -0.4513 0
1707839086022 -0.4083 0
1707839089991 -0.396 0
1707839093810 -0.4332 0
1707839097633 -0.5213 0
1707839101448 -0.5472 0
1707839105265 -0.4609 0
1707839109199 -0.5195 0
1707839113018 -0.371 0
1707839117278 -0.383 0
1707839121694 -0.4536 0
1707839125522 -0.3944 0
1707839129371 -0.4788 0
1707839133190 -0.3825 0
1707839137207 -0.2708 0
1707839141032 -0.3981 0
1707839145644 -0.5015 0
1707839149456 -0.4331 0
1707839154747 -0.3376 0
1707839158567 -0.3189 0
1707839162396 -0.3379 0
1707839166219 -0.5198 0
1707839170035 -0.4136 0
1707839173844 -0.4781 0
1707839179495 -0.4262 0
1707839183447 -0.5681 0
1707839187615 -0.3849 0
1707839191447 -0.5049 0
1707839195333 -0.5074 0
1707839199998 -0.3801 0
1707839205707 -0.5119 0
1707839209677 -0.4489 0
1707839213502 -0.4304 0
1707839218001 -0.4072 0
1707839222726 -0.3483 0
1707839226549 -0.3507 0
1707839231173 -0.4829 0
1707839235620 -0.3944 0
1707839239436 -0.4511 0
1707839243280 -0.5053 0
1707839247115 -0.263 0
1707839252099 -0.3942 0
1707839255938 -0.4472 0
1707839259766 -0.4985 0
1707839263787 -0.4714 0
1707839268780 -0.4734 0
1707839272605 -0.3346 0
1707839279201 -0.4645 0
1707839283168 -0.4881 0
1707839286988 -0.4773 0
1707839290808 -0.3994 0
1707839294635 -0.5639 0
1707839298461 -0.4328 0
1707839302278 -0.4302 0
1707839306092 -0.4251 0
1707839309913 -0.3219 0
1707839314044 -0.5073 0
1707839317861 -0.4807 0
1707839322426 -0.3982 0
1707839327150 -0.4801 0
1707839330967 -0.3668 0
1707839335022 -0.49 0
1707839339208 -0.4619 0
1707839343774 -0.525 0
1707839347734 -0.5284 0
1707839354617 -0.484 0
1707839358443 -0.3569 0
1707839362837 -0.4967 0
1707839366921 -0.2409 0
1707839372629 -0.4301 0
1707839376445 -0.3761 0
1707839381318 -0.3598 0
1707839385803 -0.3427 0
1707839391384 -0.492 0
1707839395670 -0.4341 0
1707839399516 -0.3994 0
1707839403339 -0.537 0
1707839407281 -0.4059 0
1707839411110 -0.3231 0
1707839415076 -0.4026 0
1707839418908 -0.3569 0
1707839422741 -0.4585 0
1707839426563 -0.3816 0
1707839430392 -0.4529 0
1707839435261 -0.4946 0
1707839439090 -0.4454 0
1707839442907 -0.4758 0
1707839448167 -0.5087 0
1707839451991 -0.4694 0
1707839455818 -0.3882 0
1707839460526 -0.5023 0
1707839464345 -0.3568 0
1707839468173 -0.4278 0
1707839472291 -0.4477 0
1707839476108 -0.3562 0
1707839480063 -0.4307 0
1707839485454 -0.4127 0
