1707647483485 0.003 0
1707647507043 0.003 1
1707647518255 0.00299 2
1707647529433 0.00299 3
1707647542536 0.00299 4
1707647553710 0.00299 5
1707647567319 0.00298 6
1707647581114 0.00298 7
1707647592494 0.00298 8
1707647605629 0.00298 9
1707647622186 0.00297 10
1707647637087 0.00297 11
1707647652108 0.00297 12
1707647663283 0.00296 13
1707647674454 0.00296 14
1707647689394 0.00296 15
1707647704423 0.00296 16
1707647715724 0.00295 17
1707647730656 0.00295 18
1707647745807 0.00295 19
1707647760862 0.00295 20
1707647772080 0.00294 21
1707647783348 0.00294 22
1707647798471 0.00294 23
1707647809623 0.00294 24
1707647820788 0.00293 25
1707647835950 0.00293 26
1707647850997 0.00293 27
1707647862188 0.00292 28
1707647873364 0.00292 29
1707647888537 0.00292 30
1707647899702 0.00292 31
1707647910882 0.00291 32
1707647922058 0.00291 33
1707647933355 0.00291 34
1707647948418 0.00291 35
1707647963511 0.0029 36
1707647978552 0.0029 37
1707647989727 0.0029 38
1707648004948 0.00289 39
1707648019995 0.00289 40
1707648035014 0.00289 41
1707648050054 0.00289 42
1707648061206 0.00288 43
1707648072482 0.00288 44
1707648083643 0.00288 45
1707648094817 0.00288 46
1707648105975 0.00287 47
1707648120966 0.00287 48
1707648135947 0.00287 49
1707648151146 0.00286 50
1707648166091 0.00286 51
1707648181045 0.00286 52
1707648196275 0.00286 53
1707648211371 0.00285 54
1707648226443 0.00285 55
1707648241409 0.00285 56
1707648256615 0.00285 57
1707648267885 0.00284 58
1707648279080 0.00284 59
1707648294201 0.00284 60
1707648309211 0.00283 61
1707648324331 0.00283 62
1707648339461 0.00283 63
1707648354428 0.00283 64
1707648369493 0.00282 65
1707648384562 0.00282 66
1707648399621 0.00282 67
1707648414619 0.00282 68
1707648425805 0.00281 69
1707648440846 0.00281 70
1707648455852 0.00281 71
1707648470896 0.0028 72
1707648482112 0.0028 73
1707648493304 0.0028 74
1707648504496 0.0028 75
1707648515691 0.00279 76
1707648530763 0.00279 77
1707648545863 0.00279 78
1707648560946 0.00279 79
1707648575966 0.00278 80
1707648591085 0.00278 81
1707648606083 0.00278 82
1707648621272 0.00277 83
1707648632420 0.00277 84
1707648647430 0.00277 85
1707648662358 0.00277 86
1707648677320 0.00276 87
1707648692393 0.00276 88
1707648703561 0.00276 89
1707648718562 0.00276 90
1707648733834 0.00275 91
1707648748918 0.00275 92
1707648764052 0.00275 93
1707648779094 0.00274 94
1707648794154 0.00274 95
1707648809213 0.00274 96
1707648824457 0.00274 97
1707648839380 0.00273 98
1707648854479 0.00273 99
1707648873580 0.00273 100
1707648888761 0.00273 101
1707648903960 0.00272 102
1707648918965 0.00272 103
1707648933965 0.00272 104
1707648949082 0.00271 105
1707648964193 0.00271 106
1707648979124 0.00271 107
1707648994053 0.00271 108
1707649009239 0.0027 109
1707649024460 0.0027 110
1707649035630 0.0027 111
1707649050715 0.0027 112
1707649061882 0.00269 113
1707649073066 0.00269 114
1707649088355 0.00269 115
1707649103462 0.00268 116
1707649118413 0.00268 117
1707649133431 0.00268 118
1707649148430 0.00268 119
1707649163519 0.00267 120
1707649178576 0.00267 121
1707649193666 0.00267 122
1707649204833 0.00267 123
1707649220028 0.00266 124
1707649235134 0.00266 125
1707649250157 0.00266 126
1707649265293 0.00265 127
1707649276467 0.00265 128
1707649291660 0.00265 129
1707649306719 0.00265 130
1707649321355 0.00264 131
1707649336416 0.00264 132
1707649351461 0.00264 133
1707649366486 0.00264 134
1707649381581 0.00263 135
1707649396685 0.00263 136
1707649407889 0.00263 137
1707649419187 0.00262 138
1707649430383 0.00262 139
1707649441578 0.00262 140
1707649456594 0.00262 141
1707649471602 0.00261 142
1707649486740 0.00261 143
1707649497941 0.00261 144
1707649509124 0.00261 145
1707649524344 0.0026 146
1707649539424 0.0026 147
1707649550601 0.0026 148
1707649561832 0.00259 149
1707649577061 0.00259 150
1707649592105 0.00259 151
1707649607158 0.00259 152
1707649618451 0.00258 153
1707649629640 0.00258 154
1707649640826 0.00258 155
1707649655933 0.00258 156
1707649667122 0.00257 157
1707649678326 0.00257 158
1707649689520 0.00257 159
1707649700851 0.00256 160
1707649716013 0.00256 161
1707649731098 0.00256 162
1707649742279 0.00256 163
1707649757299 0.00255 164
1707649772412 0.00255 165
1707649787002 0.00255 166
1707649802036 0.00255 167
1707649813207 0.00254 168
1707649828361 0.00254 169
1707649843493 0.00254 170
1707649858532 0.00253 171
1707649873627 0.00253 172
1707649884827 0.00253 173
1707649896032 0.00253 174
1707649911236 0.00252 175
1707649926275 0.00252 176
1707649941324 0.00252 177
1707649956285 0.00251 178
1707649971440 0.00251 179
1707649986583 0.00251 180
1707650001641 0.00251 181
1707650016693 0.0025 182
1707650031824 0.0025 183
1707650046868 0.0025 184
1707650058044 0.0025 185
1707650073123 0.00249 186
1707650088302 0.00249 187
1707650103499 0.00249 188
1707650118600 0.00248 189
1707650129778 0.00248 190
1707650140969 0.00248 191
1707650152283 0.00248 192
1707650163491 0.00247 193
1707650174689 0.00247 194
1707650185882 0.00247 195
1707650197088 0.00247 196
1707650208285 0.00246 197
1707650219493 0.00246 198
1707650234860 0.00246 199
1707650249870 0.00245 200
1707650261066 0.00245 201
1707650276117 0.00245 202
1707650291160 0.00245 203
1707650306452 0.00244 204
1707650317641 0.00244 205
1707650328793 0.00244 206
1707650339957 0.00243 207
1707650351112 0.00243 208
1707650366077 0.00243 209
1707650377221 0.00243 210
1707650388415 0.00242 211
1707650399591 0.00242 212
1707650410743 0.00242 213
1707650421911 0.00242 214
1707650433077 0.00241 215
1707650444385 0.00241 216
1707650458428 0.00241 217
1707650473726 0.0024 218
1707650488749 0.0024 219
1707650503887 0.0024 220
1707650518882 0.0024 221
1707650529995 0.00239 222
1707650541280 0.00239 223
1707650556302 0.00239 224
1707650571278 0.00239 225
1707650586271 0.00238 226
1707650597412 0.00238 227
1707650608692 0.00238 228
1707650620007 0.00237 229
1707650631179 0.00237 230
1707650646003 0.00237 231
1707650661044 0.00237 232
1707650676175 0.00236 233
1707650691228 0.00236 234
1707650706307 0.00236 235
1707650721259 0.00235 236
1707650732413 0.00235 237
1707650743705 0.00235 238
1707650758881 0.00235 239
1707650774005 0.00234 240
1707650789088 0.00234 241
1707650804178 0.00234 242
1707650819292 0.00234 243
1707650834623 0.00233 244
1707650849733 0.00233 245
1707650865162 0.00233 246
1707650876364 0.00232 247
1707650887535 0.00232 248
1707650898706 0.00232 249
1707650913680 0.00232 250
1707650928748 0.00231 251
1707650944072 0.00231 252
1707650955262 0.00231 253
1707650966464 0.0023 254
1707650981529 0.0023 255
1707650996588 0.0023 256
1707651011804 0.0023 257
1707651026768 0.00229 258
1707651041767 0.00229 259
1707651056882 0.00229 260
1707651071990 0.00229 261
1707651083195 0.00228 262
1707651094363 0.00228 263
1707651105526 0.00228 264
1707651116712 0.00227 265
1707651127916 0.00227 266
1707651139091 0.00227 267
1707651150319 0.00227 268
1707651161631 0.00226 269
1707651173604 0.00226 270
1707651189631 0.00226 271
1707651201759 0.00225 272
1707651216819 0.00225 273
1707651231884 0.00225 274
1707651247020 0.00225 275
1707651262068 0.00224 276
1707651277125 0.00224 277
1707651292173 0.00224 278
1707651307261 0.00223 279
1707651322259 0.00223 280
1707651337308 0.00223 281
1707651348470 0.00223 282
1707651359641 0.00222 283
1707651370818 0.00222 284
1707651382040 0.00222 285
1707651393221 0.00222 286
1707651404409 0.00221 287
1707651415602 0.00221 288
1707651426784 0.00221 289
1707651437972 0.0022 290
1707651449172 0.0022 291
1707651463511 0.0022 292
1707651477204 0.0022 293
1707651490991 0.00219 294
1707651505060 0.00219 295
1707651516252 0.00219 296
1707651529424 0.00218 297
1707651545969 0.00218 298
1707651557282 0.00218 299
1707651572392 0.00218 300
1707651583584 0.00217 301
1707651594779 0.00217 302
1707651605978 0.00217 303
1707651618657 0.00217 304
1707651630032 0.00216 305
1707651643768 0.00216 306
1707651654991 0.00216 307
1707651666178 0.00215 308
1707651677444 0.00215 309
1707651689219 0.00215 310
1707651701754 0.00215 311
1707651715970 0.00214 312
1707651727610 0.00214 313
1707651738808 0.00214 314
1707651751352 0.00213 315
1707651762539 0.00213 316
1707651775730 0.00213 317
1707651789736 0.00213 318
1707651806112 0.00212 319
1707651821236 0.00212 320
1707651836303 0.00212 321
1707651851325 0.00211 322
1707651862502 0.00211 323
1707651877517 0.00211 324
1707651888728 0.00211 325
1707651903814 0.0021 326
1707651914994 0.0021 327
1707651930006 0.0021 328
1707651945201 0.00209 329
1707651960168 0.00209 330
1707651975301 0.00209 331
1707651990322 0.00209 332
1707652001505 0.00208 333
1707652012690 0.00208 334
1707652023944 0.00208 335
1707652035133 0.00208 336
1707652046330 0.00207 337
1707652057530 0.00207 338
1707652069165 0.00207 339
1707652081079 0.00206 340
1707652092970 0.00206 341
1707652104761 0.00206 342
1707652117048 0.00206 343
1707652130180 0.00205 344
1707652142583 0.00205 345
1707652155504 0.00205 346
1707652167936 0.00204 347
1707652182068 0.00204 348
1707652194782 0.00204 349
1707652210076 0.00204 350
1707652221309 0.00203 351
1707652232520 0.00203 352
1707652246056 0.00203 353
1707652257450 0.00202 354
1707652271563 0.00202 355
1707652284381 0.00202 356
1707652295678 0.00202 357
1707652306894 0.00201 358
1707652320286 0.00201 359
1707652335265 0.00201 360
1707652348393 0.002 361
1707652362796 0.002 362
1707652377171 0.002 363
1707652388509 0.002 364
1707652400248 0.00199 365
1707652411460 0.00199 366
1707652424966 0.00199 367
1707652438586 0.00199 368
1707652449798 0.00198 369
1707652461624 0.00198 370
1707652474325 0.00198 371
1707652489539 0.00197 372
1707652500763 0.00197 373
1707652512920 0.00197 374
1707652527963 0.00197 375
1707652543152 0.00196 376
1707652558270 0.00196 377
1707652569469 0.00196 378
1707652580684 0.00195 379
1707652595727 0.00195 380
1707652610785 0.00195 381
1707652622112 0.00195 382
1707652637185 0.00194 383
1707652652245 0.00194 384
1707652663440 0.00194 385
1707652678516 0.00193 386
1707652693788 0.00193 387
1707652704989 0.00193 388
1707652719987 0.00193 389
1707652735043 0.00192 390
1707652750208 0.00192 391
1707652761409 0.00192 392
1707652772626 0.00191 393
1707652788187 0.00191 394
1707652803477 0.00191 395
1707652818450 0.00191 396
1707652833637 0.0019 397
1707652844833 0.0019 398
1707652856018 0.0019 399
1707652871100 0.00189 400
1707652882305 0.00189 401
1707652893629 0.00189 402
1707652904847 0.00189 403
1707652916063 0.00188 404
1707652927267 0.00188 405
1707652938475 0.00188 406
1707652949680 0.00187 407
1707652960885 0.00187 408
1707652974520 0.00187 409
1707652985791 0.00187 410
1707653000945 0.00186 411
1707653012115 0.00186 412
1707653027132 0.00186 413
1707653042155 0.00185 414
1707653053362 0.00185 415
1707653064541 0.00185 416
1707653075721 0.00185 417
1707653090810 0.00184 418
1707653101992 0.00184 419
1707653113169 0.00184 420
1707653126045 0.00183 421
1707653139460 0.00183 422
1707653150733 0.00183 423
1707653168477 0.00183 424
1707653183448 0.00182 425
1707653198497 0.00182 426
1707653209707 0.00182 427
1707653220892 0.00181 428
1707653232070 0.00181 429
1707653244352 0.00181 430
1707653258227 0.00181 431
1707653271401 0.0018 432
1707653286292 0.0018 433
1707653302373 0.0018 434
1707653313568 0.00179 435
1707653325564 0.00179 436
1707653338521 0.00179 437
1707653352318 0.00179 438
1707653364479 0.00178 439
1707653378247 0.00178 440
1707653395393 0.00178 441
1707653410469 0.00177 442
1707653425425 0.00177 443
1707653440384 0.00177 444
1707653455446 0.00177 445
1707653466648 0.00176 446
1707653477816 0.00176 447
1707653488985 0.00176 448
1707653500168 0.00175 449
1707653515219 0.00175 450
1707653526394 0.00175 451
1707653537554 0.00175 452
1707653548805 0.00174 453
1707653559997 0.00174 454
1707653571246 0.00174 455
1707653582452 0.00173 456
1707653598245 0.00173 457
1707653609451 0.00173 458
1707653621107 0.00173 459
1707653634113 0.00172 460
1707653647077 0.00172 461
1707653658287 0.00172 462
1707653673844 0.00171 463
1707653687810 0.00171 464
1707653702490 0.00171 465
1707653714437 0.00171 466
1707653728696 0.0017 467
1707653742955 0.0017 468
1707653755123 0.0017 469
1707653768971 0.00169 470
1707653780575 0.00169 471
1707653792746 0.00169 472
1707653805793 0.00169 473
1707653819642 0.00168 474
1707653834496 0.00168 475
1707653847756 0.00168 476
1707653859584 0.00167 477
1707653870774 0.00167 478
1707653887084 0.00167 479
1707653902196 0.00167 480
1707653917055 0.00166 481
1707653932039 0.00166 482
1707653947159 0.00166 483
1707653962288 0.00165 484
1707653973474 0.00165 485
1707653988697 0.00165 486
1707653999885 0.00165 487
1707654011085 0.00164 488
1707654022269 0.00164 489
1707654033471 0.00164 490
1707654044668 0.00163 491
1707654061400 0.00163 492
1707654076485 0.00163 493
1707654091418 0.00163 494
1707654102613 0.00162 495
1707654113810 0.00162 496
1707654125118 0.00162 497
1707654136321 0.00161 498
1707654147526 0.00161 499
1707654162665 0.00161 500
1707654173853 0.0016 501
1707654185040 0.0016 502
1707654197426 0.0016 503
1707654209474 0.0016 504
1707654221301 0.00159 505
1707654234545 0.00159 506
1707654248263 0.00159 507
1707654259461 0.00158 508
1707654272273 0.00158 509
1707654283478 0.00158 510
1707654295667 0.00158 511
1707654308638 0.00157 512
1707654320915 0.00157 513
1707654333405 0.00157 514
1707654347159 0.00156 515
1707654360257 0.00156 516
1707654375312 0.00156 517
1707654388303 0.00156 518
1707654401539 0.00155 519
1707654413665 0.00155 520
1707654425774 0.00155 521
1707654439671 0.00154 522
1707654451415 0.00154 523
1707654463243 0.00154 524
1707654476607 0.00154 525
1707654491799 0.00153 526
1707654503322 0.00153 527
1707654514993 0.00153 528
1707654526638 0.00152 529
1707654538816 0.00152 530
1707654550005 0.00152 531
1707654564253 0.00151 532
1707654580685 0.00151 533
1707654591940 0.00151 534
1707654603138 0.00151 535
1707654614332 0.0015 536
1707654626821 0.0015 537
1707654638733 0.0015 538
1707654652687 0.00149 539
1707654665928 0.00149 540
1707654677961 0.00149 541
1707654690595 0.00149 542
1707654702716 0.00148 543
1707654716479 0.00148 544
1707654727778 0.00148 545
1707654741418 0.00147 546
1707654753135 0.00147 547
1707654773842 0.00147 548
1707654785033 0.00147 549
1707654800767 0.00146 550
1707654815890 0.00146 551
1707654830952 0.00146 552
1707654846215 0.00145 553
1707654857403 0.00145 554
1707654872496 0.00145 555
1707654887555 0.00144 556
1707654902673 0.00144 557
1707654913901 0.00144 558
1707654925129 0.00144 559
1707654936314 0.00143 560
1707654947510 0.00143 561
1707654958707 0.00143 562
1707654969903 0.00142 563
1707654985057 0.00142 564
1707654996252 0.00142 565
1707655011285 0.00142 566
1707655026393 0.00141 567
1707655041335 0.00141 568
1707655056609 0.00141 569
1707655067784 0.0014 570
1707655078990 0.0014 571
1707655090187 0.0014 572
1707655101402 0.00139 573
1707655112613 0.00139 574
1707655124362 0.00139 575
1707655136862 0.00139 576
1707655150358 0.00138 577
1707655161581 0.00138 578
1707655172777 0.00138 579
1707655185461 0.00137 580
1707655196680 0.00137 581
1707655212102 0.00137 582
1707655226587 0.00137 583
1707655239394 0.00136 584
1707655250986 0.00136 585
1707655262873 0.00136 586
1707655276194 0.00135 587
1707655290014 0.00135 588
1707655302475 0.00135 589
1707655314742 0.00134 590
1707655327730 0.00134 591
1707655340222 0.00134 592
1707655358049 0.00134 593
1707655369256 0.00133 594
1707655380484 0.00133 595
1707655391679 0.00133 596
1707655406474 0.00132 597
1707655418961 0.00132 598
1707655430852 0.00132 599
1707655447134 0.00132 600
1707655458352 0.00131 601
1707655469561 0.00131 602
1707655480940 0.00131 603
1707655495271 0.0013 604
1707655508633 0.0013 605
1707655521266 0.0013 606
1707655538935 0.00129 607
1707655550137 0.00129 608
1707655563424 0.00129 609
1707655576743 0.00129 610
1707655592435 0.00128 611
1707655603627 0.00128 612
1707655618769 0.00128 613
1707655633973 0.00127 614
1707655645161 0.00127 615
1707655660393 0.00127 616
1707655671607 0.00126 617
1707655682825 0.00126 618
1707655694018 0.00126 619
1707655705217 0.00126 620
1707655716422 0.00125 621
1707655728209 0.00125 622
1707655739987 0.00125 623
1707655752537 0.00124 624
1707655766280 0.00124 625
1707655780788 0.00124 626
1707655792182 0.00123 627
1707655806266 0.00123 628
1707655819865 0.00123 629
1707655834273 0.00123 630
1707655847608 0.00122 631
1707655858828 0.00122 632
1707655870027 0.00122 633
1707655883584 0.00121 634
1707655895209 0.00121 635
1707655906406 0.00121 636
1707655918221 0.00121 637
1707655930979 0.0012 638
1707655945653 0.0012 639
1707655959638 0.0012 640
1707655973100 0.00119 641
1707655986032 0.00119 642
1707656000321 0.00119 643
1707656015465 0.00118 644
1707656026814 0.00118 645
1707656041816 0.00118 646
1707656056911 0.00118 647
1707656068122 0.00117 648
1707656079324 0.00117 649
1707656094617 0.00117 650
1707656105823 0.00116 651
1707656120814 0.00116 652
1707656132030 0.00116 653
1707656143232 0.00115 654
1707656154436 0.00115 655
1707656165640 0.00115 656
1707656177261 0.00115 657
1707656189770 0.00114 658
1707656202378 0.00114 659
1707656214642 0.00114 660
1707656226305 0.00113 661
1707656238966 0.00113 662
1707656250936 0.00113 663
1707656262265 0.00112 664
1707656274226 0.00112 665
1707656286430 0.00112 666
1707656299716 0.00112 667
1707656312076 0.00111 668
1707656324695 0.00111 669
1707656338487 0.00111 670
1707656352756 0.0011 671
1707656366740 0.0011 672
1707656379612 0.0011 673
1707656393406 0.00109 674
1707656406997 0.00109 675
1707656418226 0.00109 676
1707656429571 0.00108 677
1707656441522 0.00108 678
1707656453147 0.00108 679
1707656467296 0.00108 680
1707656478943 0.00107 681
1707656492138 0.00107 682
1707656505675 0.00107 683
1707656517958 0.00106 684
1707656531456 0.00106 685
1707656543642 0.00106 686
1707656557324 0.00105 687
1707656568558 0.00105 688
1707656580073 0.00105 689
1707656591992 0.00105 690
1707656603735 0.00104 691
1707656616899 0.00104 692
1707656628856 0.00104 693
1707656641174 0.00103 694
1707656653652 0.00103 695
1707656664878 0.00103 696
1707656676974 0.00102 697
1707656689976 0.00102 698
1707656701827 0.00102 699
1707656719768 0.00102 700
1707656730996 0.00101 701
1707656742202 0.00101 702
1707656753366 0.00101 703
1707656764594 0.001 704
1707656776601 0.001 705
1707656790421 0.001 706
1707656802977 0.00099 707
1707656817344 0.00099 708
1707656829618 0.00099 709
1707656840965 0.00098 710
1707656853012 0.00098 711
1707656864805 0.00098 712
1707656876146 0.00098 713
1707656889033 0.00097 714
1707656900259 0.00097 715
1707656915262 0.00097 716
1707656928357 0.00096 717
1707656940596 0.00096 718
1707656952011 0.00096 719
1707656964394 0.00095 720
1707656975968 0.00095 721
1707656987704 0.00095 722
1707657000976 0.00094 723
1707657013806 0.00094 724
1707657026262 0.00094 725
1707657041735 0.00094 726
1707657057113 0.00093 727
1707657068331 0.00093 728
1707657079534 0.00093 729
1707657094608 0.00092 730
1707657105805 0.00092 731
1707657117020 0.00092 732
1707657128365 0.00091 733
1707657140402 0.00091 734
1707657151712 0.00091 735
1707657164406 0.0009 736
1707657176171 0.0009 737
1707657187382 0.0009 738
1707657201444 0.0009 739
1707657214153 0.00089 740
1707657225520 0.00089 741
1707657238217 0.00089 742
1707657249470 0.00088 743
1707657260707 0.00088 744
1707657273959 0.00088 745
1707657291743 0.00087 746
1707657306955 0.00087 747
1707657321976 0.00087 748
1707657333193 0.00086 749
1707657348347 0.00086 750
1707657359561 0.00086 751
1707657370908 0.00086 752
1707657382130 0.00085 753
1707657393927 0.00085 754
1707657406256 0.00085 755
1707657419281 0.00084 756
1707657434104 0.00084 757
1707657446327 0.00084 758
1707657460558 0.00083 759
1707657472554 0.00083 760
1707657486674 0.00083 761
1707657499963 0.00082 762
1707657514283 0.00082 763
1707657526446 0.00082 764
1707657538742 0.00081 765
1707657549964 0.00081 766
1707657561688 0.00081 767
1707657574132 0.00081 768
1707657587375 0.0008 769
1707657598609 0.0008 770
1707657609842 0.0008 771
1707657624121 0.00079 772
1707657635335 0.00079 773
1707657646703 0.00079 774
1707657659986 0.00078 775
1707657672231 0.00078 776
1707657684163 0.00078 777
1707657698060 0.00077 778
1707657711411 0.00077 779
1707657723672 0.00077 780
1707657734887 0.00076 781
1707657746208 0.00076 782
1707657759905 0.00076 783
1707657771767 0.00076 784
1707657787458 0.00075 785
1707657799352 0.00075 786
1707657813494 0.00075 787
1707657826655 0.00074 788
1707657840091 0.00074 789
1707657852049 0.00074 790
1707657866779 0.00073 791
1707657878284 0.00073 792
1707657890897 0.00073 793
1707657902315 0.00072 794
1707657914842 0.00072 795
1707657928121 0.00072 796
1707657939430 0.00071 797
1707657951706 0.00071 798
1707657963464 0.00071 799
1707657978589 0.0007 800
1707657989829 0.0007 801
1707658005162 0.0007 802
1707658016397 0.0007 803
1707658031566 0.00069 804
1707658042820 0.00069 805
1707658054034 0.00069 806
1707658065262 0.00068 807
1707658076481 0.00068 808
1707658087843 0.00068 809
1707658099071 0.00067 810
1707658114394 0.00067 811
1707658125617 0.00067 812
1707658137886 0.00066 813
1707658150336 0.00066 814
1707658162813 0.00066 815
1707658177436 0.00065 816
1707658188899 0.00065 817
1707658200286 0.00065 818
1707658213950 0.00064 819
1707658225553 0.00064 820
1707658236839 0.00064 821
1707658249547 0.00063 822
1707658261523 0.00063 823
1707658274034 0.00063 824
1707658288290 0.00062 825
1707658300740 0.00062 826
1707658314669 0.00062 827
1707658326462 0.00062 828
1707658339000 0.00061 829
1707658351392 0.00061 830
1707658366174 0.00061 831
1707658380799 0.0006 832
1707658394386 0.0006 833
1707658405657 0.0006 834
1707658418805 0.00059 835
1707658431286 0.00059 836
1707658442478 0.00059 837
1707658453869 0.00058 838
1707658468175 0.00058 839
1707658479505 0.00058 840
1707658491838 0.00057 841
1707658504008 0.00057 842
1707658515667 0.00057 843
1707658529152 0.00056 844
1707658543765 0.00056 845
1707658557293 0.00056 846
1707658569610 0.00055 847
1707658582253 0.00055 848
1707658593894 0.00055 849
1707658613329 0.00054 850
1707658624520 0.00054 851
1707658635714 0.00054 852
1707658646906 0.00053 853
1707658658305 0.00053 854
1707658669579 0.00053 855
1707658681923 0.00052 856
1707658694219 0.00052 857
1707658708560 0.00052 858
1707658723678 0.00051 859
1707658736670 0.00051 860
1707658748941 0.00051 861
1707658762663 0.0005 862
1707658774452 0.0005 863
1707658788345 0.0005 864
1707658806534 0.00049 865
1707658817733 0.00049 866
1707658828923 0.00049 867
1707658841225 0.00048 868
1707658852418 0.00048 869
1707658865988 0.00048 870
1707658879922 0.00047 871
1707658893066 0.00047 872
1707658908748 0.00047 873
1707658919943 0.00047 874
1707658931499 0.00046 875
1707658945324 0.00046 876
1707658957865 0.00046 877
1707658972328 0.00045 878
1707658988321 0.00045 879
1707659003438 0.00045 880
1707659018671 0.00044 881
1707659033725 0.00044 882
1707659044902 0.00043 883
1707659056088 0.00043 884
1707659071151 0.00043 885
1707659086318 0.00042 886
1707659101353 0.00042 887
1707659116345 0.00042 888
1707659127545 0.00041 889
1707659138719 0.00041 890
1707659149917 0.00041 891
1707659161149 0.0004 892
1707659172403 0.0004 893
1707659183698 0.0004 894
1707659197489 0.00039 895
1707659208804 0.00039 896
1707659222446 0.00039 897
1707659237338 0.00038 898
1707659250791 0.00038 899
1707659266267 0.00038 900
1707659277482 0.00037 901
1707659288675 0.00037 902
1707659299886 0.00037 903
1707659311091 0.00036 904
1707659322716 0.00036 905
1707659335428 0.00036 906
1707659348225 0.00035 907
1707659361688 0.00035 908
1707659374093 0.00035 909
1707659388359 0.00034 910
1707659401929 0.00034 911
1707659416204 0.00034 912
1707659428878 0.00033 913
1707659442328 0.00033 914
1707659454555 0.00033 915
1707659465909 0.00032 916
1707659477839 0.00032 917
1707659493011 0.00032 918
1707659504731 0.00031 919
1707659517173 0.00031 920
1707659530728 0.00031 921
1707659543054 0.0003 922
1707659555209 0.0003 923
1707659568615 0.0003 924
1707659579810 0.00029 925
1707659591021 0.00029 926
1707659602222 0.00028 927
1707659613426 0.00028 928
1707659626260 0.00028 929
1707659639368 0.00027 930
1707659653828 0.00027 931
1707659668414 0.00027 932
1707659679620 0.00026 933
1707659693879 0.00026 934
1707659705978 0.00026 935
1707659718765 0.00025 936
1707659731039 0.00025 937
1707659745864 0.00025 938
1707659758549 0.00024 939
1707659770958 0.00024 940
1707659783657 0.00023 941
1707659797007 0.00023 942
1707659809929 0.00023 943
1707659823646 0.00022 944
1707659835455 0.00022 945
1707659847161 0.00022 946
1707659860082 0.00021 947
1707659874720 0.00021 948
1707659888132 0.00021 949
1707659905116 0.0002 950
1707659916309 0.0002 951
1707659927504 0.0002 952
1707659941198 0.00019 953
1707659952983 0.00019 954
1707659964240 0.00018 955
1707659978756 0.00018 956
1707659991899 0.00018 957
1707660005607 0.00017 958
1707660016803 0.00017 959
1707660029303 0.00017 960
1707660042133 0.00016 961
1707660054988 0.00016 962
1707660067924 0.00015 963
1707660080346 0.00015 964
1707660094771 0.00015 965
1707660105976 0.00014 966
1707660119396 0.00014 967
1707660130613 0.00014 968
1707660142421 0.00013 969
1707660154401 0.00013 970
1707660168069 0.00012 971
1707660179752 0.00012 972
1707660191823 0.00012 973
1707660207077 0.00011 974
1707660219336 0.00011 975
1707660231119 0.0001 976
1707660244052 0.0001 977
1707660256029 0.0001 978
1707660268130 9e-05 979
1707660283319 9e-05 980
1707660297419 8e-05 981
1707660309329 8e-05 982
1707660322665 8e-05 983
1707660337972 7e-05 984
1707660349334 7e-05 985
1707660363212 6e-05 986
1707660374417 6e-05 987
1707660386079 6e-05 988
1707660399078 5e-05 989
1707660411784 5e-05 990
1707660423218 4e-05 991
1707660437607 4e-05 992
1707660449383 3e-05 993
1707660460588 3e-05 994
1707660471982 3e-05 995
1707660484512 2e-05 996
1707660497911 2e-05 997
1707660510245 1e-05 998
1707660523240 1e-05 999
