1717661148347 33.21 0
1717661165906 11.73 0
1717661188707 11.97 0
1717661211968 11.97 0
1717661234998 12.04 0
1717661258910 12.66 0
1717661282637 12.09 0
1717661301471 12.17 0
1717661320103 11.94 0
1717661339855 12.42 0
1717661363737 12.04 0
1717661387616 12.11 0
1717661411015 12.31 0
1717661430167 12.12 0
1717661449016 12.18 0
1717661468190 12.17 0
1717661491759 12.12 0
1717661510871 12.07 0
1717661529616 12.15 0
1717661548958 12.34 0
1717661572449 12.37 0
1717661590962 12.02 0
1717661609651 12.27 0
1717661629019 12.39 0
1717661647550 12.04 0
1717661670143 12.1 0
1717661688862 12.17 0
1717661708395 12.21 0
1717661732036 12.95 0
1717661754658 12.43 0
1717661773703 12.18 0
1717661792551 12.34 0
1717661815199 11.93 0
1717661835299 13.64 0
1717661854174 12.42 0
1717661877310 12.11 0
1717661900031 12.26 0
1717661922939 12.15 0
1717661946153 12.22 0
1717661968878 12.06 0
1717661992062 12.3 0
1717662010863 12.13 0
1717662029997 12.3 0
1717662048630 12.19 0
1717662068342 13.08 0
1717662087025 12.24 0
1717662106058 12.41 0
1717662124729 12.16 0
1717662143268 12.04 0
1717662162740 12.45 0
1717662182803 12.26 0
1717662205907 12.2 0
1717662224443 12.07 0
1717662243377 12.45 0
1717662262046 12.29 0
1717662280983 12.35 0
1717662300248 12.46 0
1717662318806 11.96 0
1717662337802 12.32 0
1717662360577 12.03 0
1717662383465 12.1 0
1717662402210 12.18 0
1717662424937 12.16 0
1717662443790 12.31 0
1717662467054 12.27 0
1717662490307 12.49 0
1717662509490 12.27 0
1717662528269 12.13 0
1717662547149 12.45 0
1717662565904 12.14 0
1717662584662 12.26 0
1717662603985 12.29 0
1717662623850 12.25 0
1717662642969 12.56 0
1717662665920 12.19 0
1717662681446 12.32 0
1717662704127 12.28 0
1717662723218 12.45 0
1717662746161 12.29 0
1717662765490 12.34 0
1717662784777 12.8 0
1717662803938 12.27 0
1717662819440 12.61 0
1717662833851 12.15 0
1717662848712 12.47 0
1717662864020 12.57 0
1717662878743 12.29 0
1717662893936 12.23 0
1717662908468 12.22 0
1717662927672 12.32 0
1717662947239 12.55 0
1717662966245 12.18 0
1717662985036 12.26 0
1717662999492 12.17 0
1717663023378 12.26 0
1717663041815 12.02 0
1717663061477 12.63 0
1717663084850 12.43 0
1717663104292 12.05 0
1717663119221 12.55 0
1717663142286 12.1 0
1717663160947 12.36 0
1717663175512 12.28 0
1717663194386 12.24 0
1717663209345 12.21 0
1717663224088 12.37 0
1717663239148 12.3 0
1717663257912 12.18 0
1717663272635 12.41 0
1717663295433 12.27 0
1717663314044 11.97 0
1717663332849 12.24 0
1717663351712 12.03 0
1717663371092 12.34 0
1717663390402 12.18 0
1717663409341 12.55 0
1717663427802 11.87 0
1717663442481 12.24 0
1717663457092 12.16 0
1717663472602 12.6 0
1717663487347 12.41 0
1717663501772 12.11 0
1717663517027 12.26 0
1717663531573 12.19 0
1717663550723 12.28 0
1717663569719 12.28 0
1717663592876 12.26 0
1717663608097 12.48 0
1717663626940 12.23 0
1717663646123 12.32 0
1717663665009 12.25 0
1717663684442 12.3 0
1717663699319 12.43 0
1717663714121 12.39 0
1717663728720 12.08 0
1717663748606 12.65 0
1717663767352 12.17 0
1717663786681 12.43 0
1717663809869 12.34 0
1717663828994 12.07 0
1717663843619 12.18 0
1717663858555 12.23 0
1717663878571 12.44 0
1717663897652 12.37 0
1717663920873 12.4 0
1717663939906 12.2 0
1717663963607 12.3 0
1717663978071 12.1 0
1717663993039 12.15 0
1717664008215 12.28 0
1717664031640 12.13 0
1717664050737 12.5 0
1717664074422 11.95 0
1717664097361 12.11 0
1717664112379 12.2 0
1717664131618 12.19 0
1717664150975 12.25 0
1717664170152 12.06 0
1717664184929 12.35 0
1717664204018 12.29 0
1717664218726 12.3 0
1717664233650 12.47 0
1717664248410 12.3 0
1717664263808 12.62 0
1717664280087 12.34 0
1717664294586 12.19 0
1717664309331 12.41 0
1717664328453 12.03 0
1717664343349 12.56 0
1717664358512 12.14 0
1717664373232 12.36 0
1717664388121 12.09 0
1717664402773 12.19 0
1717664417385 12.21 0
1717664432001 12.12 0
1717664446603 12.24 0
1717664466068 12.24 0
1717664480577 12.15 0
1717664495665 12.57 0
1717664514860 12.29 0
1717664533846 12.11 0
1717664553087 12.23 0
1717664567532 12.06 0
1717664581935 12.04 0
1717664596852 12.51 0
1717664611551 12.35 0
1717664626408 12.37 0
1717664641025 12.26 0
1717664655879 12.45 0
1717664670544 12.19 0
1717664685078 12.14 0
1717664700513 12.26 0
1717664715026 12.09 0
1717664730182 12.35 0
1717664744664 12.01 0
1717664760281 13.15 0
1717664774889 12.23 0
1717664789811 12.05 0
1717664808829 12.04 0
1717664828084 12.36 0
1717664852251 12.25 0
1717664867134 12.45 0
1717664881839 12.23 0
1717664896697 12.44 0
1717664911362 12.26 0
1717664926293 12.4 0
1717664945627 12.3 0
1717664965536 12.87 0
1717664984020 12.13 0
1717665003464 12.51 0
1717665022231 12.17 0
1717665037123 12.56 0
1717665051774 12.16 0
1717665066395 12.36 0
1717665081604 12.32 0
1717665096530 12.14 0
1717665111330 12.49 0
1717665130065 12.13 0
1717665144842 12.21 0
1717665167768 12.44 0
1717665182221 12.22 0
1717665201363 12.31 0
1717665215804 12.16 0
1717665233952 12.35 0
1717665249477 12.64 0
1717665268510 12.41 0
1717665287338 12.18 0
1717665310669 12.19 0
1717665329977 12.0 0
1717665349781 12.67 0
1717665368629 12.29 0
1717665383400 12.44 0
1717665397859 12.19 0
1717665412534 12.34 0
1717665431570 12.28 0
1717665451342 12.38 0
1717665470374 12.38 0
1717665485544 12.64 0
1717665500027 12.11 0
1717665518638 12.13 0
1717665533558 12.25 0
1717665548610 12.34 0
1717665563124 12.2 0
1717665578014 12.06 0
1717665592611 12.26 0
1717665607269 12.34 0
1717665622225 12.66 0
1717665636908 12.23 0
1717665651661 12.5 0
1717665666105 12.11 0
1717665684983 11.97 0
1717665700056 12.27 0
1717665715075 12.34 0
1717665729545 12.13 0
1717665748330 12.42 0
1717665762609 12.02 0
1717665778631 12.48 0
1717665793094 12.14 0
1717665807660 12.21 0
1717665822826 12.1 0
1717665837329 12.21 0
1717665852505 12.31 0
1717665867111 12.22 0
1717665881906 12.48 0
1717665896527 12.31 0
1717665911248 12.39 0
1717665925772 12.24 0
1717665940177 12.11 0
1717665959871 12.23 0
1717665974375 12.18 0
1717665989136 12.34 0
1717666003632 12.21 0
1717666018245 12.35 0
1717666032829 12.28 0
1717666047302 12.21 0
1717666062385 12.45 0
1717666076897 12.17 0
1717666091396 12.22 0
1717666106239 12.25 0
1717666120837 12.3 0
1717666135563 12.35 0
1717666150729 12.44 0
1717666169652 12.21 0
1717666184535 12.18 0
1717666199592 12.28 0
1717666214701 12.37 0
1717666234072 12.22 0
1717666252822 12.33 0
1717666267603 12.03 0
1717666282094 12.12 0
1717666301938 12.6 0
1717666316395 12.08 0
1717666331296 12.51 0
1717666346141 12.22 0
1717666361569 12.7 0
1717666380211 12.07 0
1717666394841 12.29 0
1717666409515 12.33 0
1717666424592 12.31 0
1717666439817 12.3 0
1717666462910 12.37 0
1717666477398 12.15 0
1717666496357 12.08 0
1717666515493 12.14 0
1717666530199 12.3 0
1717666545241 12.31 0
1717666560045 12.4 0
1717666574763 12.43 0
1717666589464 12.19 0
1717666604350 12.56 0
1717666618902 12.09 0
1717666633529 12.28 0
1717666648241 12.3 0
1717666663079 12.5 0
1717666678160 12.23 0
1717666696986 12.25 0
1717666715960 12.28 0
1717666730364 12.07 0
1717666749523 11.99 0
1717666768503 12.23 0
1717666787876 12.29 0
1717666806890 12.4 0
1717666825468 11.93 0
1717666840000 12.2 0
1717666855125 12.24 0
1717666869823 12.34 0
1717666884727 12.54 0
1717666899130 12.08 0
1717666914652 12.44 0
1717666929115 12.13 0
1717666943782 12.27 0
1717666958883 12.3 0
1717666973515 12.28 0
1717666988264 12.42 0
1717667002811 12.24 0
1717667017732 12.15 0
1717667032681 12.17 0
1717667052343 12.32 0
1717667071197 12.13 0
1717667090361 12.06 0
1717667105204 12.19 0
1717667119862 12.25 0
1717667134666 12.47 0
1717667149770 12.36 0
1717667164708 12.54 0
1717667179376 12.18 0
1717667194333 12.56 0
1717667208856 12.01 0
1717667223960 12.66 0
1717667238823 12.39 0
1717667258533 12.31 0
1717667273789 12.24 0
1717667288764 12.22 0
1717667303228 12.14 0
1717667322048 12.05 0
1717667337223 12.31 0
1717667352146 12.45 0
1717667367049 12.5 0
1717667381930 12.44 0
1717667397090 12.02 0
1717667412417 12.42 0
1717667427256 12.37 0
1717667441847 12.2 0
1717667456833 12.29 0
1717667471695 12.41 0
1717667486420 12.3 0
1717667501094 12.24 0
1717667516694 12.13 0
1717667531335 12.28 0
1717667546255 12.53 0
1717667561122 12.47 0
1717667575968 12.39 0
1717667590636 12.12 0
1717667605150 12.13 0
1717667620231 12.11 0
1717667635157 12.1 0
1717667649902 12.31 0
1717667664619 12.25 0
1717667679622 12.23 0
1717667694205 12.18 0
1717667708729 12.13 0
1717667727818 12.3 0
1717667747558 12.37 0
1717667766674 12.37 0
1717667781587 12.5 0
1717667796362 12.23 0
1717667811106 12.36 0
1717667826334 12.21 0
1717667841006 12.21 0
1717667856530 12.69 0
1717667875759 12.32 0
1717667890704 12.54 0
1717667905480 12.19 0
1717667924738 12.44 0
1717667939402 12.14 0
1717667954487 12.61 0
1717667969999 12.01 0
1717667984636 12.18 0
1717668000301 12.41 0
1717668015205 12.28 0
1717668033871 12.21 0
1717668048547 12.07 0
1717668063743 12.32 0
1717668078497 12.11 0
1717668094036 12.59 0
1717668108769 12.32 0
1717668123782 12.53 0
1717668138658 12.38 0
1717668153227 12.06 0
1717668167970 12.24 0
1717668183023 12.6 0
1717668197883 12.24 0
1717668212777 12.17 0
1717668227355 12.34 0
1717668241920 12.29 0
1717668256778 12.46 0
1717668271380 12.27 0
1717668286111 12.41 0
1717668300650 12.19 0
1717668315483 12.19 0
1717668331396 12.07 0
1717668346106 12.44 0
1717668360918 12.55 0
1717668375523 12.3 0
1717668390200 12.32 0
1717668404680 12.07 0
1717668419644 12.19 0
1717668434897 12.01 0
1717668449594 12.32 0
1717668464785 12.38 0
1717668479491 12.28 0
1717668494120 12.27 0
1717668508583 12.17 0
1717668523504 12.31 0
1717668537923 12.12 0
1717668552547 12.16 0
1717668567100 12.3 0
1717668581930 12.04 0
1717668596556 12.3 0
1717668610977 12.15 0
1717668626109 12.33 0
1717668640654 12.28 0
1717668655587 12.57 0
1717668670113 12.25 0
1717668684808 12.27 0
1717668699450 12.39 0
1717668714294 12.13 0
1717668729351 12.34 0
1717668743780 12.22 0
1717668758818 12.5 0
1717668778293 12.39 0
1717668792745 12.12 0
1717668807089 12.05 0
1717668821596 12.25 0
1717668836337 11.98 0
1717668850719 12.1 0
1717668865083 12.12 0
1717668879669 12.33 0
1717668894444 12.51 0
1717668909090 12.33 0
1717668923565 12.22 0
1717668938468 12.19 0
1717668952755 12.0 0
1717668967976 12.51 0
1717668982707 12.19 0
1717668997345 12.28 0
1717669012228 12.48 0
1717669026555 12.05 0
1717669041069 12.24 0
1717669055387 12.07 0
1717669069943 12.29 0
1717669089136 12.22 0
1717669103652 12.23 0
1717669118153 12.25 0
1717669132943 12.21 0
1717669147567 12.33 0
1717669161814 11.98 0
1717669176379 12.33 0
1717669190802 12.17 0
1717669205970 12.43 0
1717669224874 12.04 0
1717669239440 12.3 0
1717669254689 12.36 0
1717669269176 12.02 0
1717669283883 12.36 0
1717669298338 12.15 0
1717669313128 12.53 0
1717669327930 12.1 0
1717669342472 12.25 0
1717669357268 12.45 0
1717669371671 12.09 0
1717669386694 12.43 0
1717669405156 12.22 0
1717669424390 12.22 0
1717669443655 12.43 0
1717669462768 12.27 0
1717669477355 12.28 0
1717669493351 13.07 0
1717669507681 12.04 0
1717669522211 12.24 0
1717669541059 12.06 0
1717669555816 12.35 0
1717669570851 12.31 0
1717669585409 12.29 0
1717669599784 12.05 0
1717669614563 12.5 0
1717669628977 12.12 0
1717669643686 12.39 0
1717669657955 11.98 0
1717669673187 12.79 0
1717669688329 12.8 0
1717669702858 12.16 0
1717669718146 12.4 0
1717669732743 12.2 0
1717669747687 12.62 0
1717669762399 12.36 0
1717669777431 12.64 0
1717669792158 12.38 0
1717669806716 12.17 0
1717669826281 12.26 0
1717669840857 12.17 0
1717669855709 12.26 0
1717669870342 12.29 0
1717669885038 12.31 0
1717669899632 11.98 0
1717669914256 12.22 0
1717669929713 12.21 0
1717669944428 11.89 0
1717669959104 12.33 0
1717669973658 12.25 0
1717669988497 12.55 0
1717670002764 11.97 0
1717670017572 12.46 0
1717670033195 12.39 0
1717670047717 12.21 0
1717670062902 12.34 0
1717670077502 12.32 0
1717670092068 12.19 0
1717670107066 12.39 0
1717670121350 11.94 0
1717670136160 12.22 0
1717670150897 12.37 0
1717670165705 12.46 0
1717670180508 12.35 0
1717670195007 12.21 0
1717670209914 12.22 0
1717670224566 12.33 0
1717670239726 12.68 0
1717670254523 12.46 0
1717670269372 12.41 0
1717670289397 12.08 0
1717670304581 12.23 0
1717670319201 12.18 0
1717670333743 12.27 0
1717670348672 12.58 0
1717670363292 12.18 0
1717670377642 12.05 0
1717670393126 12.31 0
1717670407549 12.15 0
1717670422531 12.56 0
1717670437416 12.06 0
1717670451864 12.13 0
1717670466751 12.07 0
1717670481370 12.32 0
1717670496073 12.24 0
1717670510598 12.2 0
1717670525195 12.09 0
1717670539645 12.12 0
1717670554870 12.16 0
1717670570409 12.24 0
1717670584887 12.16 0
1717670599409 12.2 0
1717670613985 12.29 0
1717670628589 12.29 0
1717670642996 12.09 0
1717670658042 12.4 0
1717670673930 12.23 0
1717670688562 12.09 0
1717670703395 12.19 0
1717670718082 12.28 0
1717670732791 12.37 0
1717670747306 12.19 0
1717670762565 12.32 0
1717670778009 12.34 0
1717670793144 12.76 0
1717670808099 12.59 0
1717670822515 12.05 0
1717670837087 12.23 0
1717670851685 12.15 0
1717670866196 12.17 0
1717670881084 12.54 0
1717670896136 12.66 0
1717670911434 12.65 0
1717670926526 12.25 0
1717670941319 12.47 0
1717670956407 12.72 0
1717670971050 12.19 0
1717670985657 12.26 0
1717671000634 12.0 0
1717671015159 12.19 0
1717671033835 12.09 0
1717671048520 12.29 0
1717671062930 12.13 0
1717671077722 12.31 0
1717671092413 12.3 0
1717671107053 12.28 0
1717671121706 12.27 0
1717671136353 12.17 0
1717671151542 12.16 0
1717671166851 12.46 0
1717671181617 12.32 0
1717671196399 12.33 0
1717671211862 13.01 0
1717671227072 12.23 0
1717671241713 12.16 0
1717671256582 12.46 0
1717671271227 12.25 0
1717671286863 12.56 0
1717671301481 12.23 0
1717671316500 12.55 0
1717671332333 12.34 0
1717671346918 12.18 0
1717671361944 12.54 0
1717671376443 12.16 0
1717671391075 12.27 0
1717671406366 12.21 0
1717671420990 12.22 0
1717671436049 12.63 0
1717671450584 12.21 0
1717671465568 12.65 0
1717671480434 12.36 0
1717671494794 12.01 0
1717671509674 12.47 0
1717671524386 12.41 0
1717671539007 12.29 0
1717671553590 12.22 0
1717671568558 12.56 0
1717671583650 12.11 0
1717671598070 12.1 0
1717671612870 12.42 0
1717671627648 12.42 0
1717671642686 12.24 0
1717671657093 12.05 0
1717671672214 12.7 0
1717671687231 12.16 0
1717671701863 12.34 0
1717671716595 12.4 0
1717671731201 12.23 0
1717671746250 12.39 0
1717671761119 12.51 0
1717671780438 12.44 0
1717671795166 12.17 0
1717671809958 12.42 0
1717671824476 12.19 0
1717671839121 12.28 0
1717671854121 12.37 0
1717671868869 12.38 0
1717671883921 12.29 0
1717671899167 12.29 0
1717671913920 12.26 0
1717671928526 12.22 0
1717671943252 12.36 0
1717671958349 12.4 0
1717671972784 12.12 0
1717671987777 12.32 0
1717672003044 12.94 0
1717672017517 12.11 0
1717672032136 12.24 0
1717672046682 12.17 0
1717672061745 12.73 0
1717672076921 12.26 0
1717672091524 12.18 0
1717672106096 12.11 0
1717672121191 12.31 0
1717672135865 12.29 0
1717672150581 12.33 0
1717672165307 12.29 0
1717672180718 12.51 0
1717672195357 12.22 0
1717672210328 12.59 0
1717672224903 12.1 0
1717672240221 12.25 0
1717672255795 12.26 0
1717672270374 12.19 0
1717672285138 12.36 0
1717672299913 12.24 0
1717672314740 12.43 0
1717672329497 12.35 0
1717672344333 12.47 0
1717672359983 12.16 0
1717672374702 12.31 0
1717672389537 12.4 0
1717672404211 12.3 0
1717672419260 12.67 0
1717672433908 12.32 0
1717672448693 12.42 0
1717672463870 11.99 0
1717672478829 12.09 0
1717672493931 12.75 0
1717672508311 11.98 0
1717672527208 12.32 0
1717672541874 12.29 0
1717672556754 12.26 0
1717672571687 12.15 0
1717672586145 11.98 0
1717672601800 12.33 0
1717672616447 12.16 0
1717672631561 12.61 0
1717672645886 11.97 0
1717672660452 12.18 0
1717672675510 12.3 0
1717672690280 12.16 0
1717672705285 12.22 0
1717672720590 12.3 0
1717672735640 12.57 0
1717672750189 12.13 0
1717672764857 12.22 0
1717672779653 12.13 0
1717672794552 12.43 0
1717672809340 12.28 0
1717672823758 12.03 0
1717672839214 12.15 0
1717672854206 12.26 0
1717672868821 12.21 0
1717672883634 12.36 0
1717672897959 11.93 0
1717672912689 12.2 0
1717672927429 12.31 0
1717672941894 12.1 0
1717672957638 12.32 0
1717672972059 12.08 0
1717672986934 12.36 0
1717673001430 12.1 0
1717673016167 12.31 0
1717673032028 12.37 0
1717673046825 12.38 0
1717673061501 12.28 0
1717673076557 11.96 0
1717673091096 12.18 0
1717673105895 12.42 0
1717673120456 12.18 0
1717673135513 12.7 0
1717673150018 12.1 0
1717673164705 12.25 0
1717673179688 12.33 0
1717673195194 12.39 0
1717673209926 12.29 0
1717673224558 12.2 0
1717673239332 12.38 0
1717673254145 12.03 0
1717673273581 12.57 0
1717673288245 12.29 0
1717673302919 12.3 0
1717673317979 12.18 0
1717673332569 12.13 0
1717673347416 12.39 0
1717673362136 12.36 0
1717673376941 12.37 0
1717673391692 12.29 0
1717673410976 12.53 0
1717673425984 12.64 0
1717673440644 12.31 0
1717673455745 12.55 0
1717673470511 12.26 0
1717673485306 12.32 0
1717673500112 12.35 0
1717673514954 12.46 0
1717673529602 12.21 0
1717673544843 12.27 0
1717673559911 12.64 0
1717673578462 12.15 0
1717673597774 12.41 0
1717673612366 12.15 0
1717673627013 12.23 0
1717673641798 12.05 0
1717673656944 12.29 0
1717673671575 12.24 0
1717673686245 12.23 0
1717673701003 12.26 0
1717673715836 12.41 0
1717673731021 12.16 0
1717673745765 12.25 0
1717673760540 12.32 0
1717673775630 12.26 0
1717673790675 12.45 0
1717673805352 12.28 0
1717673819959 12.17 0
1717673834963 12.21 0
1717673849606 12.18 0
1717673864356 12.24 0
1717673879262 12.37 0
1717673894504 12.27 0
1717673909118 12.22 0
1717673923730 12.11 0
1717673938723 12.17 0
1717673953308 12.2 0
1717673967871 12.19 0
1717673982588 12.3 0
1717673997405 12.32 0
1717674012690 12.33 0
1717674031983 12.61 0
1717674046423 12.03 0
1717674060899 12.05 0
1717674075879 12.06 0
1717674090642 12.34 0
1717674105517 12.34 0
1717674120466 12.13 0
1717674135134 12.23 0
1717674149782 12.12 0
1717674164597 12.31 0
1717674179843 12.07 0
1717674194317 12.04 0
1717674208923 12.14 0
1717674223461 12.13 0
1717674238662 12.29 0
1717674253113 12.03 0
1717674267643 12.11 0
1717674282471 12.3 0
1717674297110 12.23 0
1717674311834 12.25 0
1717674327082 12.42 0
1717674346430 12.35 0
1717674361332 12.32 0
1717674375774 12.15 0
1717674390370 12.29 0
1717674404759 12.13 0
1717674419324 12.31 0
1717674433790 12.22 0
1717674448309 12.2 0
1717674462902 12.11 0
1717674477723 12.11 0
1717674492456 12.4 0
1717674506840 11.94 0
1717674521240 12.09 0
1717674536578 12.19 0
1717674551315 12.43 0
1717674566082 12.37 0
1717674580498 12.15 0
1717674595408 12.18 0
1717674610059 12.32 0
1717674624857 12.53 0
1717674640053 12.08 0
1717674654453 12.11 0
1717674669237 12.38 0
1717674683991 12.42 0
1717674698654 12.29 0
1717674714436 12.7 0
1717674729438 12.23 0
1717674744116 12.35 0
1717674758629 12.07 0
1717674777458 12.28 0
1717674792320 12.09 0
1717674806760 12.17 0
1717674821537 12.51 0
1717674836108 12.29 0
1717674851175 12.29 0
1717674865774 12.33 0
1717674880170 12.12 0
1717674894657 12.21 0
1717674909179 12.22 0
1717674924188 12.18 0
1717674939004 12.16 0
1717674953424 12.12 0
1717674968414 12.7 0
1717674983433 12.26 0
1717674998486 12.8 0
1717675013049 12.24 0
1717675027600 12.19 0
1717675042508 12.67 0
1717675057143 12.33 0
1717675071758 12.34 0
1717675086530 12.47 0
1717675101505 12.73 0
1717675116071 12.32 0
1717675130553 12.14 0
1717675145292 12.4 0
1717675159890 12.31 0
1717675174397 12.2 0
1717675189633 12.7 0
1717675204009 12.12 0
1717675218696 12.14 0
1717675233815 12.34 0
1717675248480 12.42 0
1717675263324 12.55 0
1717675277790 12.18 0
1717675292391 12.29 0
1717675307119 12.07 0
1717675321688 12.28 0
1717675336371 12.39 0
1717675351608 12.54 0
1717675366085 12.19 0
1717675381168 12.42 0
1717675395698 12.22 0
1717675410202 12.24 0
1717675424480 12.02 0
1717675438832 12.08 0
1717675453475 12.3 0
1717675468178 12.05 0
1717675488216 12.29 0
1717675502830 12.32 0
1717675522156 12.15 0
1717675536876 12.45 0
1717675551352 12.2 0
1717675566509 12.28 0
1717675581182 12.3 0
1717675596753 12.22 0
1717675611504 12.36 0
1717675626118 12.31 0
1717675640695 12.26 0
1717675655201 12.21 0
1717675669980 12.13 0
1717675684634 12.33 0
1717675699192 12.29 0
1717675713778 12.29 0
1717675728994 12.35 0
1717675743644 12.2 0
1717675758799 12.15 0
1717675773368 12.25 0
1717675787959 12.16 0
1717675802707 12.42 0
1717675817682 12.51 0
1717675832155 12.14 0
1717675847288 12.85 0
1717675862357 12.15 0
1717675877219 12.24 0
1717675891935 12.31 0
1717675906697 12.47 0
1717675921540 12.59 0
1717675936128 12.24 0
1717675950628 12.18 0
1717675965155 12.28 0
1717675980769 12.19 0
1717675995363 12.37 0
1717676009841 12.21 0
1717676024380 12.29 0
1717676039148 12.37 0
1717676053619 12.16 0
1717676068112 12.25 0
1717676082625 12.17 0
1717676097583 12.68 0
1717676111995 12.14 0
1717676126536 12.3 0
1717676141065 12.21 0
1717676155464 12.1 0
1717676170738 12.71 0
1717676185218 12.15 0
1717676200008 12.4 0
1717676214366 12.1 0
1717676229902 12.23 0
1717676244885 12.35 0
1717676263353 12.09 0
1717676277899 12.17 0
1717676292495 12.32 0
1717676307094 12.26 0
1717676321876 12.43 0
1717676336488 12.31 0
1717676360321 12.18 0
1717676379643 12.23 0
1717676394216 12.29 0
1717676409403 12.24 0
1717676424013 12.3 0
1717676438840 12.42 0
1717676453403 12.22 0
1717676468460 12.35 0
1717676483190 12.43 0
1717676497693 12.23 0
1717676512964 12.52 0
1717676527838 12.31 0
1717676542800 12.63 0
1717676557467 12.22 0
1717676572058 12.18 0
1717676587879 12.67 0
1717676602189 11.99 0
1717676617030 12.51 0
1717676631940 12.19 0
1717676646943 12.5 0
1717676661976 12.67 0
1717676676681 12.3 0
1717676691233 12.25 0
1717676706109 12.12 0
1717676721139 12.22 0
1717676736182 12.36 0
1717676750833 12.3 0
1717676765784 12.63 0
1717676780234 12.12 0
1717676794995 12.42 0
1717676809881 12.5 0
1717676824418 12.21 0
1717676839707 12.23 0
1717676854711 12.25 0
1717676869454 12.31 0
1717676883995 12.29 0
1717676898688 12.32 0
1717676913157 12.17 0
1717676927928 12.44 0
1717676942808 12.24 0
1717676958585 12.47 0
1717676973202 12.29 0
1717676987800 12.25 0
1717677002431 12.28 0
