1717661148324 0.0064279583337038745 0
1717661165872 0.1208540878294847 1
1717661188687 0.29261335456636123 2
1717661211946 0.35503176982379453 3
1717661234978 0.49774384097820307 4
1717661258668 0.6156347599399509 5
1717661282609 0.5729023459673526 6
1717661301448 0.44286567676440286 7
1717661320082 0.5231909145390344 8
1717661339832 0.5929601285473801 9
1717661363710 0.7252059425204628 10
1717661387582 0.7401552434914164 11
1717661410980 0.7141433064498853 12
1717661430131 0.7191566972663624 13
1717661448995 0.7094180940816788 14
1717661468156 0.8168695636219034 15
1717661491732 0.7520377798558605 16
1717661510851 0.7791097105414182 17
1717661529592 0.7768756818011072 18
1717661548932 0.8089643819406841 19
1717661572429 0.7889613820345757 20
1717661590943 0.6935495520222622 21
1717661609629 0.7826884776705748 22
1717661628974 0.786476757340408 23
1717661647527 0.8138528097377652 24
1717661670123 0.8001544776035564 25
1717661688840 0.7887734384251548 26
1717661708373 0.8406377559904546 27
1717661732008 0.8332982303910391 28
1717661754637 0.8264010411588304 29
1717661773653 0.8240884365420427 30
1717661792529 0.832858579196075 31
1717661815178 0.7658209307164663 32
1717661835276 0.7784196417019059 33
1717661854107 0.8345301619222655 34
1717661877279 0.8505865930245923 35
1717661900010 0.8568334299200734 36
1717661922891 0.8577027084481547 37
1717661946127 0.8681876429266072 38
1717661968855 0.8686432867783709 39
1717661992037 0.8623010842023304 40
1717662010824 0.8717798974762215 41
1717662029976 0.8375096540976713 42
1717662048608 0.8525090846526596 43
1717662068319 0.8546815368272416 44
1717662086992 0.8547815931469152 45
1717662106034 0.8528511829529495 46
1717662124708 0.8540351518270142 47
1717662143239 0.8770335060634964 48
1717662162720 0.8694747472044463 49
1717662182760 0.8848978248023299 50
1717662205885 0.872023558990386 51
1717662224411 0.8736615615522837 52
1717662243350 0.8560964570218088 53
1717662262021 0.8767081081649414 54
1717662280957 0.8830890955670401 55
1717662300203 0.8893366808357692 56
1717662318786 0.8791388166890504 57
1717662337766 0.892517342976754 58
1717662360553 0.8885243238074545 59
1717662383442 0.8855424850050867 60
1717662402188 0.8945208501090248 61
1717662424915 0.8836483351897236 62
1717662443768 0.8959014136297112 63
1717662467028 0.8942401737283371 64
1717662490280 0.887194060103688 65
1717662509456 0.8904158481437267 66
1717662528245 0.8882480882108855 67
1717662547126 0.8846235445434937 68
1717662565882 0.8877414433296829 69
1717662584640 0.8890095154814769 70
1717662603934 0.891998231502369 71
1717662623828 0.890010597285329 72
1717662642948 0.8945989473146749 73
1717662665894 0.8810668030852254 74
1717662681410 0.8949973881226579 75
1717662704106 0.8944110374855692 76
1717662723197 0.9040040299578317 77
1717662746126 0.8951822594390094 78
1717662765467 0.9006326092764504 79
1717662784757 0.9008361003944167 80
1717662803918 0.8828662679870765 81
1717662819419 0.8956283899461295 82
1717662833831 0.888847725356385 83
1717662848673 0.8899469829279792 84
1717662863997 0.8812546391695913 85
1717662878721 0.8935923636282853 86
1717662893915 0.8989588271496051 87
1717662908448 0.8935135878725357 88
1717662927650 0.89466274275058 89
1717662947164 0.9033668346331845 90
1717662966212 0.8955984553276028 91
1717662985015 0.8895361846623411 92
1717662999457 0.9012465425899857 93
1717663023360 0.8968483754201357 94
1717663041794 0.8984080428367843 95
1717663061454 0.9067797835470564 96
1717663084815 0.906907653249352 97
1717663104272 0.8958087723350744 98
1717663119167 0.8992913431547843 99
1717663142264 0.9051502646982493 100
1717663160926 0.894400915790604 101
1717663175491 0.9042127121810078 102
1717663194362 0.8775018577635084 103
1717663209302 0.9012597214316868 104
1717663224063 0.9053989420468326 105
1717663239126 0.9053312794085552 106
1717663257889 0.8898458026048411 107
1717663272614 0.9119040974666177 108
1717663295411 0.8994613484570041 109
1717663314023 0.9080011665196767 110
1717663332814 0.9085506276354477 111
1717663351691 0.9074734732568795 112
1717663371070 0.9039850236509422 113
1717663390370 0.9027076230318468 114
1717663409311 0.9067189659228051 115
1717663427774 0.9021577875817268 116
1717663442458 0.9010181452672933 117
1717663457070 0.8997040364879951 118
1717663472580 0.8858916576243715 119
1717663487323 0.9002549455107286 120
1717663501750 0.8971510057722297 121
1717663517004 0.9120290307633554 122
1717663531551 0.9141978837934727 123
1717663550689 0.9055046448881378 124
1717663569692 0.9143889908346136 125
1717663592855 0.9030425454724393 126
1717663608059 0.9096085645716654 127
1717663626916 0.9080743960018468 128
1717663646098 0.9059447736382095 129
1717663664987 0.907498749023813 130
1717663684414 0.893378412122714 131
1717663699297 0.9045686760074596 132
1717663714090 0.9097264401764539 133
1717663728679 0.9117113637500873 134
1717663748584 0.9054921914305171 135
1717663767329 0.9116896746722135 136
1717663786646 0.9166767288583321 137
1717663809847 0.9085566980661838 138
1717663828972 0.9062471700925036 139
1717663843594 0.9062149980456274 140
1717663858534 0.9103942511602092 141
1717663878546 0.9100364274483161 142
1717663897630 0.909847834527191 143
1717663920846 0.9138187913235974 144
1717663939885 0.9142884176227754 145
1717663963585 0.9025943986723867 146
1717663978050 0.9071465895978784 147
1717663993017 0.9125255357523055 148
1717664008188 0.9168835697055681 149
1717664031617 0.9150370025075528 150
1717664050708 0.919309570193227 151
1717664074398 0.9187440324899669 152
1717664097341 0.9082060599112559 153
1717664112358 0.9184983509008084 154
1717664131594 0.9141276728546769 155
1717664150954 0.9217123383652347 156
1717664170129 0.9076518857823269 157
1717664184908 0.9187730213195736 158
1717664203982 0.9098295707006964 159
1717664218692 0.9051773914212736 160
1717664233627 0.9092359637547668 161
1717664248386 0.9054842634277365 162
1717664263776 0.9003935306341697 163
1717664280061 0.9050760937014338 164
1717664294563 0.9083059823084129 165
1717664309311 0.9225353986901101 166
1717664328432 0.9106479504568389 167
1717664343318 0.9217209425295959 168
1717664358488 0.9158354568472821 169
1717664373206 0.9168035549979963 170
1717664388081 0.910227341890843 171
1717664402746 0.9154337557695852 172
1717664417363 0.9117246118957771 173
1717664431979 0.9136862653867256 174
1717664446582 0.9187091306819789 175
1717664466047 0.9071578377410426 176
1717664480555 0.9136869190384805 177
1717664495633 0.9199373581589455 178
1717664514838 0.9164335881150759 179
1717664533825 0.918374636256936 180
1717664553059 0.9121241261547958 181
1717664567510 0.9033618619237146 182
1717664581913 0.9093608206869034 183
1717664596832 0.9065649928734212 184
1717664611530 0.9176068771551877 185
1717664626387 0.9143402212869279 186
1717664640995 0.9085058646786032 187
1717664655859 0.9216590092830973 188
1717664670523 0.911947743739996 189
1717664685057 0.9133310045106716 190
1717664700490 0.9125761479810109 191
1717664715003 0.9173345200006597 192
1717664730161 0.911216129049445 193
1717664744642 0.9193147274851459 194
1717664760261 0.9082033034550041 195
1717664774868 0.9178918365886911 196
1717664789789 0.9226541257252916 197
1717664808808 0.9214727614264863 198
1717664828061 0.9233558155222042 199
1717664852228 0.9052717452144607 200
1717664867113 0.9149891476378631 201
1717664881819 0.9114004393779448 202
1717664896672 0.9192343286838116 203
1717664911336 0.9199242304487916 204
1717664926268 0.9217915349643109 205
1717664945602 0.9222766974477438 206
1717664965514 0.9208309160736334 207
1717664983996 0.9174072737697312 208
1717665003441 0.9187858531948593 209
1717665022200 0.9159524006523347 210
1717665037083 0.9142084190310352 211
1717665051753 0.9158497915690865 212
1717665066374 0.9152726791182907 213
1717665081581 0.9189860478326644 214
1717665096510 0.9207296175736911 215
1717665111311 0.9233440539842924 216
1717665130041 0.91636206553328 217
1717665144821 0.9248812734409201 218
1717665167746 0.9182461904851729 219
1717665182201 0.9245232442335277 220
1717665201339 0.9179176594851874 221
1717665215777 0.9243832655665779 222
1717665233931 0.9173203503757946 223
1717665249445 0.9225131096556285 224
1717665268485 0.9208290720824586 225
1717665287315 0.9282247016094315 226
1717665310635 0.9235700305993065 227
1717665329957 0.9209441368886582 228
1717665349760 0.9225648037841983 229
1717665368608 0.9190651368052146 230
1717665383380 0.918576756563516 231
1717665397837 0.9232938639388321 232
1717665412508 0.9237773312755211 233
1717665431538 0.9212133853248986 234
1717665451319 0.9249669795403671 235
1717665470334 0.9212096200660804 236
1717665485520 0.9206020309291372 237
1717665500005 0.9267290125406662 238
1717665518617 0.9211356973863212 239
1717665533535 0.9210712076673819 240
1717665548587 0.8807620117619183 241
1717665563103 0.9186550439447871 242
1717665577978 0.9118338319841258 243
1717665592589 0.9108941635031026 244
1717665607248 0.921811197314767 245
1717665622185 0.9071154511046718 246
1717665636889 0.9129356764068723 247
1717665651639 0.9206090386143148 248
1717665666084 0.9219183752228236 249
1717665684961 0.915653897252234 250
1717665700034 0.9165354236247474 251
1717665715054 0.9163991628595038 252
1717665729520 0.92793158081356 253
1717665748309 0.9188688219661576 254
1717665762589 0.9211308446673212 255
1717665778606 0.9250656007232045 256
1717665793072 0.9238713134593576 257
1717665807639 0.9148818987153234 258
1717665822804 0.9244648618142649 259
1717665837296 0.9202665541043116 260
1717665852484 0.9175903338489638 261
1717665867083 0.9183894181567259 262
1717665881884 0.9087443769722738 263
1717665896506 0.9159420721718071 264
1717665911227 0.9230876055748075 265
1717665925752 0.9253788676857752 266
1717665940155 0.9300146877166924 267
1717665959842 0.923003207922957 268
1717665974340 0.9225716200089185 269
1717665989116 0.9168841141906957 270
1717666003612 0.9272209402889541 271
1717666018223 0.9265847353434515 272
1717666032809 0.9238561893154791 273
1717666047278 0.9139206735990119 274
1717666062364 0.9164413409711566 275
1717666076876 0.9183535478315195 276
1717666091376 0.9280012156705807 277
1717666106214 0.92660407555266 278
1717666120805 0.9200964334159623 279
1717666135527 0.9247861634578362 280
1717666150704 0.9235013382211252 281
1717666169627 0.9119706820477154 282
1717666184515 0.923765739043123 283
1717666199566 0.9241230457006505 284
1717666214680 0.9271087649148457 285
1717666234035 0.9285757737130341 286
1717666252783 0.9201891233419341 287
1717666267582 0.9247659482734759 288
1717666282046 0.9242414639348938 289
1717666301916 0.9182673316800698 290
1717666316356 0.9206718124648369 291
1717666331276 0.9278174055471237 292
1717666346120 0.9234325553318152 293
1717666361546 0.9244557705964155 294
1717666380189 0.9212292230637962 295
1717666394821 0.917998148402284 296
1717666409494 0.9217113246621009 297
1717666424571 0.9238901758899631 298
1717666439793 0.9281618315575696 299
1717666462884 0.921253275889674 300
1717666477374 0.9263550216358253 301
1717666496319 0.9283115135493353 302
1717666515470 0.9194161920779207 303
1717666530171 0.9215808891908944 304
1717666545218 0.9208067436530795 305
1717666560025 0.9221465842915348 306
1717666574741 0.9246956436015953 307
1717666589440 0.9249148602040552 308
1717666604328 0.922586098246124 309
1717666618881 0.9250034199442302 310
1717666633507 0.9195562462688461 311
1717666648213 0.9236617200906748 312
1717666663056 0.9273578185639094 313
1717666678139 0.9264042110753224 314
1717666696937 0.9240973156292372 315
1717666715939 0.9217936153174137 316
1717666730338 0.9265531931369732 317
1717666749503 0.9321657841051016 318
1717666768428 0.9270185821005867 319
1717666787855 0.9316539057860117 320
1717666806862 0.9287086148910572 321
1717666825446 0.9231866319761025 322
1717666839979 0.9245610309876674 323
1717666855101 0.9219441714026412 324
1717666869800 0.9277467222876603 325
1717666884704 0.9295108681239029 326
1717666899105 0.9226692184318813 327
1717666914632 0.924431582382914 328
1717666929093 0.9235707957384719 329
1717666943759 0.9226866302353919 330
1717666958864 0.9228882315535284 331
1717666973496 0.9252275018893193 332
1717666988243 0.9303934580446273 333
1717667002788 0.9285880964368846 334
1717667017710 0.9271115053004951 335
1717667032661 0.9291850579224482 336
1717667052315 0.9281984786936417 337
1717667071171 0.9279071277813832 338
1717667090339 0.9248575065167038 339
1717667105184 0.9242358768969957 340
1717667119841 0.9218208246126015 341
1717667134645 0.9192797611537541 342
1717667149746 0.9274603186485185 343
1717667164677 0.9279695256044774 344
1717667179340 0.9278478824963284 345
1717667194307 0.9214900075192011 346
1717667208834 0.9262018756599177 347
1717667223940 0.9171011236478042 348
1717667238802 0.9298516085403934 349
1717667258498 0.9215885469195509 350
1717667273768 0.9220921259080868 351
1717667288743 0.9260832914114084 352
1717667303207 0.9331482306027029 353
1717667322027 0.9272323298956291 354
1717667337197 0.9337101911664488 355
1717667352118 0.926455901956745 356
1717667367027 0.9249860889035144 357
1717667381906 0.9281920852498168 358
1717667397066 0.921990104362774 359
1717667412396 0.9262566465216681 360
1717667427235 0.9272585749291803 361
1717667441827 0.9153817599777806 362
1717667456812 0.9234655424097831 363
1717667471673 0.9285794304040929 364
1717667486397 0.922619794501485 365
1717667501062 0.9213150223222762 366
1717667516672 0.9234720818591243 367
1717667531315 0.9297365620130816 368
1717667546234 0.9304793474275028 369
1717667561103 0.9294455015362605 370
1717667575943 0.9250647365272617 371
1717667590615 0.9230011357742699 372
1717667605120 0.9234174367915644 373
1717667620209 0.9300649706643448 374
1717667635134 0.925680155945671 375
1717667649879 0.9233548575097896 376
1717667664598 0.922822105067425 377
1717667679599 0.9318273365274501 378
1717667694183 0.9272120762620858 379
1717667708692 0.93070504263687 380
1717667727796 0.9321793954058272 381
1717667747537 0.927127870532399 382
1717667766650 0.9228524917420486 383
1717667781555 0.9269506903120597 384
1717667796343 0.9289328148276293 385
1717667811087 0.9249875266802206 386
1717667826312 0.9291307386176201 387
1717667840984 0.9269034388303489 388
1717667856503 0.9303210902474777 389
1717667875739 0.9269658955498304 390
1717667890660 0.924521791526599 391
1717667905459 0.9309265020149771 392
1717667924704 0.9241319114185954 393
1717667939368 0.9244888640157893 394
1717667954468 0.9268212313308773 395
1717667969977 0.9220910264151495 396
1717667984615 0.9244854499995085 397
1717668000280 0.9236076075805881 398
1717668015186 0.9254739292915205 399
1717668033849 0.9215892584083889 400
1717668048521 0.9248117134443197 401
1717668063701 0.9230433125884479 402
1717668078472 0.9228301893946776 403
1717668094014 0.9221089650241447 404
1717668108747 0.9320121370664768 405
1717668123760 0.9234896869890411 406
1717668138634 0.9220053497286066 407
1717668153206 0.9243402247716578 408
1717668167946 0.9241718937079327 409
1717668183002 0.9257893723325498 410
1717668197859 0.9164917049369392 411
1717668212757 0.9187602246199355 412
1717668227335 0.9158520008028752 413
1717668241895 0.9247355988576524 414
1717668256752 0.9267291829215347 415
1717668271351 0.923809974309994 416
1717668286090 0.9222061566406543 417
1717668300615 0.9328182400781572 418
1717668315456 0.9250224614535165 419
1717668331373 0.926363355835294 420
1717668346085 0.9250391086471753 421
1717668360899 0.9244248689593025 422
1717668375500 0.9275582808765419 423
1717668390165 0.9283233381387449 424
1717668404658 0.927694322016268 425
1717668419621 0.9224132371636152 426
1717668434874 0.9184298430846196 427
1717668449571 0.9241197915369327 428
1717668464761 0.9241422487295264 429
1717668479462 0.9242631666238648 430
1717668494097 0.9292758206116097 431
1717668508559 0.924140891509086 432
1717668523481 0.9260083714062658 433
1717668537887 0.9311364038880668 434
1717668552527 0.9198197970207026 435
1717668567082 0.9256274676509074 436
1717668581901 0.9244897911897612 437
1717668596536 0.9266857611163709 438
1717668610955 0.9272296047783986 439
1717668626087 0.927168331764099 440
1717668640631 0.921249164912819 441
1717668655549 0.9296999854571258 442
1717668670081 0.9303458202196913 443
1717668684786 0.9246824492114181 444
1717668699428 0.9212877234122064 445
1717668714273 0.9242341014920278 446
1717668729329 0.9231587344320724 447
1717668743748 0.928522276023512 448
1717668758793 0.9247867117760515 449
1717668778270 0.9271806878970154 450
1717668792725 0.9212256420422388 451
1717668807053 0.9276725131035484 452
1717668821561 0.926308359276533 453
1717668836315 0.926916589139609 454
1717668850699 0.9283111044166588 455
1717668865059 0.9228455771609112 456
1717668879644 0.9267166402100063 457
1717668894423 0.9280079252373289 458
1717668909051 0.926526358994889 459
1717668923545 0.9191575521412494 460
1717668938446 0.9172934146328365 461
1717668952733 0.930526573303481 462
1717668967940 0.9230954921344571 463
1717668982684 0.9227638375424786 464
1717668997310 0.9270574903082447 465
1717669012207 0.9275428608338611 466
1717669026530 0.9261965370556586 467
1717669041045 0.9229331585853303 468
1717669055366 0.9263016460687492 469
1717669069923 0.934594137361768 470
1717669089109 0.9300224425490701 471
1717669103630 0.923076543469813 472
1717669118128 0.9336445361378978 473
1717669132912 0.928192921173396 474
1717669147545 0.9243897100253804 475
1717669161793 0.9299384296405617 476
1717669176357 0.9237286270695296 477
1717669190781 0.9290722716030103 478
1717669205936 0.9335383594755445 479
1717669224851 0.9259672914021714 480
1717669239416 0.928170589194976 481
1717669254651 0.9233094961177689 482
1717669269156 0.9287720486440421 483
1717669283850 0.920629920318435 484
1717669298319 0.9305630686418395 485
1717669313106 0.9202936659489551 486
1717669327909 0.9252462602836372 487
1717669342447 0.9301436384219602 488
1717669357246 0.9293974969925579 489
1717669371649 0.9318047210666011 490
1717669386670 0.9305663701122432 491
1717669405135 0.9305050867871181 492
1717669424368 0.931414914344899 493
1717669443621 0.9312607411220245 494
1717669462746 0.9228069545224266 495
1717669477333 0.9257435081674714 496
1717669493327 0.9235005940886509 497
1717669507656 0.9306269047540022 498
1717669522168 0.9296123792312759 499
1717669541035 0.9269066053358833 500
1717669555796 0.9222789217601419 501
1717669570830 0.9283889983162362 502
1717669585386 0.9307115699362671 503
1717669599763 0.9169508845483625 504
1717669614539 0.9257990769468619 505
1717669628956 0.9313018779101018 506
1717669643664 0.9277686582793127 507
1717669657932 0.9333621821080097 508
1717669673160 0.9266139815473412 509
1717669688308 0.9247913694793554 510
1717669702837 0.9303344757746078 511
1717669718110 0.9245161869255464 512
1717669732721 0.9285811443963085 513
1717669747664 0.9290231856753012 514
1717669762377 0.9279983366423298 515
1717669777405 0.9327545242953182 516
1717669792137 0.9312053999927632 517
1717669806693 0.9311661954597157 518
1717669826253 0.9258123889410257 519
1717669840825 0.9212024571141092 520
1717669855687 0.9316605622689215 521
1717669870319 0.9291438238084676 522
1717669885005 0.9273802220152981 523
1717669899607 0.9281380434623191 524
1717669914183 0.927779964792579 525
1717669929691 0.9258064199306174 526
1717669944401 0.9299203531488874 527
1717669959081 0.9276034861633401 528
1717669973635 0.9276757444102642 529
1717669988472 0.9247264018962463 530
1717670002742 0.9276343146833389 531
1717670017549 0.9224210302519076 532
1717670033174 0.9297653775226165 533
1717670047694 0.928767685399236 534
1717670062880 0.9273314556978622 535
1717670077472 0.9273718500076268 536
1717670092037 0.9217975543068652 537
1717670107041 0.9318189844096204 538
1717670121314 0.9240115210215265 539
1717670136137 0.9318268109787592 540
1717670150862 0.9245358334642023 541
1717670165673 0.9253282830097994 542
1717670180486 0.9250734393129987 543
1717670194974 0.9218492537758228 544
1717670209893 0.9318874006487174 545
1717670224531 0.9248550635635983 546
1717670239695 0.9222519726384792 547
1717670254472 0.9289086750704657 548
1717670269313 0.9277097592422439 549
1717670289370 0.9269080994660062 550
1717670304544 0.9258626907292408 551
1717670319179 0.9258272769004184 552
1717670333717 0.9333872965030041 553
1717670348650 0.927627188545021 554
1717670363261 0.9305348857645749 555
1717670377616 0.9238971970371018 556
1717670393101 0.9273638715052636 557
1717670407528 0.9224244588240523 558
1717670422511 0.9303608680966137 559
1717670437395 0.921084173841396 560
1717670451825 0.9272311105203781 561
1717670466729 0.9200606904162112 562
1717670481347 0.9249771977649411 563
1717670496049 0.9281790470732328 564
1717670510559 0.9257108634696657 565
1717670525173 0.9250993813368137 566
1717670539606 0.9315080333912397 567
1717670554822 0.926893495407129 568
1717670570388 0.9314309047405119 569
1717670584866 0.9302163453893787 570
1717670599388 0.9264597027922555 571
1717670613962 0.9245739099822207 572
1717670628567 0.9284993141986572 573
1717670642966 0.9269429440972772 574
1717670658010 0.9256134981704177 575
1717670673908 0.9204431300502133 576
1717670688540 0.9271166152188853 577
1717670703371 0.9224590124018525 578
1717670718061 0.925048051629596 579
1717670732769 0.9253193844393865 580
1717670747274 0.9291373641487938 581
1717670762540 0.9267655235296614 582
1717670777985 0.9270219637868102 583
1717670793122 0.9281585265585783 584
1717670808077 0.9287469580194004 585
1717670822491 0.9232474205489276 586
1717670837052 0.9325707431515112 587
1717670851664 0.9253721120270134 588
1717670866173 0.9301900643963951 589
1717670881060 0.9280281620298663 590
1717670896112 0.9338585754890044 591
1717670911410 0.9262451246358765 592
1717670926504 0.925534395995692 593
1717670941296 0.9284235290638717 594
1717670956385 0.9247560543039276 595
1717670971027 0.935688546461973 596
1717670985636 0.931298745532619 597
1717671000613 0.9252956096987307 598
1717671015132 0.92890516919693 599
1717671033813 0.9258635068729651 600
1717671048497 0.9304942777171519 601
1717671062910 0.9208121896608752 602
1717671077698 0.9270931144324477 603
1717671092389 0.9271964433878259 604
1717671107029 0.9240607193756892 605
1717671121671 0.9322906855395461 606
1717671136322 0.9270012165858863 607
1717671151522 0.9221225447074248 608
1717671166828 0.9308669407909814 609
1717671181595 0.9203412912717388 610
1717671196374 0.9338955047239467 611
1717671211839 0.9296444408100509 612
1717671227024 0.9253361345889352 613
1717671241690 0.9263454667937228 614
1717671256558 0.9266116633358474 615
1717671271193 0.9254385918815767 616
1717671286834 0.9288052032566664 617
1717671301462 0.9267519231476501 618
1717671316471 0.9271719789522472 619
1717671332293 0.9231520326960068 620
1717671346894 0.9285527092916755 621
1717671361922 0.9306019180012073 622
1717671376420 0.9217552211229992 623
1717671391044 0.9287613410352854 624
1717671406345 0.9238248062305295 625
1717671420959 0.9284892157719679 626
1717671436022 0.925538205555139 627
1717671450562 0.928951317457026 628
1717671465533 0.9227504476436259 629
1717671480412 0.9278825405795791 630
1717671494774 0.9267703224107731 631
1717671509651 0.920895094718552 632
1717671524365 0.9277523781198616 633
1717671538987 0.9233291667899272 634
1717671553569 0.9256499549788936 635
1717671568534 0.9287967007908157 636
1717671583628 0.9279271688204048 637
1717671598037 0.9290057337335774 638
1717671612848 0.9286777860183982 639
1717671627627 0.9267081511404455 640
1717671642666 0.9277398096096192 641
1717671657058 0.9223937310723351 642
1717671672193 0.9265812717682084 643
1717671687210 0.9230089177374765 644
1717671701839 0.9318708844636094 645
1717671716572 0.9298667839839657 646
1717671731176 0.9241746487293518 647
1717671746228 0.9245318901674487 648
1717671761097 0.9254629922608432 649
1717671780382 0.9298504874568535 650
1717671795144 0.9225629253522977 651
1717671809933 0.926001292381169 652
1717671824450 0.9274426729224271 653
1717671839099 0.9265179923614273 654
1717671854099 0.9247732837449093 655
1717671868846 0.9231996365802458 656
1717671883902 0.9267170442068021 657
1717671899134 0.926939079990643 658
1717671913889 0.921705854968376 659
1717671928503 0.9266807710224702 660
1717671943228 0.9301076706190864 661
1717671958319 0.9206515042397984 662
1717671972763 0.9242250317512881 663
1717671987754 0.9226175086061993 664
1717672003021 0.9246368409434248 665
1717672017493 0.9263378158050894 666
1717672032114 0.9277056539471248 667
1717672046659 0.9300588932566104 668
1717672061718 0.92868487546362 669
1717672076893 0.9287825163677472 670
1717672091501 0.9228624812157132 671
1717672106074 0.9310375400926959 672
1717672121168 0.9285893364706198 673
1717672135844 0.9288843995793448 674
1717672150550 0.924282132748737 675
1717672165286 0.9297362524972259 676
1717672180698 0.9300781701270066 677
1717672195335 0.92755496213034 678
1717672210292 0.9253097087563642 679
1717672224871 0.9264799180480453 680
1717672240199 0.9293122048147605 681
1717672255775 0.9246028775335019 682
1717672270352 0.9294596368191246 683
1717672285097 0.931665539987146 684
1717672299889 0.9304686682000236 685
1717672314708 0.9273244584812962 686
1717672329476 0.9213390289706868 687
1717672344310 0.92824928056385 688
1717672359960 0.9258325681644948 689
1717672374680 0.9318597646026149 690
1717672389515 0.9236841810314328 691
1717672404190 0.9245620413608263 692
1717672419238 0.9264650923485723 693
1717672433887 0.9300851127899575 694
1717672448664 0.9251271883048627 695
1717672463846 0.9210864947494658 696
1717672478808 0.9249646527193728 697
1717672493909 0.9236031145093134 698
1717672508290 0.9266752514105452 699
1717672527181 0.9322870189429446 700
1717672541848 0.9259745540782381 701
1717672556732 0.9274719341983589 702
1717672571665 0.9293384286169964 703
1717672586123 0.9251953046360333 704
1717672601778 0.9277294794810591 705
1717672616425 0.9260058847027589 706
1717672631537 0.9287560023874732 707
1717672645861 0.9254634696028995 708
1717672660431 0.9218653239183245 709
1717672675475 0.9315426147699886 710
1717672690259 0.9275414525538891 711
1717672705264 0.9266073698706722 712
1717672720563 0.9285870632693927 713
1717672735611 0.9282111187227576 714
1717672750151 0.9243967902679323 715
1717672764834 0.9244724502478797 716
1717672779614 0.9265315105301232 717
1717672794529 0.931470643873605 718
1717672809318 0.9280262833741669 719
1717672823737 0.9236088182908518 720
1717672839176 0.9279798155405145 721
1717672854172 0.9304662126435356 722
1717672868800 0.9319906633787106 723
1717672883613 0.9274073430580282 724
1717672897935 0.9328741659491847 725
1717672912669 0.9265669737479602 726
1717672927403 0.9295765495551613 727
1717672941870 0.9307370561657055 728
1717672957616 0.9235855893597247 729
1717672972037 0.9326631480762865 730
1717672986913 0.9232437806688657 731
1717673001404 0.928896279143946 732
1717673016147 0.9291893185014448 733
1717673032002 0.9270412040866955 734
1717673046797 0.929375936919234 735
1717673061479 0.9272540491162647 736
1717673076534 0.9247191186898528 737
1717673091076 0.9264582466358137 738
1717673105873 0.9250757004574478 739
1717673120436 0.933191381272024 740
1717673135487 0.9316695362971267 741
1717673149985 0.9279189956043923 742
1717673164684 0.9246022412338557 743
1717673179665 0.9256071415955086 744
1717673195173 0.923836590606064 745
1717673209900 0.9309630932900711 746
1717673224525 0.9277728647226006 747
1717673239310 0.9309181665402169 748
1717673254096 0.9275298035263018 749
1717673273559 0.929339387491312 750
1717673288223 0.9271673458968367 751
1717673302898 0.9306991660499223 752
1717673317957 0.9254024750819482 753
1717673332547 0.9288328484122168 754
1717673347394 0.9245531907572494 755
1717673362111 0.9295484411767548 756
1717673376919 0.9257110839248996 757
1717673391668 0.9347364413756593 758
1717673410954 0.9234445470271933 759
1717673425963 0.9266064804011052 760
1717673440621 0.9326845810058195 761
1717673455711 0.9316939257365052 762
1717673470474 0.9267883204255499 763
1717673485280 0.9277279479027419 764
1717673500090 0.9262910246585335 765
1717673514921 0.9286525079875957 766
1717673529570 0.9258928092984539 767
1717673544819 0.9322977099319024 768
1717673559886 0.9325522286712243 769
1717673578441 0.9331293448269457 770
1717673597751 0.9270221907207562 771
1717673612343 0.9225749210123887 772
1717673626977 0.9260461167568467 773
1717673641777 0.927416195455296 774
1717673656924 0.9312564733924859 775
1717673671554 0.9254280762329828 776
1717673686222 0.9237657744895816 777
1717673700978 0.9319999341060043 778
1717673715809 0.9249402941424766 779
1717673730997 0.9264157906614345 780
1717673745729 0.9350781002964746 781
1717673760518 0.9293685693645952 782
1717673775602 0.9282425656419081 783
1717673790652 0.9225350285009529 784
1717673805328 0.9259477492134464 785
1717673819931 0.9283532257961498 786
1717673834941 0.925395713344901 787
1717673849583 0.9292599263451754 788
1717673864333 0.9237904552701357 789
1717673879242 0.93149699747587 790
1717673894480 0.9296170124230256 791
1717673909084 0.927800540774664 792
1717673923694 0.921330319736807 793
1717673938700 0.9226478711467702 794
1717673953285 0.9312230467052628 795
1717673967846 0.9232079757100408 796
1717673982566 0.925127093630752 797
1717673997383 0.929530552394969 798
1717674012658 0.9313457636690464 799
1717674031958 0.9308024932553653 800
1717674046403 0.9274988862771624 801
1717674060875 0.9263538332834266 802
1717674075860 0.9294722171807431 803
1717674090618 0.9230401360542718 804
1717674105493 0.9271155211928738 805
1717674120447 0.9297419462853678 806
1717674135112 0.9303209437241615 807
1717674149750 0.9292696289677815 808
1717674164565 0.926340311428388 809
1717674179819 0.9327746566787797 810
1717674194296 0.9253014392959282 811
1717674208897 0.9325995590880845 812
1717674223440 0.931165698726336 813
1717674238625 0.9295576025993708 814
1717674253089 0.928734941437977 815
1717674267616 0.9294575949084827 816
1717674282451 0.9275805142724391 817
1717674297065 0.9303653267267511 818
1717674311797 0.9311677491374079 819
1717674327060 0.9309519773292498 820
1717674346399 0.9272513606428657 821
1717674361306 0.9271271583119365 822
1717674375753 0.9194792261306489 823
1717674390349 0.9275905709331179 824
1717674404739 0.9331572497239776 825
1717674419304 0.9267788524034782 826
1717674433770 0.9281446725721226 827
1717674448275 0.9251801902303433 828
1717674462879 0.9292884846523485 829
1717674477702 0.9283297722866743 830
1717674492433 0.9236626548624677 831
1717674506820 0.922988924836567 832
1717674521218 0.930507844913393 833
1717674536556 0.9255531977453133 834
1717674551276 0.9290490565073273 835
1717674566060 0.9263594931164966 836
1717674580475 0.933028193466801 837
1717674595387 0.9282077589019507 838
1717674610035 0.9292657517819842 839
1717674624834 0.9320806952214911 840
1717674640032 0.9274526217000071 841
1717674654422 0.9266273099250547 842
1717674669216 0.9296594652996709 843
1717674683956 0.9294540977478821 844
1717674698625 0.9284112369557477 845
1717674714412 0.9250099561917858 846
1717674729415 0.9288584762578215 847
1717674744085 0.9292542063432986 848
1717674758608 0.9294143101508744 849
1717674777432 0.9276734802570488 850
1717674792301 0.9318082226001807 851
1717674806740 0.9281509404531526 852
1717674821516 0.9270899205150019 853
1717674836085 0.9258059314424699 854
1717674851154 0.9254381813775993 855
1717674865735 0.9313784640554598 856
1717674880148 0.926915357424761 857
1717674894637 0.9276478212008957 858
1717674909150 0.9275885372138832 859
1717674924162 0.9242008967161675 860
1717674938982 0.9270715728208239 861
1717674953401 0.9304597222472041 862
1717674968390 0.926063351154407 863
1717674983413 0.9258334745872606 864
1717674998464 0.9258813388710524 865
1717675013029 0.9262506422994915 866
1717675027574 0.9309689776845375 867
1717675042474 0.9280554411076739 868
1717675057118 0.9309310413562623 869
1717675071737 0.9324827064652769 870
1717675086506 0.9292049070770246 871
1717675101485 0.9274430664535598 872
1717675116041 0.9329877526836604 873
1717675130532 0.9300617180086316 874
1717675145270 0.923808866840702 875
1717675159868 0.9310768874298643 876
1717675174362 0.9260151898045428 877
1717675189611 0.9294973914917778 878
1717675203987 0.9299614753878626 879
1717675218673 0.9262368855196459 880
1717675233791 0.9310854414544373 881
1717675248459 0.9246594290930576 882
1717675263304 0.9268466014365506 883
1717675277769 0.9291941191840989 884
1717675292339 0.9295082732493564 885
1717675307097 0.9248675540756778 886
1717675321666 0.9323988449646273 887
1717675336344 0.9279884411888327 888
1717675351588 0.9289726515631173 889
1717675366051 0.9259751970095591 890
1717675381148 0.92966318150904 891
1717675395675 0.927659232281035 892
1717675410171 0.9353637021131754 893
1717675424460 0.929262211780344 894
1717675438809 0.9306983778176926 895
1717675453449 0.9290315742326393 896
1717675468158 0.931043493509358 897
1717675488194 0.9260078076876767 898
1717675502792 0.9252442665381931 899
1717675522134 0.928995653294893 900
1717675536856 0.9325381904505329 901
1717675551328 0.9290425579860274 902
1717675566486 0.9279383528813666 903
1717675581160 0.930966253877859 904
1717675596726 0.9299752310345988 905
1717675611482 0.9265071727040078 906
1717675626090 0.9287377244778382 907
1717675640676 0.9272870331453005 908
1717675655179 0.9293259694741555 909
1717675669958 0.9246648856523484 910
1717675684611 0.9246831242448824 911
1717675699171 0.9269815825527038 912
1717675713757 0.9263721317792061 913
1717675728975 0.9198356496728003 914
1717675743621 0.9292050160365389 915
1717675758772 0.9249087485874825 916
1717675773334 0.9220543982226967 917
1717675787932 0.9297548284174669 918
1717675802664 0.9310053274999145 919
1717675817659 0.9281258605117747 920
1717675832133 0.9304519037014339 921
1717675847270 0.9272674580918713 922
1717675862332 0.9243729376569655 923
1717675877197 0.9238542991019462 924
1717675891912 0.9219544280003621 925
1717675906672 0.930408672552025 926
1717675921518 0.9212105181943335 927
1717675936106 0.9296014924772972 928
1717675950600 0.9335436856693949 929
1717675965134 0.9297781540583875 930
1717675980746 0.9315732817281249 931
1717675995337 0.9292529002814831 932
1717676009812 0.9321336761844948 933
1717676024343 0.9256750839720835 934
1717676039126 0.9215141962973389 935
1717676053598 0.9314664545520094 936
1717676068090 0.92865168119903 937
1717676082603 0.9284869188408543 938
1717676097561 0.9320406648244116 939
1717676111974 0.9302876238749095 940
1717676126510 0.9335751836446203 941
1717676141034 0.9292071612981712 942
1717676155442 0.9303274355857779 943
1717676170715 0.9264722892225428 944
1717676185194 0.9299338462355786 945
1717676199987 0.9299291549474459 946
1717676214345 0.9250413527481993 947
1717676229879 0.9273095481253919 948
1717676244863 0.9303234267196939 949
1717676263319 0.9262585090984027 950
1717676277877 0.928528596788201 951
1717676292465 0.9260035844647291 952
1717676307068 0.9324285664546775 953
1717676321844 0.9314912644573928 954
1717676336468 0.9357054560561194 955
1717676360299 0.9299212185997167 956
1717676379621 0.9290855133526593 957
1717676394196 0.9283377811364245 958
1717676409376 0.9289310818653379 959
1717676423990 0.9277890794550515 960
1717676438820 0.9318186533246046 961
1717676453378 0.9278267641133385 962
1717676468437 0.9283566444869983 963
1717676483169 0.9269787378386501 964
1717676497669 0.9313251318267941 965
1717676512936 0.9294805703789178 966
1717676527815 0.9329881322252778 967
1717676542775 0.9282151363221048 968
1717676557441 0.9218271913237341 969
1717676572037 0.9289019325940174 970
1717676587857 0.9318151577163909 971
1717676602168 0.9323404058660576 972
1717676617008 0.9282568790352871 973
1717676631919 0.9268178662604319 974
1717676646915 0.9266659311830635 975
1717676661953 0.9284059080394131 976
1717676676656 0.9249022288686666 977
1717676691211 0.9268449766970682 978
1717676706087 0.9267379302783939 979
1717676721117 0.9279073375727253 980
1717676736159 0.9304164915850555 981
1717676750809 0.926876811816567 982
1717676765749 0.9300153216540566 983
1717676780213 0.928250617655146 984
1717676794975 0.9275812229047905 985
1717676809856 0.9263274910130455 986
1717676824396 0.9300029473871286 987
1717676839685 0.9301470090998514 988
1717676854689 0.9349513225116013 989
1717676869433 0.929288921474338 990
1717676883975 0.9310330182324811 991
1717676898667 0.9317632330436632 992
1717676913135 0.9243806223713524 993
1717676927893 0.9305733783073974 994
1717676942787 0.9323371690475851 995
1717676958561 0.930824095167213 996
1717676973181 0.9292989920908862 997
1717676987777 0.9230245620266572 998
1717677002409 0.9269318197793609 999
