1716801555055 1.4963 0
1716801577362 0.4707 0
1716801598758 0.2277 0
1716801621449 0.0578 0
1716801639359 -0.0845 0
1716801661412 -0.1881 0
1716801683814 -0.2595 0
1716801705954 -0.3662 0
1716801724571 -0.3713 0
1716801746624 -0.4323 0
1716801765392 -0.4576 0
1716801787434 -0.4984 0
1716801809340 -0.5659 0
1716801831532 -0.5458 0
1716801853641 -0.5689 0
1716801872099 -0.6085 0
1716801890511 -0.6294 0
1716801909694 -0.6568 0
1716801931865 -0.6229 0
1716801950591 -0.667 0
1716801972548 -0.6828 0
1716801990773 -0.7005 0
1716802009172 -0.6621 0
1716802031278 -0.6962 0
1716802049906 -0.6729 0
1716802068288 -0.71 0
1716802086887 -0.7167 0
1716802105326 -0.7116 0
1716802127417 -0.7184 0
1716802145643 -0.7317 0
1716802167691 -0.7232 0
1716802186640 -0.7413 0
1716802205418 -0.728 0
1716802224410 -0.7382 0
1716802243037 -0.7347 0
1716802261773 -0.7489 0
1716802280650 -0.7717 0
1716802299723 -0.7627 0
1716802318541 -0.769 0
1716802341481 -0.7822 0
1716802360402 -0.7847 0
1716802383904 -0.7862 0
1716802406555 -0.7887 0
1716802424927 -0.796 0
1716802443611 -0.7766 0
1716802462179 -0.7851 0
1716802480528 -0.7974 0
1716802498862 -0.7856 0
1716802517243 -0.7883 0
1716802535663 -0.7731 0
1716802555430 -0.7811 0
1716802574074 -0.7981 0
1716802592242 -0.8001 0
1716802610778 -0.8112 0
1716802632999 -0.821 0
1716802651444 -0.8122 0
1716802665984 -0.8092 0
1716802685086 -0.8194 0
1716802703681 -0.8096 0
1716802726051 -0.8134 0
1716802744320 -0.8191 0
1716802762796 -0.8206 0
1716802781210 -0.8248 0
1716802799508 -0.8246 0
1716802817815 -0.8239 0
1716802836241 -0.8368 0
1716802858647 -0.83 0
1716802876919 -0.8164 0
1716802895228 -0.825 0
1716802913599 -0.8335 0
1716802932032 -0.826 0
1716802950502 -0.8298 0
1716802969150 -0.8452 0
1716802991195 -0.8452 0
1716803009730 -0.8287 0
1716803028434 -0.8337 0
1716803046966 -0.8279 0
1716803065606 -0.8409 0
1716803084009 -0.8395 0
1716803103140 -0.8383 0
1716803125248 -0.8417 0
1716803139984 -0.8449 0
1716803162145 -0.8365 0
1716803184249 -0.8351 0
1716803206514 -0.8499 0
1716803220954 -0.8489 0
1716803236270 -0.8499 0
1716803251123 -0.8248 0
1716803265956 -0.8348 0
1716803280534 -0.8376 0
1716803295026 -0.8369 0
1716803309691 -0.8406 0
1716803324427 -0.8361 0
1716803339026 -0.8448 0
1716803357637 -0.8501 0
1716803375856 -0.856 0
1716803393989 -0.8412 0
1716803412161 -0.8484 0
1716803426870 -0.8564 0
1716803445301 -0.8537 0
1716803463798 -0.855 0
1716803482096 -0.8535 0
1716803501134 -0.8542 0
1716803523071 -0.863 0
1716803541402 -0.8558 0
1716803559635 -0.8676 0
1716803577850 -0.8658 0
1716803596241 -0.8602 0
1716803615194 -0.8617 0
1716803637154 -0.8591 0
1716803655390 -0.8538 0
1716803670087 -0.8558 0
1716803688416 -0.8562 0
1716803706833 -0.8653 0
1716803721537 -0.8668 0
1716803736100 -0.8579 0
1716803751364 -0.8585 0
1716803766019 -0.8677 0
1716803780823 -0.8712 0
1716803795200 -0.8682 0
1716803809921 -0.8693 0
1716803828123 -0.8639 0
1716803846389 -0.8565 0
1716803864786 -0.8672 0
1716803883633 -0.867 0
1716803898462 -0.8658 0
1716803921045 -0.8716 0
1716803939146 -0.8656 0
1716803953768 -0.8627 0
1716803968178 -0.8641 0
1716803982616 -0.8684 0
1716803997594 -0.8691 0
1716804015967 -0.865 0
1716804038097 -0.8696 0
1716804056671 -0.8697 0
1716804074967 -0.8663 0
1716804094063 -0.8712 0
1716804108830 -0.8738 0
1716804124449 -0.8759 0
1716804139247 -0.8734 0
1716804154094 -0.8765 0
1716804169353 -0.878 0
1716804184234 -0.8777 0
1716804198983 -0.8804 0
1716804213591 -0.8718 0
1716804232463 -0.8742 0
1716804247289 -0.8733 0
1716804262063 -0.8707 0
1716804284093 -0.8706 0
1716804302492 -0.8778 0
1716804324687 -0.8831 0
1716804339471 -0.876 0
1716804354328 -0.8705 0
1716804372866 -0.8794 0
1716804387797 -0.8795 0
1716804406518 -0.8799 0
1716804421500 -0.8762 0
1716804436298 -0.8776 0
1716804451150 -0.8767 0
1716804470095 -0.8781 0
1716804484965 -0.8826 0
1716804499704 -0.8857 0
1716804514453 -0.8839 0
1716804529422 -0.8801 0
1716804547976 -0.8788 0
1716804562513 -0.8845 0
1716804577214 -0.8788 0
1716804592555 -0.8689 0
1716804607178 -0.8784 0
1716804621947 -0.8745 0
1716804636798 -0.8672 0
1716804651591 -0.8812 0
1716804666302 -0.8831 0
1716804684571 -0.8766 0
1716804699217 -0.8829 0
1716804714557 -0.8828 0
1716804729540 -0.8809 0
1716804744272 -0.885 0
1716804762720 -0.8832 0
1716804777521 -0.8874 0
1716804792190 -0.8835 0
1716804806964 -0.8853 0
1716804826006 -0.8841 0
1716804844392 -0.8844 0
1716804859008 -0.8844 0
1716804873675 -0.8844 0
1716804888406 -0.884 0
1716804903295 -0.8649 0
1716804917969 -0.8654 0
1716804932806 -0.8741 0
1716804948071 -0.8788 0
1716804962867 -0.8798 0
1716804977651 -0.8802 0
1716804992427 -0.886 0
1716805007002 -0.8842 0
1716805021799 -0.8887 0
1716805036578 -0.8891 0
1716805058877 -0.8876 0
1716805073610 -0.8848 0
1716805092195 -0.89 0
1716805114348 -0.8867 0
1716805132853 -0.8922 0
1716805151171 -0.8929 0
1716805165747 -0.8935 0
1716805181001 -0.8884 0
1716805195906 -0.8924 0
1716805214464 -0.8915 0
1716805233109 -0.8912 0
1716805247681 -0.8885 0
1716805266419 -0.8912 0
1716805281156 -0.8835 0
1716805296298 -0.8871 0
1716805310948 -0.8881 0
1716805325570 -0.8842 0
1716805343978 -0.8874 0
1716805366010 -0.8879 0
1716805380403 -0.8889 0
1716805398863 -0.8906 0
1716805417797 -0.8882 0
1716805432371 -0.886 0
1716805446999 -0.8907 0
1716805461684 -0.891 0
1716805476411 -0.8868 0
1716805490989 -0.8928 0
1716805505578 -0.8957 0
1716805520278 -0.8938 0
1716805535112 -0.8891 0
1716805550057 -0.8915 0
1716805564820 -0.8933 0
1716805579622 -0.8971 0
1716805597771 -0.8983 0
1716805612422 -0.8927 0
1716805630761 -0.8993 0
1716805649293 -0.8897 0
1716805664213 -0.8957 0
1716805682430 -0.8942 0
1716805696877 -0.8903 0
1716805711563 -0.8931 0
1716805729870 -0.8975 0
1716805748191 -0.8952 0
1716805762830 -0.8938 0
1716805777402 -0.895 0
1716805796126 -0.8988 0
1716805810719 -0.8961 0
1716805825403 -0.8978 0
1716805840134 -0.8971 0
1716805854826 -0.8914 0
1716805869471 -0.8923 0
1716805884008 -0.8914 0
1716805898556 -0.8974 0
1716805917445 -0.9001 0
1716805932200 -0.8924 0
1716805946972 -0.8939 0
1716805961620 -0.891 0
1716805976293 -0.9006 0
1716805990792 -0.902 0
1716806012558 -0.8981 0
1716806027504 -0.8939 0
1716806042179 -0.8911 0
1716806056787 -0.895 0
1716806071419 -0.8963 0
1716806086036 -0.8996 0
1716806104297 -0.9002 0
1716806118925 -0.898 0
1716806133630 -0.8984 0
1716806149220 -0.8953 0
1716806163813 -0.902 0
1716806178675 -0.8988 0
1716806193112 -0.8999 0
1716806207755 -0.8963 0
1716806226092 -0.8937 0
1716806240902 -0.8802 0
1716806255330 -0.8889 0
1716806270132 -0.8952 0
1716806284713 -0.9024 0
1716806299301 -0.8979 0
1716806313793 -0.894 0
1716806328424 -0.8978 0
1716806342913 -0.8919 0
1716806357627 -0.8951 0
1716806372259 -0.8934 0
1716806387168 -0.9043 0
1716806402334 -0.8978 0
1716806416741 -0.8989 0
1716806431342 -0.8999 0
1716806446150 -0.8977 0
1716806460589 -0.8958 0
1716806475364 -0.8997 0
1716806490275 -0.8975 0
1716806505338 -0.8982 0
1716806520513 -0.8968 0
1716806535111 -0.903 0
1716806549747 -0.9023 0
1716806564543 -0.906 0
1716806579307 -0.9028 0
1716806594185 -0.8952 0
1716806608897 -0.8977 0
1716806623687 -0.9015 0
1716806638814 -0.9052 0
1716806653360 -0.901 0
1716806671770 -0.9045 0
1716806686293 -0.8989 0
1716806700870 -0.901 0
1716806715560 -0.8981 0
1716806733892 -0.8999 0
1716806748635 -0.9006 0
1716806763174 -0.9033 0
1716806785189 -0.9078 0
1716806803427 -0.9045 0
1716806821645 -0.9065 0
1716806839823 -0.9065 0
1716806858215 -0.9039 0
1716806872878 -0.9032 0
1716806891450 -0.9034 0
1716806910011 -0.9012 0
1716806924638 -0.8981 0
1716806939331 -0.8981 0
1716806954468 -0.9045 0
1716806969376 -0.9058 0
1716806983865 -0.9081 0
1716807002450 -0.9058 0
1716807017539 -0.9032 0
1716807032002 -0.903 0
1716807046653 -0.9031 0
1716807061440 -0.9049 0
1716807075947 -0.9032 0
1716807090971 -0.9049 0
1716807105521 -0.9017 0
1716807120147 -0.9064 0
1716807134647 -0.909 0
1716807149222 -0.9088 0
1716807163801 -0.9072 0
1716807178390 -0.9024 0
1716807193004 -0.9074 0
1716807207960 -0.9067 0
1716807222803 -0.9077 0
1716807237614 -0.9067 0
1716807252406 -0.9018 0
1716807267096 -0.9045 0
1716807281984 -0.9074 0
1716807296801 -0.9081 0
1716807311782 -0.9035 0
1716807327157 -0.9089 0
1716807341947 -0.9048 0
1716807356770 -0.9057 0
1716807371780 -0.9078 0
1716807386716 -0.9081 0
1716807401409 -0.9081 0
1716807416020 -0.9059 0
1716807430611 -0.9079 0
1716807449376 -0.9011 0
1716807464019 -0.9029 0
1716807479249 -0.9024 0
1716807493972 -0.9024 0
1716807512177 -0.9043 0
1716807530740 -0.9068 0
1716807545594 -0.906 0
1716807560415 -0.9069 0
1716807575049 -0.9095 0
1716807589802 -0.9078 0
1716807604648 -0.9082 0
1716807619448 -0.9088 0
1716807634246 -0.9054 0
1716807652456 -0.9051 0
1716807667123 -0.9053 0
1716807682315 -0.9088 0
1716807696928 -0.9081 0
1716807711436 -0.9088 0
1716807726106 -0.9064 0
1716807740640 -0.9001 0
1716807755433 -0.9061 0
1716807770025 -0.9088 0
1716807784843 -0.909 0
1716807800128 -0.9087 0
1716807814901 -0.9035 0
1716807829679 -0.9081 0
1716807844444 -0.906 0
1716807859178 -0.9074 0
1716807873710 -0.9085 0
1716807888409 -0.9064 0
1716807902930 -0.9098 0
1716807917946 -0.9064 0
1716807932753 -0.9134 0
1716807951401 -0.9106 0
1716807969723 -0.9094 0
1716807984321 -0.909 0
1716808002728 -0.9118 0
1716808017466 -0.9097 0
1716808036619 -0.9108 0
1716808051275 -0.9062 0
1716808066009 -0.9089 0
1716808080880 -0.908 0
1716808095494 -0.9087 0
1716808110336 -0.9098 0
1716808125141 -0.9105 0
1716808143929 -0.9054 0
1716808158909 -0.9085 0
1716808173809 -0.914 0
1716808188441 -0.9087 0
1716808203448 -0.906 0
1716808221990 -0.9078 0
1716808240433 -0.9094 0
1716808255706 -0.9037 0
1716808270427 -0.9063 0
1716808285041 -0.9078 0
1716808303381 -0.9107 0
1716808317876 -0.9099 0
1716808332576 -0.9127 0
1716808350782 -0.9119 0
1716808369470 -0.9079 0
1716808384185 -0.907 0
1716808398919 -0.9095 0
1716808417312 -0.9112 0
1716808431976 -0.9116 0
1716808446511 -0.9093 0
1716808461055 -0.9099 0
1716808475683 -0.9066 0
1716808490966 -0.9094 0
1716808505483 -0.9125 0
1716808520282 -0.912 0
1716808534778 -0.9092 0
1716808549322 -0.912 0
1716808563954 -0.908 0
1716808578514 -0.9107 0
1716808593249 -0.9146 0
1716808608035 -0.912 0
1716808623124 -0.9103 0
1716808637670 -0.9095 0
1716808652329 -0.9127 0
1716808667073 -0.91 0
1716808681630 -0.9117 0
1716808699900 -0.9127 0
1716808718195 -0.9152 0
1716808737240 -0.9153 0
1716808751812 -0.9086 0
1716808766553 -0.9098 0
1716808781220 -0.9122 0
1716808795796 -0.9092 0
1716808810265 -0.9129 0
1716808824877 -0.9111 0
1716808839645 -0.9106 0
1716808854784 -0.9117 0
1716808869254 -0.9104 0
1716808883910 -0.9115 0
1716808898456 -0.907 0
1716808913059 -0.9132 0
1716808927808 -0.9113 0
1716808942673 -0.9117 0
1716808957233 -0.9156 0
1716808971729 -0.9151 0
1716808990860 -0.915 0
1716809005597 -0.9161 0
1716809020352 -0.9114 0
1716809035118 -0.9128 0
1716809053478 -0.9128 0
1716809068178 -0.9076 0
1716809086504 -0.91 0
1716809101473 -0.9123 0
1716809116240 -0.9115 0
1716809130774 -0.9124 0
1716809145300 -0.9073 0
1716809159849 -0.9105 0
1716809174286 -0.9162 0
1716809189031 -0.9095 0
1716809203655 -0.9125 0
1716809218319 -0.9127 0
1716809233645 -0.9149 0
1716809248331 -0.9157 0
1716809263203 -0.9114 0
1716809277676 -0.9158 0
1716809292375 -0.9124 0
1716809306738 -0.9116 0
1716809321041 -0.9132 0
1716809335734 -0.9166 0
1716809350304 -0.9154 0
1716809364807 -0.9148 0
1716809379544 -0.9146 0
1716809394033 -0.9135 0
1716809408562 -0.9176 0
1716809423185 -0.9161 0
1716809437769 -0.9157 0
1716809452254 -0.9188 0
1716809466954 -0.9168 0
1716809482160 -0.9147 0
1716809496721 -0.914 0
1716809511242 -0.917 0
1716809526006 -0.9171 0
1716809540521 -0.9151 0
1716809555107 -0.9142 0
1716809569824 -0.9162 0
1716809584378 -0.9163 0
1716809603059 -0.9162 0
1716809617903 -0.9169 0
1716809635715 -0.9134 0
1716809650331 -0.9165 0
1716809664766 -0.9163 0
1716809679230 -0.9176 0
1716809693855 -0.9177 0
1716809712345 -0.914 0
1716809727640 -0.917 0
1716809749774 -0.9155 0
1716809764352 -0.9126 0
1716809779158 -0.9162 0
1716809793947 -0.9118 0
1716809808777 -0.9162 0
1716809823281 -0.9121 0
1716809837891 -0.9157 0
1716809857040 -0.9161 0
1716809875462 -0.9148 0
1716809889964 -0.9164 0
1716809904483 -0.9158 0
1716809918909 -0.9161 0
1716809933463 -0.9158 0
1716809948228 -0.9176 0
1716809963081 -0.92 0
1716809977618 -0.9158 0
1716809992275 -0.9126 0
1716810007006 -0.9171 0
1716810021685 -0.9168 0
1716810036504 -0.9181 0
1716810051126 -0.9208 0
1716810065591 -0.9123 0
1716810079932 -0.9149 0
1716810094951 -0.9151 0
1716810109750 -0.9189 0
1716810124673 -0.9175 0
1716810139367 -0.9143 0
1716810154160 -0.9165 0
1716810168783 -0.9184 0
1716810183325 -0.9145 0
1716810197805 -0.9155 0
1716810212548 -0.9168 0
1716810227180 -0.9139 0
1716810241603 -0.9139 0
1716810256187 -0.9146 0
1716810270671 -0.9177 0
1716810285123 -0.9158 0
1716810299896 -0.9176 0
1716810314316 -0.919 0
1716810329151 -0.9195 0
1716810344283 -0.9181 0
1716810358795 -0.9172 0
1716810373402 -0.9174 0
1716810388246 -0.9198 0
1716810403198 -0.9184 0
1716810417966 -0.9154 0
1716810432470 -0.9183 0
1716810446892 -0.9179 0
1716810461864 -0.9198 0
1716810476648 -0.9185 0
1716810495053 -0.9176 0
1716810509665 -0.9206 0
1716810524190 -0.9197 0
1716810538555 -0.916 0
1716810552912 -0.9179 0
1716810567583 -0.9182 0
1716810582814 -0.9184 0
1716810597424 -0.9194 0
1716810612062 -0.9164 0
1716810626418 -0.9174 0
1716810641060 -0.919 0
1716810655581 -0.9195 0
1716810670179 -0.919 0
1716810684991 -0.9178 0
1716810699360 -0.9197 0
1716810714349 -0.9203 0
1716810728955 -0.9195 0
1716810743508 -0.9188 0
1716810757975 -0.9184 0
1716810772631 -0.9204 0
1716810787184 -0.9187 0
1716810801503 -0.9173 0
1716810816128 -0.9177 0
1716810831140 -0.9189 0
1716810845862 -0.9176 0
1716810860517 -0.9197 0
1716810875306 -0.919 0
1716810889762 -0.9175 0
1716810904399 -0.9191 0
1716810918971 -0.9215 0
1716810933584 -0.9223 0
1716810948408 -0.9193 0
1716810966931 -0.9211 0
1716810981630 -0.9186 0
1716811000169 -0.9198 0
1716811015057 -0.9221 0
1716811029911 -0.9206 0
1716811044305 -0.9172 0
1716811059127 -0.9191 0
1716811073761 -0.9169 0
1716811088558 -0.9194 0
1716811103193 -0.9175 0
1716811117756 -0.9168 0
1716811132201 -0.9231 0
1716811146722 -0.9213 0
1716811161360 -0.92 0
1716811176084 -0.9219 0
1716811191143 -0.9203 0
1716811206002 -0.9182 0
1716811220682 -0.9201 0
1716811239323 -0.9199 0
1716811254003 -0.9205 0
1716811268777 -0.921 0
1716811283513 -0.9194 0
1716811298639 -0.9217 0
1716811313364 -0.9207 0
1716811328033 -0.9215 0
1716811342585 -0.9201 0
1716811357129 -0.9202 0
1716811371900 -0.9199 0
1716811386264 -0.9222 0
1716811400906 -0.9217 0
1716811415728 -0.9223 0
1716811430462 -0.9212 0
1716811445147 -0.9188 0
1716811459748 -0.9227 0
1716811474315 -0.9195 0
1716811488887 -0.9204 0
1716811503583 -0.9201 0
1716811518319 -0.9199 0
1716811533143 -0.9209 0
1716811547887 -0.9239 0
1716811562311 -0.9198 0
1716811576977 -0.9201 0
1716811591745 -0.9207 0
1716811606569 -0.9192 0
1716811621234 -0.9185 0
1716811636045 -0.9169 0
1716811650876 -0.9197 0
1716811665643 -0.9127 0
1716811680377 -0.9166 0
1716811694973 -0.9214 0
1716811709673 -0.921 0
1716811724370 -0.921 0
1716811739002 -0.9151 0
1716811753532 -0.9188 0
1716811768399 -0.9209 0
1716811783183 -0.9232 0
1716811798143 -0.9177 0
1716811812734 -0.9214 0
1716811827423 -0.9193 0
1716811842177 -0.9173 0
1716811857013 -0.9185 0
1716811871730 -0.9183 0
1716811886791 -0.923 0
1716811901389 -0.9188 0
1716811916169 -0.919 0
1716811930744 -0.9217 0
1716811945540 -0.9207 0
1716811960422 -0.923 0
1716811978736 -0.9232 0
1716811993418 -0.9231 0
1716812008570 -0.9233 0
1716812023324 -0.9217 0
1716812038169 -0.9196 0
1716812052736 -0.9216 0
1716812067357 -0.9211 0
1716812081890 -0.9215 0
1716812096525 -0.9223 0
1716812111131 -0.9234 0
1716812126179 -0.9211 0
1716812140812 -0.92 0
1716812155387 -0.921 0
1716812170036 -0.9205 0
1716812184911 -0.924 0
1716812199510 -0.9204 0
1716812214043 -0.9223 0
1716812228686 -0.9243 0
1716812243931 -0.9237 0
1716812258539 -0.9214 0
1716812273144 -0.9206 0
1716812287963 -0.9189 0
1716812302468 -0.9207 0
1716812317165 -0.923 0
1716812331759 -0.9243 0
1716812346325 -0.9256 0
1716812361344 -0.9226 0
1716812376205 -0.923 0
1716812391197 -0.9197 0
1716812405977 -0.924 0
1716812420701 -0.9234 0
1716812435324 -0.9239 0
1716812450206 -0.9213 0
1716812465016 -0.9224 0
1716812480023 -0.9216 0
1716812494722 -0.9239 0
1716812509322 -0.9217 0
1716812523983 -0.9219 0
1716812538443 -0.9263 0
1716812553130 -0.9266 0
1716812567734 -0.9244 0
1716812582204 -0.9253 0
1716812597276 -0.9253 0
1716812611872 -0.9224 0
1716812626627 -0.9239 0
1716812641414 -0.9229 0
1716812656130 -0.9223 0
1716812671042 -0.9206 0
1716812685781 -0.922 0
1716812700742 -0.9254 0
1716812719483 -0.9231 0
1716812734148 -0.924 0
1716812748927 -0.9212 0
1716812763438 -0.9231 0
1716812778374 -0.9242 0
1716812792963 -0.9226 0
1716812807598 -0.9237 0
1716812822249 -0.9231 0
1716812837416 -0.9261 0
1716812851939 -0.9226 0
1716812866562 -0.9241 0
1716812881096 -0.922 0
1716812895890 -0.9257 0
1716812910481 -0.9257 0
1716812928725 -0.9259 0
1716812943255 -0.9248 0
1716812958494 -0.9265 0
1716812973260 -0.9255 0
1716812988142 -0.9247 0
1716813002876 -0.9236 0
1716813017846 -0.9238 0
1716813032494 -0.9203 0
1716813047198 -0.9252 0
1716813061704 -0.9216 0
1716813076895 -0.9235 0
1716813091717 -0.9234 0
1716813106500 -0.9249 0
1716813121478 -0.9254 0
1716813136188 -0.9244 0
1716813151149 -0.9251 0
1716813165927 -0.9266 0
1716813180939 -0.9254 0
1716813195921 -0.9249 0
1716813210553 -0.9241 0
1716813225084 -0.9231 0
1716813239761 -0.9257 0
1716813254240 -0.9249 0
1716813268923 -0.9231 0
1716813283722 -0.9231 0
1716813298427 -0.9258 0
1716813313443 -0.9194 0
1716813328088 -0.9284 0
1716813342742 -0.9241 0
1716813357261 -0.9217 0
1716813372151 -0.9267 0
1716813386929 -0.9243 0
1716813401471 -0.9232 0
1716813416271 -0.9211 0
1716813431354 -0.9256 0
1716813445944 -0.925 0
1716813464417 -0.9225 0
1716813479332 -0.9263 0
1716813494022 -0.9271 0
1716813508664 -0.926 0
1716813527308 -0.9242 0
1716813546395 -0.9244 0
1716813564774 -0.9251 0
1716813579843 -0.924 0
1716813594614 -0.9236 0
1716813609595 -0.9259 0
1716813624355 -0.9233 0
1716813639005 -0.9263 0
1716813654334 -0.9259 0
1716813669073 -0.9265 0
1716813684100 -0.9274 0
1716813698929 -0.922 0
1716813713742 -0.925 0
1716813728493 -0.9267 0
1716813743376 -0.924 0
1716813758052 -0.9273 0
1716813773211 -0.9218 0
1716813787841 -0.9262 0
1716813802383 -0.9229 0
1716813817044 -0.9259 0
1716813831831 -0.9231 0
1716813846427 -0.9255 0
1716813861352 -0.9275 0
1716813876354 -0.9231 0
1716813891869 -0.9258 0
1716813906554 -0.9233 0
1716813921389 -0.926 0
1716813936020 -0.9252 0
1716813950595 -0.9299 0
1716813965333 -0.9258 0
1716813980099 -0.9255 0
1716813994736 -0.9247 0
1716814009971 -0.9281 0
1716814024811 -0.9249 0
1716814039407 -0.9261 0
1716814054033 -0.9266 0
1716814068897 -0.9235 0
1716814083564 -0.9248 0
1716814098440 -0.925 0
1716814113168 -0.9245 0
1716814128422 -0.9269 0
1716814143168 -0.9272 0
1716814158018 -0.9272 0
1716814172717 -0.9278 0
1716814187511 -0.9271 0
1716814202130 -0.9258 0
1716814220700 -0.9263 0
1716814235579 -0.9253 0
1716814250371 -0.9283 0
1716814264998 -0.926 0
1716814280090 -0.9284 0
1716814294858 -0.9239 0
1716814309561 -0.9267 0
1716814324545 -0.9262 0
1716814339238 -0.9262 0
1716814354319 -0.9289 0
1716814368966 -0.9269 0
1716814383864 -0.9257 0
1716814398723 -0.9255 0
1716814413327 -0.9272 0
1716814428184 -0.9273 0
1716814443124 -0.9272 0
1716814458076 -0.9269 0
1716814473494 -0.9258 0
1716814488052 -0.9271 0
1716814502891 -0.9273 0
1716814517386 -0.9279 0
1716814532224 -0.9259 0
1716814546780 -0.9236 0
1716814561377 -0.928 0
1716814576248 -0.927 0
1716814591507 -0.9293 0
1716814606240 -0.9286 0
1716814620737 -0.9243 0
1716814635241 -0.9271 0
1716814649988 -0.9279 0
1716814664602 -0.9239 0
1716814679245 -0.9272 0
1716814693959 -0.9287 0
1716814708474 -0.9258 0
1716814723449 -0.9267 0
1716814737955 -0.9282 0
1716814752718 -0.9242 0
1716814767342 -0.9285 0
1716814781892 -0.9273 0
1716814796683 -0.9289 0
1716814811115 -0.9293 0
1716814825771 -0.9268 0
1716814841076 -0.9313 0
1716814855893 -0.9239 0
1716814870355 -0.9281 0
1716814884788 -0.927 0
1716814899461 -0.9292 0
1716814917967 -0.929 0
1716814932568 -0.9302 0
1716814947008 -0.926 0
1716814965866 -0.9282 0
1716814980352 -0.9267 0
1716814994985 -0.9282 0
1716815009475 -0.9283 0
1716815024137 -0.927 0
1716815038663 -0.9303 0
1716815056760 -0.9271 0
1716815075467 -0.927 0
1716815089917 -0.926 0
1716815104827 -0.9276 0
1716815119668 -0.9262 0
1716815134197 -0.9265 0
1716815148868 -0.9292 0
1716815163397 -0.9269 0
1716815177786 -0.9267 0
1716815192533 -0.9296 0
1716815207566 -0.9294 0
1716815222067 -0.9259 0
1716815236713 -0.9293 0
1716815251060 -0.9273 0
1716815265696 -0.9274 0
1716815280542 -0.9263 0
1716815295247 -0.9275 0
1716815309820 -0.924 0
1716815324354 -0.9286 0
1716815339755 -0.9277 0
1716815354228 -0.9285 0
1716815368612 -0.9292 0
1716815383266 -0.929 0
1716815397669 -0.9294 0
1716815412237 -0.9275 0
1716815426717 -0.9275 0
1716815441375 -0.9285 0
1716815456551 -0.9288 0
1716815470921 -0.9281 0
1716815485631 -0.9285 0
1716815499970 -0.9296 0
1716815514450 -0.9294 0
1716815529211 -0.9301 0
1716815544203 -0.9266 0
1716815558783 -0.9309 0
1716815573836 -0.927 0
1716815588947 -0.925 0
1716815603633 -0.9286 0
1716815618373 -0.9311 0
1716815633132 -0.9267 0
1716815647792 -0.9261 0
1716815662515 -0.928 0
1716815677224 -0.928 0
1716815691730 -0.9304 0
1716815710646 -0.929 0
1716815725660 -0.9261 0
1716815740477 -0.9274 0
1716815755305 -0.9266 0
1716815770060 -0.9293 0
1716815784707 -0.9295 0
1716815799497 -0.9293 0
1716815814039 -0.9287 0
1716815828951 -0.9304 0
1716815843606 -0.9288 0
1716815858075 -0.93 0
1716815872617 -0.9268 0
1716815887264 -0.9302 0
1716815902480 -0.9268 0
1716815917221 -0.9256 0
1716815932002 -0.9275 0
1716815946578 -0.9282 0
1716815961702 -0.9315 0
1716815976184 -0.9255 0
1716815990823 -0.9286 0
1716816005291 -0.9302 0
1716816019975 -0.93 0
1716816034564 -0.9309 0
1716816049062 -0.9273 0
1716816063862 -0.9306 0
1716816078741 -0.9289 0
1716816093467 -0.9275 0
1716816107939 -0.9288 0
1716816122426 -0.9292 0
1716816137347 -0.9272 0
1716816151936 -0.9286 0
1716816166539 -0.9286 0
1716816181231 -0.928 0
1716816195887 -0.93 0
1716816210894 -0.9266 0
1716816225508 -0.927 0
1716816240355 -0.9258 0
1716816254926 -0.9298 0
1716816269800 -0.9314 0
1716816284313 -0.9256 0
1716816298756 -0.9297 0
1716816313549 -0.9291 0
1716816328238 -0.929 0
1716816343552 -0.9289 0
1716816358559 -0.9263 0
1716816373215 -0.9316 0
1716816388137 -0.9285 0
1716816403488 -0.9302 0
1716816418396 -0.9279 0
1716816433158 -0.9306 0
1716816451457 -0.9279 0
1716816466717 -0.931 0
1716816481615 -0.9304 0
1716816496148 -0.9299 0
1716816514395 -0.9301 0
1716816529239 -0.9296 0
1716816544032 -0.9276 0
1716816562431 -0.9287 0
1716816577042 -0.9277 0
1716816592007 -0.9288 0
1716816606796 -0.9294 0
1716816621266 -0.9298 0
1716816635862 -0.9291 0
1716816650731 -0.9305 0
1716816665451 -0.9286 0
1716816680112 -0.9296 0
1716816695136 -0.9295 0
1716816710363 -0.9295 0
1716816725143 -0.9302 0
1716816739895 -0.9306 0
1716816754421 -0.9316 0
1716816768843 -0.9296 0
1716816783523 -0.9276 0
1716816798361 -0.93 0
1716816812886 -0.9291 0
1716816828017 -0.9318 0
1716816842741 -0.9272 0
1716816857499 -0.9279 0
1716816872018 -0.9291 0
1716816886820 -0.9281 0
1716816901642 -0.9296 0
1716816916368 -0.9291 0
1716816931077 -0.9281 0
1716816945838 -0.9302 0
1716816961061 -0.9301 0
1716816975777 -0.9313 0
1716816990257 -0.9304 0
1716817004939 -0.9313 0
1716817019503 -0.9301 0
1716817034028 -0.9299 0
1716817048480 -0.9309 0
1716817062872 -0.9279 0
1716817077772 -0.9311 0
1716817092563 -0.9299 0
1716817107368 -0.9295 0
1716817125696 -0.9297 0
1716817144483 -0.9284 0
1716817162662 -0.9283 0
1716817177064 -0.9302 0
1716817195843 -0.9302 0
