1716287966132 33.84 0
1716287982298 11.58 0
1716287999607 11.5 0
1716288018183 11.64 0
1716288035796 11.52 0
1716288053632 11.84 0
1716288071146 11.62 0
1716288089191 11.86 0
1716288106565 11.5 0
1716288124576 11.77 0
1716288142084 11.7 0
1716288160073 11.64 0
1716288177816 11.74 0
1716288195528 11.7 0
1716288213301 11.79 0
1716288231313 11.97 0
1716288249014 11.73 0
1716288266779 11.77 0
1716288284919 11.76 0
1716288302807 11.87 0
1716288320764 11.74 0
1716288338576 11.73 0
1716288356336 11.67 0
1716288373822 11.7 0
1716288391703 11.54 0
1716288409331 11.7 0
1716288426854 11.61 0
1716288444636 11.78 0
1716288462229 11.65 0
1716288479913 11.72 0
1716288497848 11.72 0
1716288515627 11.67 0
1716288533943 11.89 0
1716288551645 11.59 0
1716288569192 11.6 0
1716288586806 11.61 0
1716288604584 11.66 0
1716288622322 11.79 0
1716288640124 11.76 0
1716288658471 11.87 0
1716288676263 11.81 0
1716288693833 11.6 0
1716288711475 11.76 0
1716288729148 11.86 0
1716288746903 11.86 0
1716288764587 11.78 0
1716288783070 11.94 0
1716288800736 11.73 0
1716288818533 11.94 0
1716288836416 11.96 0
1716288855354 11.8 0
1716288873073 11.75 0
1716288890706 11.82 0
1716288909315 11.77 0
1716288926876 11.67 0
1716288944425 11.84 0
1716288961954 11.84 0
1716288979650 11.82 0
1716288997315 11.84 0
1716289014897 11.78 0
1716289032496 11.69 0
1716289050552 11.88 0
1716289068190 11.75 0
1716289085920 11.87 0
1716289103594 11.84 0
1716289117702 11.72 0
1716289135310 11.74 0
1716289152995 11.86 0
1716289167629 11.81 0
1716289185286 11.67 0
1716289203144 11.92 0
1716289220921 11.69 0
1716289235221 11.84 0
1716289249439 11.81 0
1716289267304 11.86 0
1716289285466 11.91 0
1716289303826 11.99 0
1716289321630 11.84 0
1716289339329 11.82 0
1716289357133 11.88 0
1716289371549 11.84 0
1716289385863 11.89 0
1716289400209 11.83 0
1716289415006 11.9 0
1716289429337 11.89 0
1716289443710 12.01 0
1716289457813 11.81 0
1716289472133 12.03 0
1716289486264 11.8 0
1716289500632 12.04 0
1716289514931 11.97 0
1716289529379 12.17 0
1716289543633 11.92 0
1716289557773 11.82 0
1716289575425 11.77 0
1716289592982 11.72 0
1716289610604 11.85 0
1716289628237 11.84 0
1716289646075 11.83 0
1716289664124 11.83 0
1716289685066 11.61 0
1716289702675 11.81 0
1716289720416 11.86 0
1716289734636 11.9 0
1716289752518 11.85 0
1716289766689 11.87 0
1716289784399 11.79 0
1716289802843 11.87 0
1716289817164 11.94 0
1716289834911 11.82 0
1716289852614 11.88 0
1716289870371 11.89 0
1716289884663 11.92 0
1716289899102 11.84 0
1716289913309 11.88 0
1716289927917 11.82 0
1716289942260 12.0 0
1716289956544 11.93 0
1716289970792 11.87 0
1716289984972 11.83 0
1716289999256 11.93 0
1716290013389 11.8 0
1716290027446 11.7 0
1716290045602 11.86 0
1716290063553 11.98 0
1716290081609 11.92 0
1716290099252 11.75 0
1716290116910 11.85 0
1716290134555 11.7 0
1716290152323 11.68 0
1716290170213 11.72 0
1716290187774 11.81 0
1716290205350 11.78 0
1716290223030 11.89 0
1716290240528 11.7 0
1716290258394 11.68 0
1716290276168 11.82 0
1716290293809 11.7 0
1716290312092 11.82 0
1716290329756 11.66 0
1716290347517 11.9 0
1716290361896 11.83 0
1716290375911 11.64 0
1716290393730 11.84 0
1716290411755 11.77 0
1716290429283 11.74 0
1716290446991 11.84 0
1716290464830 11.88 0
1716290482671 11.91 0
1716290500481 11.86 0
1716290521404 11.56 0
1716290536064 11.79 0
1716290553741 11.74 0
1716290567948 11.79 0
1716290585865 11.9 0
1716290603594 11.76 0
1716290617895 11.84 0
1716290635720 11.84 0
1716290654135 11.8 0
1716290668309 11.75 0
1716290682564 11.81 0
1716290696800 11.76 0
1716290711144 11.75 0
1716290725652 11.91 0
1716290740106 11.91 0
1716290754600 12.07 0
1716290768860 11.88 0
1716290783650 11.89 0
1716290797800 11.74 0
1716290812162 11.95 0
1716290826317 11.71 0
1716290840400 11.71 0
1716290854454 11.64 0
1716290868675 11.81 0
1716290882904 11.79 0
1716290897479 11.73 0
1716290911775 11.93 0
1716290926061 11.91 0
1716290940166 11.74 0
1716290954300 11.73 0
1716290968509 11.79 0
1716290982722 11.81 0
1716290997130 11.93 0
1716291011503 11.93 0
1716291026228 11.8 0
1716291040545 11.81 0
1716291054700 11.73 0
1716291069007 11.89 0
1716291083463 12.03 0
1716291097669 11.82 0
1716291112050 11.9 0
1716291126467 11.91 0
1716291141440 11.83 0
1716291155788 11.88 0
1716291170173 11.77 0
1716291184548 11.85 0
1716291199194 12.09 0
1716291217169 11.96 0
1716291234739 11.72 0
1716291249048 11.84 0
1716291271133 11.74 0
1716291285263 11.67 0
1716291299640 11.81 0
1716291313820 11.74 0
1716291328089 11.83 0
1716291342451 11.92 0
1716291360357 11.99 0
1716291378393 11.79 0
1716291395786 11.6 0
1716291413438 11.81 0
1716291430976 11.75 0
1716291448585 11.77 0
1716291462899 11.91 0
1716291477161 11.81 0
1716291495068 11.86 0
1716291509982 11.88 0
1716291527656 11.81 0
1716291541908 11.84 0
1716291556226 11.97 0
1716291574077 11.85 0
1716291591825 11.78 0
1716291606158 11.98 0
1716291620847 12.2 0
1716291638784 11.82 0
1716291656512 11.79 0
1716291670611 11.78 0
1716291688476 11.78 0
1716291702673 11.83 0
1716291716952 11.96 0
1716291731129 11.8 0
1716291745236 11.81 0
1716291759911 11.91 0
1716291774159 11.83 0
1716291788456 11.98 0
1716291802670 11.84 0
1716291816819 11.89 0
1716291830959 11.75 0
1716291845152 11.93 0
1716291859094 11.68 0
1716291873246 11.88 0
1716291888076 11.85 0
1716291902137 11.75 0
1716291916291 11.87 0
1716291930488 11.83 0
1716291944501 11.67 0
1716291958892 11.89 0
1716291972911 11.68 0
1716291986988 11.76 0
1716292001203 11.84 0
1716292015636 11.66 0
1716292033154 11.62 0
1716292050909 11.92 0
1716292068398 11.7 0
1716292082785 12.01 0
1716292100428 11.87 0
1716292114774 11.99 0
1716292129009 11.94 0
1716292143820 12.0 0
1716292158090 11.89 0
1716292172309 11.92 0
1716292186569 11.92 0
1716292200803 11.91 0
1716292214950 11.85 0
1716292229160 11.91 0
1716292243377 11.88 0
1716292258037 11.93 0
1716292272362 11.94 0
1716292286804 11.87 0
1716292301046 11.81 0
1716292315245 11.82 0
1716292333073 11.88 0
1716292347205 11.81 0
1716292361230 11.68 0
1716292375247 11.67 0
1716292390067 11.93 0
1716292404307 11.89 0
1716292418336 11.73 0
1716292432310 11.71 0
1716292446450 11.78 0
1716292460620 11.79 0
1716292474861 11.88 0
1716292489094 11.84 0
1716292503409 11.97 0
1716292518109 11.88 0
1716292532186 11.79 0
1716292546484 11.89 0
1716292560694 11.9 0
1716292574835 11.8 0
1716292589040 11.87 0
1716292603219 11.84 0
1716292617552 11.93 0
1716292631913 12.04 0
1716292646178 11.93 0
1716292660348 11.82 0
1716292674518 11.84 0
1716292688807 11.75 0
1716292703378 11.97 0
1716292717643 11.83 0
1716292731902 11.78 0
1716292746357 12.06 0
1716292764536 11.57 0
1716292778821 11.79 0
1716292793058 11.78 0
1716292807347 11.83 0
1716292821622 11.81 0
1716292839387 11.79 0
1716292857060 11.77 0
1716292871777 11.73 0
1716292889343 11.63 0
1716292903680 11.96 0
1716292921481 11.71 0
1716292939096 11.7 0
1716292953484 11.86 0
1716292971219 11.82 0
1716292988818 11.58 0
1716293006691 11.84 0
1716293024441 11.88 0
1716293038681 11.82 0
1716293052968 11.8 0
1716293067296 11.98 0
1716293081976 11.9 0
1716293096220 11.82 0
1716293110446 11.83 0
1716293124676 11.89 0
1716293139242 12.14 0
1716293153652 11.85 0
1716293167806 11.8 0
1716293182311 12.12 0
1716293196563 11.81 0
1716293211156 11.69 0
1716293225409 11.87 0
1716293239788 11.99 0
1716293254154 12.02 0
1716293268438 11.76 0
1716293282335 11.49 0
1716293296580 11.79 0
1716293310878 11.77 0
1716293325465 12.18 0
1716293339804 11.94 0
1716293353945 11.69 0
1716293368114 11.76 0
1716293382322 11.79 0
1716293396524 11.73 0
1716293410718 11.79 0
1716293424892 11.61 0
1716293439173 11.83 0
1716293453878 11.76 0
1716293468076 11.83 0
1716293482457 11.87 0
1716293496857 12.03 0
1716293514550 11.74 0
1716293528714 11.66 0
1716293542886 11.77 0
1716293557579 11.76 0
1716293571860 11.81 0
1716293586164 11.86 0
1716293600599 12.05 0
1716293614914 11.86 0
1716293629041 11.75 0
1716293643232 11.66 0
1716293657558 11.92 0
1716293671817 11.85 0
1716293686666 11.97 0
1716293700899 11.82 0
1716293715135 11.71 0
1716293729158 11.59 0
1716293743431 11.82 0
1716293757672 11.78 0
1716293771859 11.77 0
1716293786239 11.92 0
1716293800943 11.82 0
1716293815401 11.82 0
1716293829930 12.0 0
1716293844053 11.63 0
1716293858271 11.78 0
1716293872457 11.77 0
1716293886513 11.61 0
1716293900836 11.91 0
1716293915121 11.78 0
1716293929748 11.65 0
1716293943824 11.67 0
1716293957894 11.69 0
1716293972312 11.91 0
1716293986465 11.71 0
1716294004512 11.99 0
1716294022304 11.77 0
1716294040403 11.76 0
1716294054670 11.8 0
1716294072587 11.85 0
1716294086866 11.83 0
1716294104596 11.65 0
1716294119149 12.08 0
1716294133359 11.76 0
1716294148178 11.82 0
1716294166060 11.88 0
1716294184133 12.0 0
1716294202175 11.9 0
1716294216522 11.83 0
1716294230868 11.71 0
1716294249463 12.02 0
1716294267212 11.8 0
1716294281652 11.84 0
1716294295971 11.84 0
1716294310301 11.87 0
1716294324644 11.82 0
1716294339153 11.99 0
1716294354154 11.79 0
1716294368580 11.9 0
1716294383024 11.98 0
1716294397277 11.73 0
1716294411623 11.85 0
1716294425883 11.9 0
1716294440060 11.79 0
1716294454310 11.95 0
1716294468288 11.67 0
1716294483109 11.86 0
1716294497342 11.91 0
1716294511584 11.94 0
1716294525818 11.91 0
1716294540224 11.86 0
1716294554506 11.86 0
1716294568722 11.86 0
1716294582799 11.78 0
1716294597099 11.91 0
1716294611793 11.79 0
1716294625855 11.76 0
1716294640014 11.87 0
1716294654011 11.68 0
1716294668053 11.75 0
1716294682247 11.86 0
1716294696388 11.74 0
1716294710479 11.73 0
1716294725136 12.14 0
1716294739377 11.92 0
1716294753790 11.99 0
1716294767996 11.8 0
1716294782302 11.87 0
1716294796533 11.92 0
1716294810762 11.78 0
1716294824845 11.74 0
1716294839190 11.91 0
1716294853995 11.81 0
1716294868207 11.91 0
1716294882572 11.87 0
1716294896818 11.78 0
1716294911044 11.89 0
1716294925205 11.84 0
1716294939493 11.97 0
1716294953666 11.81 0
1716294967984 11.92 0
1716294986414 11.83 0
1716295000657 11.85 0
1716295014758 11.74 0
1716295032550 11.86 0
1716295050087 11.71 0
1716295064132 11.59 0
1716295078286 11.83 0
1716295093000 11.94 0
1716295107035 11.74 0
1716295121140 11.78 0
1716295135342 11.81 0
1716295149585 11.91 0
1716295163732 11.84 0
1716295177838 11.75 0
1716295191947 11.81 0
1716295206106 11.72 0
1716295220700 11.82 0
1716295238433 11.89 0
1716295256010 11.69 0
1716295273623 11.75 0
1716295288008 12.05 0
1716295302044 11.72 0
1716295316116 11.72 0
1716295334165 11.76 0
1716295351845 11.81 0
1716295369736 11.94 0
1716295383998 11.91 0
1716295401685 11.65 0
1716295419459 11.83 0
1716295437796 11.77 0
1716295451906 11.72 0
1716295466262 11.69 0
1716295480456 11.82 0
1716295494566 11.66 0
1716295508763 11.8 0
1716295522956 11.83 0
1716295537221 11.82 0
1716295551444 11.85 0
1716295566398 11.83 0
1716295580465 11.71 0
1716295594739 11.83 0
1716295608978 11.85 0
1716295623107 11.84 0
1716295637273 11.82 0
1716295651575 11.91 0
1716295665898 11.9 0
1716295680155 11.84 0
1716295694927 11.81 0
1716295709067 11.81 0
1716295723164 11.76 0
1716295740879 11.81 0
1716295754971 11.75 0
1716295769180 11.9 0
1716295783173 11.7 0
1716295797331 11.83 0
1716295812016 11.92 0
1716295826091 11.73 0
1716295840235 11.79 0
1716295854439 11.86 0
1716295868925 11.98 0
1716295883086 11.8 0
1716295897399 11.98 0
1716295911588 11.81 0
1716295926226 11.84 0
1716295940676 11.99 0
1716295954986 11.88 0
1716295969217 11.89 0
1716295983506 11.88 0
1716295997694 11.83 0
1716296011940 11.87 0
1716296025952 11.68 0
1716296040250 11.98 0
1716296055141 12.01 0
1716296069517 11.85 0
1716296083713 11.83 0
1716296097932 11.84 0
1716296112111 11.83 0
1716296126416 12.01 0
1716296140599 11.83 0
1716296154715 11.75 0
1716296169123 12.03 0
1716296183365 11.94 0
1716296197805 11.65 0
1716296211996 11.77 0
1716296226260 11.89 0
1716296240698 11.84 0
1716296254706 11.69 0
1716296269159 12.06 0
1716296283314 11.77 0
1716296297479 11.8 0
1716296312334 11.92 0
1716296326704 11.95 0
1716296340940 11.91 0
1716296354924 11.67 0
1716296369179 11.89 0
1716296383579 12.05 0
1716296397725 11.8 0
1716296412195 11.97 0
1716296426529 11.98 0
1716296441162 11.82 0
1716296458984 11.71 0
1716296473138 11.84 0
1716296487371 11.9 0
1716296501609 11.88 0
1716296515853 11.89 0
1716296530130 11.82 0
1716296544436 11.97 0
1716296559133 11.83 0
1716296573338 11.87 0
1716296587449 11.8 0
1716296601507 11.75 0
1716296615748 11.86 0
1716296629871 11.79 0
1716296644006 11.74 0
1716296658253 11.92 0
1716296672400 11.74 0
1716296687075 11.82 0
1716296701222 11.73 0
1716296715576 11.98 0
1716296729989 12.0 0
1716296744277 11.92 0
1716296758411 11.74 0
1716296772621 11.86 0
1716296790479 11.78 0
1716296805185 11.85 0
1716296819425 11.85 0
1716296833766 12.0 0
1716296847927 11.82 0
1716296862098 11.76 0
1716296876405 11.93 0
1716296890632 11.76 0
1716296904852 11.84 0
1716296919042 11.82 0
1716296934053 12.06 0
1716296948341 11.87 0
1716296962574 11.85 0
1716296976636 11.71 0
1716296990841 11.83 0
1716297005166 11.94 0
1716297019300 11.75 0
1716297033634 11.87 0
1716297047864 11.84 0
1716297062596 11.91 0
1716297076893 11.92 0
1716297094777 11.94 0
1716297112768 11.98 0
1716297127048 11.8 0
1716297145033 11.92 0
1716297159503 12.1 0
1716297173577 11.74 0
1716297194879 11.8 0
1716297212504 11.71 0
1716297226730 11.83 0
1716297244417 11.76 0
1716297258535 11.74 0
1716297276843 11.75 0
1716297291150 11.87 0
1716297305433 11.85 0
1716297319557 11.75 0
1716297333960 12.04 0
1716297348398 11.88 0
1716297362733 11.91 0
1716297377000 11.86 0
1716297392057 12.05 0
1716297406503 11.85 0
1716297420927 12.0 0
1716297435276 11.98 0
1716297449712 11.95 0
1716297464063 11.94 0
1716297478257 11.8 0
1716297492458 11.76 0
1716297507108 12.24 0
1716297521349 11.8 0
1716297535710 11.82 0
1716297550210 11.98 0
1716297564397 11.76 0
1716297578476 11.71 0
1716297592504 11.67 0
1716297606611 11.71 0
1716297620796 11.76 0
1716297635429 11.73 0
1716297649649 11.83 0
1716297663816 11.8 0
1716297678150 11.92 0
1716297692510 11.94 0
1716297706886 11.9 0
1716297721115 11.74 0
1716297735497 11.87 0
1716297750253 11.82 0
1716297764761 11.94 0
1716297779175 11.94 0
1716297793597 11.86 0
1716297807821 11.78 0
1716297821918 11.68 0
1716297836165 11.9 0
1716297850557 12.0 0
1716297865069 12.1 0
1716297879390 11.92 0
1716297893883 12.04 0
1716297908500 12.04 0
1716297926271 11.76 0
1716297940483 11.82 0
1716297954788 11.92 0
1716297969237 11.93 0
1716297984177 12.0 0
1716297998384 11.7 0
1716298012594 11.74 0
1716298026871 11.8 0
1716298041070 11.81 0
1716298055451 11.99 0
1716298069659 11.77 0
1716298083989 11.9 0
1716298098280 11.82 0
1716298113188 11.79 0
1716298127526 11.96 0
1716298141922 11.9 0
1716298156048 11.71 0
1716298170364 11.91 0
1716298184535 11.77 0
1716298198786 11.86 0
1716298213053 11.86 0
1716298227752 11.8 0
1716298242109 11.77 0
1716298256346 11.74 0
1716298270605 11.78 0
1716298284851 11.8 0
1716298299158 11.84 0
1716298313717 11.93 0
1716298327965 11.84 0
1716298342996 11.96 0
1716298357427 11.86 0
1716298371664 11.84 0
1716298385983 11.81 0
1716298400103 11.73 0
1716298414399 11.91 0
1716298428510 11.74 0
1716298442882 11.89 0
1716298457813 11.99 0
1716298472026 11.78 0
1716298486333 11.91 0
1716298500618 11.93 0
1716298514862 11.85 0
1716298529051 11.78 0
1716298543260 11.81 0
1716298557547 11.87 0
1716298571974 11.99 0
1716298586795 11.87 0
1716298600966 11.72 0
1716298615311 11.84 0
1716298629631 11.77 0
1716298647368 11.76 0
1716298661721 11.92 0
1716298676170 11.87 0
1716298690427 11.89 0
1716298704995 11.71 0
1716298719352 11.87 0
1716298733590 11.78 0
1716298747702 11.69 0
1716298761903 11.81 0
1716298776107 11.81 0
1716298790380 11.8 0
1716298804975 12.09 0
1716298819732 11.83 0
1716298834068 11.89 0
1716298848330 11.83 0
1716298862500 11.71 0
1716298876948 11.98 0
1716298891282 11.81 0
1716298905491 11.75 0
1716298919814 11.87 0
1716298934304 11.77 0
1716298949065 11.71 0
1716298963272 11.72 0
1716298977518 11.82 0
1716298991646 11.69 0
1716299005984 11.88 0
1716299020303 11.8 0
1716299034555 11.84 0
1716299048970 11.97 0
1716299063987 11.72 0
1716299078311 11.75 0
1716299092831 11.92 0
1716299107469 11.93 0
1716299121819 11.79 0
1716299136150 11.9 0
1716299150351 11.79 0
1716299164698 11.91 0
1716299179456 11.79 0
1716299193585 11.74 0
1716299207891 11.82 0
1716299222102 11.82 0
1716299236233 11.69 0
1716299250565 11.92 0
1716299264904 11.79 0
1716299282667 11.77 0
1716299300897 11.82 0
1716299315338 11.69 0
1716299329543 11.73 0
1716299343830 11.83 0
1716299358140 11.84 0
1716299379478 11.86 0
1716299397468 11.64 0
1716299415420 11.8 0
1716299429798 11.91 0
1716299444143 11.93 0
1716299458506 11.93 0
1716299472993 11.82 0
1716299487266 11.87 0
1716299501609 11.9 0
1716299516498 11.86 0
1716299530926 11.96 0
1716299545125 11.66 0
1716299559396 11.86 0
1716299573877 11.83 0
1716299588230 11.93 0
1716299602622 11.95 0
1716299617021 11.91 0
1716299631819 11.83 0
1716299646197 11.83 0
1716299660689 11.7 0
1716299675020 11.77 0
1716299689391 11.8 0
1716299703630 11.75 0
1716299717888 11.78 0
1716299732244 11.81 0
1716299747377 11.92 0
1716299761809 11.94 0
1716299775969 11.72 0
1716299790235 11.81 0
1716299804472 11.67 0
1716299818900 11.86 0
1716299833221 11.77 0
1716299847561 11.82 0
1716299862421 11.83 0
1716299876723 11.85 0
1716299891280 12.02 0
1716299905628 11.87 0
1716299919892 11.82 0
1716299934120 11.78 0
1716299948515 11.89 0
1716299962992 11.96 0
1716299977739 11.83 0
1716299992036 11.86 0
1716300006573 12.07 0
1716300020918 11.89 0
1716300035362 12.02 0
1716300049838 11.93 0
1716300064205 11.87 0
1716300078608 11.71 0
1716300093378 11.77 0
1716300111950 11.8 0
1716300126192 11.73 0
1716300140654 12.02 0
1716300155381 11.84 0
1716300169667 11.82 0
1716300183931 11.68 0
1716300198235 11.8 0
1716300212990 11.84 0
1716300227419 11.83 0
1716300241735 11.81 0
1716300256216 12.02 0
1716300270587 11.89 0
1716300284755 11.73 0
1716300299255 12.05 0
1716300313549 11.84 0
1716300328375 11.72 0
1716300342706 11.86 0
1716300357030 11.85 0
1716300371502 11.99 0
1716300385895 11.95 0
1716300399989 11.76 0
1716300414023 11.76 0
1716300428321 11.91 0
1716300443002 11.78 0
1716300457144 11.79 0
1716300471389 11.82 0
1716300485676 11.93 0
1716300499781 11.78 0
1716300513878 11.78 0
1716300527911 11.71 0
1716300542081 11.86 0
1716300556743 12.36 0
1716300571249 11.89 0
1716300585417 11.87 0
1716300599548 11.82 0
1716300613642 11.81 0
1716300628096 12.05 0
1716300642366 11.81 0
1716300656566 11.88 0
1716300670672 11.81 0
1716300685407 11.96 0
1716300699752 11.8 0
1716300713900 11.84 0
1716300728019 11.84 0
1716300742163 11.85 0
1716300756479 11.95 0
1716300770959 11.97 0
1716300785091 11.72 0
1716300799204 11.68 0
1716300814463 12.0 0
1716300832213 11.94 0
1716300846505 11.9 0
1716300860753 11.92 0
1716300875050 11.75 0
1716300889266 11.76 0
1716300903587 11.94 0
1716300917828 11.88 0
1716300932499 11.8 0
1716300946794 11.88 0
1716300960902 11.81 0
1716300975470 12.05 0
1716300989898 12.05 0
1716301004220 11.99 0
1716301018524 12.04 0
1716301032732 11.93 0
1716301047012 11.87 0
1716301061256 11.95 0
1716301076247 11.97 0
1716301090372 11.84 0
1716301104597 11.91 0
1716301118626 11.71 0
1716301132803 11.86 0
1716301147059 11.95 0
1716301161283 11.84 0
1716301175286 11.66 0
1716301189890 11.84 0
1716301204106 11.86 0
1716301218418 11.94 0
1716301232800 11.89 0
1716301246972 11.89 0
1716301261223 11.95 0
1716301275299 11.77 0
1716301292965 11.81 0
1716301307104 11.78 0
1716301321996 11.94 0
1716301336230 11.91 0
1716301350300 11.75 0
1716301364575 11.94 0
1716301378704 11.81 0
1716301392912 11.87 0
1716301407373 12.02 0
1716301421662 11.93 0
1716301436337 11.92 0
1716301450557 11.89 0
1716301464812 11.96 0
1716301479117 11.95 0
1716301493358 11.89 0
1716301507503 11.82 0
1716301521915 12.06 0
1716301536129 11.89 0
1716301554099 12.06 0
1716301569330 11.91 0
1716301583637 12.02 0
1716301597825 11.83 0
1716301612148 11.95 0
1716301626477 11.98 0
1716301640845 12.05 0
1716301655080 11.88 0
1716301669293 11.83 0
1716301684126 11.87 0
1716301698449 11.97 0
1716301712750 12.01 0
1716301726891 11.84 0
1716301741030 11.8 0
1716301755080 11.74 0
1716301769376 11.96 0
1716301783642 11.94 0
1716301797809 11.86 0
1716301812243 12.11 0
1716301826288 11.76 0
1716301840620 12.01 0
1716301854815 11.89 0
1716301868863 11.76 0
1716301882932 11.77 0
1716301897070 11.81 0
1716301911129 11.75 0
1716301925344 11.82 0
1716301940048 11.89 0
1716301954476 12.01 0
1716301968750 12.01 0
1716301982924 11.88 0
1716301997143 11.93 0
1716302011482 11.99 0
1716302025526 11.71 0
1716302039975 11.99 0
1716302054212 11.85 0
1716302068980 12.44 0
1716302083114 11.82 0
1716302097384 11.78 0
1716302111437 11.72 0
1716302125671 11.85 0
1716302139978 11.95 0
1716302154427 11.93 0
1716302168828 12.08 0
1716302182875 11.69 0
1716302198384 11.72 0
1716302212475 11.73 0
1716302226853 11.99 0
1716302241002 11.76 0
1716302255346 11.91 0
1716302273130 11.78 0
1716302287432 11.91 0
1716302301607 11.85 0
1716302316624 12.01 0
1716302330955 11.91 0
1716302345199 11.84 0
1716302359478 11.73 0
1716302373851 11.8 0
1716302388223 11.99 0
1716302402482 11.83 0
1716302416952 11.98 0
1716302431121 11.78 0
1716302446700 11.87 0
1716302460876 11.79 0
1716302475059 11.71 0
1716302489399 11.83 0
1716302503695 11.87 0
1716302517832 11.77 0
1716302531939 11.6 0
1716302546320 11.86 0
1716302560642 11.91 0
1716302577026 11.91 0
1716302591313 11.91 0
1716302605808 12.1 0
1716302620212 11.95 0
1716302634723 11.97 0
1716302648983 11.86 0
1716302663194 11.78 0
1716302677656 12.01 0
1716302691962 11.83 0
1716302707065 12.02 0
1716302721213 11.74 0
1716302735404 11.83 0
1716302749573 11.77 0
1716302763748 11.81 0
1716302778006 11.87 0
1716302792090 11.68 0
1716302806583 11.95 0
1716302820832 11.81 0
1716302835807 11.97 0
1716302850248 11.97 0
1716302864537 11.95 0
1716302878917 12.02 0
1716302893216 11.96 0
1716302907558 11.9 0
1716302922657 11.98 0
1716302937104 11.98 0
1716302952120 12.67 0
1716302966175 11.68 0
1716302981156 12.01 0
