1716287932284 0.002 0
1716287970707 0.002 1
1716287988092 0.002 2
1716288006521 0.002 3
1716288024267 0.00199 4
1716288041788 0.00199 5
1716288059513 0.00199 6
1716288077325 0.00199 7
1716288095056 0.00199 8
1716288112792 0.00199 9
1716288130377 0.00198 10
1716288148413 0.00198 11
1716288166066 0.00198 12
1716288183816 0.00198 13
1716288201505 0.00198 14
1716288219328 0.00197 15
1716288237268 0.00197 16
1716288254994 0.00197 17
1716288273147 0.00197 18
1716288290923 0.00197 19
1716288309013 0.00197 20
1716288326836 0.00196 21
1716288344650 0.00196 22
1716288362110 0.00196 23
1716288380143 0.00196 24
1716288397615 0.00196 25
1716288415225 0.00195 26
1716288432843 0.00195 27
1716288450570 0.00195 28
1716288468177 0.00195 29
1716288486115 0.00195 30
1716288503950 0.00195 31
1716288522043 0.00194 32
1716288540039 0.00194 33
1716288557578 0.00194 34
1716288575190 0.00194 35
1716288592896 0.00194 36
1716288610520 0.00194 37
1716288628360 0.00193 38
1716288646589 0.00193 39
1716288664447 0.00193 40
1716288682222 0.00193 41
1716288699707 0.00193 42
1716288717278 0.00192 43
1716288735039 0.00192 44
1716288752797 0.00192 45
1716288771121 0.00192 46
1716288788995 0.00192 47
1716288806584 0.00192 48
1716288824450 0.00191 49
1716288843548 0.00191 50
1716288861315 0.00191 51
1716288878869 0.00191 52
1716288897537 0.00191 53
1716288915196 0.0019 54
1716288932572 0.0019 55
1716288950104 0.0019 56
1716288967814 0.0019 57
1716288985458 0.0019 58
1716289003106 0.0019 59
1716289020795 0.00189 60
1716289038663 0.00189 61
1716289056414 0.00189 62
1716289074042 0.00189 63
1716289091742 0.00189 64
1716289105966 0.00188 65
1716289123557 0.00188 66
1716289141125 0.00188 67
1716289155809 0.00188 68
1716289173600 0.00188 69
1716289191213 0.00188 70
1716289209223 0.00187 71
1716289223365 0.00187 72
1716289237620 0.00187 73
1716289255435 0.00187 74
1716289273540 0.00187 75
1716289291821 0.00186 76
1716289309774 0.00186 77
1716289327504 0.00186 78
1716289345243 0.00186 79
1716289359695 0.00186 80
1716289373964 0.00186 81
1716289388362 0.00185 82
1716289403086 0.00185 83
1716289417437 0.00185 84
1716289431692 0.00185 85
1716289445987 0.00185 86
1716289460090 0.00184 87
1716289474452 0.00184 88
1716289488587 0.00184 89
1716289502950 0.00184 90
1716289517191 0.00184 91
1716289531700 0.00184 92
1716289545945 0.00183 93
1716289563646 0.00183 94
1716289581252 0.00183 95
1716289598743 0.00183 96
1716289616389 0.00183 97
1716289634237 0.00182 98
1716289652283 0.00182 99
1716289673443 0.00182 100
1716289690843 0.00182 101
1716289708543 0.00182 102
1716289722728 0.00182 103
1716289740658 0.00181 104
1716289754809 0.00181 105
1716289772590 0.00181 106
1716289790961 0.00181 107
1716289805210 0.00181 108
1716289823072 0.0018 109
1716289840726 0.0018 110
1716289858464 0.0018 111
1716289872736 0.0018 112
1716289887250 0.0018 113
1716289901417 0.0018 114
1716289916087 0.00179 115
1716289930253 0.00179 116
1716289944599 0.00179 117
1716289958904 0.00179 118
1716289973129 0.00179 119
1716289987318 0.00178 120
1716290001580 0.00178 121
1716290015732 0.00178 122
1716290033722 0.00178 123
1716290051565 0.00178 124
1716290069680 0.00178 125
1716290087487 0.00177 126
1716290105050 0.00177 127
1716290122842 0.00177 128
1716290140632 0.00177 129
1716290158484 0.00177 130
1716290175953 0.00176 131
1716290193558 0.00176 132
1716290211125 0.00176 133
1716290228813 0.00176 134
1716290246700 0.00176 135
1716290264338 0.00176 136
1716290282098 0.00175 137
1716290300264 0.00175 138
1716290318083 0.00175 139
1716290335599 0.00175 140
1716290350052 0.00175 141
1716290364259 0.00174 142
1716290381877 0.00174 143
1716290399974 0.00174 144
1716290417529 0.00174 145
1716290435144 0.00174 146
1716290452934 0.00174 147
1716290470759 0.00173 148
1716290488613 0.00173 149
1716290509829 0.00173 150
1716290524259 0.00173 151
1716290541988 0.00173 152
1716290556144 0.00172 153
1716290573959 0.00172 154
1716290591819 0.00172 155
1716290606047 0.00172 156
1716290623873 0.00172 157
1716290642322 0.00172 158
1716290656543 0.00171 159
1716290670744 0.00171 160
1716290685026 0.00171 161
1716290699380 0.00171 162
1716290713639 0.00171 163
1716290728184 0.0017 164
1716290742521 0.0017 165
1716290756965 0.0017 166
1716290771749 0.0017 167
1716290786049 0.0017 168
1716290800199 0.00169 169
1716290814596 0.00169 170
1716290828681 0.00169 171
1716290842800 0.00169 172
1716290856847 0.00169 173
1716290871101 0.00169 174
1716290885739 0.00168 175
1716290899837 0.00168 176
1716290914139 0.00168 177
1716290928412 0.00168 178
1716290942555 0.00168 179
1716290956710 0.00167 180
1716290970898 0.00167 181
1716290985189 0.00167 182
1716290999563 0.00167 183
1716291014414 0.00167 184
1716291028725 0.00167 185
1716291042953 0.00166 186
1716291057111 0.00166 187
1716291071417 0.00166 188
1716291085838 0.00166 189
1716291100138 0.00166 190
1716291114543 0.00165 191
1716291129599 0.00165 192
1716291143895 0.00165 193
1716291158392 0.00165 194
1716291172688 0.00165 195
1716291187094 0.00165 196
1716291205203 0.00164 197
1716291223005 0.00164 198
1716291237201 0.00164 199
1716291259384 0.00164 200
1716291273558 0.00164 201
1716291287819 0.00163 202
1716291302065 0.00163 203
1716291316248 0.00163 204
1716291330522 0.00163 205
1716291348353 0.00163 206
1716291366590 0.00163 207
1716291384173 0.00162 208
1716291401612 0.00162 209
1716291419218 0.00162 210
1716291436803 0.00162 211
1716291450980 0.00162 212
1716291465322 0.00161 213
1716291483204 0.00161 214
1716291498088 0.00161 215
1716291515837 0.00161 216
1716291530055 0.00161 217
1716291544244 0.0016 218
1716291562215 0.0016 219
1716291580036 0.0016 220
1716291594166 0.0016 221
1716291608642 0.0016 222
1716291626951 0.0016 223
1716291644711 0.00159 224
1716291658823 0.00159 225
1716291676682 0.00159 226
1716291690826 0.00159 227
1716291704981 0.00159 228
1716291719320 0.00158 229
1716291733408 0.00158 230
1716291747993 0.00158 231
1716291762321 0.00158 232
1716291776469 0.00158 233
1716291790817 0.00158 234
1716291804915 0.00157 235
1716291819199 0.00157 236
1716291833207 0.00157 237
1716291847404 0.00157 238
1716291861356 0.00157 239
1716291876212 0.00156 240
1716291890373 0.00156 241
1716291904414 0.00156 242
1716291918651 0.00156 243
1716291932821 0.00156 244
1716291946989 0.00155 245
1716291961214 0.00155 246
1716291975217 0.00155 247
1716291989345 0.00155 248
1716292003962 0.00155 249
1716292021527 0.00155 250
1716292038971 0.00154 251
1716292056685 0.00154 252
1716292070767 0.00154 253
1716292088549 0.00154 254
1716292102778 0.00154 255
1716292117059 0.00153 256
1716292131806 0.00153 257
1716292146189 0.00153 258
1716292160380 0.00153 259
1716292174641 0.00153 260
1716292188886 0.00153 261
1716292203092 0.00152 262
1716292217244 0.00152 263
1716292231486 0.00152 264
1716292246097 0.00152 265
1716292260408 0.00152 266
1716292274925 0.00151 267
1716292289222 0.00151 268
1716292303406 0.00151 269
1716292321181 0.00151 270
1716292335386 0.00151 271
1716292349534 0.0015 272
1716292363563 0.0015 273
1716292378125 0.0015 274
1716292392406 0.0015 275
1716292406591 0.0015 276
1716292420589 0.0015 277
1716292434659 0.00149 278
1716292448815 0.00149 279
1716292462973 0.00149 280
1716292477240 0.00149 281
1716292491427 0.00149 282
1716292506216 0.00148 283
1716292520379 0.00148 284
1716292534579 0.00148 285
1716292548769 0.00148 286
1716292563027 0.00148 287
1716292577158 0.00148 288
1716292591367 0.00147 289
1716292605615 0.00147 290
1716292619860 0.00147 291
1716292634241 0.00147 292
1716292648511 0.00147 293
1716292662668 0.00146 294
1716292677038 0.00146 295
1716292691401 0.00146 296
1716292705798 0.00146 297
1716292720106 0.00146 298
1716292734280 0.00145 299
1716292752953 0.00145 300
1716292767022 0.00145 301
1716292781267 0.00145 302
1716292795508 0.00145 303
1716292809804 0.00145 304
1716292827588 0.00144 305
1716292845281 0.00144 306
1716292860038 0.00144 307
1716292877701 0.00144 308
1716292891708 0.00144 309
1716292909756 0.00143 310
1716292927390 0.00143 311
1716292941606 0.00143 312
1716292959384 0.00143 313
1716292977221 0.00143 314
1716292994839 0.00142 315
1716293012544 0.00142 316
1716293026855 0.00142 317
1716293041157 0.00142 318
1716293055305 0.00142 319
1716293070065 0.00142 320
1716293084385 0.00141 321
1716293098604 0.00141 322
1716293112775 0.00141 323
1716293127092 0.00141 324
1716293141793 0.00141 325
1716293155995 0.0014 326
1716293170179 0.0014 327
1716293184737 0.0014 328
1716293199453 0.0014 329
1716293213518 0.0014 330
1716293227781 0.00139 331
1716293242123 0.00139 332
1716293256669 0.00139 333
1716293270832 0.00139 334
1716293284776 0.00139 335
1716293299090 0.00139 336
1716293313256 0.00138 337
1716293327856 0.00138 338
1716293342243 0.00138 339
1716293356341 0.00138 340
1716293370514 0.00138 341
1716293384784 0.00137 342
1716293398912 0.00137 343
1716293413267 0.00137 344
1716293427331 0.00137 345
1716293442106 0.00137 346
1716293456239 0.00136 347
1716293470575 0.00136 348
1716293484819 0.00136 349
1716293502802 0.00136 350
1716293517047 0.00136 351
1716293531099 0.00136 352
1716293545811 0.00135 353
1716293560040 0.00135 354
1716293574286 0.00135 355
1716293588543 0.00135 356
1716293603039 0.00135 357
1716293617280 0.00134 358
1716293631558 0.00134 359
1716293645629 0.00134 360
1716293659955 0.00134 361
1716293674680 0.00134 362
1716293689066 0.00133 363
1716293703410 0.00133 364
1716293717560 0.00133 365
1716293731600 0.00133 366
1716293745872 0.00133 367
1716293760078 0.00133 368
1716293774305 0.00132 369
1716293789100 0.00132 370
1716293803571 0.00132 371
1716293817915 0.00132 372
1716293832412 0.00132 373
1716293846484 0.00131 374
1716293860672 0.00131 375
1716293874892 0.00131 376
1716293888911 0.00131 377
1716293903324 0.00131 378
1716293918084 0.0013 379
1716293932140 0.0013 380
1716293946193 0.0013 381
1716293960392 0.0013 382
1716293974744 0.0013 383
1716293992508 0.0013 384
1716294010523 0.00129 385
1716294028626 0.00129 386
1716294042861 0.00129 387
1716294060728 0.00129 388
1716294075031 0.00129 389
1716294092934 0.00128 390
1716294107055 0.00128 391
1716294121588 0.00128 392
1716294136351 0.00128 393
1716294154166 0.00128 394
1716294172122 0.00127 395
1716294190270 0.00127 396
1716294204675 0.00127 397
1716294219150 0.00127 398
1716294237429 0.00127 399
1716294255395 0.00126 400
1716294269796 0.00126 401
1716294284110 0.00126 402
1716294298420 0.00126 403
1716294312815 0.00126 404
1716294327149 0.00126 405
1716294342351 0.00125 406
1716294356669 0.00125 407
1716294371035 0.00125 408
1716294385536 0.00125 409
1716294399753 0.00125 410
1716294413960 0.00124 411
1716294428256 0.00124 412
1716294442347 0.00124 413
1716294456602 0.00124 414
1716294471234 0.00124 415
1716294485427 0.00123 416
1716294499636 0.00123 417
1716294513897 0.00123 418
1716294528352 0.00123 419
1716294542628 0.00123 420
1716294556848 0.00122 421
1716294571012 0.00122 422
1716294585173 0.00122 423
1716294599984 0.00122 424
1716294614085 0.00122 425
1716294628132 0.00122 426
1716294642323 0.00121 427
1716294656292 0.00121 428
1716294670378 0.00121 429
1716294684632 0.00121 430
1716294698732 0.00121 431
1716294712991 0.0012 432
1716294727450 0.0012 433
1716294741793 0.0012 434
1716294756177 0.0012 435
1716294770424 0.0012 436
1716294784599 0.00119 437
1716294798971 0.00119 438
1716294813089 0.00119 439
1716294827262 0.00119 440
1716294842178 0.00119 441
1716294856286 0.00118 442
1716294870699 0.00118 443
1716294885025 0.00118 444
1716294899134 0.00118 445
1716294913353 0.00118 446
1716294927515 0.00118 447
1716294941843 0.00117 448
1716294956055 0.00117 449
1716294974569 0.00117 450
1716294988805 0.00117 451
1716295003009 0.00117 452
1716295020681 0.00116 453
1716295038359 0.00116 454
1716295052533 0.00116 455
1716295066433 0.00116 456
1716295081054 0.00116 457
1716295095286 0.00115 458
1716295109346 0.00115 459
1716295123523 0.00115 460
1716295137667 0.00115 461
1716295151878 0.00115 462
1716295166074 0.00114 463
1716295180108 0.00114 464
1716295194379 0.00114 465
1716295208867 0.00114 466
1716295226516 0.00114 467
1716295244309 0.00114 468
1716295261853 0.00113 469
1716295275951 0.00113 470
1716295290309 0.00113 471
1716295304379 0.00113 472
1716295322400 0.00113 473
1716295340024 0.00112 474
1716295357787 0.00112 475
1716295372081 0.00112 476
1716295390024 0.00112 477
1716295407623 0.00112 478
1716295426017 0.00111 479
1716295440171 0.00111 480
1716295454564 0.00111 481
1716295468621 0.00111 482
1716295482890 0.00111 483
1716295496955 0.0011 484
1716295511119 0.0011 485
1716295525393 0.0011 486
1716295539586 0.0011 487
1716295554561 0.0011 488
1716295568749 0.00109 489
1716295582893 0.00109 490
1716295597115 0.00109 491
1716295611260 0.00109 492
1716295625437 0.00109 493
1716295639649 0.00109 494
1716295653976 0.00108 495
1716295668295 0.00108 496
1716295683105 0.00108 497
1716295697253 0.00108 498
1716295711397 0.00108 499
1716295729051 0.00107 500
1716295743211 0.00107 501
1716295757273 0.00107 502
1716295771467 0.00107 503
1716295785491 0.00107 504
1716295800085 0.00106 505
1716295814353 0.00106 506
1716295828436 0.00106 507
1716295842565 0.00106 508
1716295856931 0.00106 509
1716295871266 0.00105 510
1716295885404 0.00105 511
1716295899770 0.00105 512
1716295914372 0.00105 513
1716295928675 0.00105 514
1716295943098 0.00104 515
1716295957315 0.00104 516
1716295971608 0.00104 517
1716295985839 0.00104 518
1716296000063 0.00104 519
1716296014260 0.00104 520
1716296028259 0.00103 521
1716296043113 0.00103 522
1716296057657 0.00103 523
1716296071869 0.00103 524
1716296086064 0.00103 525
1716296100267 0.00102 526
1716296114392 0.00102 527
1716296128753 0.00102 528
1716296142956 0.00102 529
1716296157083 0.00102 530
1716296171416 0.00101 531
1716296186145 0.00101 532
1716296200202 0.00101 533
1716296214359 0.00101 534
1716296228844 0.00101 535
1716296243006 0.001 536
1716296257082 0.001 537
1716296271534 0.001 538
1716296285664 0.001 539
1716296300398 0.001 540
1716296314741 0.00099 541
1716296329010 0.00099 542
1716296343245 0.00099 543
1716296357283 0.00099 544
1716296371522 0.00099 545
1716296385917 0.00098 546
1716296400212 0.00098 547
1716296414538 0.00098 548
1716296429331 0.00098 549
1716296447261 0.00098 550
1716296461285 0.00097 551
1716296475463 0.00097 552
1716296489718 0.00097 553
1716296503947 0.00097 554
1716296518301 0.00097 555
1716296532454 0.00097 556
1716296547292 0.00096 557
1716296561456 0.00096 558
1716296575637 0.00096 559
1716296589742 0.00096 560
1716296603882 0.00096 561
1716296618068 0.00095 562
1716296632255 0.00095 563
1716296646323 0.00095 564
1716296660649 0.00095 565
1716296675245 0.00095 566
1716296689475 0.00094 567
1716296703584 0.00094 568
1716296717982 0.00094 569
1716296732347 0.00094 570
1716296746657 0.00094 571
1716296760748 0.00093 572
1716296778685 0.00093 573
1716296793318 0.00093 574
1716296807558 0.00093 575
1716296821750 0.00093 576
1716296836100 0.00092 577
1716296850329 0.00092 578
1716296864465 0.00092 579
1716296878858 0.00092 580
1716296893005 0.00092 581
1716296907210 0.00091 582
1716296921991 0.00091 583
1716296936467 0.00091 584
1716296950711 0.00091 585
1716296964918 0.00091 586
1716296979003 0.0009 587
1716296993219 0.0009 588
1716297007534 0.0009 589
1716297021756 0.0009 590
1716297036007 0.0009 591
1716297050676 0.00089 592
1716297064964 0.00089 593
1716297082816 0.00089 594
1716297100765 0.00089 595
1716297115235 0.00089 596
1716297133098 0.00088 597
1716297147393 0.00088 598
1716297161830 0.00088 599
1716297183073 0.00088 600
1716297200779 0.00088 601
1716297214890 0.00087 602
1716297232647 0.00087 603
1716297246787 0.00087 604
1716297265084 0.00087 605
1716297279274 0.00087 606
1716297293566 0.00086 607
1716297307797 0.00086 608
1716297321909 0.00086 609
1716297336509 0.00086 610
1716297350820 0.00086 611
1716297365120 0.00086 612
1716297380002 0.00085 613
1716297394645 0.00085 614
1716297408910 0.00085 615
1716297423288 0.00085 616
1716297437753 0.00085 617
1716297452112 0.00084 618
1716297466441 0.00084 619
1716297480681 0.00084 620
1716297494858 0.00084 621
1716297509533 0.00084 622
1716297523868 0.00083 623
1716297538217 0.00083 624
1716297552623 0.00083 625
1716297566758 0.00083 626
1716297580815 0.00083 627
1716297594885 0.00082 628
1716297609023 0.00082 629
1716297623689 0.00082 630
1716297637804 0.00082 631
1716297652005 0.00082 632
1716297666202 0.00081 633
1716297680555 0.00081 634
1716297694966 0.00081 635
1716297709368 0.00081 636
1716297723616 0.00081 637
1716297738425 0.0008 638
1716297752808 0.0008 639
1716297767228 0.0008 640
1716297781711 0.0008 641
1716297796028 0.0008 642
1716297810227 0.00079 643
1716297824257 0.00079 644
1716297838539 0.00079 645
1716297852954 0.00079 646
1716297867460 0.00079 647
1716297881832 0.00078 648
1716297896451 0.00078 649
1716297914503 0.00078 650
1716297928653 0.00078 651
1716297942859 0.00078 652
1716297957296 0.00077 653
1716297972162 0.00077 654
1716297986675 0.00077 655
1716298000839 0.00077 656
1716298015060 0.00077 657
1716298029247 0.00076 658
1716298043453 0.00076 659
1716298057883 0.00076 660
1716298072081 0.00076 661
1716298086447 0.00076 662
1716298101388 0.00075 663
1716298115553 0.00075 664
1716298130011 0.00075 665
1716298144327 0.00075 666
1716298158433 0.00075 667
1716298172755 0.00074 668
1716298186918 0.00074 669
1716298201182 0.00074 670
1716298215939 0.00074 671
1716298230329 0.00074 672
1716298244592 0.00073 673
1716298258811 0.00073 674
1716298273027 0.00073 675
1716298287301 0.00073 676
1716298301776 0.00073 677
1716298316110 0.00072 678
1716298331018 0.00072 679
1716298345552 0.00072 680
1716298359808 0.00072 681
1716298374153 0.00072 682
1716298388360 0.00071 683
1716298402474 0.00071 684
1716298416756 0.00071 685
1716298430982 0.00071 686
1716298445812 0.00071 687
1716298460234 0.0007 688
1716298474419 0.0007 689
1716298488678 0.0007 690
1716298503003 0.0007 691
1716298517260 0.0007 692
1716298531440 0.00069 693
1716298545661 0.00069 694
1716298559970 0.00069 695
1716298574910 0.00069 696
1716298589232 0.00068 697
1716298603459 0.00068 698
1716298617853 0.00068 699
1716298635596 0.00068 700
1716298649769 0.00068 701
1716298664285 0.00067 702
1716298678527 0.00067 703
1716298693272 0.00067 704
1716298707466 0.00067 705
1716298721803 0.00067 706
1716298735997 0.00066 707
1716298750083 0.00066 708
1716298764275 0.00066 709
1716298778563 0.00066 710
1716298792872 0.00066 711
1716298807897 0.00065 712
1716298822166 0.00065 713
1716298836489 0.00065 714
1716298850775 0.00065 715
1716298864955 0.00065 716
1716298879456 0.00064 717
1716298893729 0.00064 718
1716298907925 0.00064 719
1716298922525 0.00064 720
1716298937346 0.00064 721
1716298951549 0.00063 722
1716298965684 0.00063 723
1716298979942 0.00063 724
1716298994089 0.00063 725
1716299008488 0.00063 726
1716299022707 0.00062 727
1716299036994 0.00062 728
1716299052258 0.00062 729
1716299066553 0.00062 730
1716299080888 0.00062 731
1716299095519 0.00061 732
1716299110016 0.00061 733
1716299124243 0.00061 734
1716299138547 0.00061 735
1716299152772 0.00061 736
1716299167653 0.0006 737
1716299181834 0.0006 738
1716299196061 0.0006 739
1716299210273 0.0006 740
1716299224534 0.00059 741
1716299238632 0.00059 742
1716299253097 0.00059 743
1716299270886 0.00059 744
1716299289067 0.00059 745
1716299303635 0.00058 746
1716299317802 0.00058 747
1716299331990 0.00058 748
1716299346288 0.00058 749
1716299367608 0.00058 750
1716299385813 0.00057 751
1716299403610 0.00057 752
1716299417877 0.00057 753
1716299432194 0.00057 754
1716299446536 0.00057 755
1716299461160 0.00056 756
1716299475388 0.00056 757
1716299489701 0.00056 758
1716299504622 0.00056 759
1716299518961 0.00056 760
1716299533457 0.00055 761
1716299547531 0.00055 762
1716299562037 0.00055 763
1716299576285 0.00055 764
1716299590649 0.00055 765
1716299605100 0.00054 766
1716299619975 0.00054 767
1716299634356 0.00054 768
1716299648977 0.00054 769
1716299663241 0.00053 770
1716299677582 0.00053 771
1716299691870 0.00053 772
1716299706092 0.00053 773
1716299720424 0.00053 774
1716299735453 0.00052 775
1716299749865 0.00052 776
1716299764243 0.00052 777
1716299778417 0.00052 778
1716299792787 0.00052 779
1716299807030 0.00051 780
1716299821431 0.00051 781
1716299835730 0.00051 782
1716299850585 0.00051 783
1716299864861 0.00051 784
1716299879254 0.0005 785
1716299893750 0.0005 786
1716299908059 0.0005 787
1716299922326 0.0005 788
1716299936610 0.0005 789
1716299950938 0.00049 790
1716299965896 0.00049 791
1716299980163 0.00049 792
1716299994491 0.00049 793
1716300009018 0.00048 794
1716300023329 0.00048 795
1716300037897 0.00048 796
1716300052314 0.00048 797
1716300066885 0.00048 798
1716300081595 0.00047 799
1716300100139 0.00047 800
1716300114450 0.00047 801
1716300128615 0.00047 802
1716300143527 0.00047 803
1716300157832 0.00046 804
1716300172240 0.00046 805
1716300186412 0.00046 806
1716300201124 0.00046 807
1716300215573 0.00046 808
1716300229914 0.00045 809
1716300244183 0.00045 810
1716300258679 0.00045 811
1716300273015 0.00045 812
1716300287193 0.00044 813
1716300301699 0.00044 814
1716300316651 0.00044 815
1716300330831 0.00044 816
1716300345168 0.00044 817
1716300359499 0.00043 818
1716300373931 0.00043 819
1716300388214 0.00043 820
1716300402249 0.00043 821
1716300416399 0.00043 822
1716300431206 0.00042 823
1716300445340 0.00042 824
1716300459556 0.00042 825
1716300473735 0.00042 826
1716300487989 0.00041 827
1716300502088 0.00041 828
1716300516191 0.00041 829
1716300530213 0.00041 830
1716300544372 0.00041 831
1716300559348 0.0004 832
1716300573540 0.0004 833
1716300587723 0.0004 834
1716300601822 0.0004 835
1716300616040 0.0004 836
1716300630546 0.00039 837
1716300644674 0.00039 838
1716300658851 0.00039 839
1716300673437 0.00039 840
1716300687940 0.00038 841
1716300702050 0.00038 842
1716300716166 0.00038 843
1716300730306 0.00038 844
1716300744517 0.00038 845
1716300758978 0.00037 846
1716300773363 0.00037 847
1716300787517 0.00037 848
1716300802450 0.00037 849
1716300820263 0.00036 850
1716300834577 0.00036 851
1716300848820 0.00036 852
1716300863294 0.00036 853
1716300877499 0.00036 854
1716300891648 0.00035 855
1716300905936 0.00035 856
1716300920688 0.00035 857
1716300934899 0.00035 858
1716300949081 0.00035 859
1716300963404 0.00034 860
1716300977841 0.00034 861
1716300992219 0.00034 862
1716301006477 0.00034 863
1716301020782 0.00033 864
1716301035117 0.00033 865
1716301049298 0.00033 866
1716301064267 0.00033 867
1716301078517 0.00033 868
1716301092674 0.00032 869
1716301106896 0.00032 870
1716301120930 0.00032 871
1716301135100 0.00032 872
1716301149428 0.00031 873
1716301163614 0.00031 874
1716301178040 0.00031 875
1716301192239 0.00031 876
1716301206464 0.00031 877
1716301220892 0.0003 878
1716301235071 0.0003 879
1716301249256 0.0003 880
1716301263514 0.0003 881
1716301281149 0.00029 882
1716301295312 0.00029 883
1716301310043 0.00029 884
1716301324304 0.00029 885
1716301338543 0.00029 886
1716301352625 0.00028 887
1716301366885 0.00028 888
1716301381028 0.00028 889
1716301395346 0.00028 890
1716301409720 0.00027 891
1716301424410 0.00027 892
1716301438653 0.00027 893
1716301452838 0.00027 894
1716301467151 0.00027 895
1716301481459 0.00026 896
1716301495671 0.00026 897
1716301509840 0.00026 898
1716301524224 0.00026 899
1716301542029 0.00025 900
1716301557413 0.00025 901
1716301571604 0.00025 902
1716301585980 0.00025 903
1716301600188 0.00024 904
1716301614484 0.00024 905
1716301628778 0.00024 906
1716301643186 0.00024 907
1716301657452 0.00024 908
1716301672250 0.00023 909
1716301686463 0.00023 910
1716301700731 0.00023 911
1716301715043 0.00023 912
1716301729216 0.00022 913
1716301743329 0.00022 914
1716301757399 0.00022 915
1716301771689 0.00022 916
1716301785937 0.00022 917
1716301800098 0.00021 918
1716301814520 0.00021 919
1716301828604 0.00021 920
1716301842914 0.00021 921
1716301857097 0.0002 922
1716301871142 0.0002 923
1716301885246 0.0002 924
1716301899370 0.0002 925
1716301913514 0.00019 926
1716301928143 0.00019 927
1716301942452 0.00019 928
1716301956724 0.00019 929
1716301971033 0.00018 930
1716301985197 0.00018 931
1716301999481 0.00018 932
1716302013803 0.00018 933
1716302027971 0.00018 934
1716302042352 0.00017 935
1716302056533 0.00017 936
1716302071280 0.00017 937
1716302085591 0.00017 938
1716302099713 0.00016 939
1716302113807 0.00016 940
1716302128018 0.00016 941
1716302142491 0.00016 942
1716302156735 0.00015 943
1716302171172 0.00015 944
1716302186658 0.00015 945
1716302200731 0.00015 946
1716302214851 0.00014 947
1716302229227 0.00014 948
1716302243425 0.00014 949
1716302261341 0.00014 950
1716302275507 0.00013 951
1716302289749 0.00013 952
1716302304602 0.00013 953
1716302319031 0.00013 954
1716302333342 0.00013 955
1716302347732 0.00012 956
1716302362039 0.00012 957
1716302376219 0.00012 958
1716302390644 0.00012 959
1716302404960 0.00011 960
1716302419325 0.00011 961
1716302434821 0.00011 962
1716302449073 0.00011 963
1716302463325 0.0001 964
1716302477561 0.0001 965
1716302491816 0.0001 966
1716302506041 0.0001 967
1716302520334 9e-05 968
1716302534453 9e-05 969
1716302548719 9e-05 970
1716302565102 9e-05 971
1716302579394 8e-05 972
1716302593690 8e-05 973
1716302608237 8e-05 974
1716302622733 7e-05 975
1716302637118 7e-05 976
1716302651401 7e-05 977
1716302665629 7e-05 978
1716302680123 6e-05 979
1716302695030 6e-05 980
1716302709463 6e-05 981
1716302723559 6e-05 982
1716302737793 5e-05 983
1716302751929 5e-05 984
1716302766122 5e-05 985
1716302780393 5e-05 986
1716302794623 4e-05 987
1716302809014 4e-05 988
1716302823828 4e-05 989
1716302838269 3e-05 990
1716302852578 3e-05 991
1716302866884 3e-05 992
1716302881242 3e-05 993
1716302895645 2e-05 994
1716302910662 2e-05 995
1716302925117 2e-05 996
1716302939439 1e-05 997
1716302954486 1e-05 998
1716302969125 1e-05 999
