1707906947062 0.003 0
1707906971008 0.003 1
1707906985795 0.003 2
1707906996588 0.003 3
1707907007381 0.003 4
1707907018527 0.003 5
1707907029852 0.003 6
1707907041482 0.003 7
1707907056433 0.003 8
1707907067628 0.003 9
1707907081902 0.003 10
1707907094048 0.003 11
1707907108501 0.003 12
1707907122246 0.003 13
1707907134264 0.003 14
1707907147309 0.003 15
1707907161724 0.003 16
1707907173832 0.003 17
1707907187037 0.003 18
1707907199456 0.003 19
1707907214466 0.003 20
1707907227645 0.003 21
1707907240993 0.003 22
1707907253938 0.003 23
1707907268688 0.003 24
1707907282166 0.003 25
1707907293406 0.003 26
1707907305652 0.003 27
1707907318300 0.003 28
1707907331275 0.003 29
1707907343114 0.003 30
1707907356168 0.003 31
1707907372097 0.003 32
1707907387557 0.003 33
1707907402262 0.003 34
1707907416983 0.003 35
1707907431668 0.003 36
1707907446547 0.003 37
1707907461202 0.003 38
1707907471993 0.003 39
1707907482807 0.003 40
1707907493650 0.00299 41
1707907508651 0.00299 42
1707907519590 0.00299 43
1707907530401 0.00299 44
1707907545324 0.00299 45
1707907560176 0.00299 46
1707907575022 0.00299 47
1707907585819 0.00299 48
1707907596764 0.00299 49
1707907608028 0.00299 50
1707907623213 0.00299 51
1707907638120 0.00299 52
1707907653080 0.00299 53
1707907663922 0.00299 54
1707907678951 0.00299 55
1707907693848 0.00299 56
1707907708691 0.00299 57
1707907723715 0.00299 58
1707907734527 0.00299 59
1707907749375 0.00299 60
1707907764271 0.00299 61
1707907779166 0.00299 62
1707907790107 0.00299 63
1707907800932 0.00299 64
1707907811740 0.00299 65
1707907826543 0.00299 66
1707907841315 0.00299 67
1707907852144 0.00299 68
1707907863099 0.00298 69
1707907877922 0.00298 70
1707907892623 0.00298 71
1707907907378 0.00298 72
1707907918199 0.00298 73
1707907933314 0.00298 74
1707907948231 0.00298 75
1707907962976 0.00298 76
1707907977797 0.00298 77
1707907992770 0.00298 78
1707908007585 0.00298 79
1707908022352 0.00298 80
1707908038094 0.00298 81
1707908053010 0.00298 82
1707908067773 0.00298 83
1707908082512 0.00298 84
1707908097299 0.00298 85
1707908112122 0.00298 86
1707908126871 0.00298 87
1707908141743 0.00298 88
1707908152518 0.00297 89
1707908167281 0.00297 90
1707908182157 0.00297 91
1707908197077 0.00297 92
1707908207857 0.00297 93
1707908218636 0.00297 94
1707908233660 0.00297 95
1707908248687 0.00297 96
1707908263585 0.00297 97
1707908274385 0.00297 98
1707908285169 0.00297 99
1707908300129 0.00297 100
1707908311044 0.00297 101
1707908326059 0.00297 102
1707908340933 0.00297 103
1707908351718 0.00297 104
1707908366620 0.00296 105
1707908381469 0.00296 106
1707908396557 0.00296 107
1707908411649 0.00296 108
1707908426471 0.00296 109
1707908441301 0.00296 110
1707908456183 0.00296 111
1707908471024 0.00296 112
1707908481828 0.00296 113
1707908492626 0.00296 114
1707908503427 0.00296 115
1707908518267 0.00296 116
1707908533054 0.00296 117
1707908547803 0.00296 118
1707908558602 0.00295 119
1707908569432 0.00295 120
1707908584316 0.00295 121
1707908599353 0.00295 122
1707908610155 0.00295 123
1707908620966 0.00295 124
1707908635929 0.00295 125
1707908650723 0.00295 126
1707908665663 0.00295 127
1707908680471 0.00295 128
1707908695332 0.00295 129
1707908710189 0.00295 130
1707908725189 0.00294 131
1707908740053 0.00294 132
1707908754879 0.00294 133
1707908769678 0.00294 134
1707908780489 0.00294 135
1707908795405 0.00294 136
1707908810330 0.00294 137
1707908821134 0.00294 138
1707908836045 0.00294 139
1707908851039 0.00294 140
1707908866017 0.00294 141
1707908880875 0.00294 142
1707908895707 0.00293 143
1707908910744 0.00293 144
1707908925379 0.00293 145
1707908940207 0.00293 146
1707908955025 0.00293 147
1707908970030 0.00293 148
1707908984925 0.00293 149
1707908999695 0.00293 150
1707909010511 0.00293 151
1707909021321 0.00293 152
1707909036165 0.00292 153
1707909051043 0.00292 154
1707909061849 0.00292 155
1707909072662 0.00292 156
1707909083483 0.00292 157
1707909098342 0.00292 158
1707909113250 0.00292 159
1707909124075 0.00292 160
1707909138871 0.00292 161
1707909153720 0.00292 162
1707909168569 0.00291 163
1707909183387 0.00291 164
1707909194177 0.00291 165
1707909208914 0.00291 166
1707909219715 0.00291 167
1707909230528 0.00291 168
1707909245621 0.00291 169
1707909256421 0.00291 170
1707909267236 0.00291 171
1707909278047 0.0029 172
1707909288868 0.0029 173
1707909301914 0.0029 174
1707909314390 0.0029 175
1707909326768 0.0029 176
1707909338947 0.0029 177
1707909350601 0.0029 178
1707909363906 0.0029 179
1707909374714 0.0029 180
1707909387704 0.00289 181
1707909399755 0.00289 182
1707909415796 0.00289 183
1707909430701 0.00289 184
1707909441508 0.00289 185
1707909452329 0.00289 186
1707909463145 0.00289 187
1707909473967 0.00289 188
1707909489581 0.00289 189
1707909500387 0.00288 190
1707909511213 0.00288 191
1707909526140 0.00288 192
1707909541044 0.00288 193
1707909556132 0.00288 194
1707909566932 0.00288 195
1707909577739 0.00288 196
1707909592721 0.00288 197
1707909607748 0.00287 198
1707909622765 0.00287 199
1707909637572 0.00287 200
1707909648376 0.00287 201
1707909659198 0.00287 202
1707909673984 0.00287 203
1707909688933 0.00287 204
1707909699748 0.00287 205
1707909710539 0.00286 206
1707909721330 0.00286 207
1707909732124 0.00286 208
1707909747075 0.00286 209
1707909762022 0.00286 210
1707909776961 0.00286 211
1707909791774 0.00286 212
1707909806701 0.00285 213
1707909821649 0.00285 214
1707909832438 0.00285 215
1707909843238 0.00285 216
1707909854027 0.00285 217
1707909868754 0.00285 218
1707909883592 0.00285 219
1707909894493 0.00285 220
1707909905294 0.00284 221
1707909916094 0.00284 222
1707909926898 0.00284 223
1707909937686 0.00284 224
1707909948479 0.00284 225
1707909959831 0.00284 226
1707909974420 0.00284 227
1707909991639 0.00283 228
1707910006596 0.00283 229
1707910021552 0.00283 230
1707910036524 0.00283 231
1707910051471 0.00283 232
1707910066342 0.00283 233
1707910081386 0.00282 234
1707910092161 0.00282 235
1707910102944 0.00282 236
1707910113733 0.00282 237
1707910124668 0.00282 238
1707910139396 0.00282 239
1707910150200 0.00282 240
1707910160998 0.00281 241
1707910172603 0.00281 242
1707910183404 0.00281 243
1707910194250 0.00281 244
1707910207090 0.00281 245
1707910219825 0.00281 246
1707910231544 0.00281 247
1707910247680 0.0028 248
1707910262554 0.0028 249
1707910277639 0.0028 250
1707910288451 0.0028 251
1707910299256 0.0028 252
1707910310064 0.0028 253
1707910321141 0.00279 254
1707910332842 0.00279 255
1707910346434 0.00279 256
1707910359460 0.00279 257
1707910371442 0.00279 258
1707910382377 0.00279 259
1707910395516 0.00278 260
1707910408819 0.00278 261
1707910423319 0.00278 262
1707910436387 0.00278 263
1707910448492 0.00278 264
1707910460494 0.00278 265
1707910475189 0.00277 266
1707910488595 0.00277 267
1707910499873 0.00277 268
1707910512405 0.00277 269
1707910523603 0.00277 270
1707910535260 0.00277 271
1707910546054 0.00276 272
1707910562781 0.00276 273
1707910577643 0.00276 274
1707910588466 0.00276 275
1707910599282 0.00276 276
1707910610864 0.00276 277
1707910621685 0.00275 278
1707910638742 0.00275 279
1707910649550 0.00275 280
1707910660355 0.00275 281
1707910672352 0.00275 282
1707910689038 0.00275 283
1707910703878 0.00274 284
1707910714811 0.00274 285
1707910725618 0.00274 286
1707910736446 0.00274 287
1707910750450 0.00274 288
1707910769515 0.00274 289
1707910780327 0.00273 290
1707910791133 0.00273 291
1707910806413 0.00273 292
1707910821211 0.00273 293
1707910836309 0.00273 294
1707910847114 0.00272 295
1707910857923 0.00272 296
1707910868780 0.00272 297
1707910885353 0.00272 298
1707910900067 0.00272 299
1707910918874 0.00272 300
1707910933651 0.00271 301
1707910944450 0.00271 302
1707910955253 0.00271 303
1707910966060 0.00271 304
1707910976894 0.00271 305
1707910991841 0.0027 306
1707911006669 0.0027 307
1707911021477 0.0027 308
1707911036244 0.0027 309
1707911050899 0.0027 310
1707911065742 0.00269 311
1707911076537 0.00269 312
1707911087349 0.00269 313
1707911098169 0.00269 314
1707911112878 0.00269 315
1707911127805 0.00269 316
1707911138604 0.00268 317
1707911149405 0.00268 318
1707911160211 0.00268 319
1707911171027 0.00268 320
1707911185784 0.00268 321
1707911196708 0.00267 322
1707911207540 0.00267 323
1707911222314 0.00267 324
1707911237057 0.00267 325
1707911252038 0.00267 326
1707911262841 0.00266 327
1707911273705 0.00266 328
1707911284522 0.00266 329
1707911297661 0.00266 330
1707911314127 0.00266 331
1707911328901 0.00265 332
1707911343927 0.00265 333
1707911358674 0.00265 334
1707911373508 0.00265 335
1707911388392 0.00265 336
1707911399200 0.00264 337
1707911410055 0.00264 338
1707911420877 0.00264 339
1707911431707 0.00264 340
1707911442535 0.00264 341
1707911453415 0.00263 342
1707911465015 0.00263 343
1707911477992 0.00263 344
1707911491168 0.00263 345
1707911504270 0.00263 346
1707911516388 0.00262 347
1707911529714 0.00262 348
1707911541983 0.00262 349
1707911560635 0.00262 350
1707911571594 0.00261 351
1707911582434 0.00261 352
1707911593259 0.00261 353
1707911604097 0.00261 354
1707911614914 0.00261 355
1707911625737 0.0026 356
1707911636577 0.0026 357
1707911647410 0.0026 358
1707911660437 0.0026 359
1707911673434 0.0026 360
1707911688421 0.00259 361
1707911700306 0.00259 362
1707911714226 0.00259 363
1707911725042 0.00259 364
1707911737487 0.00258 365
1707911749689 0.00258 366
1707911761210 0.00258 367
1707911775986 0.00258 368
1707911787694 0.00258 369
1707911798522 0.00257 370
1707911813805 0.00257 371
1707911824781 0.00257 372
1707911838191 0.00257 373
1707911852449 0.00257 374
1707911866255 0.00256 375
1707911878857 0.00256 376
1707911892958 0.00256 377
1707911903849 0.00256 378
1707911918930 0.00255 379
1707911930879 0.00255 380
1707911943094 0.00255 381
1707911957852 0.00255 382
1707911968686 0.00255 383
1707911982057 0.00254 384
1707911993862 0.00254 385
1707912006999 0.00254 386
1707912018557 0.00254 387
1707912031730 0.00253 388
1707912043930 0.00253 389
1707912057717 0.00253 390
1707912070642 0.00253 391
1707912083753 0.00252 392
1707912097104 0.00252 393
1707912113367 0.00252 394
1707912128272 0.00252 395
1707912143161 0.00252 396
1707912158008 0.00251 397
1707912172880 0.00251 398
1707912187918 0.00251 399
1707912206635 0.00251 400
1707912217454 0.0025 401
1707912228277 0.0025 402
1707912239105 0.0025 403
1707912249935 0.0025 404
1707912260812 0.00249 405
1707912273256 0.00249 406
1707912284435 0.00249 407
1707912296176 0.00249 408
1707912309000 0.00249 409
1707912323334 0.00248 410
1707912336500 0.00248 411
1707912349760 0.00248 412
1707912363862 0.00248 413
1707912375148 0.00247 414
1707912386348 0.00247 415
1707912397637 0.00247 416
1707912411954 0.00247 417
1707912422764 0.00246 418
1707912435968 0.00246 419
1707912450211 0.00246 420
1707912463382 0.00246 421
1707912478052 0.00245 422
1707912489458 0.00245 423
1707912502120 0.00245 424
1707912513423 0.00245 425
1707912527436 0.00244 426
1707912539685 0.00244 427
1707912552341 0.00244 428
1707912565505 0.00244 429
1707912579097 0.00243 430
1707912590684 0.00243 431
1707912603352 0.00243 432
1707912619295 0.00243 433
1707912631958 0.00242 434
1707912646106 0.00242 435
1707912658328 0.00242 436
1707912670781 0.00242 437
1707912683682 0.00241 438
1707912696026 0.00241 439
1707912708661 0.00241 440
1707912720806 0.00241 441
1707912734072 0.0024 442
1707912747492 0.0024 443
1707912759413 0.0024 444
1707912772765 0.0024 445
1707912785099 0.00239 446
1707912797812 0.00239 447
1707912811257 0.00239 448
1707912824719 0.00239 449
1707912840864 0.00238 450
1707912851660 0.00238 451
1707912862537 0.00238 452
1707912873522 0.00238 453
1707912884822 0.00237 454
1707912898398 0.00237 455
1707912911407 0.00237 456
1707912923218 0.00237 457
1707912936671 0.00236 458
1707912949512 0.00236 459
1707912964863 0.00236 460
1707912977711 0.00236 461
1707912990521 0.00235 462
1707913006722 0.00235 463
1707913017529 0.00235 464
1707913032314 0.00235 465
1707913047063 0.00234 466
1707913057871 0.00234 467
1707913072560 0.00234 468
1707913083356 0.00234 469
1707913098021 0.00233 470
1707913108857 0.00233 471
1707913119684 0.00233 472
1707913130501 0.00233 473
1707913141306 0.00232 474
1707913152127 0.00232 475
1707913162936 0.00232 476
1707913174810 0.00231 477
1707913187063 0.00231 478
1707913198622 0.00231 479
1707913213619 0.00231 480
1707913228885 0.0023 481
1707913239705 0.0023 482
1707913254511 0.0023 483
1707913269474 0.0023 484
1707913280282 0.00229 485
1707913295126 0.00229 486
1707913309957 0.00229 487
1707913324722 0.00229 488
1707913335648 0.00228 489
1707913346474 0.00228 490
1707913357303 0.00228 491
1707913368126 0.00227 492
1707913382854 0.00227 493
1707913397514 0.00227 494
1707913408372 0.00227 495
1707913419191 0.00226 496
1707913430008 0.00226 497
1707913444707 0.00226 498
1707913455518 0.00226 499
1707913475866 0.00225 500
1707913486665 0.00225 501
1707913497486 0.00225 502
1707913508300 0.00224 503
1707913519263 0.00224 504
1707913530995 0.00224 505
1707913546328 0.00224 506
1707913559286 0.00223 507
1707913571596 0.00223 508
1707913585022 0.00223 509
1707913596994 0.00223 510
1707913609694 0.00222 511
1707913622191 0.00222 512
1707913634770 0.00222 513
1707913649137 0.00221 514
1707913660563 0.00221 515
1707913673958 0.00221 516
1707913686859 0.00221 517
1707913699182 0.0022 518
1707913711122 0.0022 519
1707913726364 0.0022 520
1707913741319 0.0022 521
1707913756337 0.00219 522
1707913771134 0.00219 523
1707913781938 0.00219 524
1707913792750 0.00218 525
1707913807522 0.00218 526
1707913822354 0.00218 527
1707913837254 0.00218 528
1707913848062 0.00217 529
1707913858865 0.00217 530
1707913869669 0.00217 531
1707913880476 0.00216 532
1707913891340 0.00216 533
1707913902155 0.00216 534
1707913914527 0.00216 535
1707913925628 0.00215 536
1707913936591 0.00215 537
1707913950055 0.00215 538
1707913963257 0.00214 539
1707913976002 0.00214 540
1707913987538 0.00214 541
1707913999047 0.00214 542
1707914011319 0.00213 543
1707914025593 0.00213 544
1707914038973 0.00213 545
1707914051054 0.00212 546
1707914061854 0.00212 547
1707914074136 0.00212 548
1707914086866 0.00212 549
1707914103828 0.00211 550
1707914114638 0.00211 551
1707914125443 0.00211 552
1707914139500 0.0021 553
1707914151101 0.0021 554
1707914162162 0.0021 555
1707914175763 0.0021 556
1707914186591 0.00209 557
1707914197501 0.00209 558
1707914210028 0.00209 559
1707914222517 0.00208 560
1707914233315 0.00208 561
1707914248157 0.00208 562
1707914263591 0.00208 563
1707914275216 0.00207 564
1707914286898 0.00207 565
1707914297707 0.00207 566
1707914309728 0.00206 567
1707914323137 0.00206 568
1707914335882 0.00206 569
1707914346722 0.00206 570
1707914358934 0.00205 571
1707914375927 0.00205 572
1707914386757 0.00205 573
1707914401604 0.00204 574
1707914412425 0.00204 575
1707914425119 0.00204 576
1707914436080 0.00203 577
1707914449783 0.00203 578
1707914461798 0.00203 579
1707914473217 0.00203 580
1707914485355 0.00202 581
1707914501387 0.00202 582
1707914512194 0.00202 583
1707914523160 0.00201 584
1707914534641 0.00201 585
1707914549263 0.00201 586
1707914563975 0.00201 587
1707914578716 0.002 588
1707914593672 0.002 589
1707914608404 0.002 590
1707914623253 0.00199 591
1707914638143 0.00199 592
1707914649079 0.00199 593
1707914659899 0.00198 594
1707914670723 0.00198 595
1707914681544 0.00198 596
1707914692367 0.00198 597
1707914703207 0.00197 598
1707914714029 0.00197 599
1707914729410 0.00197 600
1707914740237 0.00196 601
1707914751069 0.00196 602
1707914761911 0.00196 603
1707914772737 0.00195 604
1707914783567 0.00195 605
1707914795669 0.00195 606
1707914808770 0.00195 607
1707914819914 0.00194 608
1707914835996 0.00194 609
1707914847697 0.00194 610
1707914860336 0.00193 611
1707914874661 0.00193 612
1707914888050 0.00193 613
1707914899669 0.00192 614
1707914912446 0.00192 615
1707914923825 0.00192 616
1707914936064 0.00192 617
1707914949481 0.00191 618
1707914960639 0.00191 619
1707914975466 0.00191 620
1707914986293 0.0019 621
1707914997108 0.0019 622
1707915008959 0.0019 623
1707915026343 0.00189 624
1707915037659 0.00189 625
1707915050919 0.00189 626
1707915063005 0.00189 627
1707915075648 0.00188 628
1707915088196 0.00188 629
1707915100614 0.00188 630
1707915112764 0.00187 631
1707915124881 0.00187 632
1707915136296 0.00187 633
1707915148763 0.00186 634
1707915160022 0.00186 635
1707915172369 0.00186 636
1707915183215 0.00186 637
1707915198688 0.00185 638
1707915210543 0.00185 639
1707915224897 0.00185 640
1707915236660 0.00184 641
1707915249667 0.00184 642
1707915262379 0.00184 643
1707915273942 0.00183 644
1707915288201 0.00183 645
1707915299024 0.00183 646
1707915310338 0.00182 647
1707915323847 0.00182 648
1707915335630 0.00182 649
1707915352172 0.00182 650
1707915363005 0.00181 651
1707915373837 0.00181 652
1707915387636 0.00181 653
1707915400699 0.0018 654
1707915412650 0.0018 655
1707915424743 0.0018 656
1707915437278 0.00179 657
1707915450272 0.00179 658
1707915463022 0.00179 659
1707915476772 0.00178 660
1707915489363 0.00178 661
1707915501375 0.00178 662
1707915512250 0.00178 663
1707915523506 0.00177 664
1707915537855 0.00177 665
1707915548678 0.00177 666
1707915560170 0.00176 667
1707915571442 0.00176 668
1707915583927 0.00176 669
1707915599057 0.00175 670
1707915609902 0.00175 671
1707915620738 0.00175 672
1707915631579 0.00174 673
1707915644747 0.00174 674
1707915659263 0.00174 675
1707915671942 0.00174 676
1707915683253 0.00173 677
1707915697538 0.00173 678
1707915711454 0.00173 679
1707915723273 0.00172 680
1707915735559 0.00172 681
1707915748026 0.00172 682
1707915761537 0.00171 683
1707915773254 0.00171 684
1707915788460 0.00171 685
1707915803321 0.0017 686
1707915818320 0.0017 687
1707915829273 0.0017 688
1707915844069 0.00169 689
1707915858926 0.00169 690
1707915869747 0.00169 691
1707915880578 0.00169 692
1707915891423 0.00168 693
1707915902401 0.00168 694
1707915913249 0.00168 695
1707915924086 0.00167 696
1707915934938 0.00167 697
1707915948305 0.00167 698
1707915963666 0.00166 699
1707915982565 0.00166 700
1707915997456 0.00166 701
1707916008287 0.00165 702
1707916019118 0.00165 703
1707916029952 0.00165 704
1707916040793 0.00164 705
1707916052909 0.00164 706
1707916066099 0.00164 707
1707916079430 0.00164 708
1707916090460 0.00163 709
1707916101304 0.00163 710
1707916117095 0.00163 711
1707916127921 0.00162 712
1707916138892 0.00162 713
1707916149741 0.00162 714
1707916160593 0.00161 715
1707916172376 0.00161 716
1707916186647 0.00161 717
1707916198893 0.0016 718
1707916211510 0.0016 719
1707916224665 0.0016 720
1707916235582 0.00159 721
1707916247798 0.00159 722
1707916261034 0.00159 723
1707916274314 0.00159 724
1707916288127 0.00158 725
1707916298961 0.00158 726
1707916311644 0.00158 727
1707916324251 0.00157 728
1707916336274 0.00157 729
1707916347593 0.00157 730
1707916359421 0.00156 731
1707916373816 0.00156 732
1707916387666 0.00156 733
1707916398715 0.00155 734
1707916409748 0.00155 735
1707916425237 0.00155 736
1707916437231 0.00154 737
1707916450601 0.00154 738
1707916463758 0.00154 739
1707916476816 0.00154 740
1707916489401 0.00153 741
1707916503747 0.00153 742
1707916515662 0.00153 743
1707916528181 0.00152 744
1707916540140 0.00152 745
1707916551824 0.00152 746
1707916565230 0.00151 747
1707916577320 0.00151 748
1707916588315 0.00151 749
1707916608593 0.0015 750
1707916619443 0.0015 751
1707916630814 0.0015 752
1707916642580 0.00149 753
1707916655013 0.00149 754
1707916667002 0.00149 755
1707916677856 0.00148 756
1707916688753 0.00148 757
1707916699603 0.00148 758
1707916710457 0.00148 759
1707916723636 0.00147 760
1707916736926 0.00147 761
1707916749399 0.00147 762
1707916763582 0.00146 763
1707916775640 0.00146 764
1707916790022 0.00146 765
1707916802171 0.00145 766
1707916813583 0.00145 767
1707916824613 0.00145 768
1707916836978 0.00144 769
1707916850218 0.00144 770
1707916861558 0.00144 771
1707916875225 0.00143 772
1707916887817 0.00143 773
1707916900971 0.00143 774
1707916913065 0.00143 775
1707916925224 0.00142 776
1707916938785 0.00142 777
1707916951969 0.00142 778
1707916963216 0.00141 779
1707916976735 0.00141 780
1707916987584 0.00141 781
1707916998441 0.0014 782
1707917009291 0.0014 783
1707917024328 0.0014 784
1707917039292 0.00139 785
1707917050155 0.00139 786
1707917065024 0.00139 787
1707917079906 0.00138 788
1707917090750 0.00138 789
1707917101633 0.00138 790
1707917112477 0.00138 791
1707917127258 0.00137 792
1707917138110 0.00137 793
1707917148949 0.00137 794
1707917159819 0.00136 795
1707917170794 0.00136 796
1707917181651 0.00136 797
1707917192507 0.00135 798
1707917206119 0.00135 799
1707917223599 0.00135 800
1707917234451 0.00134 801
1707917246908 0.00134 802
1707917258917 0.00134 803
1707917270661 0.00133 804
1707917283476 0.00133 805
1707917294630 0.00133 806
1707917305470 0.00133 807
1707917323211 0.00132 808
1707917338255 0.00132 809
1707917353200 0.00132 810
1707917368029 0.00131 811
1707917382780 0.00131 812
1707917393742 0.00131 813
1707917404607 0.0013 814
1707917415465 0.0013 815
1707917426313 0.0013 816
1707917438536 0.00129 817
1707917451598 0.00129 818
1707917465525 0.00129 819
1707917476330 0.00128 820
1707917487543 0.00128 821
1707917501711 0.00128 822
1707917513120 0.00128 823
1707917525010 0.00127 824
1707917537533 0.00127 825
1707917549590 0.00127 826
1707917563562 0.00126 827
1707917574547 0.00126 828
1707917587807 0.00126 829
1707917600376 0.00125 830
1707917611205 0.00125 831
1707917623063 0.00125 832
1707917636048 0.00124 833
1707917648389 0.00124 834
1707917659498 0.00124 835
1707917672821 0.00123 836
1707917686196 0.00123 837
1707917699808 0.00123 838
1707917712170 0.00123 839
1707917727037 0.00122 840
1707917738074 0.00122 841
1707917750858 0.00122 842
1707917763743 0.00121 843
1707917781466 0.00121 844
1707917794264 0.00121 845
1707917807806 0.0012 846
1707917819322 0.0012 847
1707917832995 0.0012 848
1707917844089 0.00119 849
1707917859604 0.00119 850
1707917870584 0.00119 851
1707917881422 0.00119 852
1707917892252 0.00118 853
1707917903074 0.00118 854
1707917913901 0.00118 855
1707917925198 0.00117 856
1707917936281 0.00117 857
1707917947820 0.00117 858
1707917958931 0.00116 859
1707917969955 0.00116 860
1707917982148 0.00116 861
1707917995855 0.00116 862
1707918006814 0.00115 863
1707918019666 0.00115 864
1707918032144 0.00115 865
1707918044849 0.00114 866
1707918058021 0.00114 867
1707918071097 0.00114 868
1707918082208 0.00113 869
1707918095343 0.00113 870
1707918107399 0.00113 871
1707918119823 0.00112 872
1707918133681 0.00112 873
1707918145411 0.00112 874
1707918158136 0.00112 875
1707918169618 0.00111 876
1707918183218 0.00111 877
1707918195710 0.00111 878
1707918206545 0.0011 879
1707918220889 0.0011 880
1707918233859 0.0011 881
1707918246736 0.00109 882
1707918259081 0.00109 883
1707918275180 0.00109 884
1707918289273 0.00109 885
1707918300101 0.00108 886
1707918311064 0.00108 887
1707918324360 0.00108 888
1707918339508 0.00107 889
1707918351082 0.00107 890
1707918363692 0.00107 891
1707918376144 0.00106 892
1707918395142 0.00106 893
1707918409993 0.00106 894
1707918425058 0.00106 895
1707918435993 0.00105 896
1707918446813 0.00105 897
1707918457655 0.00105 898
1707918468493 0.00104 899
1707918483339 0.00104 900
1707918494162 0.00104 901
1707918504992 0.00103 902
1707918516978 0.00103 903
1707918529464 0.00103 904
1707918542392 0.00103 905
1707918554704 0.00102 906
1707918567513 0.00102 907
1707918579163 0.00102 908
1707918592599 0.00101 909
1707918604255 0.00101 910
1707918619488 0.00101 911
1707918632369 0.001 912
1707918644116 0.001 913
1707918657918 0.001 914
1707918668774 0.001 915
1707918682823 0.00099 916
1707918694020 0.00099 917
1707918704968 0.00099 918
1707918715943 0.00098 919
1707918730774 0.00098 920
1707918741610 0.00098 921
1707918753248 0.00097 922
1707918766326 0.00097 923
1707918779152 0.00097 924
1707918791983 0.00097 925
1707918806280 0.00096 926
1707918822090 0.00096 927
1707918832919 0.00096 928
1707918843749 0.00095 929
1707918854666 0.00095 930
1707918865714 0.00095 931
1707918878061 0.00095 932
1707918891691 0.00094 933
1707918904708 0.00094 934
1707918918599 0.00094 935
1707918930376 0.00093 936
1707918944126 0.00093 937
1707918956164 0.00093 938
1707918968754 0.00093 939
1707918981618 0.00092 940
1707918994201 0.00092 941
1707919007988 0.00092 942
1707919020639 0.00091 943
1707919034553 0.00091 944
1707919049087 0.00091 945
1707919061451 0.0009 946
1707919072568 0.0009 947
1707919085311 0.0009 948
1707919096502 0.0009 949
1707919115274 0.00089 950
1707919126101 0.00089 951
1707919138005 0.00089 952
1707919151546 0.00088 953
1707919164345 0.00088 954
1707919175249 0.00088 955
1707919188200 0.00088 956
1707919199145 0.00087 957
1707919212609 0.00087 958
1707919224269 0.00087 959
1707919238220 0.00086 960
1707919250468 0.00086 961
1707919262438 0.00086 962
1707919274643 0.00086 963
1707919288863 0.00085 964
1707919300547 0.00085 965
1707919314327 0.00085 966
1707919327630 0.00085 967
1707919338715 0.00084 968
1707919355871 0.00084 969
1707919366694 0.00084 970
1707919377528 0.00083 971
1707919388418 0.00083 972
1707919399601 0.00083 973
1707919412283 0.00083 974
1707919423656 0.00082 975
1707919437638 0.00082 976
1707919455912 0.00082 977
1707919470888 0.00081 978
1707919481713 0.00081 979
1707919496553 0.00081 980
1707919507374 0.00081 981
1707919522627 0.0008 982
1707919533583 0.0008 983
1707919544425 0.0008 984
1707919555615 0.00079 985
1707919568590 0.00079 986
1707919580443 0.00079 987
1707919596883 0.00079 988
1707919608922 0.00078 989
1707919622560 0.00078 990
1707919634703 0.00078 991
1707919650115 0.00078 992
1707919660970 0.00077 993
1707919671800 0.00077 994
1707919682628 0.00077 995
1707919694684 0.00076 996
1707919707913 0.00076 997
1707919720206 0.00076 998
1707919731904 0.00076 999
1707919747453 0.00075 1000
1707919758299 0.00075 1001
1707919769128 0.00075 1002
1707919779967 0.00075 1003
1707919794971 0.00074 1004
1707919805801 0.00074 1005
1707919816638 0.00074 1006
1707919827488 0.00073 1007
1707919838775 0.00073 1008
1707919851552 0.00073 1009
1707919867310 0.00073 1010
1707919878200 0.00072 1011
1707919889043 0.00072 1012
1707919900752 0.00072 1013
1707919913363 0.00072 1014
1707919925792 0.00071 1015
1707919939482 0.00071 1016
1707919953327 0.00071 1017
1707919964423 0.0007 1018
1707919976223 0.0007 1019
1707919987051 0.0007 1020
1707920000701 0.0007 1021
1707920013968 0.00069 1022
1707920027771 0.00069 1023
1707920039615 0.00069 1024
1707920052766 0.00069 1025
1707920066672 0.00068 1026
1707920079098 0.00068 1027
1707920090846 0.00068 1028
1707920103893 0.00068 1029
1707920117088 0.00067 1030
1707920130387 0.00067 1031
1707920144206 0.00067 1032
1707920157690 0.00067 1033
1707920171353 0.00066 1034
1707920182865 0.00066 1035
1707920195904 0.00066 1036
1707920207188 0.00066 1037
1707920219985 0.00065 1038
1707920233047 0.00065 1039
1707920243869 0.00065 1040
1707920257183 0.00064 1041
1707920270022 0.00064 1042
1707920284148 0.00064 1043
1707920294984 0.00064 1044
1707920307465 0.00063 1045
1707920322036 0.00063 1046
1707920334453 0.00063 1047
1707920346870 0.00063 1048
1707920359027 0.00062 1049
1707920375804 0.00062 1050
1707920386632 0.00062 1051
1707920397459 0.00062 1052
1707920408610 0.00061 1053
1707920420133 0.00061 1054
1707920435536 0.00061 1055
1707920446365 0.00061 1056
1707920459342 0.0006 1057
1707920472909 0.0006 1058
1707920485921 0.0006 1059
1707920499692 0.0006 1060
1707920512970 0.00059 1061
1707920523797 0.00059 1062
1707920536108 0.00059 1063
1707920548149 0.00059 1064
1707920560759 0.00058 1065
1707920573956 0.00058 1066
1707920587063 0.00058 1067
1707920600770 0.00058 1068
1707920612002 0.00057 1069
1707920623721 0.00057 1070
1707920636592 0.00057 1071
1707920648581 0.00057 1072
1707920662539 0.00056 1073
1707920676743 0.00056 1074
1707920688741 0.00056 1075
1707920703999 0.00056 1076
1707920717737 0.00055 1077
1707920730289 0.00055 1078
1707920743440 0.00055 1079
1707920755080 0.00055 1080
1707920768993 0.00054 1081
1707920781651 0.00054 1082
1707920795418 0.00054 1083
1707920807171 0.00054 1084
1707920821054 0.00054 1085
1707920835124 0.00053 1086
1707920846337 0.00053 1087
1707920857607 0.00053 1088
1707920869982 0.00053 1089
1707920881350 0.00052 1090
1707920893292 0.00052 1091
1707920907233 0.00052 1092
1707920918350 0.00052 1093
1707920929444 0.00051 1094
1707920942189 0.00051 1095
1707920956389 0.00051 1096
1707920970726 0.00051 1097
1707920982066 0.0005 1098
1707920996032 0.0005 1099
1707921013123 0.0005 1100
1707921023938 0.0005 1101
1707921034777 0.00049 1102
1707921046751 0.00049 1103
1707921059630 0.00049 1104
1707921073037 0.00049 1105
1707921085999 0.00049 1106
1707921099042 0.00048 1107
1707921112161 0.00048 1108
1707921124126 0.00048 1109
1707921137273 0.00048 1110
1707921149407 0.00047 1111
1707921163812 0.00047 1112
1707921174718 0.00047 1113
1707921186476 0.00047 1114
1707921197568 0.00046 1115
1707921210362 0.00046 1116
1707921222092 0.00046 1117
1707921234744 0.00046 1118
1707921247708 0.00046 1119
1707921262746 0.00045 1120
1707921276444 0.00045 1121
1707921288529 0.00045 1122
1707921300409 0.00045 1123
1707921311800 0.00044 1124
1707921322649 0.00044 1125
1707921335169 0.00044 1126
1707921347569 0.00044 1127
1707921360354 0.00044 1128
1707921371193 0.00043 1129
1707921382517 0.00043 1130
1707921394600 0.00043 1131
1707921406854 0.00043 1132
1707921419143 0.00042 1133
1707921430563 0.00042 1134
1707921443480 0.00042 1135
1707921455531 0.00042 1136
1707921468346 0.00042 1137
1707921480217 0.00041 1138
1707921494567 0.00041 1139
1707921506415 0.00041 1140
1707921519252 0.00041 1141
1707921530096 0.00041 1142
1707921540940 0.0004 1143
1707921556184 0.0004 1144
1707921567024 0.0004 1145
1707921581896 0.0004 1146
1707921592729 0.00039 1147
1707921603569 0.00039 1148
1707921620096 0.00039 1149
1707921635198 0.00039 1150
1707921646039 0.00039 1151
1707921656871 0.00038 1152
1707921667711 0.00038 1153
1707921678541 0.00038 1154
1707921689373 0.00038 1155
1707921701296 0.00038 1156
1707921715388 0.00037 1157
1707921728042 0.00037 1158
1707921739562 0.00037 1159
1707921751435 0.00037 1160
1707921762389 0.00037 1161
1707921774786 0.00036 1162
1707921788113 0.00036 1163
1707921802554 0.00036 1164
1707921813411 0.00036 1165
1707921824947 0.00036 1166
1707921839152 0.00035 1167
1707921851268 0.00035 1168
1707921863857 0.00035 1169
1707921875606 0.00035 1170
1707921887687 0.00035 1171
1707921900172 0.00034 1172
1707921915612 0.00034 1173
1707921926446 0.00034 1174
1707921937312 0.00034 1175
1707921950216 0.00034 1176
1707921965569 0.00033 1177
1707921977685 0.00033 1178
1707921992328 0.00033 1179
1707922008128 0.00033 1180
1707922021527 0.00033 1181
1707922034484 0.00032 1182
1707922046814 0.00032 1183
1707922059913 0.00032 1184
1707922071597 0.00032 1185
1707922087653 0.00032 1186
1707922102537 0.00031 1187
1707922117351 0.00031 1188
1707922132197 0.00031 1189
1707922146994 0.00031 1190
1707922161686 0.00031 1191
1707922172522 0.0003 1192
1707922183366 0.0003 1193
1707922194185 0.0003 1194
1707922205044 0.0003 1195
1707922215871 0.0003 1196
1707922226709 0.00029 1197
1707922238964 0.00029 1198
1707922251324 0.00029 1199
1707922267694 0.00029 1200
1707922278525 0.00029 1201
1707922289360 0.00029 1202
1707922300191 0.00028 1203
1707922312037 0.00028 1204
1707922326530 0.00028 1205
1707922338336 0.00028 1206
1707922352064 0.00028 1207
1707922365140 0.00027 1208
1707922377453 0.00027 1209
1707922389717 0.00027 1210
1707922400990 0.00027 1211
1707922414080 0.00027 1212
1707922429093 0.00027 1213
1707922440284 0.00026 1214
1707922453038 0.00026 1215
1707922467513 0.00026 1216
1707922480464 0.00026 1217
1707922492753 0.00026 1218
1707922503585 0.00026 1219
1707922514581 0.00025 1220
1707922525437 0.00025 1221
1707922537895 0.00025 1222
1707922549977 0.00025 1223
1707922563611 0.00025 1224
1707922576496 0.00024 1225
1707922589968 0.00024 1226
1707922602216 0.00024 1227
1707922614211 0.00024 1228
1707922627173 0.00024 1229
1707922640626 0.00024 1230
1707922655554 0.00023 1231
1707922669106 0.00023 1232
1707922683408 0.00023 1233
1707922695486 0.00023 1234
1707922708586 0.00023 1235
1707922719761 0.00023 1236
1707922730829 0.00022 1237
1707922742612 0.00022 1238
1707922755515 0.00022 1239
1707922767947 0.00022 1240
1707922779746 0.00022 1241
1707922792702 0.00022 1242
1707922803865 0.00021 1243
1707922817699 0.00021 1244
1707922831184 0.00021 1245
1707922846285 0.00021 1246
1707922858991 0.00021 1247
1707922870978 0.00021 1248
1707922884265 0.00021 1249
1707922900179 0.0002 1250
1707922911157 0.0002 1251
1707922922011 0.0002 1252
1707922932866 0.0002 1253
1707922944857 0.0002 1254
1707922956342 0.0002 1255
1707922970143 0.00019 1256
1707922981355 0.00019 1257
1707922994536 0.00019 1258
1707923007267 0.00019 1259
1707923019740 0.00019 1260
1707923033697 0.00019 1261
1707923045206 0.00018 1262
1707923056222 0.00018 1263
1707923067928 0.00018 1264
1707923079271 0.00018 1265
1707923092176 0.00018 1266
1707923104542 0.00018 1267
1707923119247 0.00018 1268
1707923130418 0.00017 1269
1707923141278 0.00017 1270
1707923152479 0.00017 1271
1707923164846 0.00017 1272
1707923178321 0.00017 1273
1707923191333 0.00017 1274
1707923202977 0.00017 1275
1707923213832 0.00016 1276
1707923224674 0.00016 1277
1707923236066 0.00016 1278
1707923250658 0.00016 1279
1707923262985 0.00016 1280
1707923277194 0.00016 1281
1707923289903 0.00016 1282
1707923302050 0.00015 1283
1707923314084 0.00015 1284
1707923324968 0.00015 1285
1707923337616 0.00015 1286
1707923349440 0.00015 1287
1707923361309 0.00015 1288
1707923374802 0.00015 1289
1707923386247 0.00015 1290
1707923398554 0.00014 1291
1707923413240 0.00014 1292
1707923424997 0.00014 1293
1707923435843 0.00014 1294
1707923449890 0.00014 1295
1707923462776 0.00014 1296
1707923474883 0.00014 1297
1707923487997 0.00013 1298
1707923503231 0.00013 1299
1707923520764 0.00013 1300
1707923531617 0.00013 1301
1707923542466 0.00013 1302
1707923553887 0.00013 1303
1707923568338 0.00013 1304
1707923579432 0.00013 1305
1707923590572 0.00012 1306
1707923603294 0.00012 1307
1707923617510 0.00012 1308
1707923628352 0.00012 1309
1707923640913 0.00012 1310
1707923653956 0.00012 1311
1707923667350 0.00012 1312
1707923682339 0.00012 1313
1707923693854 0.00011 1314
1707923704708 0.00011 1315
1707923717817 0.00011 1316
1707923730028 0.00011 1317
1707923741294 0.00011 1318
1707923754241 0.00011 1319
1707923765422 0.00011 1320
1707923782255 0.00011 1321
1707923793666 0.00011 1322
1707923805809 0.0001 1323
1707923818261 0.0001 1324
1707923832648 0.0001 1325
1707923843826 0.0001 1326
1707923857491 0.0001 1327
1707923871063 0.0001 1328
1707923882994 0.0001 1329
1707923895961 0.0001 1330
1707923907894 0.0001 1331
1707923926328 9e-05 1332
1707923937177 9e-05 1333
1707923948022 9e-05 1334
1707923961317 9e-05 1335
1707923973392 9e-05 1336
1707923984657 9e-05 1337
1707923998016 9e-05 1338
1707924008884 9e-05 1339
1707924019937 9e-05 1340
1707924033798 8e-05 1341
1707924044807 8e-05 1342
1707924059721 8e-05 1343
1707924072309 8e-05 1344
1707924084246 8e-05 1345
1707924097590 8e-05 1346
1707924110788 8e-05 1347
1707924124032 8e-05 1348
1707924136381 8e-05 1349
1707924153880 8e-05 1350
1707924164753 7e-05 1351
1707924175765 7e-05 1352
1707924189677 7e-05 1353
1707924201581 7e-05 1354
1707924214153 7e-05 1355
1707924226508 7e-05 1356
1707924239902 7e-05 1357
1707924251509 7e-05 1358
1707924263798 7e-05 1359
1707924276595 7e-05 1360
1707924288846 6e-05 1361
1707924302391 6e-05 1362
1707924316664 6e-05 1363
1707924328973 6e-05 1364
1707924343301 6e-05 1365
1707924356857 6e-05 1366
1707924369615 6e-05 1367
1707924382177 6e-05 1368
1707924395092 6e-05 1369
1707924406514 6e-05 1370
1707924419964 6e-05 1371
1707924433056 6e-05 1372
1707924445875 5e-05 1373
1707924457302 5e-05 1374
1707924470295 5e-05 1375
1707924483018 5e-05 1376
1707924495075 5e-05 1377
1707924507272 5e-05 1378
1707924519354 5e-05 1379
1707924532410 5e-05 1380
1707924544903 5e-05 1381
1707924558062 5e-05 1382
1707924569286 5e-05 1383
1707924580772 5e-05 1384
1707924592586 5e-05 1385
1707924604252 4e-05 1386
1707924617900 4e-05 1387
1707924631020 4e-05 1388
1707924644287 4e-05 1389
1707924656423 4e-05 1390
1707924669238 4e-05 1391
1707924681260 4e-05 1392
1707924695566 4e-05 1393
1707924707039 4e-05 1394
1707924721073 4e-05 1395
1707924732469 4e-05 1396
1707924744368 4e-05 1397
1707924756084 4e-05 1398
1707924768580 4e-05 1399
1707924783845 3e-05 1400
1707924794720 3e-05 1401
1707924805565 3e-05 1402
1707924816428 3e-05 1403
1707924828975 3e-05 1404
1707924842827 3e-05 1405
1707924854788 3e-05 1406
1707924865844 3e-05 1407
1707924879851 3e-05 1408
1707924892354 3e-05 1409
1707924903913 3e-05 1410
1707924915490 3e-05 1411
1707924929043 3e-05 1412
1707924943071 3e-05 1413
1707924956716 3e-05 1414
1707924971525 3e-05 1415
1707924984819 2e-05 1416
1707924996479 2e-05 1417
1707925008049 2e-05 1418
1707925022660 2e-05 1419
1707925035454 2e-05 1420
1707925047978 2e-05 1421
1707925058831 2e-05 1422
1707925071386 2e-05 1423
1707925084905 2e-05 1424
1707925096239 2e-05 1425
1707925109851 2e-05 1426
1707925122544 2e-05 1427
1707925134323 2e-05 1428
1707925146678 2e-05 1429
1707925160419 2e-05 1430
1707925172879 2e-05 1431
1707925186324 2e-05 1432
1707925202312 2e-05 1433
1707925213144 2e-05 1434
1707925229544 2e-05 1435
1707925242392 1e-05 1436
1707925255553 1e-05 1437
1707925269597 1e-05 1438
1707925282037 1e-05 1439
1707925294993 1e-05 1440
1707925308744 1e-05 1441
1707925321522 1e-05 1442
1707925333360 1e-05 1443
1707925344635 1e-05 1444
1707925356920 1e-05 1445
1707925367743 1e-05 1446
1707925379387 1e-05 1447
1707925392177 1e-05 1448
1707925403775 1e-05 1449
1707925419514 1e-05 1450
1707925430516 1e-05 1451
1707925441391 1e-05 1452
1707925452250 1e-05 1453
1707925463699 1e-05 1454
1707925476145 1e-05 1455
1707925489851 1e-05 1456
1707925502193 1e-05 1457
1707925513174 1e-05 1458
1707925527029 1e-05 1459
1707925540604 1e-05 1460
1707925551469 1e-05 1461
1707925562664 1e-05 1462
1707925576577 1e-05 1463
1707925589689 1e-05 1464
1707925602729 1e-05 1465
1707925615131 1e-05 1466
1707925627747 0.0 1467
1707925640645 0.0 1468
1707925651810 0.0 1469
1707925666668 0.0 1470
1707925677855 0.0 1471
1707925690109 0.0 1472
1707925704020 0.0 1473
1707925717574 0.0 1474
1707925732688 0.0 1475
1707925744112 0.0 1476
1707925758115 0.0 1477
1707925770792 0.0 1478
1707925782509 0.0 1479
1707925795997 0.0 1480
1707925809049 0.0 1481
1707925822551 0.0 1482
1707925833508 0.0 1483
1707925845709 0.0 1484
1707925861040 0.0 1485
1707925873686 0.0 1486
1707925885065 0.0 1487
1707925897604 0.0 1488
1707925908892 0.0 1489
1707925924302 0.0 1490
1707925937317 0.0 1491
1707925952405 0.0 1492
1707925964001 0.0 1493
1707925976586 0.0 1494
1707925987447 0.0 1495
1707926000953 0.0 1496
1707926013864 0.0 1497
1707926027658 0.0 1498
1707926039547 0.0 1499
