1715031289478 0.002 0
1715031628948 0.002 1
1715031860076 0.002 2
1715032128650 0.002 3
1715032379490 0.00199 4
1715032659654 0.00199 5
1715032895820 0.00199 6
1715033133170 0.00199 7
1715033364849 0.00199 8
1715033649554 0.00199 9
1715033884524 0.00198 10
1715034127426 0.00198 11
1715034374165 0.00198 12
1715034618040 0.00198 13
1715034855965 0.00198 14
1715035111666 0.00197 15
1715035366038 0.00197 16
1715035613858 0.00197 17
1715035885840 0.00197 18
1715036160613 0.00197 19
1715036380138 0.00197 20
1715036627908 0.00196 21
1715036878551 0.00196 22
1715037136379 0.00196 23
1715037376960 0.00196 24
1715037671441 0.00196 25
1715037904137 0.00195 26
1715038157852 0.00195 27
1715038393949 0.00195 28
1715038663605 0.00195 29
1715038917704 0.00195 30
1715039177822 0.00195 31
1715039420260 0.00194 32
1715039644345 0.00194 33
1715039915884 0.00194 34
1715040160880 0.00194 35
1715040422625 0.00194 36
1715040687611 0.00194 37
1715040940556 0.00193 38
1715041213997 0.00193 39
1715041417855 0.00193 40
1715041670933 0.00193 41
1715041916932 0.00193 42
1715042135378 0.00192 43
1715042402378 0.00192 44
1715042650812 0.00192 45
1715042899477 0.00192 46
1715043140711 0.00192 47
1715043408845 0.00192 48
1715043640087 0.00191 49
1715043908241 0.00191 50
1715044146827 0.00191 51
1715044401262 0.00191 52
1715044633919 0.00191 53
1715044894080 0.0019 54
1715045149762 0.0019 55
1715045383896 0.0019 56
1715045644135 0.0019 57
1715045909907 0.0019 58
1715046147016 0.0019 59
1715046422228 0.00189 60
1715046635377 0.00189 61
1715046908439 0.00189 62
1715047163284 0.00189 63
1715047425561 0.00189 64
1715047658293 0.00188 65
1715047916631 0.00188 66
1715048141840 0.00188 67
1715048434731 0.00188 68
1715048671771 0.00188 69
1715048915689 0.00188 70
1715049144949 0.00187 71
1715049416839 0.00187 72
1715049699669 0.00187 73
1715049923047 0.00187 74
1715050163428 0.00187 75
1715050428185 0.00186 76
1715050679504 0.00186 77
1715050929736 0.00186 78
1715051183544 0.00186 79
1715051451131 0.00186 80
1715051713686 0.00186 81
1715051948737 0.00185 82
1715052194136 0.00185 83
1715052447920 0.00185 84
1715052722557 0.00185 85
1715052971148 0.00185 86
1715053213205 0.00184 87
1715053470949 0.00184 88
1715053747403 0.00184 89
1715053978569 0.00184 90
1715054235609 0.00184 91
1715054506400 0.00184 92
1715054754779 0.00183 93
1715055008713 0.00183 94
1715055250081 0.00183 95
1715055503150 0.00183 96
1715055801217 0.00183 97
1715056040415 0.00182 98
1715056309913 0.00182 99
1715056569677 0.00182 100
1715056846596 0.00182 101
1715057093272 0.00182 102
1715057359655 0.00182 103
1715057623614 0.00181 104
1715057914129 0.00181 105
1715058129837 0.00181 106
1715058433136 0.00181 107
1715058644574 0.00181 108
1715058915613 0.0018 109
1715059167602 0.0018 110
1715059423304 0.0018 111
1715059658813 0.0018 112
1715059944227 0.0018 113
1715060174703 0.0018 114
1715060445779 0.00179 115
1715060687564 0.00179 116
1715060927250 0.00179 117
1715061201514 0.00179 118
1715061465051 0.00179 119
1715061728897 0.00178 120
1715061955322 0.00178 121
1715062194674 0.00178 122
1715062445354 0.00178 123
1715062699289 0.00178 124
1715062964529 0.00178 125
1715063213024 0.00177 126
1715063455483 0.00177 127
1715063712036 0.00177 128
1715063965704 0.00177 129
1715064224190 0.00177 130
1715064481724 0.00176 131
1715064772279 0.00176 132
1715065039683 0.00176 133
1715065259642 0.00176 134
1715065554149 0.00176 135
1715065770435 0.00176 136
1715066033968 0.00175 137
1715066287257 0.00175 138
1715066554850 0.00175 139
1715066841928 0.00175 140
1715067076460 0.00175 141
1715067317019 0.00174 142
1715067556770 0.00174 143
1715067878480 0.00174 144
1715068123201 0.00174 145
1715068384815 0.00174 146
1715068637913 0.00174 147
1715068920555 0.00173 148
1715069157699 0.00173 149
1715069488464 0.00173 150
1715069711780 0.00173 151
1715069964283 0.00173 152
1715070214944 0.00172 153
1715070466880 0.00172 154
1715070714105 0.00172 155
1715071014372 0.00172 156
1715071266581 0.00172 157
1715071538242 0.00172 158
1715071811451 0.00171 159
1715072058484 0.00171 160
1715072320729 0.00171 161
1715072616485 0.00171 162
1715072823089 0.00171 163
1715073086819 0.0017 164
1715073323955 0.0017 165
1715073573093 0.0017 166
1715073833188 0.0017 167
1715074072923 0.0017 168
1715074343612 0.00169 169
1715074595924 0.00169 170
1715074847712 0.00169 171
1715075094998 0.00169 172
1715075394184 0.00169 173
1715075629187 0.00169 174
1715075899644 0.00168 175
1715076140959 0.00168 176
1715076425694 0.00168 177
1715076676207 0.00168 178
1715076908686 0.00168 179
1715077181726 0.00167 180
1715077448959 0.00167 181
1715077691422 0.00167 182
1715077974829 0.00167 183
1715078202807 0.00167 184
1715078483239 0.00167 185
1715078726621 0.00166 186
1715078992877 0.00166 187
1715079275534 0.00166 188
1715079516117 0.00166 189
1715079781052 0.00166 190
1715080032711 0.00165 191
1715080278813 0.00165 192
1715080528414 0.00165 193
1715080782725 0.00165 194
1715081033558 0.00165 195
1715081316996 0.00165 196
1715081580320 0.00164 197
1715081810922 0.00164 198
1715082063445 0.00164 199
1715082310803 0.00164 200
1715082558115 0.00164 201
1715082822258 0.00163 202
1715083088809 0.00163 203
