1716134536607 0.020670542406115548 0
1716134552996 0.015162811180548111 1
1716134571213 0.004430975793363377 2
1716134590052 0.0 3
1716134604278 0.20492935248926888 4
1716134625520 0.3601945284793711 5
1716134646636 0.17815145209076103 6
1716134664431 0.48620624114409355 7
1716134686245 0.3948363631328156 8
1716134704251 0.0973630032387575 9
1716134719179 0.5040474874933493 10
1716134740789 0.4156221671971507 11
1716134759490 0.5472643525239859 12
1716134781134 0.6395420411166922 13
1716134803266 0.7164185524979746 14
1716134825231 0.6497836396245219 15
1716134843486 0.7661966691473387 16
1716134865448 0.8063270804125279 17
1716134887619 0.6415910542175557 18
1716134905752 0.7696434875233621 19
1716134923566 0.7027317747639751 20
1716134941934 0.7594655346991731 21
1716134959879 0.7585907472773269 22
1716134977857 0.6236418193495041 23
1716134995923 0.8318592051941667 24
1716135017204 0.8153104523731676 25
1716135035221 0.7648659513297374 26
1716135053780 0.8143238836714953 27
1716135072006 0.7647631252129754 28
1716135090454 0.7880133353968674 29
1716135108287 0.7879630096817642 30
1716135126515 0.8197169799298621 31
1716135144446 0.854875443453119 32
1716135167149 0.8082608141882369 33
1716135185297 0.8218473579196348 34
1716135204536 0.8274801814707525 35
1716135222644 0.8048653316850979 36
1716135240373 0.8657140457576485 37
1716135261974 0.8513947606853209 38
1716135279921 0.8284055066173126 39
1716135298028 0.8444899832430401 40
1716135316590 0.8566708378038372 41
1716135334819 0.8514606197134199 42
1716135352963 0.855145717239015 43
1716135370907 0.8744468056384158 44
1716135392967 0.8631927806295415 45
1716135410990 0.8501336976951611 46
1716135430022 0.8701209431409427 47
1716135447774 0.8538562611182309 48
1716135465528 0.8522105454080506 49
1716135484757 0.841089130628978 50
1716135502589 0.8449038275736064 51
1716135520366 0.8453862976477451 52
1716135538559 0.859487747995027 53
1716135556537 0.8558181148608769 54
1716135574463 0.8579763599251321 55
1716135592432 0.8741721815588198 56
1716135610627 0.8832783839555901 57
1716135632362 0.8677444846610705 58
1716135650875 0.8937428424478151 59
1716135673148 0.8850355576025307 60
1716135691254 0.8798013192691241 61
1716135709234 0.8783388426337578 62
1716135727213 0.874618144946267 63
1716135745198 0.869422378286251 64
1716135764295 0.8842890867370642 65
1716135782115 0.8604529609520849 66
1716135796511 0.885040851559071 67
1716135814729 0.8328498535447499 68
1716135829485 0.8859499965997933 69
1716135843749 0.7967570899246473 70
1716135858339 0.8653615119766367 71
1716135872885 0.8492295558949018 72
1716135887723 0.86596091057277 73
1716135902119 0.8879483107507259 74
1716135916595 0.8658342045913908 75
1716135931057 0.864415175389881 76
1716135945879 0.8800975275841117 77
1716135960484 0.8998253220336349 78
1716135982735 0.899557839744035 79
1716136004410 0.8985480145625989 80
1716136026297 0.8797828482875603 81
1716136044243 0.8843653453923087 82
1716136062342 0.8917313362641094 83
1716136080077 0.8945549529911041 84
1716136097772 0.8915061888422179 85
1716136116427 0.8745688279998091 86
1716136130810 0.8753986255180176 87
1716136145426 0.9038654996702133 88
1716136167591 0.8737310157846823 89
1716136182126 0.8971100085663334 90
1716136199899 0.9034479247139774 91
1716136217682 0.8975991437550902 92
1716136236162 0.8953466480253444 93
1716136254219 0.8937903473427516 94
1716136272445 0.8934288820759259 95
1716136290752 0.8917139657742439 96
1716136309383 0.8932786005641847 97
1716136327356 0.9127073645738489 98
1716136350107 0.90340551474078 99
1716136371747 0.9173945121315251 100
1716136393390 0.9045647556917257 101
1716136411694 0.909462787180829 102
1716136429306 0.9118348702644807 103
1716136447362 0.9020940371626295 104
1716136465881 0.9104213907554853 105
1716136483594 0.9117314871617133 106
1716136501641 0.9114513322141602 107
1716136519987 0.9061908030561104 108
1716136537964 0.9095946417211863 109
1716136555895 0.9087571871362362 110
1716136573970 0.8883260381072797 111
1716136588893 0.9082629383882354 112
1716136603339 0.8915406064305227 113
1716136619223 0.8984832882249468 114
1716136633570 0.9155908922242094 115
1716136648278 0.9009121992692192 116
1716136662659 0.8928929542118887 117
1716136677545 0.917421078275732 118
1716136691897 0.8974991913727522 119
1716136706649 0.9095581365358839 120
1716136721779 0.911977730015464 121
1716136739988 0.8934554553078042 122
1716136754509 0.9170728054400158 123
1716136772240 0.9101981719447396 124
1716136790345 0.9133244976751308 125
1716136808426 0.9118928807910706 126
1716136826844 0.910562498122674 127
1716136846086 0.9165957053308276 128
1716136864594 0.9032666283905758 129
1716136879650 0.9110468031629647 130
1716136894315 0.9055369531946664 131
1716136908495 0.9122994840688324 132
1716136927133 0.9049589242738119 133
1716136942477 0.9118257103543028 134
1716136960533 0.9007325901900861 135
1716136975061 0.9144841343082865 136
1716136989678 0.9214524361961324 137
1716137011957 0.8904178074706935 138
1716137026576 0.8957926485439615 139
1716137040939 0.9004451097304677 140
1716137056013 0.8907383529440572 141
1716137071031 0.9061653519682169 142
1716137085517 0.9262691790283775 143
1716137103614 0.9102736514216406 144
1716137117986 0.9104526209669398 145
1716137132426 0.915785618712046 146
1716137146766 0.8924911136950741 147
1716137161585 0.9180029742656419 148
1716137176138 0.917094226135375 149
1716137194251 0.9116088670592838 150
1716137208939 0.9264817553951831 151
1716137231124 0.9196667330930078 152
1716137249111 0.9172224510262805 153
1716137267167 0.9148281732258884 154
1716137285351 0.9145906553041493 155
1716137303461 0.9186708849340391 156
1716137321321 0.9203561006036306 157
1716137339720 0.9212200785557197 158
1716137357512 0.9199651500617159 159
1716137376154 0.9228471069010934 160
1716137394185 0.9144841108901353 161
1716137408890 0.9123112257966387 162
1716137423532 0.9150292977327648 163
1716137437869 0.9213303331225265 164
1716137455900 0.920258504939059 165
1716137473961 0.8989198667427539 166
1716137488794 0.9137422621524242 167
1716137503212 0.9069365593204454 168
1716137517742 0.9156767904374643 169
1716137532185 0.9020865112965301 170
1716137546559 0.9125524047458691 171
1716137561066 0.9026117423359249 172
1716137575463 0.9052002963560252 173
1716137589843 0.9058644948269213 174
1716137605364 0.9122986019682772 175
1716137620189 0.9178288562381929 176
1716137634688 0.9135899747310866 177
1716137649500 0.9205290557354223 178
1716137664005 0.8974984321741717 179
1716137678377 0.9231789218371588 180
1716137693023 0.9108509032955799 181
1716137707454 0.9202601931573605 182
1716137722318 0.9168723396138017 183
1716137737003 0.9189364676695488 184
1716137751451 0.9217184532754018 185
1716137766125 0.9245868615401179 186
1716137780554 0.9164582712144543 187
1716137795554 0.9254399100145821 188
1716137814139 0.9320115293974158 189
1716137836741 0.9234768729940496 190
1716137855127 0.9253448399207063 191
1716137873351 0.9261573550877295 192
1716137891578 0.9221915146379723 193
1716137910035 0.9204189588361306 194
1716137928343 0.9169814415532151 195
1716137943476 0.9191562660482798 196
1716137957915 0.9213242018409673 197
1716137973188 0.9286609013534136 198
1716137991331 0.9130300631165379 199
1716138009283 0.9201958176556638 200
1716138023792 0.9157952655001469 201
1716138038296 0.9192652377864826 202
1716138053477 0.9061351474075297 203
1716138068024 0.9056426497880364 204
1716138082852 0.8958163329203445 205
1716138097278 0.9088364752941126 206
1716138111732 0.9127740382151225 207
1716138126100 0.9125546023496612 208
1716138140589 0.9202057201359031 209
1716138154840 0.9212765720381982 210
1716138170086 0.9112501710579766 211
1716138184409 0.9193829737692817 212
1716138198828 0.9113518229521218 213
1716138213024 0.9003781755699546 214
1716138227285 0.9226720353899668 215
1716138241588 0.9175263465692137 216
1716138256163 0.9094666979886575 217
1716138270534 0.9203961119466171 218
1716138284967 0.9217439257948737 219
1716138299970 0.9160785757617843 220
1716138314627 0.922544910105224 221
1716138329004 0.9296391946207807 222
1716138343409 0.9315091285688125 223
1716138358397 0.9255367920843547 224
1716138372714 0.9186527263610907 225
1716138387172 0.9270034055078876 226
1716138401730 0.9269331996223685 227
1716138420072 0.9327224913623163 228
1716138442534 0.9258020726548191 229
1716138460341 0.9286713348399207 230
1716138477949 0.9185521832785609 231
1716138492267 0.9058342734791153 232
1716138506769 0.9226412954178483 233
1716138521669 0.9172848063234823 234
1716138536251 0.9138237971873365 235
1716138550585 0.9183199394450444 236
1716138564931 0.9193528348793018 237
1716138579297 0.9323835812025486 238
1716138593703 0.9194800647454517 239
1716138608207 0.9149231845753555 240
1716138622468 0.9281276958721308 241
1716138637903 0.9178826099929275 242
1716138652471 0.9308094177315175 243
1716138667084 0.9239620003929879 244
1716138681343 0.9251926819523512 245
1716138695617 0.9279083076945448 246
1716138710601 0.9264066444615094 247
1716138728643 0.9273531403294014 248
1716138746580 0.928581451925158 249
1716138769395 0.9268911035239973 250
1716138786889 0.917155163781698 251
1716138801332 0.9194993566646567 252
1716138815574 0.9253339161218376 253
1716138829962 0.9287606236166477 254
1716138844571 0.9254037160302938 255
1716138858885 0.9204056509636872 256
1716138873439 0.9261578015811431 257
1716138888684 0.9216316571928863 258
1716138903279 0.926929053449661 259
1716138918146 0.9263430854590574 260
1716138932484 0.9225147808248191 261
1716138946814 0.9224474678910272 262
1716138961188 0.9240273579773223 263
1716138975434 0.9283855070068734 264
1716138990175 0.9271270782096105 265
1716139008721 0.9182453491672268 266
1716139023287 0.9301066287736207 267
1716139037829 0.9233571881053244 268
1716139052239 0.9256731548827765 269
1716139066614 0.9285749244064302 270
1716139084832 0.9271331023155698 271
1716139102935 0.9254799152448488 272
1716139121204 0.9235321826994562 273
1716139135679 0.9221872545273989 274
1716139149840 0.9254673135118807 275
1716139164232 0.921886610391141 276
1716139178853 0.9296600250968142 277
1716139193465 0.932914814522524 278
1716139215367 0.9288511192012311 279
1716139234427 0.9241522743403078 280
1716139248928 0.9345788171710852 281
1716139270904 0.9249078421737095 282
1716139285278 0.9314365784246338 283
1716139303386 0.9293834721401361 284
1716139321385 0.9253249649334464 285
1716139335959 0.9264239821887661 286
1716139350400 0.9079974143529276 287
1716139365750 0.9264228314300779 288
1716139381132 0.9300073257659859 289
1716139395661 0.9215141509589758 290
1716139410128 0.9265014701089527 291
1716139424587 0.9192012683442679 292
1716139439051 0.9230905881726205 293
1716139453441 0.922383924951547 294
1716139468177 0.9224723058191397 295
1716139482932 0.9237461493921648 296
1716139497413 0.9329066208245896 297
1716139511954 0.919042487248458 298
1716139526313 0.9321918278578126 299
1716139544434 0.9206930637289844 300
1716139558673 0.9293647772814969 301
1716139573123 0.9254396097829786 302
1716139587871 0.9241425397218772 303
1716139602166 0.9245562870114511 304
1716139616643 0.9303965945170134 305
1716139631035 0.9230795988569463 306
1716139645261 0.9277381591246848 307
1716139659647 0.9175780841067275 308
1716139674074 0.9259389283343014 309
1716139688343 0.9245860412716929 310
1716139703547 0.9247806470451243 311
1716139718000 0.9326685648024613 312
1716139732292 0.9240288394232837 313
1716139746643 0.9302153875174222 314
1716139761044 0.9300049913530466 315
1716139775469 0.9327336816285916 316
1716139789903 0.9334642561845015 317
1716139808361 0.9311908021111939 318
1716139826412 0.9301938755890392 319
1716139844779 0.9272213438100576 320
1716139859605 0.9280983499825011 321
1716139874119 0.9311501722284583 322
1716139891884 0.9303814744262574 323
1716139910414 0.9210766115511424 324
1716139925440 0.9147560589043912 325
1716139939885 0.9201367648273265 326
1716139954829 0.9249197091589266 327
1716139969196 0.9258676777533713 328
1716139983807 0.9299849134055916 329
1716139998403 0.9289312555522677 330
1716140012690 0.9322510596528647 331
1716140027173 0.9295068892631334 332
1716140042149 0.9351201716155249 333
1716140060669 0.9281101449064347 334
1716140074891 0.9258001481774404 335
1716140089514 0.9282257664653829 336
1716140104241 0.9286910024060795 337
1716140118773 0.9283791498931052 338
1716140133532 0.933119123977502 339
1716140148357 0.9243971741452978 340
1716140164024 0.9352904988480204 341
1716140181944 0.9240001958559283 342
1716140196465 0.9215718214501237 343
1716140211168 0.9275838989302551 344
1716140225741 0.9207788840599521 345
1716140240006 0.9266692100006688 346
1716140254558 0.9343371691434443 347
1716140273993 0.9322472417665099 348
1716140288951 0.9255272573738601 349
1716140307349 0.930817648108104 350
1716140321535 0.9324087514145658 351
1716140336020 0.9339221052248918 352
1716140354475 0.9238133024106117 353
1716140369468 0.9309773812674006 354
1716140383905 0.9286649333590328 355
1716140398180 0.9224130967043953 356
1716140412510 0.9227181768109847 357
1716140426978 0.9330885200698384 358
1716140441287 0.9359907580725149 359
1716140455989 0.9298047358886433 360
1716140470384 0.9287130837289134 361
1716140485336 0.9219112373718398 362
1716140500077 0.932283867841552 363
1716140514485 0.928795900049633 364
1716140528860 0.9301729921446862 365
1716140543310 0.9384163650278529 366
1716140565222 0.9276289280968234 367
1716140579730 0.933191235944518 368
1716140598233 0.92402827203066 369
1716140612722 0.9331866225742508 370
1716140627320 0.9319991871912657 371
1716140645658 0.932858939797938 372
1716140663724 0.930428152789343 373
1716140681920 0.9285531431456313 374
1716140696924 0.9242837726517915 375
1716140711416 0.9328535408980217 376
1716140725589 0.9259434224916739 377
1716140740119 0.9304552035543553 378
1716140754418 0.9335283659963235 379
1716140768871 0.9324693338341895 380
1716140783277 0.915488265184557 381
1716140797721 0.9188987741134623 382
1716140812562 0.9285189043360811 383
1716140827058 0.9279420087818672 384
1716140841826 0.9277456716193728 385
1716140856178 0.9340595143865071 386
1716140870641 0.9292923681660737 387
1716140885069 0.9291558093913211 388
1716140899816 0.936032722885417 389
1716140914448 0.9347772410298206 390
1716140929591 0.922721478369307 391
1716140943988 0.9272145263161363 392
1716140958606 0.9335167767681162 393
1716140972950 0.9296072363387364 394
1716140987497 0.9296927560912995 395
1716141001922 0.9311027547418892 396
1716141016546 0.9272557613906459 397
1716141031009 0.9274885707822232 398
1716141045806 0.922994596630784 399
1716141063984 0.935967930052987 400
1716141078445 0.9260154468372509 401
1716141092795 0.9311061527676247 402
1716141107324 0.9330430771400439 403
1716141121982 0.9240513160152934 404
1716141136631 0.9328885563955619 405
1716141151045 0.9349186349085866 406
1716141165575 0.9349352292356361 407
1716141183843 0.9312873990403228 408
1716141202140 0.9341797105908579 409
1716141220535 0.9303732590273522 410
1716141234802 0.9297742876023332 411
1716141250282 0.9306170026795746 412
1716141264525 0.9279029149796241 413
1716141279082 0.9312907999750403 414
1716141293464 0.9324394189095866 415
1716141307759 0.9230445581530948 416
1716141322181 0.92753675504297 417
1716141336497 0.9333092803267821 418
1716141350995 0.9262516752220935 419
1716141366095 0.9267783879905763 420
1716141380313 0.9318114894674464 421
1716141394742 0.9227034669914024 422
1716141409270 0.932833874039337 423
1716141423607 0.9246203980725841 424
1716141437963 0.935719515999686 425
1716141452512 0.9310098752109868 426
1716141467009 0.9296502665684203 427
1716141481821 0.9286813259544799 428
1716141496287 0.9324408572496677 429
1716141510680 0.9320197143155124 430
1716141525088 0.9157486905491147 431
1716141539275 0.9273946229540266 432
1716141553500 0.9337200806899197 433
1716141567792 0.9340046294062662 434
1716141582121 0.9338819961139627 435
1716141596965 0.9360020209965727 436
1716141611113 0.9281633306765763 437
1716141625441 0.9316930172800729 438
1716141640012 0.9280638137367111 439
1716141654389 0.9336323033165875 440
1716141668716 0.9340328623994175 441
1716141686718 0.9287658220477342 442
1716141701169 0.9278156028158083 443
1716141715905 0.9329363186573035 444
1716141730454 0.9298018831176512 445
1716141744738 0.930156119293737 446
1716141758814 0.9394802374987091 447
1716141780272 0.9367924766422672 448
1716141798078 0.9252288470683535 449
1716141816977 0.9242900630971974 450
1716141831191 0.932891215572914 451
1716141845798 0.9267737301138134 452
1716141860453 0.9307700956262536 453
1716141874899 0.9356039297832952 454
1716141889262 0.9307305970787622 455
1716141903628 0.9355921731618159 456
1716141917958 0.9366076687497021 457
1716141932315 0.928174864002337 458
1716141947887 0.9328123861446057 459
1716141962413 0.9288445689579978 460
1716141976884 0.927935183409451 461
1716141991390 0.9285564349102818 462
1716142006048 0.9331066338699475 463
1716142020839 0.9328488197808028 464
1716142035248 0.9326337297078369 465
1716142049569 0.9324822276619879 466
1716142064569 0.9344986469131323 467
1716142078817 0.9340875696864038 468
1716142096862 0.9330846197994315 469
1716142114554 0.9282837063761499 470
1716142128703 0.9320465865378723 471
1716142143066 0.928664478953572 472
1716142157431 0.9342851434054417 473
1716142171741 0.9297302269619875 474
1716142186424 0.9277640785826541 475
1716142200852 0.936351780444439 476
1716142215473 0.931257133696393 477
1716142230007 0.9300974770828013 478
1716142244539 0.9299381495667047 479
1716142258858 0.9330834546780823 480
1716142273227 0.9299263551497469 481
1716142287649 0.9210595176878883 482
1716142302924 0.926617176364218 483
1716142317324 0.9332976836086395 484
1716142331794 0.9327290298581979 485
1716142346236 0.9328739368153364 486
1716142360561 0.9254977826712896 487
1716142375113 0.9343931145574308 488
1716142389490 0.9301920796795554 489
1716142403988 0.9273826594327979 490
1716142418427 0.9293533289282022 491
1716142433750 0.9329738136429326 492
1716142448066 0.9345577323693739 493
1716142462606 0.9308327025970925 494
1716142476904 0.9301010884691387 495
1716142491204 0.9319097459567424 496
1716142505689 0.9298602324534934 497
1716142519944 0.9323703805449256 498
1716142534208 0.9318773932219583 499
1716142552805 0.9299439306584913 500
1716142567081 0.9320760002793396 501
1716142581379 0.9327750954832448 502
1716142595924 0.931414781340067 503
1716142610245 0.9334776922308056 504
1716142624593 0.9301067271391016 505
1716142638945 0.9331455169472883 506
1716142653734 0.9313391044072437 507
1716142668837 0.9282174641806957 508
1716142683193 0.9342184334449358 509
1716142697515 0.9320680287903208 510
1716142711967 0.9267328941682251 511
1716142726210 0.9301017274910168 512
1716142740622 0.9327155976853664 513
1716142755318 0.936716620587676 514
1716142769539 0.9318006757092574 515
1716142784274 0.9295203274031233 516
1716142799040 0.9356219788753135 517
1716142813866 0.9333997302801026 518
1716142828448 0.9377189207482189 519
1716142846456 0.9306821074222668 520
1716142860728 0.9341556210334089 521
1716142875115 0.9322032587758292 522
1716142889444 0.9365363669045825 523
1716142908377 0.934938974174084 524
1716142926201 0.9351153482606409 525
1716142944354 0.9338059454973336 526
1716142962474 0.9295485085436853 527
1716142976766 0.9321082861138553 528
1716142991301 0.9360021475340629 529
1716143006581 0.9296142852854415 530
1716143021356 0.9360950927804944 531
1716143035869 0.9333631523673178 532
1716143050277 0.9339279246978158 533
1716143064659 0.9371834231940191 534
1716143086486 0.9389032207877591 535
1716143108486 0.9337298253824993 536
1716143122682 0.9360004907538846 537
1716143140700 0.9302166489426104 538
1716143155017 0.9304764238291748 539
1716143169473 0.9279027916732087 540
1716143184149 0.9374456887377974 541
1716143198513 0.93654094784147 542
1716143213679 0.9306958446403412 543
1716143228467 0.9323044443892394 544
1716143242747 0.9340205788267991 545
1716143257566 0.9269559870179823 546
1716143271903 0.9301213296519268 547
1716143286237 0.931475475811334 548
1716143300584 0.9296485616913083 549
1716143319011 0.9264781608225733 550
1716143333394 0.9270344774618335 551
1716143349305 0.9367127817765436 552
1716143363682 0.9315601782270037 553
1716143378256 0.9286850208833138 554
1716143392678 0.9326218684835288 555
1716143407129 0.9305627726840006 556
1716143421500 0.9360377424838061 557
1716143435931 0.9326523431373821 558
1716143450223 0.9322596446204218 559
1716143464660 0.9346644376561969 560
1716143478986 0.9254055670158555 561
1716143493169 0.9290988037536471 562
1716143507558 0.9298272703442895 563
1716143521801 0.9323092211449721 564
1716143536137 0.9338580776523355 565
1716143550509 0.9248171665719314 566
1716143564956 0.9363414144496227 567
1716143579806 0.9275770565438286 568
1716143594134 0.9290487953205931 569
1716143608555 0.9289398113769733 570
1716143623026 0.9370081379834955 571
1716143637661 0.9342913516793763 572
1716143652238 0.9311746197895442 573
1716143666517 0.9359536456724978 574
1716143681049 0.9377148012715614 575
1716143695610 0.9320090592467377 576
1716143709913 0.9316607148440378 577
1716143724395 0.9361334562978795 578
1716143738730 0.9329062779034447 579
1716143753254 0.9295606028367068 580
1716143767619 0.9339502848529384 581
1716143782027 0.9334173058834474 582
1716143796273 0.9373353132941203 583
1716143811160 0.9343541057082408 584
1716143825501 0.9392620047286111 585
1716143839869 0.927272762813593 586
1716143854335 0.9322816848953156 587
1716143868878 0.9339511620262358 588
1716143883338 0.9280968787204241 589
1716143897604 0.9337773650874572 590
1716143912148 0.9306931275070424 591
1716143927670 0.939316574704992 592
1716143942335 0.9289168871695352 593
1716143956761 0.9302967030383681 594
1716143971225 0.9327643438010798 595
1716143985652 0.9308966985589567 596
1716144000073 0.932642398712859 597
1716144014544 0.9331855435414459 598
1716144029085 0.9303764944915645 599
1716144047927 0.9345474941593337 600
1716144062442 0.9343754061198758 601
1716144076981 0.9345016028463516 602
1716144091500 0.9371189609960252 603
1716144105886 0.9303059906481456 604
1716144120283 0.9338349966418202 605
1716144134832 0.9362073081006047 606
1716144149182 0.9331686290101754 607
1716144164055 0.9342327908963511 608
1716144178643 0.9367052211182773 609
1716144193351 0.9269113540670902 610
1716144207664 0.9234315113842767 611
1716144222035 0.9349619211398355 612
1716144237096 0.9298924632782422 613
1716144251680 0.9290553288359523 614
1716144266186 0.9382845331521993 615
1716144280874 0.9372484252614203 616
1716144295444 0.9348528561986506 617
1716144310486 0.9348930111588185 618
1716144324927 0.9364120140758706 619
1716144339421 0.9359409853519427 620
1716144353812 0.9303515848517651 621
1716144368395 0.9321227331646841 622
1716144382820 0.9354246582052462 623
1716144397750 0.9390375251595303 624
1716144412292 0.9336263870991979 625
1716144426699 0.9337586596038153 626
1716144441093 0.9331998038279878 627
1716144455477 0.9365346401684121 628
1716144470078 0.9354105387818189 629
1716144488199 0.9329896222122107 630
1716144503002 0.9394262038662914 631
1716144524933 0.9289861506551161 632
1716144539522 0.9328251780752003 633
1716144553830 0.9372414871756959 634
1716144568994 0.9386583257836358 635
1716144587280 0.934443910154752 636
1716144601787 0.9376400542146216 637
1716144620153 0.9374763322393679 638
1716144638269 0.9320907618552864 639
1716144652639 0.9361478508760213 640
1716144667009 0.9342289932831922 641
1716144681547 0.9376176705610649 642
1716144695912 0.9359885704300949 643
1716144714300 0.933182033077002 644
1716144729277 0.9375696410282294 645
1716144747556 0.9318879403072958 646
1716144761861 0.932698833441243 647
1716144776111 0.9375779300940134 648
1716144790527 0.9302978679054013 649
1716144808611 0.931602099269586 650
1716144823155 0.9327165854352032 651
1716144838741 0.9342937122553542 652
1716144852986 0.9341014872097749 653
1716144867307 0.9339630187474454 654
1716144881890 0.9296919991422392 655
1716144896687 0.926127911121516 656
1716144911028 0.9362531146188339 657
1716144925442 0.9340315952663731 658
1716144939717 0.9357677701062888 659
1716144954969 0.9318814460258692 660
1716144969706 0.9338504813143155 661
1716144984140 0.9347703330302375 662
1716144998596 0.9352707000902144 663
1716145013107 0.9361381890879236 664
1716145027532 0.9312653029175347 665
1716145041775 0.93771688559415 666
1716145056095 0.9295847225191777 667
1716145071357 0.9331639358611392 668
1716145085744 0.9357285740120389 669
1716145100107 0.9358644566252394 670
1716145114595 0.9327531948903305 671
1716145129209 0.9377494020710446 672
1716145143575 0.9346204018735542 673
1716145157990 0.9364117744725311 674
1716145172399 0.9307737349402877 675
1716145188141 0.9320489598138733 676
1716145202619 0.9344199338859269 677
1716145217098 0.9404842275832133 678
1716145235089 0.9337183613659562 679
1716145249679 0.9366568880851359 680
1716145263972 0.9274155379019672 681
1716145278432 0.9329097003797209 682
1716145293328 0.9351935877140347 683
1716145308043 0.9337241105550346 684
1716145322805 0.9357578411921145 685
1716145337792 0.9340066108752096 686
1716145352397 0.9284693722380988 687
1716145366731 0.939721249186325 688
1716145381108 0.9210538364709233 689
1716145395596 0.9365026217245886 690
1716145410663 0.9357440662741717 691
1716145425159 0.9339552038228015 692
1716145440231 0.93184126431345 693
1716145454803 0.9340963660913801 694
1716145469450 0.9297660356323982 695
1716145484590 0.9282741176834995 696
1716145499121 0.9369892385435984 697
1716145513598 0.9281100430801789 698
1716145528949 0.9301621311760604 699
1716145547316 0.9325201560771018 700
1716145562024 0.9373435866923945 701
1716145576451 0.930178017081146 702
1716145591589 0.9349479145987463 703
1716145606090 0.941888600616743 704
1716145620879 0.9330457005287602 705
1716145636451 0.9306161686632283 706
1716145651031 0.9406501828767772 707
1716145666178 0.9363101815504803 708
1716145680454 0.9334446889416498 709
1716145695049 0.9377051511261042 710
1716145709558 0.9373850454304077 711
1716145724106 0.9340733546132104 712
1716145738795 0.9375613887179594 713
1716145753862 0.9301308021565448 714
1716145768184 0.9347698970850614 715
1716145782721 0.9357626171647846 716
1716145797135 0.9365497518390143 717
1716145811664 0.9357133141613564 718
1716145825861 0.9360049372788639 719
1716145840464 0.9324068003901193 720
1716145855221 0.9371139369347405 721
1716145870417 0.925880193812751 722
1716145885047 0.934158952102128 723
1716145899464 0.9277652642580038 724
1716145913992 0.9371378702628457 725
1716145928552 0.9355428149609407 726
1716145943094 0.9383975960157148 727
1716145957522 0.9338804416711609 728
1716145972250 0.9355587042555332 729
1716145987093 0.9387787656557162 730
1716146001517 0.9362691713836923 731
1716146016485 0.9335437666480347 732
1716146030964 0.9297797240733301 733
1716146045419 0.9353237964786851 734
1716146059985 0.9381586398806606 735
1716146074500 0.9364487436447074 736
1716146088955 0.9287557021039309 737
1716146103836 0.9301526363799485 738
1716146118286 0.9346339267223941 739
1716146132862 0.9329756229148902 740
1716146147398 0.9357528047375272 741
1716146161790 0.9361996884055835 742
1716146176295 0.9385971006485297 743
1716146190816 0.9351432207236625 744
1716146205802 0.934829463135891 745
1716146220221 0.9380112176166907 746
1716146234612 0.9317346963965747 747
1716146249191 0.9348074282348726 748
1716146263944 0.9344561728877192 749
1716146282293 0.9253176052561186 750
1716146296718 0.9348336989627558 751
1716146311307 0.933963510636969 752
1716146325647 0.9300287325965715 753
1716146340208 0.9272671438830438 754
1716146354770 0.9369512490819054 755
1716146369291 0.9392124195743664 756
1716146383624 0.9335869449838539 757
1716146398188 0.9342256176123848 758
1716146412697 0.9312028103293568 759
1716146427539 0.9331036455918255 760
1716146442030 0.932651806494751 761
1716146456822 0.938236902630987 762
1716146471469 0.933030756127358 763
1716146486496 0.9341082568930493 764
1716146500983 0.9356465024151515 765
1716146515543 0.9347137480135128 766
1716146529939 0.9353636584211816 767
1716146544884 0.9248463525379952 768
1716146559588 0.9368330953975939 769
1716146573888 0.938737557859795 770
1716146588450 0.9346707768420215 771
1716146602917 0.9342016124823491 772
1716146617378 0.9311484172112513 773
1716146631906 0.9338223187735438 774
1716146646436 0.9402776816764694 775
1716146661473 0.9392998785545995 776
1716146676499 0.9331952677452812 777
1716146690932 0.9348108019491841 778
1716146705485 0.9364973823357247 779
1716146719868 0.935838572525136 780
1716146734345 0.9377001962904722 781
1716146749019 0.9367806568730245 782
1716146768275 0.9360875578870679 783
1716146786274 0.9303418180021262 784
1716146800837 0.9298420489299436 785
1716146815685 0.9305084398435852 786
1716146830270 0.9349068736666806 787
1716146844957 0.9296525412544407 788
1716146859525 0.9357308076549983 789
1716146874068 0.9367398683606609 790
1716146888689 0.9363550460018663 791
1716146903517 0.9348993740324129 792
1716146918174 0.9351397144167243 793
1716146932771 0.9319129276484396 794
1716146947141 0.9352845320708111 795
1716146961715 0.9316743611099536 796
1716146977246 0.9287125571080813 797
1716146991609 0.92945297470878 798
1716147006064 0.9311084881787633 799
1716147024149 0.9357159964795027 800
1716147038429 0.936174621063798 801
1716147052916 0.931575140805978 802
1716147067386 0.9264949428540636 803
1716147083286 0.9294751941361593 804
1716147097675 0.9404240258515216 805
1716147112328 0.9263513523373311 806
1716147126932 0.9349068940603943 807
1716147141545 0.931917797464182 808
1716147156308 0.9283960058161513 809
1716147170905 0.9330098227754448 810
1716147185456 0.9382418102775786 811
1716147201379 0.9297345590892214 812
1716147215984 0.9292138684843994 813
1716147230526 0.9380070904847435 814
1716147245059 0.9324759976861238 815
1716147259561 0.9366179421527843 816
1716147274417 0.9371901407632226 817
1716147288893 0.9284321427019625 818
1716147303489 0.9390740417495077 819
1716147318636 0.9374423692958297 820
1716147333006 0.9346020755735874 821
1716147347549 0.9289188398447084 822
1716147362128 0.9390118702156097 823
1716147376451 0.9380304022843818 824
1716147390876 0.9355539143015639 825
1716147405132 0.9298274302301909 826
1716147419554 0.937517378142282 827
1716147434104 0.9356484342519561 828
1716147448807 0.9326307807405767 829
1716147463233 0.9316944813819102 830
1716147477583 0.9376560940505058 831
1716147492184 0.9347397481061149 832
1716147506839 0.9347556804147384 833
1716147521295 0.933826171922347 834
1716147535896 0.9262706350131479 835
1716147550754 0.9358993910872307 836
1716147565184 0.9361411730455874 837
1716147579498 0.9367659293190368 838
1716147594123 0.9314845664884411 839
1716147608495 0.9363375795705601 840
1716147622938 0.9352442583466957 841
1716147637238 0.9332116220000074 842
1716147651832 0.939248275650595 843
1716147666335 0.9367753459741416 844
1716147681217 0.9384055970711732 845
1716147695483 0.9355463829931091 846
1716147709783 0.9402066498763327 847
1716147727684 0.9327704992044664 848
1716147741794 0.9327401525747812 849
1716147759533 0.9402524797571018 850
1716147773975 0.9398559427796541 851
1716147792133 0.9313008425327247 852
1716147806675 0.9367072561007156 853
1716147821132 0.9364691480347984 854
1716147835473 0.9316366395851191 855
1716147849853 0.9313612937036483 856
1716147864073 0.9381575513351758 857
1716147878670 0.9384403210689358 858
1716147893552 0.9304228798571236 859
1716147907891 0.9331474368801537 860
1716147922299 0.9372688763939031 861
1716147936751 0.9373498956238145 862
1716147950916 0.932545122363983 863
1716147965263 0.930259188646667 864
1716147979494 0.9336481100915988 865
1716147993825 0.9360351398654227 866
1716148009004 0.9324102652476084 867
1716148023183 0.9357486266454247 868
1716148037391 0.9423234376951304 869
1716148056130 0.9361698306677319 870
1716148070433 0.9343102310196328 871
1716148084824 0.9340944392016478 872
1716148099431 0.9347821084318161 873
1716148113763 0.9360909509978407 874
1716148128689 0.9284514924983672 875
1716148143537 0.9327320938205196 876
1716148157969 0.9347736301508668 877
1716148172275 0.9329765119974835 878
1716148186743 0.9316432407252315 879
1716148201050 0.9348962760105791 880
1716148215291 0.9345873486997709 881
1716148229723 0.9368877985780598 882
1716148244355 0.9341584202450335 883
1716148258801 0.9345324391651563 884
1716148273357 0.9388430384499703 885
1716148287804 0.9274217285448602 886
1716148302206 0.93435611894366 887
1716148316566 0.930032879832598 888
1716148330998 0.934581593481178 889
1716148345310 0.930176723206848 890
1716148359809 0.9380367393026253 891
1716148374228 0.9403118954743518 892
1716148389154 0.933973782290495 893
1716148403362 0.9350741147620917 894
1716148417898 0.9383362014893213 895
1716148432358 0.9388263390392958 896
1716148446867 0.9368561249105193 897
1716148461227 0.9370276356231292 898
1716148475628 0.9415961543913781 899
1716148501701 0.9378125551812181 900
1716148519875 0.937872137464988 901
1716148538293 0.935705482394135 902
1716148552614 0.936706740321389 903
1716148567029 0.934846849087224 904
1716148581620 0.9391191792476096 905
1716148599985 0.9310017604552905 906
1716148614439 0.93271955061886 907
1716148628946 0.9343602689228327 908
1716148643402 0.9392322013965536 909
1716148658239 0.9352605885825692 910
1716148672598 0.9323239497001796 911
1716148686897 0.9307833696552118 912
1716148701748 0.9359307435775931 913
1716148716196 0.9318193680180583 914
1716148730422 0.9336428245685359 915
1716148744725 0.9367026602183666 916
1716148758752 0.9326075742642801 917
1716148773333 0.937019305140204 918
1716148787767 0.934736812373571 919
1716148802081 0.9363439270119897 920
1716148817222 0.9321145080282592 921
1716148831541 0.9347293845513827 922
1716148845911 0.9372662783732939 923
1716148860186 0.9333830785895737 924
1716148874462 0.9269429131355787 925
1716148888796 0.9384755222476456 926
1716148903284 0.9347331663613644 927
1716148917530 0.9345808946560091 928
1716148931786 0.9256196280303951 929
1716148947028 0.9315158204572483 930
1716148961284 0.9373250194825126 931
1716148975765 0.9345219499093885 932
1716148990085 0.9332057710511377 933
1716149004428 0.928320289554955 934
1716149018617 0.9301340048993895 935
1716149032983 0.9353956967112517 936
1716149047399 0.934729437615616 937
1716149062439 0.9298961934771458 938
1716149076933 0.9369870501900334 939
1716149091266 0.9308855255929727 940
1716149105517 0.9352157235614418 941
1716149119756 0.9371731624100428 942
1716149134202 0.9386728351576838 943
1716149148715 0.9291170658407787 944
1716149163086 0.936720947570073 945
1716149177995 0.9303407175670171 946
1716149192417 0.932190783654134 947
1716149206737 0.9347685149215662 948
1716149221031 0.9375580023296569 949
1716149239145 0.9341903159934436 950
1716149253349 0.9311512751659193 951
1716149267786 0.9322511105577318 952
1716149282047 0.9283164372930918 953
1716149297711 0.9355972246435575 954
1716149312179 0.9384507858725146 955
1716149326565 0.9321326709474865 956
1716149340919 0.935754812233748 957
1716149355886 0.9348345405120595 958
1716149370231 0.9317235009723204 959
1716149384684 0.9359897289797284 960
1716149399113 0.9357667367771777 961
1716149414650 0.9386214959676543 962
1716149428898 0.9364225159650168 963
1716149443019 0.938733985837465 964
1716149457556 0.9392167692443723 965
1716149472329 0.9364633233516729 966
1716149486988 0.9298132887923148 967
1716149501375 0.9370175965931794 968
1716149515836 0.9365600119955841 969
1716149530912 0.9324648207751678 970
1716149545442 0.9382300727287816 971
1716149559804 0.9394189832208472 972
1716149574298 0.9351578698584673 973
1716149588574 0.9400202036131091 974
1716149603034 0.9320558641950937 975
1716149617522 0.938067006530311 976
1716149631926 0.9359077598601543 977
1716149646697 0.928054056306193 978
1716149661209 0.9335886497160154 979
1716149675512 0.9341738941825811 980
1716149689879 0.9317905386652292 981
1716149704323 0.9365972982354119 982
1716149718644 0.9327200187957669 983
1716149733013 0.9337795549775323 984
1716149747452 0.9374997467288407 985
1716149762100 0.9366135199930542 986
1716149776784 0.9361643038430264 987
1716149791156 0.9369078055550658 988
1716149805738 0.9397321041311839 989
1716149820112 0.9393268944848727 990
1716149834445 0.9372480172165195 991
1716149848778 0.9365885911261794 992
1716149863244 0.9319032018726947 993
1716149878018 0.9329119545759416 994
1716149892548 0.9363192191961386 995
1716149907115 0.9357506685864038 996
1716149921524 0.9388668261282396 997
1716149935803 0.9378120873857695 998
1716149950218 0.9407528351134947 999
