1707554324561 0.003 0
1707554343508 0.003 1
1707554351131 0.00299 2
1707554363389 0.00299 3
1707554375701 0.00299 4
1707554387927 0.00299 5
1707554400262 0.00298 6
1707554412572 0.00298 7
1707554420207 0.00298 8
1707554427825 0.00298 9
1707554435438 0.00297 10
1707554447422 0.00297 11
1707554455025 0.00297 12
1707554462769 0.00296 13
1707554470386 0.00296 14
1707554478006 0.00296 15
1707554485634 0.00296 16
1707554493295 0.00295 17
1707554500941 0.00295 18
1707554510294 0.00295 19
1707554519285 0.00295 20
1707554527781 0.00294 21
1707554540034 0.00294 22
1707554552302 0.00294 23
1707554559897 0.00294 24
1707554572113 0.00293 25
1707554584512 0.00293 26
1707554596751 0.00293 27
1707554608676 0.00292 28
1707554620959 0.00292 29
1707554633236 0.00292 30
1707554645580 0.00292 31
1707554657780 0.00291 32
1707554670034 0.00291 33
1707554677668 0.00291 34
1707554685303 0.00291 35
1707554692939 0.0029 36
1707554700591 0.0029 37
1707554712919 0.0029 38
1707554720566 0.00289 39
1707554728195 0.00289 40
1707554740504 0.00289 41
1707554752825 0.00289 42
1707554765075 0.00288 43
1707554777430 0.00288 44
1707554789713 0.00288 45
1707554801620 0.00288 46
1707554813946 0.00287 47
1707554821560 0.00287 48
1707554829180 0.00287 49
1707554842003 0.00286 50
1707554854318 0.00286 51
1707554866595 0.00286 52
1707554879708 0.00286 53
1707554887325 0.00285 54
1707554894951 0.00285 55
1707554902669 0.00285 56
1707554914912 0.00285 57
1707554927146 0.00284 58
1707554938632 0.00284 59
1707554950702 0.00284 60
1707554963275 0.00283 61
1707554975499 0.00283 62
1707554987557 0.00283 63
1707554995187 0.00283 64
1707555002825 0.00282 65
1707555010447 0.00282 66
1707555018079 0.00282 67
1707555027741 0.00282 68
1707555035402 0.00281 69
1707555043048 0.00281 70
1707555050910 0.00281 71
1707555063390 0.0028 72
1707555075671 0.0028 73
1707555087197 0.0028 74
1707555099399 0.0028 75
1707555111684 0.00279 76
1707555123755 0.00279 77
1707555136052 0.00279 78
1707555148186 0.00279 79
1707555160481 0.00278 80
1707555172813 0.00278 81
1707555184240 0.00278 82
1707555196195 0.00277 83
1707555203930 0.00277 84
1707555211547 0.00277 85
1707555223897 0.00277 86
1707555236259 0.00276 87
1707555243855 0.00276 88
1707555251467 0.00276 89
1707555259075 0.00276 90
1707555271375 0.00275 91
1707555283543 0.00275 92
1707555295834 0.00275 93
1707555307856 0.00274 94
1707555320068 0.00274 95
1707555332438 0.00274 96
1707555343870 0.00274 97
1707555355662 0.00273 98
1707555363287 0.00273 99
1707555375540 0.00273 100
1707555383140 0.00273 101
1707555395577 0.00272 102
1707555407701 0.00272 103
1707555419811 0.00272 104
1707555432046 0.00271 105
1707555443990 0.00271 106
1707555456408 0.00271 107
1707555464008 0.00271 108
1707555471633 0.0027 109
1707555483907 0.0027 110
1707555495272 0.0027 111
1707555507240 0.0027 112
1707555519649 0.00269 113
1707555527252 0.00269 114
1707555539476 0.00269 115
1707555550885 0.00268 116
1707555562777 0.00268 117
1707555575136 0.00268 118
1707555587291 0.00268 119
1707555598671 0.00267 120
1707555610338 0.00267 121
1707555622589 0.00267 122
1707555630220 0.00267 123
1707555637990 0.00266 124
1707555645611 0.00266 125
1707555653226 0.00266 126
1707555665601 0.00265 127
1707555677748 0.00265 128
1707555689842 0.00265 129
1707555697607 0.00265 130
1707555709887 0.00264 131
1707555721972 0.00264 132
1707555734315 0.00264 133
1707555746379 0.00264 134
1707555758759 0.00263 135
1707555771045 0.00263 136
1707555783098 0.00263 137
1707555790732 0.00262 138
1707555798364 0.00262 139
1707555805988 0.00262 140
1707555813759 0.00262 141
1707555825931 0.00261 142
1707555833565 0.00261 143
1707555841201 0.00261 144
1707555853319 0.00261 145
1707555860952 0.0026 146
1707555873345 0.0026 147
1707555880983 0.0026 148
1707555888622 0.00259 149
1707555901017 0.00259 150
1707555908639 0.00259 151
1707555920761 0.00259 152
1707555932266 0.00258 153
1707555943757 0.00258 154
1707555951399 0.00258 155
1707555962797 0.00258 156
1707555974164 0.00257 157
1707555985705 0.00257 158
1707555993358 0.00257 159
1707556000997 0.00256 160
1707556012397 0.00256 161
1707556023871 0.00256 162
1707556031512 0.00256 163
1707556043059 0.00255 164
1707556054438 0.00255 165
1707556065818 0.00255 166
1707556077195 0.00255 167
1707556084826 0.00254 168
1707556092465 0.00254 169
1707556100253 0.00254 170
1707556107903 0.00253 171
1707556119318 0.00253 172
1707556130719 0.00253 173
1707556138351 0.00253 174
1707556145989 0.00252 175
1707556157594 0.00252 176
1707556168992 0.00252 177
1707556180462 0.00251 178
1707556188096 0.00251 179
1707556199470 0.00251 180
1707556211015 0.00251 181
1707556222451 0.0025 182
1707556233856 0.0025 183
1707556245272 0.0025 184
1707556252914 0.0025 185
1707556260566 0.00249 186
1707556272181 0.00249 187
1707556283591 0.00249 188
1707556291226 0.00248 189
1707556302669 0.00248 190
1707556310330 0.00248 191
1707556321997 0.00248 192
1707556329760 0.00247 193
1707556337460 0.00247 194
1707556345148 0.00247 195
1707556352837 0.00247 196
1707556360508 0.00246 197
1707556370980 0.00246 198
1707556384679 0.00246 199
1707556400291 0.00245 200
1707556411824 0.00245 201
1707556424217 0.00245 202
1707556431858 0.00245 203
1707556444300 0.00244 204
1707556456630 0.00244 205
1707556468934 0.00244 206
1707556476529 0.00243 207
1707556484146 0.00243 208
1707556496420 0.00243 209
1707556504110 0.00243 210
1707556516433 0.00242 211
1707556528742 0.00242 212
1707556541050 0.00242 213
1707556553407 0.00242 214
1707556561108 0.00241 215
1707556568721 0.00241 216
1707556576349 0.00241 217
1707556583974 0.0024 218
1707556591619 0.0024 219
1707556599245 0.0024 220
1707556606886 0.0024 221
1707556615527 0.00239 222
1707556623892 0.00239 223
1707556634182 0.00239 224
1707556642199 0.00239 225
1707556651050 0.00238 226
1707556658928 0.00238 227
1707556673161 0.00238 228
1707556685502 0.00237 229
1707556693100 0.00237 230
1707556700802 0.00237 231
1707556708425 0.00237 232
1707556716051 0.00236 233
1707556728389 0.00236 234
1707556740778 0.00236 235
1707556748403 0.00235 236
1707556756032 0.00235 237
1707556768530 0.00235 238
1707556780902 0.00235 239
1707556788522 0.00234 240
1707556796156 0.00234 241
1707556803812 0.00234 242
1707556811444 0.00234 243
1707556819062 0.00233 244
1707556826782 0.00233 245
1707556834714 0.00233 246
1707556846058 0.00232 247
1707556858638 0.00232 248
1707556871021 0.00232 249
1707556883325 0.00232 250
1707556891040 0.00231 251
1707556898647 0.00231 252
1707556910884 0.00231 253
1707556918508 0.0023 254
1707556929959 0.0023 255
1707556937577 0.0023 256
1707556949233 0.0023 257
1707556960811 0.00229 258
1707556968444 0.00229 259
1707556976075 0.00229 260
1707556983731 0.00229 261
1707556991371 0.00228 262
1707556999013 0.00228 263
1707557011481 0.00228 264
1707557019106 0.00227 265
1707557026745 0.00227 266
1707557038958 0.00227 267
1707557050403 0.00227 268
1707557062005 0.00226 269
1707557069616 0.00226 270
1707557077240 0.00226 271
1707557084869 0.00225 272
1707557092498 0.00225 273
1707557100143 0.00225 274
1707557108619 0.00225 275
1707557117144 0.00224 276
1707557125531 0.00224 277
1707557137670 0.00224 278
1707557150058 0.00223 279
1707557157676 0.00223 280
1707557170099 0.00223 281
1707557177735 0.00223 282
1707557190093 0.00222 283
1707557197720 0.00222 284
1707557205353 0.00222 285
1707557212990 0.00222 286
1707557225379 0.00221 287
1707557237634 0.00221 288
1707557245266 0.00221 289
1707557257615 0.0022 290
1707557269373 0.0022 291
1707557277010 0.0022 292
1707557288456 0.0022 293
1707557299990 0.00219 294
1707557312488 0.00219 295
1707557324823 0.00219 296
1707557332471 0.00218 297
1707557344697 0.00218 298
1707557357228 0.00218 299
1707557369540 0.00218 300
1707557377162 0.00217 301
1707557389454 0.00217 302
1707557401813 0.00217 303
1707557414126 0.00217 304
1707557425663 0.00216 305
1707557437171 0.00216 306
1707557444807 0.00216 307
1707557456633 0.00215 308
1707557464265 0.00215 309
1707557471882 0.00215 310
1707557479519 0.00215 311
1707557487291 0.00214 312
1707557494928 0.00214 313
1707557507394 0.00214 314
1707557515013 0.00213 315
1707557522649 0.00213 316
1707557530284 0.00213 317
1707557537925 0.00213 318
1707557545549 0.00212 319
1707557553343 0.00212 320
1707557560982 0.00212 321
1707557568621 0.00211 322
1707557576270 0.00211 323
1707557585000 0.00211 324
1707557592635 0.00211 325
1707557603252 0.0021 326
1707557610880 0.0021 327
1707557618595 0.0021 328
1707557628284 0.00209 329
1707557638018 0.00209 330
1707557649317 0.00209 331
1707557658801 0.00209 332
1707557666772 0.00208 333
1707557675658 0.00208 334
1707557685954 0.00208 335
1707557693602 0.00208 336
1707557703136 0.00207 337
1707557710912 0.00207 338
1707557719313 0.00207 339
1707557727441 0.00206 340
1707557736237 0.00206 341
1707557744701 0.00206 342
1707557753029 0.00206 343
1707557761542 0.00205 344
1707557769611 0.00205 345
1707557779751 0.00205 346
1707557792092 0.00204 347
1707557799735 0.00204 348
1707557812109 0.00204 349
1707557827624 0.00204 350
1707557839514 0.00203 351
1707557851860 0.00203 352
1707557864272 0.00203 353
1707557871870 0.00202 354
1707557879524 0.00202 355
1707557891766 0.00202 356
1707557904191 0.00202 357
1707557911828 0.00201 358
1707557919474 0.00201 359
1707557927114 0.00201 360
1707557934759 0.002 361
1707557947199 0.002 362
1707557959698 0.002 363
1707557972094 0.002 364
1707557979737 0.00199 365
1707557987376 0.00199 366
1707557995020 0.00199 367
1707558002683 0.00199 368
1707558010475 0.00198 369
1707558022882 0.00198 370
1707558034943 0.00198 371
1707558047298 0.00197 372
1707558054930 0.00197 373
1707558062574 0.00197 374
1707558075205 0.00197 375
1707558087684 0.00196 376
1707558100037 0.00196 377
1707558107687 0.00196 378
1707558120179 0.00195 379
1707558132325 0.00195 380
1707558144589 0.00195 381
1707558156937 0.00195 382
1707558169304 0.00194 383
1707558181758 0.00194 384
1707558194077 0.00194 385
1707558206178 0.00193 386
1707558213827 0.00193 387
1707558221483 0.00193 388
1707558229138 0.00193 389
1707558236799 0.00192 390
1707558244616 0.00192 391
1707558252287 0.00192 392
1707558260152 0.00191 393
1707558269083 0.00191 394
1707558278667 0.00191 395
1707558288761 0.00191 396
1707558297008 0.0019 397
1707558306636 0.0019 398
1707558322501 0.0019 399
1707558334751 0.00189 400
1707558342408 0.00189 401
1707558350067 0.00189 402
1707558357712 0.00189 403
1707558370002 0.00188 404
1707558381698 0.00188 405
1707558393190 0.00188 406
1707558404679 0.00187 407
1707558412331 0.00187 408
1707558424499 0.00187 409
1707558436438 0.00187 410
1707558447888 0.00186 411
1707558459372 0.00186 412
1707558471655 0.00186 413
1707558483376 0.00185 414
1707558490999 0.00185 415
1707558498632 0.00185 416
1707558506263 0.00185 417
1707558513894 0.00184 418
1707558521524 0.00184 419
1707558529151 0.00184 420
1707558536779 0.00183 421
1707558544412 0.00183 422
1707558552199 0.00183 423
1707558559833 0.00183 424
1707558571316 0.00182 425
1707558578949 0.00182 426
1707558586566 0.00182 427
1707558598802 0.00181 428
1707558606440 0.00181 429
1707558618915 0.00181 430
1707558630616 0.00181 431
1707558638240 0.0018 432
1707558645852 0.0018 433
1707558653474 0.0018 434
1707558661111 0.00179 435
1707558668745 0.00179 436
1707558676544 0.00179 437
1707558684186 0.00179 438
1707558691815 0.00178 439
1707558699446 0.00178 440
1707558707188 0.00178 441
1707558717987 0.00177 442
1707558725633 0.00177 443
1707558733265 0.00177 444
1707558740898 0.00177 445
1707558749825 0.00176 446
1707558758537 0.00176 447
1707558766188 0.00176 448
1707558773832 0.00175 449
1707558785319 0.00175 450
1707558796826 0.00175 451
1707558804444 0.00175 452
1707558816926 0.00174 453
1707558824552 0.00174 454
1707558837026 0.00174 455
1707558849373 0.00173 456
1707558856984 0.00173 457
1707558864615 0.00173 458
1707558872243 0.00173 459
1707558884574 0.00172 460
1707558892197 0.00172 461
1707558899815 0.00172 462
1707558907451 0.00171 463
1707558915074 0.00171 464
1707558927405 0.00171 465
1707558939876 0.00171 466
1707558947499 0.0017 467
1707558955080 0.0017 468
1707558962715 0.0017 469
1707558970361 0.00169 470
1707558979107 0.00169 471
1707558987050 0.00169 472
1707558995803 0.00169 473
1707559004572 0.00168 474
1707559013275 0.00168 475
1707559024944 0.00168 476
1707559033415 0.00167 477
1707559042161 0.00167 478
1707559051404 0.00167 479
1707559059020 0.00167 480
1707559066733 0.00166 481
1707559074978 0.00166 482
1707559083660 0.00166 483
1707559091392 0.00165 484
1707559100099 0.00165 485
1707559108561 0.00165 486
1707559117683 0.00165 487
1707559127084 0.00164 488
1707559135522 0.00164 489
1707559144138 0.00164 490
1707559153476 0.00163 491
1707559161247 0.00163 492
1707559168935 0.00163 493
1707559176578 0.00163 494
1707559184223 0.00162 495
1707559192069 0.00162 496
1707559199717 0.00162 497
1707559208726 0.00161 498
1707559216799 0.00161 499
1707559230260 0.00161 500
1707559237905 0.0016 501
1707559245556 0.0016 502
1707559253185 0.0016 503
1707559260821 0.0016 504
1707559268452 0.00159 505
1707559276095 0.00159 506
1707559283734 0.00159 507
1707559294367 0.00158 508
1707559303714 0.00158 509
1707559312569 0.00158 510
1707559320709 0.00158 511
1707559331496 0.00157 512
1707559339144 0.00157 513
1707559346784 0.00157 514
1707559355648 0.00156 515
1707559363957 0.00156 516
1707559372112 0.00156 517
1707559382650 0.00156 518
1707559390469 0.00155 519
1707559398713 0.00155 520
1707559407156 0.00155 521
1707559414932 0.00154 522
1707559422573 0.00154 523
1707559432679 0.00154 524
1707559441150 0.00154 525
1707559449876 0.00153 526
1707559459389 0.00153 527
1707559467053 0.00153 528
1707559476304 0.00152 529
1707559483950 0.00152 530
1707559491994 0.00152 531
1707559499618 0.00151 532
1707559507631 0.00151 533
1707559516734 0.00151 534
1707559524375 0.00151 535
1707559532639 0.0015 536
1707559541577 0.0015 537
1707559550003 0.0015 538
1707559563611 0.00149 539
1707559571251 0.00149 540
1707559583755 0.00149 541
1707559591401 0.00149 542
1707559599042 0.00148 543
1707559606676 0.00148 544
1707559614327 0.00148 545
1707559622619 0.00147 546
1707559631120 0.00147 547
1707559638758 0.00147 548
1707559647538 0.00147 549
1707559659313 0.00146 550
1707559666965 0.00146 551
1707559674609 0.00146 552
1707559682272 0.00145 553
1707559691028 0.00145 554
1707559701548 0.00145 555
1707559709198 0.00144 556
1707559718409 0.00144 557
1707559727345 0.00144 558
1707559738435 0.00144 559
1707559750039 0.00143 560
1707559757683 0.00143 561
1707559765323 0.00143 562
1707559773169 0.00142 563
1707559780818 0.00142 564
1707559789521 0.00142 565
1707559798548 0.00142 566
1707559808011 0.00141 567
1707559817918 0.00141 568
1707559827212 0.00141 569
1707559836327 0.0014 570
1707559843970 0.0014 571
1707559851766 0.0014 572
1707559859601 0.00139 573
1707559867390 0.00139 574
1707559876048 0.00139 575
1707559887774 0.00139 576
1707559895425 0.00138 577
1707559903077 0.00138 578
1707559910734 0.00138 579
1707559923287 0.00137 580
1707559930928 0.00137 581
1707559938576 0.00137 582
1707559946243 0.00137 583
1707559958719 0.00136 584
1707559966364 0.00136 585
1707559974010 0.00136 586
1707559981652 0.00135 587
1707559989393 0.00135 588
1707559997065 0.00135 589
1707560004720 0.00134 590
1707560012630 0.00134 591
1707560021324 0.00134 592
1707560029144 0.00134 593
1707560037294 0.00133 594
1707560047205 0.00133 595
1707560055241 0.00133 596
1707560065311 0.00132 597
1707560078907 0.00132 598
1707560086559 0.00132 599
1707560099013 0.00132 600
1707560106657 0.00131 601
1707560119251 0.00131 602
1707560126887 0.00131 603
1707560139156 0.0013 604
1707560146813 0.0013 605
1707560154453 0.0013 606
1707560165981 0.00129 607
1707560177661 0.00129 608
1707560189102 0.00129 609
1707560200804 0.00129 610
1707560212218 0.00128 611
1707560219852 0.00128 612
1707560227644 0.00128 613
1707560235295 0.00127 614
1707560242957 0.00127 615
1707560250610 0.00127 616
1707560258378 0.00126 617
1707560268045 0.00126 618
1707560275717 0.00126 619
1707560283370 0.00126 620
1707560291016 0.00125 621
1707560300656 0.00125 622
1707560309547 0.00125 623
1707560318002 0.00124 624
1707560326402 0.00124 625
1707560335241 0.00124 626
1707560342909 0.00123 627
1707560351598 0.00123 628
1707560359666 0.00123 629
1707560371077 0.00123 630
1707560378942 0.00122 631
1707560388128 0.00122 632
1707560397351 0.00122 633
1707560405846 0.00121 634
1707560414466 0.00121 635
1707560422122 0.00121 636
1707560430217 0.00121 637
1707560438837 0.0012 638
1707560447097 0.0012 639
1707560456847 0.0012 640
1707560465717 0.00119 641
1707560474327 0.00119 642
1707560483748 0.00119 643
1707560491412 0.00118 644
1707560499503 0.00118 645
1707560508688 0.00118 646
1707560517607 0.00118 647
1707560527589 0.00117 648
1707560536653 0.00117 649
1707560548623 0.00117 650
1707560556296 0.00116 651
1707560563952 0.00116 652
1707560571845 0.00116 653
1707560579888 0.00115 654
1707560588477 0.00115 655
1707560596141 0.00115 656
1707560603971 0.00115 657
1707560612207 0.00114 658
1707560620195 0.00114 659
1707560627848 0.00114 660
1707560636963 0.00113 661
1707560644952 0.00113 662
1707560659028 0.00113 663
1707560666691 0.00112 664
1707560674343 0.00112 665
1707560682000 0.00112 666
1707560689651 0.00112 667
1707560698460 0.00111 668
1707560708580 0.00111 669
1707560717271 0.00111 670
1707560726590 0.0011 671
1707560736485 0.0011 672
1707560745656 0.0011 673
1707560753962 0.00109 674
1707560763719 0.00109 675
1707560771387 0.00109 676
1707560780561 0.00108 677
1707560789493 0.00108 678
1707560797628 0.00108 679
1707560805611 0.00108 680
1707560815587 0.00107 681
1707560823267 0.00107 682
1707560831521 0.00107 683
1707560839249 0.00106 684
1707560847215 0.00106 685
1707560857901 0.00106 686
1707560867203 0.00105 687
1707560876054 0.00105 688
1707560886378 0.00105 689
1707560894053 0.00105 690
1707560902383 0.00104 691
1707560917275 0.00104 692
1707560929749 0.00104 693
1707560937564 0.00103 694
1707560945239 0.00103 695
1707560952915 0.00103 696
1707560960592 0.00102 697
1707560968268 0.00102 698
1707560975952 0.00102 699
1707560994110 0.00102 700
1707561001941 0.00101 701
1707561009601 0.00101 702
1707561017293 0.00101 703
1707561024964 0.001 704
1707561032631 0.001 705
1707561040301 0.001 706
1707561048540 0.00099 707
1707561057298 0.00099 708
1707561066266 0.00099 709
1707561074467 0.00098 710
1707561083560 0.00098 711
1707561091858 0.00098 712
1707561100550 0.00098 713
1707561108219 0.00097 714
1707561116821 0.00097 715
1707561126454 0.00097 716
1707561134808 0.00096 717
1707561143015 0.00096 718
1707561150969 0.00096 719
1707561158757 0.00095 720
1707561166431 0.00095 721
1707561175368 0.00095 722
1707561184385 0.00094 723
1707561193846 0.00094 724
1707561203348 0.00094 725
1707561211384 0.00094 726
1707561221176 0.00093 727
1707561229225 0.00093 728
1707561237642 0.00093 729
1707561245849 0.00092 730
1707561254504 0.00092 731
1707561262657 0.00092 732
1707561272208 0.00091 733
1707561281002 0.00091 734
1707561289355 0.00091 735
1707561297661 0.0009 736
1707561306333 0.0009 737
1707561314644 0.0009 738
1707561322947 0.0009 739
1707561331951 0.00089 740
1707561339785 0.00089 741
1707561348716 0.00089 742
1707561358674 0.00088 743
1707561367373 0.00088 744
1707561375026 0.00088 745
1707561384000 0.00087 746
1707561393368 0.00087 747
1707561401431 0.00087 748
1707561411137 0.00086 749
1707561424276 0.00086 750
1707561432109 0.00086 751
1707561444381 0.00086 752
1707561452048 0.00085 753
1707561459694 0.00085 754
1707561467355 0.00085 755
1707561475021 0.00084 756
1707561482698 0.00084 757
1707561490351 0.00084 758
1707561498118 0.00083 759
1707561506220 0.00083 760
1707561515081 0.00083 761
1707561524554 0.00082 762
1707561532518 0.00082 763
1707561540227 0.00082 764
1707561549386 0.00081 765
1707561557206 0.00081 766
1707561565877 0.00081 767
1707561575697 0.00081 768
1707561584278 0.0008 769
1707561593830 0.0008 770
1707561603663 0.0008 771
1707561611334 0.00079 772
1707561620145 0.00079 773
1707561628288 0.00079 774
1707561637265 0.00078 775
1707561646824 0.00078 776
1707561661477 0.00078 777
1707561669141 0.00077 778
1707561676814 0.00077 779
1707561684481 0.00077 780
1707561696914 0.00076 781
1707561708724 0.00076 782
1707561716377 0.00076 783
1707561724061 0.00076 784
1707561731733 0.00075 785
1707561739419 0.00075 786
1707561747102 0.00075 787
1707561755414 0.00074 788
1707561765778 0.00074 789
1707561773677 0.00074 790
1707561783416 0.00073 791
1707561791764 0.00073 792
1707561799453 0.00073 793
1707561807141 0.00072 794
1707561816955 0.00072 795
1707561825901 0.00072 796
1707561833750 0.00071 797
1707561842363 0.00071 798
1707561851075 0.00071 799
1707561863721 0.0007 800
1707561871410 0.0007 801
1707561879089 0.0007 802
1707561887022 0.0007 803
1707561894703 0.00069 804
1707561904587 0.00069 805
1707561913335 0.00069 806
1707561922069 0.00068 807
1707561929941 0.00068 808
1707561939223 0.00068 809
1707561948594 0.00067 810
1707561956264 0.00067 811
1707561964930 0.00067 812
1707561973547 0.00066 813
1707561981237 0.00066 814
1707561989968 0.00066 815
1707561997663 0.00065 816
1707562006702 0.00065 817
1707562016363 0.00065 818
1707562024135 0.00064 819
1707562033144 0.00064 820
1707562041608 0.00064 821
1707562051748 0.00063 822
1707562062282 0.00063 823
1707562070122 0.00063 824
1707562078674 0.00062 825
1707562086338 0.00062 826
1707562093986 0.00062 827
1707562102371 0.00062 828
1707562112163 0.00061 829
1707562120909 0.00061 830
1707562129156 0.00061 831
1707562137402 0.0006 832
1707562146023 0.0006 833
1707562155693 0.0006 834
1707562165329 0.00059 835
1707562173730 0.00059 836
1707562182788 0.00059 837
1707562192083 0.00058 838
1707562199908 0.00058 839
1707562207636 0.00058 840
1707562216308 0.00057 841
1707562224095 0.00057 842
1707562233515 0.00057 843
1707562242240 0.00056 844
1707562252776 0.00056 845
1707562260888 0.00056 846
1707562269332 0.00055 847
1707562279579 0.00055 848
1707562288401 0.00055 849
1707562301179 0.00054 850
1707562308812 0.00054 851
1707562316450 0.00054 852
1707562324090 0.00053 853
1707562331724 0.00053 854
1707562339376 0.00053 855
1707562347176 0.00052 856
1707562359660 0.00052 857
1707562367297 0.00052 858
1707562379741 0.00051 859
1707562387360 0.00051 860
1707562399306 0.00051 861
1707562410966 0.0005 862
1707562422461 0.0005 863
1707562430095 0.0005 864
1707562441677 0.00049 865
1707562449308 0.00049 866
1707562456945 0.00049 867
1707562464577 0.00048 868
1707562472305 0.00048 869
1707562479953 0.00048 870
1707562487605 0.00047 871
1707562495252 0.00047 872
1707562502914 0.00047 873
1707562510566 0.00047 874
1707562518209 0.00046 875
1707562525866 0.00046 876
1707562533687 0.00046 877
1707562545188 0.00045 878
1707562556714 0.00045 879
1707562564372 0.00045 880
1707562572016 0.00044 881
1707562583539 0.00044 882
1707562591327 0.00043 883
1707562598979 0.00043 884
1707562606623 0.00043 885
1707562614255 0.00042 886
1707562621898 0.00042 887
1707562629545 0.00042 888
1707562637196 0.00041 889
1707562645128 0.00041 890
1707562653624 0.00041 891
1707562661450 0.0004 892
1707562669105 0.0004 893
1707562677686 0.0004 894
1707562686416 0.00039 895
1707562694070 0.00039 896
1707562703123 0.00039 897
1707562711119 0.00038 898
1707562719758 0.00038 899
1707562731660 0.00038 900
1707562739307 0.00037 901
1707562746987 0.00037 902
1707562755576 0.00037 903
1707562764327 0.00036 904
1707562774050 0.00036 905
1707562783753 0.00036 906
1707562792191 0.00035 907
1707562801471 0.00035 908
1707562811177 0.00035 909
1707562820272 0.00034 910
1707562827922 0.00034 911
1707562836964 0.00034 912
1707562846061 0.00033 913
1707562855047 0.00033 914
1707562862837 0.00033 915
1707562872202 0.00032 916
1707562881446 0.00032 917
1707562890517 0.00032 918
1707562898303 0.00031 919
1707562911423 0.00031 920
1707562923991 0.00031 921
1707562936318 0.0003 922
1707562943949 0.0003 923
1707562951744 0.0003 924
1707562959384 0.00029 925
1707562967034 0.00029 926
1707562974694 0.00028 927
1707562982332 0.00028 928
1707562989982 0.00028 929
1707563002982 0.00027 930
1707563010654 0.00027 931
1707563018452 0.00027 932
1707563026099 0.00026 933
1707563033758 0.00026 934
1707563041403 0.00026 935
1707563049462 0.00025 936
1707563057859 0.00025 937
1707563071403 0.00025 938
1707563079036 0.00024 939
1707563086840 0.00024 940
1707563099372 0.00023 941
1707563111732 0.00023 942
1707563124159 0.00023 943
1707563136569 0.00022 944
1707563144354 0.00022 945
1707563152105 0.00022 946
1707563159770 0.00021 947
1707563167427 0.00021 948
1707563175079 0.00021 949
1707563187092 0.0002 950
1707563194724 0.0002 951
1707563202369 0.0002 952
1707563210119 0.00019 953
1707563217780 0.00019 954
1707563225440 0.00018 955
1707563233987 0.00018 956
1707563242464 0.00018 957
1707563251782 0.00017 958
1707563259883 0.00017 959
1707563269319 0.00017 960
1707563279086 0.00016 961
1707563286957 0.00016 962
1707563294628 0.00015 963
1707563303384 0.00015 964
1707563312107 0.00015 965
1707563319838 0.00014 966
1707563328739 0.00014 967
1707563336668 0.00014 968
1707563345295 0.00013 969
1707563353381 0.00013 970
1707563362981 0.00012 971
1707563372383 0.00012 972
1707563380060 0.00012 973
1707563388619 0.00011 974
1707563396275 0.00011 975
1707563405859 0.0001 976
1707563413900 0.0001 977
1707563423026 0.0001 978
1707563430856 9e-05 979
1707563440349 9e-05 980
1707563449818 8e-05 981
1707563457467 8e-05 982
1707563466338 8e-05 983
1707563475051 7e-05 984
1707563483649 7e-05 985
1707563493067 6e-05 986
1707563501903 6e-05 987
1707563512048 6e-05 988
1707563519721 5e-05 989
1707563527768 5e-05 990
1707563537364 4e-05 991
1707563546587 4e-05 992
1707563554813 3e-05 993
1707563563629 3e-05 994
1707563571820 3e-05 995
1707563581996 2e-05 996
1707563591546 2e-05 997
1707563600158 1e-05 998
1707563607818 1e-05 999
