1707858035248 21.98 0
1707858048051 9.52 0
1707858058091 9.51 0
1707858073241 14.56 0
1707858086215 9.52 0
1707858098385 11.57 0
1707858111207 9.52 0
1707858124216 9.52 0
1707858137118 9.53 0
1707858150431 9.92 0
1707858164507 10.65 0
1707858177373 9.53 0
1707858190302 9.53 0
1707858203239 9.53 0
1707858216241 9.53 0
1707858229237 9.53 0
1707858242262 9.53 0
1707858255279 9.53 0
1707858268132 9.53 0
1707858281121 9.53 0
1707858293998 9.53 0
1707858306998 9.53 0
1707858319946 9.53 0
1707858332884 9.54 0
1707858345829 9.53 0
1707858358753 9.53 0
1707858371736 9.54 0
1707858381825 9.53 0
1707858394906 9.54 0
1707858407764 9.53 0
1707858417869 9.54 0
1707858427965 9.52 0
1707858438203 9.54 0
1707858452327 13.55 0
1707858464747 11.83 0
1707858477980 9.97 0
1707858491328 9.81 0
1707858504538 9.78 0
1707858517403 9.53 0
1707858527856 9.86 0
1707858539597 11.15 0
1707858550956 10.77 0
1707858563934 9.52 0
1707858577953 13.46 0
1707858590985 12.34 0
1707858602219 10.67 0
1707858615186 9.55 0
1707858629328 10.77 0
1707858642192 9.53 0
1707858655171 9.58 0
1707858668421 9.53 0
1707858681409 9.53 0
1707858694262 9.53 0
1707858707178 9.53 0
1707858720341 9.53 0
1707858733214 9.53 0
1707858746198 9.53 0
1707858759063 9.53 0
1707858771911 9.53 0
1707858785057 9.53 0
1707858797942 9.54 0
1707858810854 9.54 0
1707858823725 9.53 0
1707858836687 9.53 0
1707858849656 9.54 0
1707858862526 9.53 0
1707858875496 9.54 0
1707858888404 9.54 0
1707858901466 9.54 0
1707858914406 9.54 0
1707858927306 9.53 0
1707858940260 9.54 0
1707858953074 9.54 0
1707858966195 9.54 0
1707858979158 9.54 0
1707858992126 9.53 0
1707859005225 9.53 0
1707859018083 9.53 0
1707859031207 9.53 0
1707859044114 9.53 0
1707859057099 9.54 0
1707859067221 9.53 0
1707859080411 9.54 0
1707859093339 9.54 0
1707859106309 9.53 0
1707859119135 9.54 0
1707859132088 9.54 0
1707859144933 9.53 0
1707859157899 9.53 0
1707859170819 9.54 0
1707859183764 9.54 0
1707859196670 9.54 0
1707859209539 9.56 0
1707859222342 9.53 0
1707859232430 9.53 0
1707859245466 9.53 0
1707859255562 9.53 0
1707859268379 9.52 0
1707859281704 9.53 0
1707859291808 9.53 0
1707859307487 9.53 0
1707859320512 9.52 0
1707859333451 9.57 0
1707859346419 9.53 0
1707859359279 9.54 0
1707859372163 9.54 0
1707859385068 9.53 0
1707859397973 9.53 0
1707859411019 9.53 0
1707859423894 9.53 0
1707859436897 9.53 0
1707859447008 9.53 0
1707859460073 9.53 0
1707859470176 9.53 0
1707859480281 9.53 0
1707859492959 12.1 0
1707859507595 11.1 0
1707859520518 9.53 0
1707859533507 9.54 0
1707859546541 9.54 0
1707859556651 9.52 0
1707859567455 10.21 0
1707859580337 9.54 0
1707859593387 9.54 0
1707859606351 9.54 0
1707859619265 9.54 0
1707859632279 9.54 0
1707859645198 9.54 0
1707859655431 9.53 0
1707859668307 9.55 0
1707859681316 9.53 0
1707859694308 9.53 0
1707859707389 9.53 0
1707859720247 9.54 0
1707859733240 9.53 0
1707859746317 9.53 0
1707859759213 9.57 0
1707859772249 9.53 0
1707859785131 9.54 0
1707859797993 9.54 0
1707859811085 9.53 0
1707859821327 9.53 0
1707859831451 9.53 0
1707859843224 11.18 0
1707859855797 11.98 0
1707859868709 12.32 0
1707859881758 9.53 0
1707859894200 11.85 0
1707859907382 9.53 0
1707859920294 9.54 0
1707859935985 9.53 0
1707859946104 9.53 0
1707859957762 11.06 0
1707859970518 12.05 0
1707859985413 11.5 0
1707859998399 9.53 0
1707860010507 11.51 0
1707860024911 11.0 0
1707860039359 10.79 0
1707860052918 12.95 0
1707860065796 9.53 0
1707860079116 12.72 0
1707860090144 10.43 0
1707860104082 10.33 0
1707860117114 9.54 0
1707860130163 9.53 0
1707860143125 9.54 0
1707860156028 9.53 0
1707860169024 9.53 0
1707860181980 9.53 0
1707860192094 9.52 0
1707860202561 9.88 0
1707860213578 10.43 0
1707860224671 10.51 0
1707860236812 11.42 0
1707860250737 13.33 0
1707860262990 11.66 0
1707860275698 12.12 0
1707860288098 11.81 0
1707860302754 14.07 0
1707860316923 13.58 0
1707860330009 9.53 0
1707860340139 9.53 0
1707860353148 9.52 0
1707860366124 9.53 0
1707860379028 9.54 0
1707860389287 9.54 0
1707860401567 11.69 0
1707860414514 9.53 0
1707860427528 9.53 0
1707860440399 9.53 0
1707860453556 9.53 0
1707860465088 10.93 0
1707860478161 9.53 0
1707860491051 9.53 0
1707860504853 10.4 0
1707860518032 9.53 0
1707860529559 10.93 0
1707860543097 10.04 0
1707860555617 11.92 0
1707860571441 9.57 0
1707860584344 9.53 0
1707860597360 9.53 0
1707860610287 9.53 0
1707860623251 9.53 0
1707860633499 9.53 0
1707860643595 9.52 0
1707860653683 9.52 0
1707860666175 11.92 0
1707860679940 13.19 0
1707860693444 12.93 0
1707860704896 10.88 0
1707860717691 12.22 0
1707860731154 9.99 0
1707860744047 9.53 0
1707860756254 11.64 0
1707860768494 11.67 0
1707860780284 11.22 0
1707860792325 11.47 0
1707860805342 9.53 0
1707860818389 9.53 0
1707860831599 9.76 0
1707860844540 9.53 0
1707860857753 9.56 0
1707860870546 9.54 0
1707860880646 9.53 0
1707860890738 9.52 0
1707860904373 13.06 0
1707860915645 10.71 0
1707860930550 14.33 0
1707860941750 10.5 0
1707860955353 13.03 0
1707860969899 11.11 0
1707860982888 9.53 0
1707860995761 9.53 0
1707861008831 9.53 0
1707861018937 9.53 0
1707861031855 9.52 0
1707861044684 9.53 0
1707861057714 9.53 0
1707861067942 9.53 0
1707861080325 11.8 0
1707861093295 9.52 0
1707861103866 9.99 0
1707861118577 14.12 0
1707861129109 9.94 0
1707861143229 13.54 0
1707861156175 12.22 0
1707861170944 14.17 0
1707861184257 9.77 0
1707861200033 9.53 0
1707861212992 9.53 0
1707861226031 9.53 0
1707861239125 9.53 0
1707861251432 11.72 0
1707861264455 9.53 0
1707861277565 9.52 0
1707861290589 9.53 0
1707861301598 10.43 0
1707861314691 9.53 0
1707861328361 13.09 0
1707861341444 9.69 0
1707861354617 9.53 0
1707861367645 9.53 0
1707861380441 9.52 0
1707861394207 13.19 0
1707861407200 9.53 0
1707861420338 9.53 0
1707861432473 11.55 0
1707861445360 9.53 0
1707861458448 9.52 0
1707861469760 10.73 0
1707861480013 9.68 0
1707861493214 12.49 0
1707861505040 11.25 0
1707861519675 14.05 0
1707861533580 13.32 0
1707861545008 10.84 0
1707861555825 10.24 0
1707861567994 11.59 0
1707861582780 14.06 0
1707861593336 9.97 0
1707861607791 13.86 0
1707861618757 10.38 0
1707861631040 11.7 0
1707861644057 12.43 0
1707861655424 10.78 0
1707861668268 12.25 0
1707861680647 11.63 0
1707861691983 10.74 0
1707861703346 10.77 0
1707861716253 9.54 0
1707861729270 9.52 0
1707861743248 10.52 0
1707861756132 9.53 0
1707861769284 9.53 0
1707861782587 12.71 0
1707861795472 9.53 0
1707861808588 9.53 0
1707861820637 11.46 0
1707861833739 9.53 0
1707861845122 10.79 0
1707861856245 10.53 0
1707861867301 10.46 0
1707861881316 13.42 0
1707861896114 14.07 0
1707861908080 11.38 0
1707861921264 12.59 0
1707861933616 11.76 0
1707861947495 13.28 0
1707861961254 13.17 0
1707861972703 10.86 0
1707861984238 10.94 0
1707861997255 9.53 0
1707862010348 9.53 0
1707862020468 9.52 0
1707862034762 10.79 0
1707862047796 9.56 0
1707862057911 9.52 0
1707862070978 9.67 0
1707862082542 10.97 0
1707862095457 9.53 0
1707862108568 9.57 0
1707862118687 9.52 0
1707862132072 12.78 0
1707862145446 12.78 0
1707862158522 9.52 0
1707862169030 9.91 0
1707862184350 14.71 0
1707862197435 9.53 0
1707862210489 9.52 0
1707862220618 9.53 0
1707862233615 12.4 0
1707862245802 11.59 0
1707862257642 11.24 0
1707862268457 10.07 0
1707862281939 12.88 0
1707862295136 9.52 0
1707862306091 10.35 0
1707862318335 11.63 0
1707862330686 11.74 0
1707862341265 9.98 0
1707862353902 11.9 0
1707862366285 11.77 0
1707862381009 14.11 0
1707862391140 9.52 0
1707862403343 11.59 0
1707862415304 11.34 0
1707862428464 9.68 0
1707862442435 13.22 0
1707862455504 9.54 0
1707862465633 9.52 0
1707862477929 11.68 0
1707862491093 9.73 0
1707862504092 9.57 0
1707862516104 11.4 0
1707862530254 13.54 0
1707862542667 11.8 0
1707862553816 10.53 0
1707862566179 11.75 0
1707862579349 12.55 0
1707862591490 11.53 0
1707862602277 10.17 0
1707862614387 11.5 0
1707862627419 12.43 0
1707862640472 9.52 0
1707862653448 9.52 0
1707862666559 9.55 0
1707862676688 9.52 0
1707862687990 10.7 0
1707862700939 12.34 0
1707862712002 10.46 0
1707862725033 9.52 0
1707862736396 10.75 0
1707862749753 9.85 0
1707862759890 9.52 0
1707862772628 12.13 0
1707862782837 9.6 0
1707862795459 12.01 0
1707862808811 12.74 0
1707862821844 9.53 0
1707862836420 13.97 0
1707862849534 9.53 0
1707862862410 9.53 0
1707862872550 9.53 0
1707862885976 12.8 0
1707862900403 13.81 0
1707862913377 12.36 0
1707862925908 11.91 0
1707862939313 12.79 0
1707862950561 10.63 0
1707862962287 11.11 0
1707862974380 11.47 0
1707862986182 11.18 0
1707862999249 9.53 0
1707863012205 9.53 0
1707863025267 9.53 0
1707863038592 9.81 0
1707863052237 10.08 0
1707863065168 12.31 0
1707863081131 9.52 0
1707863094409 9.53 0
1707863107364 9.53 0
1707863120403 9.54 0
1707863133354 9.54 0
1707863146461 9.54 0
1707863159718 9.53 0
1707863169984 9.65 0
1707863181495 10.89 0
1707863193720 11.61 0
1707863205220 10.88 0
1707863218192 12.39 0
1707863230086 11.18 0
1707863241932 11.26 0
1707863256342 13.83 0
1707863267287 10.36 0
1707863279314 11.44 0
1707863290698 10.8 0
1707863303071 11.79 0
1707863316887 13.24 0
1707863329026 11.38 0
1707863342369 12.76 0
1707863353791 10.84 0
1707863366611 12.24 0
1707863378894 11.7 0
1707863389853 10.37 0
1707863402428 11.99 0
1707863414132 11.12 0
1707863428104 13.25 0
1707863441997 13.3 0
1707863455467 12.88 0
1707863466241 10.19 0
1707863478441 11.61 0
1707863488795 9.77 0
1707863501734 12.36 0
1707863514216 11.9 0
1707863526574 11.77 0
1707863539208 12.04 0
1707863551441 11.65 0
1707863564061 12.04 0
1707863576699 12.05 0
1707863589347 12.06 0
1707863601833 11.89 0
1707863614408 11.99 0
1707863625226 10.09 0
1707863638446 12.63 0
1707863653103 14.07 0
1707863663301 9.61 0
1707863678085 14.2 0
1707863690940 12.27 0
1707863703879 9.52 0
1707863717088 9.53 0
1707863727561 9.89 0
1707863738977 10.83 0
1707863752049 12.49 0
1707863764183 11.55 0
1707863777968 13.2 0
1707863788337 9.78 0
1707863801980 9.99 0
1707863814513 11.95 0
1707863825992 10.89 0
1707863838180 11.6 0
1707863849376 10.61 0
1707863861606 11.65 0
1707863874565 12.38 0
1707863887416 12.26 0
1707863900046 12.04 0
1707863911788 11.16 0
1707863925841 13.46 0
1707863937860 11.43 0
1707863951451 13.0 0
1707863964473 12.43 0
1707863974741 9.68 0
1707863988178 12.71 0
1707863999325 10.56 0
1707864012646 12.73 0
1707864026190 12.95 0
1707864040225 10.59 0
1707864053654 9.98 0
1707864067293 9.91 0
1707864080306 9.53 0
1707864093968 13.06 0
1707864106165 11.6 0
1707864117852 11.09 0
1707864131819 13.36 0
1707864145286 12.75 0
1707864156722 10.84 0
1707864170551 13.22 0
1707864182912 11.76 0
1707864195394 11.89 0
1707864208054 12.06 0
1707864221170 12.51 0
1707864233143 11.36 0
1707864247381 13.49 0
1707864259879 11.9 0
1707864273001 12.53 0
1707864284756 11.15 0
1707864298580 13.22 0
1707864310188 11.01 0
1707864323323 12.53 0
1707864336435 9.53 0
1707864347680 10.64 0
1707864361383 13.1 0
1707864372003 10.02 0
1707864386249 13.64 0
1707864399878 13.02 0
1707864411007 10.53 0
1707864425965 14.36 0
1707864439330 12.76 0
1707864451487 11.56 0
1707864461638 9.55 0
1707864473798 11.55 0
1707864485973 11.57 0
1707864498697 12.12 0
1707864512409 13.12 0
1707864522688 9.53 0
1707864534854 11.56 0
1707864545233 9.77 0
1707864558988 13.15 0
1707864570420 10.83 0
1707864585286 14.27 0
1707864595923 10.02 0
1707864609428 12.9 0
1707864624629 14.45 0
1707864635562 10.33 0
1707864648063 11.9 0
1707864659819 11.15 0
1707864671790 11.37 0
1707864684194 11.81 0
1707864696827 12.04 0
1707864709955 9.53 0
1707864722372 11.81 0
1707864735108 12.14 0
1707864747927 12.22 0
1707864761143 12.61 0
1707864773492 11.75 0
1707864785488 11.4 0
1707864797983 11.9 0
1707864810924 12.34 0
1707864826595 15.07 0
1707864839689 12.49 0
1707864851838 11.55 0
1707864863599 11.16 0
1707864878088 13.89 0
1707864888419 9.74 0
1707864900973 11.82 0
1707864913832 12.26 0
1707864926321 11.89 0
1707864939249 12.33 0
1707864950466 10.62 0
1707864965747 11.93 0
1707864978616 12.28 0
1707864991785 12.43 0
1707865003413 11.03 0
1707865016970 12.96 0
1707865031077 13.51 0
1707865044404 12.73 0
1707865055923 10.93 0
1707865067474 10.95 0
1707865081679 13.61 0
1707865097518 15.1 0
1707865108273 10.16 0
1707865120808 11.93 0
1707865133881 12.47 0
1707865147181 12.7 0
1707865158871 11.07 0
1707865172648 13.18 0
1707865186452 13.2 0
1707865198574 11.38 0
1707865213060 13.89 0
1707865225919 12.26 0
1707865238860 9.53 0
1707865251969 9.53 0
1707865262101 9.52 0
1707865275332 9.52 0
1707865286562 10.61 0
1707865300191 10.23 0
1707865313280 9.53 0
1707865326355 9.53 0
1707865337665 10.7 0
1707865349106 10.83 0
1707865363576 13.86 0
1707865377205 13.02 0
1707865390328 12.51 0
1707865401594 10.65 0
1707865413482 11.28 0
1707865423773 9.52 0
1707865437692 13.31 0
1707865449776 11.46 0
1707865462224 11.84 0
1707865472802 9.97 0
1707865486005 12.59 0
1707865497435 10.82 0
1707865510239 12.19 0
1707865522235 11.24 0
1707865534883 12.03 0
1707865549244 13.74 0
1707865560553 10.7 0
1707865572808 11.65 0
1707865584861 11.44 0
1707865597888 9.58 0
1707865610248 11.74 0
1707865623064 12.2 0
1707865634850 11.17 0
1707865648718 10.28 0
1707865660833 11.51 0
1707865674086 9.65 0
1707865687302 9.52 0
1707865697805 9.86 0
1707865710933 12.51 0
1707865723416 11.87 0
1707865736262 12.24 0
1707865748119 11.24 0
1707865759180 10.31 0
1707865772173 12.38 0
1707865784413 11.63 0
1707865795789 10.76 0
1707865807950 11.55 0
1707865821164 12.61 0
1707865834073 12.3 0
1707865847606 12.92 0
1707865859838 11.48 0
1707865871780 11.33 0
1707865883791 11.4 0
1707865893938 9.53 0
1707865906391 11.84 0
1707865918840 11.84 0
1707865933502 14.06 0
1707865946607 9.52 0
1707865959634 9.53 0
1707865972473 12.23 0
1707865983184 10.11 0
1707865995456 11.66 0
1707866008214 12.14 0
1707866018707 9.88 0
1707866032724 13.27 0
1707866045731 9.53 0
1707866058605 12.26 0
1707866071106 11.89 0
1707866085836 11.16 0
1707866099877 13.43 0
1707866112437 11.81 0
1707866122591 9.53 0
1707866134582 11.38 0
1707866147655 12.46 0
1707866161449 13.18 0
1707866172775 10.7 0
1707866185643 12.25 0
1707866196833 10.58 0
1707866209688 12.24 0
1707866222751 9.53 0
1707866234627 11.26 0
1707866247534 12.29 0
1707866258716 10.56 0
1707866273402 14.07 0
1707866285094 10.96 0
1707866298391 12.68 0
1707866310024 11.01 0
1707866324839 14.2 0
1707866337206 11.75 0
1707866349600 11.77 0
1707866364852 14.64 0
1707866377615 12.16 0
1707866388099 9.87 0
1707866400607 11.89 0
1707866411645 10.42 0
1707866423355 11.09 0
1707866436307 9.53 0
1707866449496 9.53 0
1707866460445 10.33 0
1707866473507 12.44 0
1707866487573 13.45 0
1707866499037 10.84 0
1707866512563 12.91 0
1707866524808 11.62 0
1707866536519 11.1 0
1707866547290 10.15 0
1707866560346 9.54 0
1707866573457 9.53 0
1707866585716 11.63 0
1707866598228 11.89 0
1707866609633 10.66 0
1707866622660 9.53 0
1707866635613 9.53 0
1707866648630 9.53 0
1707866661650 9.53 0
1707866673487 11.22 0
1707866684877 10.76 0
1707866698218 9.89 0
1707866709574 10.73 0
1707866722130 11.93 0
1707866733317 10.56 0
1707866747416 13.34 0
1707866759822 11.78 0
1707866772089 11.65 0
1707866784981 12.27 0
1707866796858 11.26 0
1707866809389 11.91 0
1707866821358 11.34 0
1707866834752 12.62 0
1707866847726 9.53 0
1707866861115 12.76 0
1707866873207 11.47 0
1707866886170 12.33 0
1707866898092 11.29 0
1707866913579 14.86 0
1707866925192 10.85 0
1707866939365 13.54 0
1707866950963 10.96 0
1707866964747 13.15 0
1707866977632 12.26 0
1707866990385 12.11 0
1707867002142 11.13 0
1707867014257 11.49 0
1707867027149 12.27 0
1707867039795 12.02 0
1707867054659 14.24 0
1707867067477 12.19 0
1707867078514 10.38 0
1707867091411 12.27 0
1707867103598 11.56 0
1707867116423 12.2 0
1707867130155 13.1 0
1707867141506 10.72 0
1707867153474 11.35 0
1707867166760 12.66 0
1707867180833 13.46 0
1707867192911 11.45 0
1707867206588 13.05 0
1707867216733 9.52 0
1707867229905 12.54 0
1707867241040 10.51 0
1707867252420 10.75 0
1707867263157 10.11 0
1707867275392 11.61 0
1707867286760 10.74 0
1707867300229 12.84 0
1707867311424 10.57 0
1707867325074 13.02 0
1707867339062 13.36 0
1707867353750 14.06 0
1707867368434 14.06 0
1707867380164 11.1 0
1707867393116 12.32 0
1707867405197 11.46 0
1707867416969 11.15 0
1707867430801 13.21 0
1707867441443 10.01 0
1707867455637 13.57 0
1707867465790 9.52 0
1707867478932 9.52 0
1707867489077 9.52 0
1707867500822 11.11 0
1707867511972 10.52 0
1707867524015 11.41 0
1707867538407 13.63 0
1707867549994 10.95 0
1707867562957 9.53 0
1707867574793 11.21 0
1707867588542 13.12 0
1707867601460 12.29 0
1707867615128 13.03 0
1707867626349 10.58 0
1707867642194 15.21 0
1707867655458 12.63 0
1707867667893 11.79 0
1707867680504 11.97 0
1707867691616 10.48 0
1707867704837 9.53 0
1707867717861 9.52 0
1707867729011 10.51 0
1707867741980 12.34 0
1707867752778 10.16 0
1707867764618 11.2 0
1707867776226 10.84 0
1707867791157 14.29 0
1707867803807 12.01 0
1707867816608 12.16 0
1707867829284 12.02 0
1707867839626 9.7 0
1707867853746 13.48 0
1707867864055 9.67 0
1707867874475 9.77 0
1707867885265 10.15 0
1707867897768 11.87 0
1707867910355 11.95 0
1707867924651 13.66 0
1707867938385 13.1 0
1707867950451 11.29 0
1707867964554 13.47 0
1707867977012 11.82 0
1707867988909 11.25 0
1707868002164 12.61 0
1707868012664 9.86 0
1707868026808 13.51 0
1707868041672 14.22 0
1707868054185 11.88 0
1707868065429 10.61 0
1707868077468 11.4 0
1707868090374 12.27 0
1707868103381 9.61 0
1707868115404 11.39 0
1707868128755 12.59 0
1707868141169 11.78 0
1707868154840 13.04 0
1707868170828 15.36 0
1707868182428 10.97 0
1707868196115 13.05 0
1707868207292 10.53 0
1707868221575 13.49 0
1707868232407 10.19 0
1707868244094 11.05 0
1707868257099 9.52 0
1707868270212 9.53 0
1707868283300 9.53 0
1707868294699 10.76 0
1707868307696 9.53 0
1707868318545 10.21 0
1707868330218 11.03 0
1707868340387 9.52 0
1707868353032 12.04 0
1707868365780 12.01 0
1707868379391 13.0 0
1707868391368 11.37 0
1707868406000 14.03 0
1707868418237 11.63 0
1707868429266 10.42 0
1707868440646 10.78 0
1707868453166 11.91 0
1707868465136 11.22 0
1707868475755 10.01 0
1707868490734 14.37 0
1707868501167 9.82 0
1707868514712 12.93 0
1707868529544 14.23 0
1707868539994 9.84 0
1707868551320 10.72 0
1707868564773 12.7 0
1707868578630 13.25 0
1707868590809 11.57 0
1707868603864 12.44 0
1707868614348 9.87 0
1707868628069 13.12 0
1707868641652 12.97 0
1707868654260 12.0 0
1707868666067 11.2 0
1707868680058 13.38 0
1707868692171 11.49 0
1707868707879 15.1 0
1707868720558 12.07 0
1707868733507 9.52 0
1707868745402 11.16 0
1707868756395 10.38 0
1707868766859 9.85 0
1707868780084 12.62 0
1707868793539 12.85 0
1707868806891 12.74 0
1707868817450 9.96 0
1707868831456 13.4 0
1707868845149 12.93 0
1707868855812 10.05 0
1707868868118 11.7 0
1707868881239 9.53 0
1707868892930 11.08 0
1707868906178 12.64 0
1707868918531 11.75 0
1707868929415 10.12 0
1707868941126 11.09 0
1707868953428 11.69 0
1707868966162 12.12 0
1707868980404 13.63 0
1707868991358 10.34 0
1707869004382 12.42 0
1707869018458 13.47 0
1707869030081 10.87 0
1707869044375 13.69 0
1707869055263 10.28 0
1707869067902 12.03 0
1707869078696 10.19 0
1707869092350 13.05 0
1707869104144 11.18 0
1707869117186 12.44 0
1707869130769 12.83 0
1707869145163 13.78 0
1707869158223 12.44 0
1707869169258 10.43 0
1707869183793 10.99 0
1707869196842 9.52 0
1707869207488 9.91 0
1707869222601 14.5 0
1707869235527 9.53 0
1707869245665 9.52 0
1707869256189 9.91 0
1707869268412 11.62 0
1707869280358 11.33 0
1707869291939 10.97 0
1707869305671 13.12 0
1707869318033 11.74 0
1707869331968 13.3 0
1707869348272 15.69 0
1707869361336 9.52 0
1707869373000 11.06 0
1707869385098 11.36 0
1707869396764 11.05 0
1707869410379 13.0 0
1707869423588 12.6 0
1707869437484 13.28 0
1707869450708 12.62 0
1707869462539 11.21 0
1707869474521 11.37 0
1707869488571 13.29 0
1707869500664 11.48 0
1707869514443 13.17 0
1707869524579 9.53 0
1707869534720 9.52 0
1707869547814 12.48 0
1707869559688 11.27 0
1707869573152 12.85 0
1707869586134 12.36 0
1707869599158 9.53 0
1707869613624 10.77 0
1707869624173 9.83 0
1707869637084 12.3 0
1707869650227 9.52 0
1707869663346 9.53 0
1707869673488 9.53 0
1707869684903 10.8 0
1707869696901 11.39 0
1707869710684 13.18 0
1707869723328 12.03 0
1707869735718 11.78 0
1707869747440 11.11 0
1707869761561 13.51 0
1707869777526 15.36 0
1707869790603 12.48 0
1707869802357 11.15 0
1707869815306 12.34 0
1707869829517 13.47 0
1707869840450 10.33 0
1707869854364 13.31 0
1707869866638 11.66 0
1707869877974 10.73 0
1707869891218 9.77 0
1707869904252 9.58 0
1707869917316 9.53 0
1707869927442 9.52 0
1707869940091 12.04 0
1707869952487 11.79 0
1707869963923 10.83 0
1707869976125 11.59 0
1707869989171 9.52 0
1707870000909 11.13 0
1707870014939 13.42 0
1707870026686 11.15 0
1707870037758 10.46 0
1707870051116 9.78 0
1707870064400 9.75 0
1707870077489 9.52 0
1707870088123 10.01 0
1707870104134 15.39 0
1707870114715 9.96 0
1707870125410 10.08 0
1707870137451 11.42 0
1707870150634 12.43 0
1707870162821 11.57 0
1707870174337 10.91 0
1707870187132 12.17 0
1707870199094 11.34 0
1707870210326 10.62 0
1707870223001 12.06 0
1707870234602 10.98 0
1707870248062 12.71 0
1707870258787 10.08 0
1707870270434 11.03 0
1707870281350 10.3 0
1707870298664 16.7 0
1707870311855 12.57 0
1707870323583 11.11 0
1707870335879 11.68 0
1707870347568 10.93 0
1707870360807 12.63 0
1707870373082 11.65 0
1707870385253 11.56 0
1707870397345 11.47 0
1707870409965 12.01 0
1707870423459 12.88 0
1707870435193 11.12 0
1707870446158 10.35 0
1707870460338 13.57 0
1707870474289 13.34 0
1707870486748 11.84 0
1707870500302 12.94 0
1707870512599 11.68 0
1707870524791 11.57 0
1707870537438 11.89 0
1707870549452 11.4 0
1707870563792 13.72 0
1707870575888 11.48 0
1707870588399 11.89 0
1707870601420 12.4 0
1707870614376 9.53 0
1707870625649 10.52 0
1707870639543 13.27 0
1707870650951 10.79 0
1707870663266 11.7 0
1707870675624 11.75 0
1707870687548 11.31 0
1707870698312 10.15 0
1707870709874 10.93 0
1707870724534 13.88 0
1707870734940 9.79 0
1707870746724 11.17 0
1707870758401 11.06 0
1707870770856 11.83 0
1707870781642 10.17 0
1707870794018 11.77 0
1707870805542 10.91 0
1707870818413 12.1 0
1707870831224 12.18 0
1707870843697 11.86 0
1707870857024 12.71 0
1707870871791 14.14 0
1707870885766 13.35 0
1707870896471 10.08 0
1707870910344 13.26 0
1707870922596 11.64 0
1707870935817 12.61 0
1707870947632 11.19 0
1707870961466 13.21 0
1707870974683 12.6 0
1707870986467 11.16 0
1707871000077 12.99 0
1707871011780 10.94 0
1707871025212 12.81 0
1707871037245 11.41 0
1707871051271 13.41 0
1707871062737 10.85 0
1707871075714 9.53 0
1707871086098 9.76 0
1707871098052 11.2 0
1707871109905 11.24 0
1707871123887 10.45 0
1707871136839 12.33 0
1707871148618 11.16 0
1707871161991 12.76 0
1707871174142 11.53 0
1707871188661 13.77 0
1707871201820 12.54 0
1707871213206 10.77 0
1707871226575 12.75 0
1707871239647 9.52 0
1707871251436 11.17 0
1707871265255 13.2 0
1707871277496 11.62 0
1707871289469 11.34 0
1707871299790 9.7 0
1707871313424 13.02 0
1707871327229 13.19 0
1707871338330 10.48 0
1707871351367 12.42 0
1707871363022 10.89 0
1707871377640 14.0 0
1707871390320 12.05 0
1707871402684 11.75 0
1707871415417 12.12 0
1707871427276 11.24 0
1707871440447 12.55 0
1707871452752 11.69 0
1707871465714 12.2 0
1707871480822 14.49 0
1707871494567 13.12 0
1707871506081 10.89 0
1707871516761 10.06 0
1707871527798 10.41 0
1707871539567 11.14 0
1707871553540 13.36 0
1707871564847 10.54 0
1707871578300 12.83 0
1707871593561 14.64 0
1707871606887 12.7 0
1707871619975 12.47 0
1707871633270 12.68 0
1707871646178 9.53 0
1707871659391 9.53 0
1707871669541 9.53 0
1707871681753 11.59 0
1707871696198 13.83 0
1707871709769 12.95 0
1707871722857 9.53 0
1707871735315 11.84 0
1707871749109 13.18 0
1707871762152 9.53 0
1707871775181 9.53 0
1707871789334 10.74 0
1707871801130 11.17 0
1707871814325 9.54 0
1707871827381 9.53 0
1707871839424 11.42 0
1707871851698 11.66 0
1707871864526 12.2 0
1707871877592 9.52 0
1707871887728 9.52 0
1707871900507 12.16 0
1707871912448 11.32 0
1707871924793 11.73 0
1707871941031 15.61 0
1707871953221 11.56 0
1707871965474 11.49 0
1707871979179 13.08 0
1707871991067 11.27 0
1707872003365 11.68 0
1707872016619 12.64 0
1707872027810 10.58 0
1707872041424 13.0 0
1707872054481 12.43 0
1707872064886 9.63 0
1707872076908 11.39 0
1707872088908 11.38 0
1707872101897 12.37 0
1707872114058 11.54 0
1707872125624 10.94 0
1707872137159 10.91 0
1707872150436 12.51 0
1707872161660 10.6 0
1707872175940 13.66 0
1707872190266 13.71 0
1707872203359 12.47 0
1707872214241 10.26 0
1707872227699 12.84 0
1707872239208 10.89 0
1707872251413 11.44 0
1707872264161 12.12 0
1707872276384 11.59 0
1707872288420 11.41 0
1707872301862 12.8 0
1707872316212 13.72 0
1707872328022 11.18 0
1707872341581 12.94 0
1707872353665 11.31 0
1707872366202 11.92 0
1707872378870 12.04 0
1707872391753 12.26 0
1707872404160 11.79 0
1707872416976 12.19 0
1707872428294 10.68 0
1707872441722 12.81 0
1707872455590 13.1 0
1707872466373 10.15 0
1707872479948 12.94 0
1707872493695 13.12 0
1707872506630 9.53 0
1707872517869 10.61 0
1707872531101 12.6 0
1707872542556 10.69 0
1707872556564 13.38 0
1707872567430 10.23 0
1707872579209 11.15 0
1707872592903 13.06 0
1707872605823 12.29 0
1707872618914 12.46 0
1707872630168 10.63 0
1707872643472 12.68 0
1707872657047 12.95 0
1707872670953 13.26 0
1707872681279 9.69 0
1707872694826 12.92 0
1707872708093 12.64 0
1707872718451 9.73 0
1707872730897 11.68 0
1707872746188 14.66 0
1707872757651 10.83 0
1707872772431 14.15 0
1707872784931 11.87 0
1707872797541 11.99 0
1707872811754 13.58 0
1707872825256 12.87 0
1707872840104 14.21 0
1707872852732 11.99 0
1707872863816 10.45 0
1707872875815 11.36 0
1707872887736 11.28 0
1707872899249 10.88 0
1707872914553 14.68 0
1707872928551 13.24 0
1707872939180 9.99 0
1707872953050 13.24 0
1707872966357 12.67 0
1707872980099 13.11 0
1707872995172 14.45 0
1707873006643 10.84 0
1707873021761 14.48 0
1707873034142 11.74 0
1707873045810 11.04 0
1707873058859 12.41 0
1707873072293 12.8 0
1707873088483 15.56 0
1707873100900 11.79 0
1707873113007 11.47 0
1707873128189 14.41 0
1707873140258 11.43 0
1707873153199 9.52 0
1707873164801 10.97 0
1707873178198 12.76 0
1707873190239 11.41 0
1707873202656 11.77 0
1707873213649 10.23 0
1707873228331 14.05 0
1707873239395 10.43 0
1707873251569 11.53 0
1707873263257 11.06 0
1707873274668 10.78 0
1707873288631 13.32 0
1707873301087 11.69 0
1707873314446 12.73 0
1707873326828 11.75 0
1707873339856 12.39 0
1707873350982 10.49 0
1707873363102 11.49 0
1707873376001 12.27 0
1707873388616 11.99 0
1707873400832 11.42 0
1707873413829 9.52 0
1707873426930 9.53 0
1707873438485 10.91 0
1707873451658 9.52 0
1707873462562 10.15 0
1707873475644 9.53 0
1707873489972 13.69 0
1707873503451 12.84 0
1707873516421 12.34 0
1707873530368 13.32 0
1707873545017 14.02 0
1707873556937 11.14 0
1707873568346 10.77 0
1707873581310 12.32 0
1707873593209 11.27 0
1707873607681 13.84 0
1707873619747 11.43 0
1707873631994 11.62 0
1707873645812 13.19 0
1707873658669 12.22 0
1707873670615 11.31 0
1707873683666 12.42 0
1707873696535 12.24 0
1707873707665 10.5 0
1707873720013 11.71 0
1707873732703 12.05 0
1707873744043 10.57 0
1707873757786 13.11 0
1707873768782 10.36 0
1707873781955 9.52 0
1707873797210 14.62 0
1707873809676 11.83 0
1707873822048 11.73 0
1707873834267 11.45 0
1707873848228 13.33 0
1707873861527 12.66 0
1707873875665 13.5 0
1707873887987 11.69 0
1707873901092 12.47 0
1707873913204 11.48 0
1707873927460 13.49 0
1707873939489 11.4 0
1707873951971 11.85 0
1707873965529 12.92 0
1707873978258 12.09 0
1707873990992 12.1 0
1707874003944 9.52 0
1707874014244 9.53 0
1707874026136 11.25 0
1707874038385 11.62 0
1707874051554 9.53 0
1707874063638 11.45 0
1707874077971 10.66 0
1707874091616 12.88 0
1707874105903 13.65 0
1707874116519 9.98 0
1707874131378 14.22 0
1707874143005 11.0 0
1707874155460 11.81 0
1707874168314 12.22 0
1707874179041 10.1 0
1707874191808 12.12 0
1707874203040 10.6 0
1707874216359 12.68 0
1707874228377 11.38 0
1707874241507 12.5 0
1707874255843 13.7 0
1707874267429 10.94 0
1707874279830 11.63 0
1707874292308 11.84 0
1707874305302 12.36 0
1707874320744 14.8 0
1707874333480 12.1 0
1707874344540 10.42 0
1707874355634 10.47 0
1707874367987 11.71 0
1707874379944 11.32 0
1707874392359 11.77 0
1707874403553 10.55 0
1707874416668 9.52 0
1707874428698 11.39 0
1707874442209 12.88 0
1707874456089 13.11 0
1707874466977 10.25 0
1707874479902 9.52 0
1707874492655 12.11 0
1707874502920 9.63 0
1707874516548 13.0 0
1707874529474 12.29 0
1707874544218 14.11 0
1707874556713 11.85 0
1707874570434 13.08 0
1707874583043 11.97 0
1707874595837 12.16 0
1707874608361 11.89 0
1707874620706 11.71 0
1707874630990 9.52 0
1707874643453 11.83 0
1707874655065 10.98 0
1707874667764 12.06 0
1707874680060 11.66 0
1707874694901 14.2 0
1707874707368 11.83 0
1707874720198 12.05 0
1707874731788 10.95 0
1707874744820 12.39 0
1707874755525 10.06 0
1707874769033 12.86 0
1707874780835 11.17 0
1707874792081 10.61 0
1707874804968 12.25 0
1707874817051 11.44 0
1707874830017 12.32 0
1707874841540 10.88 0
1707874855240 13.05 0
1707874869037 13.16 0
1707874879519 9.82 0
1707874891557 11.39 0
1707874904543 12.2 0
1707874916943 11.76 0
1707874931380 13.79 0
1707874941554 9.52 0
1707874956106 13.91 0
1707874971212 14.46 0
1707874983934 12.07 0
1707874997507 12.93 0
1707875011279 13.12 0
1707875024605 12.68 0
1707875038110 9.88 0
1707875051268 9.52 0
1707875064309 9.53 0
1707875074484 9.53 0
1707875086621 11.49 0
1707875098254 10.99 0
1707875111355 12.45 0
1707875126331 14.34 0
1707875137191 10.22 0
1707875150172 12.33 0
1707875163778 12.82 0
1707875177434 13.01 0
1707875188425 10.35 0
1707875201365 12.29 0
1707875211530 9.52 0
1707875224829 12.65 0
1707875237361 11.89 0
1707875249826 11.68 0
1707875264157 13.68 0
1707875275272 10.46 0
1707875286147 10.23 0
1707875297955 11.16 0
1707875310565 11.97 0
1707875323740 12.53 0
1707875337238 12.85 0
1707875348056 10.18 0
1707875359105 10.4 0
1707875370236 10.49 0
1707875382397 11.51 0
1707875394711 11.67 0
1707875408635 13.28 0
1707875421591 12.31 0
1707875433255 11.01 0
1707875444825 10.92 0
1707875457755 12.28 0
1707875469543 11.14 0
1707875486303 16.11 0
1707875497959 11.01 0
1707875514165 15.57 0
1707875526870 11.92 0
1707875537965 10.45 0
1707875549963 11.35 0
1707875563761 13.15 0
1707875575621 11.21 0
1707875586942 10.68 0
1707875600090 12.5 0
1707875614270 13.53 0
1707875624443 9.53 0
1707875638068 12.98 0
1707875651876 13.16 0
1707875663861 11.34 0
1707875676906 9.53 0
1707875689219 11.67 0
1707875700028 10.03 0
1707875713968 13.29 0
1707875727071 12.45 0
1707875741237 13.52 0
1707875752631 10.75 0
1707875765325 12.05 0
1707875779108 13.14 0
1707875791775 11.88 0
1707875804458 12.04 0
1707875816238 11.13 0
1707875829701 12.82 0
1707875844139 13.8 0
1707875857760 12.97 0
1707875870239 11.83 0
1707875884347 13.32 0
1707875896710 11.72 0
1707875910926 13.56 0
1707875924384 12.81 0
1707875939722 14.69 0
1707875950616 10.24 0
1707875962939 11.67 0
1707875976149 12.56 0
1707875988106 11.16 0
1707875998951 10.19 0
1707876013857 14.27 0
1707876024300 9.8 0
1707876034845 9.89 0
1707876049053 13.56 0
1707876060082 10.38 0
1707876076141 15.28 0
1707876086549 9.76 0
1707876099824 12.63 0
1707876112124 11.65 0
1707876124261 11.49 0
1707876137156 12.26 0
1707876150154 12.35 0
1707876160950 10.15 0
1707876173231 11.62 0
1707876185468 11.59 0
1707876199780 13.66 0
1707876212248 11.82 0
1707876223217 10.32 0
1707876237498 13.64 0
1707876250028 11.88 0
1707876262048 11.37 0
1707876272868 10.17 0
1707876285607 12.09 0
1707876297240 10.99 0
1707876310346 9.52 0
1707876320513 9.52 0
1707876331060 9.76 0
1707876343684 11.98 0
1707876356516 12.19 0
1707876368298 11.13 0
1707876380998 12.05 0
1707876392617 10.97 0
1707876405164 11.9 0
1707876420419 14.46 0
1707876433678 12.61 0
1707876445041 10.71 0
1707876456282 10.59 0
1707876466928 10.0 0
1707876479654 12.08 0
1707876494946 14.64 0
1707876507691 12.1 0
1707876519980 11.64 0
1707876532685 12.06 0
1707876544616 11.29 0
1707876557044 11.79 0
1707876567877 10.18 0
1707876579924 11.4 0
1707876591328 10.75 0
1707876604022 12.06 0
1707876618207 13.54 0
1707876629656 10.8 0
1707876641546 11.25 0
1707876653143 10.96 0
1707876665529 11.74 0
1707876680236 14.06 0
1707876691429 10.41 0
1707876703479 11.4 0
1707876716421 12.29 0
1707876729526 9.52 0
1707876742523 9.53 0
1707876755802 9.53 0
1707876766152 9.7 0
1707876778284 11.49 0
1707876792554 13.62 0
1707876805166 11.97 0
1707876819421 13.6 0
1707876830167 10.08 0
1707876843242 12.28 0
1707876856194 12.3 0
1707876869318 12.47 0
1707876881994 12.03 0
1707876898094 15.45 0
1707876911791 13.05 0
1707876925968 13.53 0
