1707858035241 0.005274170250110682 0
1707858048045 0.0008424046188974716 1
1707858058086 0.0040165757935222346 2
1707858073235 0.03154180037743225 3
1707858086209 0.0001329495704837059 4
1707858098379 0.03442041351976795 5
1707858111201 0.03972215973834948 6
1707858124210 0.04239287146796668 7
1707858137112 0.041104888736781184 8
1707858150425 0.026773653532015995 9
1707858164501 0.04518611134916791 10
1707858177368 0.03575028111907061 11
1707858190296 0.03679628441196354 12
1707858203233 0.053060065433042744 13
1707858216234 0.04370118060828353 14
1707858229231 0.047574639607022684 15
1707858242256 0.03944922114881878 16
1707858255273 0.03575792918225313 17
1707858268125 0.04762304425388893 18
1707858281115 0.04455678142926064 19
1707858293992 0.05134833581876586 20
1707858306993 0.03732432776399569 21
1707858319940 0.050494249912825945 22
1707858332877 0.05108489111909579 23
1707858345823 0.05403909452953963 24
1707858358747 0.04664041504655714 25
1707858371730 0.03767176086818183 26
1707858381818 0.0525664611762376 27
1707858394898 0.047763952498493696 28
1707858407758 0.03543191249388266 29
1707858417863 0.043704034648205166 30
1707858427959 0.03324199378800528 31
1707858438198 0.03271384442802445 32
1707858452321 0.05475778769261736 33
1707858464741 0.056294663979092545 34
1707858477974 0.07896681293449884 35
1707858491322 0.06565793715312757 36
1707858504533 0.06219028713050568 37
1707858517397 0.04058605793267161 38
1707858527850 0.05658126437949248 39
1707858539591 0.03665321193522507 40
1707858550950 0.07077229630959336 41
1707858563928 0.0506279744808881 42
1707858577947 0.03516786833455072 43
1707858590979 0.049390276165286164 44
1707858602213 0.06885866784079711 45
1707858615180 0.061545826998086334 46
1707858629322 0.0835821139452383 47
1707858642186 0.08783361210978843 48
1707858655165 0.05991159727757701 49
1707858668414 0.08827383357149711 50
1707858681403 0.0812655884514273 51
1707858694257 0.07136760103612844 52
1707858707172 0.08199061285261235 53
1707858720335 0.08160042409099162 54
1707858733207 0.0712721888887084 55
1707858746192 0.0748117494812625 56
1707858759058 0.09540977139659103 57
1707858771904 0.09398948611386498 58
1707858785050 0.09344555426638738 59
1707858797936 0.11192627916998837 60
1707858810847 0.10929907568947864 61
1707858823719 0.10645930675456025 62
1707858836681 0.13928615686819337 63
1707858849650 0.11977340794883447 64
1707858862521 0.12041753472809867 65
1707858875490 0.1442311251416708 66
1707858888398 0.12173201071491878 67
1707858901461 0.16132551211241408 68
1707858914400 0.12423659166856552 69
1707858927300 0.14600604285758104 70
1707858940254 0.1509322294124305 71
1707858953067 0.18303471504021354 72
1707858966188 0.17048002999331333 73
1707858979152 0.14515770227510144 74
1707858992121 0.17008276654456006 75
1707859005219 0.14825023150343158 76
1707859018076 0.2116613974913171 77
1707859031201 0.15362978276567013 78
1707859044108 0.16201995833745017 79
1707859057093 0.1285168220323482 80
1707859067215 0.1744112947888092 81
1707859080405 0.1678204000944249 82
1707859093332 0.1680910821956105 83
1707859106303 0.17728856405970148 84
1707859119130 0.18075042539116146 85
1707859132082 0.18708489740364392 86
1707859144926 0.18448826244621763 87
1707859157893 0.23208788150864346 88
1707859170813 0.1964785457912455 89
1707859183758 0.1719876318213146 90
1707859196664 0.20872265703792706 91
1707859209533 0.24731518635582156 92
1707859222335 0.17672219987018598 93
1707859232425 0.22991788291925003 94
1707859245460 0.1631077280731224 95
1707859255556 0.23319392524927204 96
1707859268373 0.2008379148527039 97
1707859281699 0.1875294054275994 98
1707859291802 0.24317525079247915 99
1707859307481 0.24800567105703736 100
1707859320506 0.28331616898783335 101
1707859333444 0.23414798620531016 102
1707859346413 0.22784135333019584 103
1707859359273 0.26177048948386034 104
1707859372157 0.2754282477790696 105
1707859385062 0.3035316989058905 106
1707859397967 0.2809762578318344 107
1707859411013 0.2819745634182699 108
1707859423889 0.3014352579432562 109
1707859436891 0.2335664198036163 110
1707859447001 0.2947182829499919 111
1707859460067 0.22531012922401908 112
1707859470169 0.22272558359446878 113
1707859480275 0.2854749285495179 114
1707859492952 0.30580880519315645 115
1707859507589 0.33742484641754117 116
1707859520512 0.33638131552699096 117
1707859533501 0.28223900761924187 118
1707859546535 0.2658534477229946 119
1707859556645 0.26169179817994465 120
1707859567449 0.337201180984834 121
1707859580331 0.318803131793161 122
1707859593381 0.320899453842539 123
1707859606345 0.39364132476105274 124
1707859619260 0.2971443614313361 125
1707859632273 0.35553517589800643 126
1707859645192 0.28127695706356065 127
1707859655425 0.34573709762478394 128
1707859668301 0.37762403417386514 129
1707859681310 0.3166550068293294 130
1707859694302 0.33486065339487064 131
1707859707384 0.3590274008016001 132
1707859720240 0.3393065286580344 133
1707859733233 0.3395581815301003 134
1707859746310 0.336050189684262 135
1707859759206 0.3392367959099142 136
1707859772243 0.43197245845865767 137
1707859785125 0.40405145189873204 138
1707859797987 0.4154210733098938 139
1707859811079 0.29069662860375334 140
1707859821320 0.31190241526826523 141
1707859831445 0.3375163824644373 142
1707859843218 0.3903511910148803 143
1707859855791 0.36531917773962547 144
1707859868703 0.4116300040858334 145
1707859881751 0.3008762990418288 146
1707859894194 0.4031111164811757 147
1707859907376 0.36545111545668124 148
1707859920288 0.37542084382591173 149
1707859935979 0.3039202603406063 150
1707859946098 0.3961172542739987 151
1707859957755 0.3645726607795108 152
1707859970511 0.38586977711471165 153
1707859985407 0.3757110254711074 154
1707859998393 0.33851788523961235 155
1707860010501 0.4068638767548497 156
1707860024905 0.36672695034956326 157
1707860039353 0.35569300988410907 158
1707860052912 0.4296414948507582 159
1707860065790 0.35235445927970194 160
1707860079110 0.3750109586917706 161
1707860090138 0.3804129969295138 162
1707860104076 0.3861564795188804 163
1707860117108 0.4010411276853123 164
1707860130156 0.40421190811954827 165
1707860143119 0.41826218290203604 166
1707860156022 0.44274931852734944 167
1707860169018 0.4474120815492173 168
1707860181973 0.3525011679626936 169
1707860192087 0.3626833974049607 170
1707860202556 0.372118080833506 171
1707860213572 0.3793052975250774 172
1707860224665 0.3452874821691922 173
1707860236805 0.35759815063077655 174
1707860250730 0.4060084484843239 175
1707860262984 0.45202674027911777 176
1707860275692 0.35631373412710354 177
1707860288092 0.39548219623614 178
1707860302747 0.4303074692742712 179
1707860316917 0.48176647396886413 180
1707860330003 0.3936661718700161 181
1707860340133 0.4250827979925091 182
1707860353141 0.4427800219676543 183
1707860366118 0.4484936964480566 184
1707860379021 0.39831025223465527 185
1707860389281 0.4178015957382511 186
1707860401561 0.4844765979432349 187
1707860414509 0.47862618794788986 188
1707860427522 0.44806931907148495 189
1707860440393 0.4402596160125778 190
1707860453550 0.4256027504319327 191
1707860465082 0.45823566828386697 192
1707860478155 0.44370398705631303 193
1707860491045 0.44401056489462165 194
1707860504847 0.49408568657990476 195
1707860518027 0.42085273657799654 196
1707860529554 0.49396210300396864 197
1707860543092 0.39274648913121085 198
1707860555610 0.493560462675743 199
1707860571435 0.49956204902086204 200
1707860584338 0.4546295665934385 201
1707860597354 0.5240226711401318 202
1707860610281 0.5085818599997531 203
1707860623245 0.37386040530346243 204
1707860633493 0.4560679477441003 205
1707860643589 0.4550770234719065 206
1707860653677 0.42201095315016196 207
1707860666169 0.46427969014299086 208
1707860679934 0.4042544069477423 209
1707860693438 0.5395114791012637 210
1707860704890 0.5002316291474964 211
1707860717685 0.5092698272409065 212
1707860731149 0.47941326601271983 213
1707860744041 0.42981398684974115 214
1707860756249 0.41852123152179466 215
1707860768488 0.5367615058150145 216
1707860780279 0.45523835697160653 217
1707860792319 0.561061026097134 218
1707860805337 0.5239387898962538 219
1707860818383 0.545747910066497 220
1707860831593 0.570443192160525 221
1707860844534 0.5383119311527329 222
1707860857748 0.5549604554156906 223
1707860870540 0.47813051648082616 224
1707860880640 0.45011083881886194 225
1707860890732 0.44020881643596815 226
1707860904367 0.470795273110289 227
1707860915639 0.5763089668849329 228
1707860930544 0.5016091845259122 229
1707860941745 0.5285237398824567 230
1707860955346 0.5491652500547732 231
1707860969892 0.5175530767538736 232
1707860982882 0.5211316094951207 233
1707860995755 0.5108329705880698 234
1707861008825 0.4656076236621774 235
1707861018931 0.5697787222537293 236
1707861031849 0.538753017708602 237
1707861044677 0.5199013138878488 238
1707861057708 0.4657793353639261 239
1707861067935 0.5390835931128252 240
1707861080319 0.5370929044799837 241
1707861093288 0.46032472155176685 242
1707861103860 0.514557724524262 243
1707861118571 0.5036593998243867 244
1707861129103 0.5262161462115542 245
1707861143223 0.45429613918890543 246
1707861156169 0.5457432440256023 247
1707861170938 0.5848387427409404 248
1707861184250 0.5433099290881163 249
1707861200027 0.5326258179466831 250
1707861212986 0.5837552060252926 251
1707861226024 0.5463421032066677 252
1707861239119 0.5262184764359175 253
1707861251427 0.6096507179837374 254
1707861264449 0.6361306623729335 255
1707861277559 0.5783641932702788 256
1707861290583 0.4964795994968028 257
1707861301593 0.6048880003119416 258
1707861314684 0.5341934109653385 259
1707861328355 0.5700295615750236 260
1707861341438 0.5515500001911946 261
1707861354611 0.5574735492842595 262
1707861367640 0.5807617414848137 263
1707861380435 0.48251343386347256 264
1707861394201 0.6313110825984504 265
1707861407194 0.642727123594304 266
1707861420332 0.5467784558119605 267
1707861432467 0.6066014071445023 268
1707861445354 0.5956180815625964 269
1707861458442 0.473426465754649 270
1707861469754 0.4850953134124897 271
1707861480007 0.5645192482365521 272
1707861493208 0.5921031775347105 273
1707861505034 0.5189444305397853 274
1707861519669 0.6040523986827859 275
1707861533575 0.5692341583354795 276
1707861545002 0.5835975384954177 277
1707861555819 0.508329517732452 278
1707861567988 0.5673525753273354 279
1707861582774 0.5516901039795197 280
1707861593331 0.5715603369384421 281
1707861607785 0.56043581334012 282
1707861618751 0.48087615090210767 283
1707861631034 0.5552227584530361 284
1707861644051 0.5878521991400227 285
1707861655418 0.5957632377789008 286
1707861668262 0.5814381090799624 287
1707861680641 0.5844983942600269 288
1707861691977 0.6038742455751154 289
1707861703339 0.5970321064688595 290
1707861716248 0.5709040030041647 291
1707861729265 0.6200232669507671 292
1707861743241 0.5760417077766099 293
1707861756126 0.5883378337480774 294
1707861769279 0.5438133597073072 295
1707861782581 0.611088500472999 296
1707861795466 0.6054318072271211 297
1707861808582 0.5057492633435748 298
1707861820631 0.5277095613096138 299
1707861833732 0.5156604087195165 300
1707861845116 0.6023851617680818 301
1707861856239 0.5646284274125489 302
1707861867295 0.5425269880845394 303
1707861881310 0.6191235882596493 304
1707861896108 0.5755390768721267 305
1707861908074 0.6130600239255782 306
1707861921259 0.5926828539732276 307
1707861933610 0.5247148795735964 308
1707861947489 0.5753426055413601 309
1707861961248 0.5538467820511246 310
1707861972697 0.6350205180885626 311
1707861984232 0.6410764377716236 312
1707861997249 0.6057906532450184 313
1707862010342 0.5671843821914531 314
1707862020462 0.6013436964529771 315
1707862034756 0.6053668327703093 316
1707862047790 0.579368052994853 317
1707862057905 0.5967466044039099 318
1707862070973 0.5767570654966317 319
1707862082535 0.612113554156253 320
1707862095452 0.6073341877882102 321
1707862108562 0.5581180937845395 322
1707862118681 0.5955394984487576 323
1707862132066 0.6123117159932617 324
1707862145441 0.6091735841644039 325
1707862158516 0.5177564638419331 326
1707862169024 0.6173150003198893 327
1707862184344 0.656070938027719 328
1707862197429 0.605386276604089 329
1707862210483 0.5830527605473026 330
1707862220612 0.5620428205674188 331
1707862233609 0.5176502063457342 332
1707862245796 0.6366333217812901 333
1707862257636 0.5735821881012687 334
1707862268451 0.6337937498895967 335
1707862281933 0.648659365220843 336
1707862295130 0.5518840428232662 337
1707862306085 0.5034734519201745 338
1707862318329 0.5995061684144894 339
1707862330680 0.5788943122625746 340
1707862341260 0.6234656693130769 341
1707862353896 0.6174370663008221 342
1707862366279 0.6030897978839544 343
1707862381003 0.5996722567466303 344
1707862391134 0.5819356662353943 345
1707862403336 0.6150660152158898 346
1707862415297 0.6422655285914286 347
1707862428458 0.5549513948386647 348
1707862442429 0.6224713403221522 349
1707862455498 0.6013602143674079 350
1707862465627 0.6005134376431364 351
1707862477922 0.6200221947281238 352
1707862491087 0.6323522487735113 353
1707862504086 0.5357703446163077 354
1707862516099 0.6097503216604762 355
1707862530248 0.6014175886664238 356
1707862542660 0.5872110018438697 357
1707862553811 0.631839664121633 358
1707862566172 0.5849400805624058 359
1707862579343 0.642116561132987 360
1707862591484 0.5418659280619114 361
1707862602270 0.6221700209177627 362
1707862614381 0.5759422557899884 363
1707862627412 0.6718596609147215 364
1707862640465 0.6118618545386739 365
1707862653443 0.6267855505353281 366
1707862666553 0.5576284491936063 367
1707862676682 0.5801372618634437 368
1707862687984 0.6632844612950423 369
1707862700933 0.6157662103435778 370
1707862711996 0.650400698425497 371
1707862725028 0.6057218390063462 372
1707862736390 0.6717264809693712 373
1707862749746 0.5692068691708427 374
1707862759884 0.6493654853694703 375
1707862772622 0.5868299641181471 376
1707862782830 0.6048935795202875 377
1707862795452 0.6251886632619372 378
1707862808805 0.6564169727777766 379
1707862821838 0.5768750429646642 380
1707862836414 0.6657237329935217 381
1707862849527 0.6366918416238178 382
1707862862404 0.6037664405395713 383
1707862872544 0.5534108097891264 384
1707862885971 0.607097242243533 385
1707862900397 0.6602346179786706 386
1707862913371 0.5582116005471617 387
1707862925902 0.6467097294101826 388
1707862939307 0.5256251118863215 389
1707862950555 0.5855070420970923 390
1707862962281 0.6661669723507526 391
1707862974375 0.6836427667517829 392
1707862986176 0.6672423198003266 393
1707862999243 0.6385993048534402 394
1707863012199 0.6244283596141165 395
1707863025261 0.6626650725057492 396
1707863038585 0.6874349722215654 397
1707863052232 0.6110210665853658 398
1707863065161 0.6566916347097396 399
1707863081124 0.667007061875743 400
1707863094403 0.6454689559048451 401
1707863107358 0.6482839925587318 402
1707863120397 0.6755203426992247 403
1707863133348 0.6735878870346775 404
1707863146454 0.7147999139046158 405
1707863159711 0.5722811272832424 406
1707863169977 0.5417672434122363 407
1707863181489 0.6430727249528485 408
1707863193714 0.6103103181099998 409
1707863205213 0.6783272874394138 410
1707863218186 0.6634107344156381 411
1707863230080 0.6041645859287497 412
1707863241926 0.6484451413315898 413
1707863256336 0.6174266046541617 414
1707863267281 0.6923781400235415 415
1707863279307 0.6474255569532753 416
1707863290691 0.6629558818980001 417
1707863303065 0.6430335096658383 418
1707863316881 0.6642485210383755 419
1707863329020 0.6119432976734018 420
1707863342363 0.643079532312234 421
1707863353785 0.6433047876152718 422
1707863366605 0.6183268102928493 423
1707863378888 0.6516519420481159 424
1707863389847 0.6833571994997786 425
1707863402422 0.643528660716057 426
1707863414126 0.6455449912800753 427
1707863428099 0.612352863670088 428
1707863441991 0.6741613203606289 429
1707863455461 0.6457747182334639 430
1707863466235 0.6642521244751605 431
1707863478435 0.6497743347651782 432
1707863488789 0.627937051559649 433
1707863501728 0.6495662017991255 434
1707863514210 0.618704769754794 435
1707863526569 0.6172930105789397 436
1707863539202 0.596582011396605 437
1707863551435 0.6238211262075658 438
1707863564056 0.6627679810837361 439
1707863576693 0.6181541510922522 440
1707863589342 0.669934695349742 441
1707863601826 0.6677194695149627 442
1707863614402 0.6084708749076995 443
1707863625220 0.6174513577486553 444
1707863638439 0.6508045012652736 445
1707863653096 0.6737593054170008 446
1707863663294 0.6540479571005225 447
1707863678078 0.6798489324126215 448
1707863690934 0.6917827348022226 449
1707863703873 0.7170156679599983 450
1707863717082 0.6262683289874766 451
1707863727555 0.6512349804848522 452
1707863738971 0.5841572333099683 453
1707863752042 0.6738449533718143 454
1707863764176 0.6532010738806368 455
1707863777962 0.7040010229069845 456
1707863788331 0.6853791445694634 457
1707863801973 0.609819329774979 458
1707863814507 0.6430918837728312 459
1707863825987 0.6166466239291849 460
1707863838174 0.6350258545567231 461
1707863849370 0.640055192263239 462
1707863861600 0.6815050554416858 463
1707863874559 0.6189975588665395 464
1707863887410 0.6499088322500228 465
1707863900040 0.7162493533288049 466
1707863911781 0.6079806379413534 467
1707863925833 0.6884243757278949 468
1707863937854 0.6410671261396702 469
1707863951445 0.6664487297878424 470
1707863964467 0.666297656804168 471
1707863974735 0.6768307165817654 472
1707863988172 0.6542303282934352 473
1707863999319 0.6542001145872056 474
1707864012639 0.6688508561938782 475
1707864026184 0.7202634226327222 476
1707864040219 0.6723970667121376 477
1707864053648 0.6879957491369247 478
1707864067286 0.6877940629720591 479
1707864080300 0.6501915911687026 480
1707864093962 0.6576730440671229 481
1707864106159 0.5740145869301544 482
1707864117846 0.6707480526949973 483
1707864131813 0.6618613685268974 484
1707864145280 0.6380571020032354 485
1707864156716 0.610364962854793 486
1707864170545 0.626692207383966 487
1707864182905 0.6986505094254171 488
1707864195387 0.6372386406528308 489
1707864208047 0.6865304985189338 490
1707864221163 0.6720189652994365 491
1707864233137 0.6788667873613927 492
1707864247374 0.6910587055144499 493
1707864259873 0.6783276203270514 494
1707864272994 0.6129326374933903 495
1707864284750 0.6907243335093816 496
1707864298574 0.5901632792984532 497
1707864310182 0.7255902467118539 498
1707864323316 0.6269245139725458 499
1707864336428 0.6265285806868989 500
1707864347674 0.6662670909030909 501
1707864361376 0.617092078722881 502
1707864371997 0.6821029959673817 503
1707864386243 0.6840480164376744 504
1707864399872 0.5994989887433136 505
1707864411001 0.6968950497078308 506
1707864425959 0.6214591742563508 507
1707864439324 0.7207911692942252 508
1707864451481 0.6436353653230208 509
1707864461631 0.670361324499954 510
1707864473792 0.6380635450177172 511
1707864485967 0.6811926492517466 512
1707864498691 0.6330385600981827 513
1707864512403 0.6699829538311453 514
1707864522682 0.6185722509991122 515
1707864534847 0.6549196013339057 516
1707864545227 0.6548819523196355 517
1707864558982 0.613031485339591 518
1707864570414 0.6855031475199082 519
1707864585279 0.6736881026198118 520
1707864595916 0.7028544742961567 521
1707864609422 0.6070816967618271 522
1707864624623 0.6943276577546917 523
1707864635556 0.6503228408157908 524
1707864648057 0.6286498934630086 525
1707864659813 0.6459903670269127 526
1707864671784 0.7087343229643879 527
1707864684187 0.7073712975370934 528
1707864696820 0.7184734603230083 529
1707864709949 0.6392028951128316 530
1707864722367 0.681186011677169 531
1707864735102 0.6142868180352155 532
1707864747921 0.6327830708597795 533
1707864761137 0.6594121949050396 534
1707864773487 0.6798292022099326 535
1707864785481 0.7201307019909804 536
1707864797977 0.6651037759133485 537
1707864810918 0.6828758357010751 538
1707864826589 0.6029792624756843 539
1707864839683 0.684329800720895 540
1707864851832 0.6787601292880348 541
1707864863593 0.5728084468173146 542
1707864878082 0.6429474301126485 543
1707864888413 0.6173367091732394 544
1707864900967 0.6548687907467148 545
1707864913826 0.6522323241089248 546
1707864926315 0.6970752702876933 547
1707864939243 0.5977934056974068 548
1707864950460 0.6987444956987413 549
1707864965742 0.6774055477155432 550
1707864978610 0.6909368409204097 551
1707864991779 0.6722777644508781 552
1707865003407 0.6824782115860543 553
1707865016963 0.6167288616774049 554
1707865031071 0.6972649333440847 555
1707865044398 0.636491596614722 556
1707865055917 0.6831126196625001 557
1707865067468 0.677248944484063 558
1707865081673 0.6869973674067615 559
1707865097512 0.5828924928458532 560
1707865108266 0.6319725740313419 561
1707865120801 0.6879630269673899 562
1707865133875 0.7007365638170648 563
1707865147174 0.6924815998249451 564
1707865158864 0.6964861840864717 565
1707865172642 0.6641707080671263 566
1707865186446 0.5895373864432691 567
1707865198567 0.6792460226853556 568
1707865213053 0.667955749850797 569
1707865225913 0.7372868874318055 570
1707865238854 0.7250694730376902 571
1707865251963 0.6624133665865128 572
1707865262095 0.713572467695063 573
1707865275326 0.6585767148636619 574
1707865286556 0.7152383710006643 575
1707865300185 0.7074916018665991 576
1707865313274 0.6979010653999558 577
1707865326349 0.5887261958688748 578
1707865337659 0.703523518483061 579
1707865349100 0.6894001472296536 580
1707865363571 0.6239419891071187 581
1707865377199 0.6093096706868504 582
1707865390322 0.6629950059839509 583
1707865401587 0.69287609187538 584
1707865413476 0.6898333245267441 585
1707865423767 0.7349665959876706 586
1707865437686 0.6633622031953302 587
1707865449769 0.6429131934549766 588
1707865462218 0.6779591491879537 589
1707865472795 0.6990838706410193 590
1707865485999 0.593665748035235 591
1707865497429 0.6823970443427432 592
1707865510233 0.6731173489261336 593
1707865522230 0.6775227984549037 594
1707865534877 0.7049403391238804 595
1707865549238 0.6281357481156257 596
1707865560547 0.6667415197382371 597
1707865572802 0.7218183862364901 598
1707865584854 0.7248310151088417 599
1707865597882 0.6705415320128155 600
1707865610242 0.6888693682277984 601
1707865623058 0.7238679923584773 602
1707865634844 0.694159220101981 603
1707865648711 0.671732844948698 604
1707865660827 0.7054018501310484 605
1707865674079 0.69388734391521 606
1707865687296 0.6569620930473814 607
1707865697799 0.6129532374024489 608
1707865710925 0.6707193172823107 609
1707865723410 0.6726336496079569 610
1707865736255 0.5832085742249582 611
1707865748114 0.7105671144564659 612
1707865759174 0.686552297246702 613
1707865772167 0.6938195128306318 614
1707865784407 0.693376567005359 615
1707865795783 0.6493182519545493 616
1707865807944 0.6739561725877601 617
1707865821158 0.6970341657170807 618
1707865834067 0.6540686067154706 619
1707865847599 0.736591978931359 620
1707865859832 0.6494151560803801 621
1707865871774 0.7208483213954981 622
1707865883784 0.7101395572357053 623
1707865893932 0.6686410640980375 624
1707865906384 0.6928946149137203 625
1707865918834 0.6781445056010116 626
1707865933496 0.724461297168002 627
1707865946601 0.7264848313337026 628
1707865959629 0.6654288162668702 629
1707865972466 0.6784098365535539 630
1707865983178 0.6336782838228002 631
1707865995450 0.696519458392993 632
1707866008208 0.7313455915179247 633
1707866018702 0.6903122620578561 634
1707866032718 0.7189351863296677 635
1707866045725 0.6705838841839711 636
1707866058599 0.7059755364640202 637
1707866071100 0.7003193929442967 638
1707866085830 0.6384251946960071 639
1707866099871 0.7010288569515567 640
1707866112431 0.6590338832361448 641
1707866122585 0.6615398806377093 642
1707866134576 0.6566402629481067 643
1707866147650 0.5935243241946877 644
1707866161443 0.6173971009025261 645
1707866172768 0.750139265932603 646
1707866185638 0.6930650181371749 647
1707866196827 0.6533434954791061 648
1707866209682 0.6958091158274934 649
1707866222745 0.7247637144477057 650
1707866234621 0.7582543690067269 651
1707866247528 0.6370234009511673 652
1707866258710 0.6819994408548617 653
1707866273396 0.6251355130443301 654
1707866285089 0.6238544839265513 655
1707866298385 0.6595695000066617 656
1707866310018 0.6925802885210985 657
1707866324833 0.7034523118798399 658
1707866337201 0.7054852158182155 659
1707866349594 0.7060063658081315 660
1707866364845 0.6581508987098184 661
1707866377608 0.685012106058215 662
1707866388093 0.6917964688808684 663
1707866400601 0.7170905391190897 664
1707866411639 0.7315975622750119 665
1707866423349 0.7194621856260386 666
1707866436301 0.7313808299261366 667
1707866449490 0.6852354018905111 668
1707866460439 0.652768724635565 669
1707866473501 0.6719841952006294 670
1707866487567 0.6717107389646562 671
1707866499031 0.6982515077771942 672
1707866512557 0.7036262336072423 673
1707866524802 0.7094937197401607 674
1707866536513 0.7122078046015279 675
1707866547284 0.7187676174983948 676
1707866560339 0.7027198177835715 677
1707866573451 0.6696796340698636 678
1707866585710 0.6837709550197071 679
1707866598221 0.7048641882550986 680
1707866609627 0.7228159066665724 681
1707866622654 0.7191533333263631 682
1707866635607 0.702023154342637 683
1707866648624 0.7154185375905998 684
1707866661644 0.6938791482364965 685
1707866673481 0.7038857338265814 686
1707866684870 0.7758816758718019 687
1707866698212 0.6790396974422213 688
1707866709568 0.6771850189930079 689
1707866722124 0.6844441428049913 690
1707866733312 0.7092062567518865 691
1707866747410 0.7053395641166031 692
1707866759816 0.6853072411960461 693
1707866772083 0.6955507702431363 694
1707866784976 0.7276440602791199 695
1707866796852 0.7427809862714981 696
1707866809383 0.6368013523468791 697
1707866821352 0.6890920291612018 698
1707866834746 0.6600517010616497 699
1707866847719 0.7159728857203947 700
1707866861109 0.7270617180332207 701
1707866873201 0.6630845876831147 702
1707866886164 0.702841757970983 703
1707866898086 0.7081459072982142 704
1707866913573 0.6488987209185487 705
1707866925186 0.7063801199986474 706
1707866939359 0.6228692488401953 707
1707866950957 0.7350219576781887 708
1707866964741 0.7115992432183091 709
1707866977624 0.7486839597351462 710
1707866990379 0.6652867275307007 711
1707867002136 0.6911681367429219 712
1707867014252 0.6681417733103696 713
1707867027143 0.7158164014168502 714
1707867039788 0.6918955574601692 715
1707867054652 0.6875957032629619 716
1707867067470 0.6904536119010181 717
1707867078508 0.683320613543692 718
1707867091406 0.7297356092272024 719
1707867103592 0.6981659432348205 720
1707867116417 0.6799882451117347 721
1707867130148 0.7137321946878903 722
1707867141501 0.6939729136472681 723
1707867153468 0.7267571832719368 724
1707867166754 0.7026643740374182 725
1707867180826 0.7658895821177973 726
1707867192905 0.6708477648610622 727
1707867206582 0.645894872366651 728
1707867216728 0.6414882304399112 729
1707867229899 0.6846701176098384 730
1707867241034 0.7073627468164194 731
1707867252414 0.7249798991782964 732
1707867263151 0.6925518848281826 733
1707867275387 0.6316362330578866 734
1707867286754 0.7325089793190607 735
1707867300224 0.6849182939532699 736
1707867311418 0.6879004717115892 737
1707867325067 0.7046964033528341 738
1707867339056 0.7120476580493226 739
1707867353745 0.68834942293596 740
1707867368428 0.669495522178479 741
1707867380158 0.694321305668278 742
1707867393110 0.5799286519173517 743
1707867405190 0.7426829816839887 744
1707867416963 0.6867405897351195 745
1707867430795 0.754975076397895 746
1707867441437 0.6910340558946567 747
1707867455632 0.7161101044388806 748
1707867465784 0.6279822090653051 749
1707867478926 0.7038214661232778 750
1707867489071 0.7331338207630301 751
1707867500816 0.6676319774744426 752
1707867511966 0.7338775634561786 753
1707867524009 0.7562913107669756 754
1707867538401 0.760930555661726 755
1707867549988 0.74764511343487 756
1707867562951 0.6555540074995844 757
1707867574787 0.6996581155293498 758
1707867588535 0.7663632953058748 759
1707867601454 0.7120317464959528 760
1707867615122 0.6608590589087396 761
1707867626343 0.7256588235767865 762
1707867642188 0.7387285038597238 763
1707867655452 0.678713630744848 764
1707867667887 0.7026157268185493 765
1707867680498 0.7402953625312301 766
1707867691610 0.7282373206709786 767
1707867704831 0.7372631038651885 768
1707867717855 0.6833380972696091 769
1707867729005 0.6661168179728352 770
1707867741974 0.7145194768462341 771
1707867752773 0.7067312811820045 772
1707867764611 0.7344064185505619 773
1707867776220 0.7017892884210982 774
1707867791150 0.7482519609170881 775
1707867803800 0.6675848051200882 776
1707867816602 0.6979993484696424 777
1707867829279 0.7129687316190029 778
1707867839620 0.6907760277412025 779
1707867853739 0.7502850316157397 780
1707867864048 0.7360164771442131 781
1707867874469 0.6804680699674013 782
1707867885259 0.6959612235025898 783
1707867897762 0.6097938323809559 784
1707867910349 0.6987031594290952 785
1707867924645 0.7051425445227265 786
1707867938378 0.6880640330614093 787
1707867950446 0.6444952827278692 788
1707867964549 0.7676057179493979 789
1707867977005 0.7066465826232478 790
1707867988902 0.7420224465962211 791
1707868002158 0.62703258319202 792
1707868012658 0.725063343826599 793
1707868026802 0.7017542369227753 794
1707868041667 0.724626233892751 795
1707868054179 0.7470686300536455 796
1707868065423 0.7026010292479656 797
1707868077462 0.7606761046801496 798
1707868090368 0.7028946862273128 799
1707868103375 0.630567740467799 800
1707868115398 0.7021235359005646 801
1707868128750 0.6766900588175583 802
1707868141163 0.6780224070771794 803
1707868154833 0.6972413258837935 804
1707868170822 0.7355993262750323 805
1707868182422 0.7291836644462281 806
1707868196108 0.729811087167752 807
1707868207286 0.7034942737188963 808
1707868221570 0.7192784524712336 809
1707868232401 0.7501550134168855 810
1707868244088 0.7488401822664545 811
1707868257093 0.7375908156103459 812
1707868270206 0.7597615241282027 813
1707868283294 0.7067534004750237 814
1707868294692 0.7524848902961967 815
1707868307690 0.7229778363931292 816
1707868318539 0.6927943126421343 817
1707868330213 0.6968278167871358 818
1707868340380 0.7565988247139656 819
1707868353026 0.7136494898222867 820
1707868365773 0.7184478218374749 821
1707868379385 0.7070908095213613 822
1707868391362 0.7319072702411062 823
1707868405994 0.6625936820902779 824
1707868418232 0.7027035534177896 825
1707868429260 0.7270517530296104 826
1707868440640 0.6988925812629069 827
1707868453160 0.7028877621434759 828
1707868465130 0.7445399238152816 829
1707868475749 0.6966840960044293 830
1707868490728 0.7341718017778666 831
1707868501161 0.6531520979500149 832
1707868514706 0.6719968432602014 833
1707868529537 0.742197471128505 834
1707868539988 0.6765079326550237 835
1707868551313 0.6949708430491428 836
1707868564767 0.7166288235633745 837
1707868578624 0.7439524823750715 838
1707868590804 0.7147727869082379 839
1707868603858 0.6897386559827614 840
1707868614342 0.7179812187479231 841
1707868628062 0.7139378213371301 842
1707868641646 0.6967726333444121 843
1707868654254 0.7110793888810938 844
1707868666061 0.6988867105347705 845
1707868680052 0.7282757812724191 846
1707868692165 0.7214782357984878 847
1707868707873 0.7196133603129623 848
1707868720551 0.7179800600594786 849
1707868733500 0.7100175229383917 850
1707868745396 0.7460023744112635 851
1707868756389 0.7383833761904877 852
1707868766853 0.7172174183006779 853
1707868780078 0.6984542598334826 854
1707868793534 0.696605889445424 855
1707868806884 0.732593024080792 856
1707868817444 0.7602417443028257 857
1707868831450 0.7446820329464863 858
1707868845143 0.7029255978244188 859
1707868855805 0.7435910540529564 860
1707868868110 0.7323091099080767 861
1707868881233 0.7233133574410568 862
1707868892924 0.718281658196904 863
1707868906172 0.7092795766715085 864
1707868918525 0.6710952379316759 865
1707868929409 0.723675180492664 866
1707868941119 0.7465651041055862 867
1707868953422 0.7197217637545245 868
1707868966156 0.725381312303433 869
1707868980398 0.6759934178914199 870
1707868991351 0.7399902225897113 871
1707869004376 0.7078511779426733 872
1707869018452 0.6775356685161977 873
1707869030075 0.7257614224166619 874
1707869044369 0.7501120086921493 875
1707869055257 0.7044621022924871 876
1707869067896 0.754074838556402 877
1707869078689 0.7170084197727096 878
1707869092342 0.6343723655250109 879
1707869104138 0.7483371218164379 880
1707869117181 0.7373850955332654 881
1707869130762 0.6905035633837093 882
1707869145157 0.7207083564036844 883
1707869158217 0.7668700409422831 884
1707869169251 0.7570737554392907 885
1707869183786 0.7642356991273241 886
1707869196836 0.7082447479455307 887
1707869207482 0.7356888813974847 888
1707869222595 0.7727894319740616 889
1707869235521 0.7235350281011482 890
1707869245659 0.7205860196186981 891
1707869256182 0.7015653685638024 892
1707869268406 0.7102414308902989 893
1707869280352 0.7438859081415206 894
1707869291933 0.7076367457313248 895
1707869305665 0.7295027935367752 896
1707869318027 0.7233846541753355 897
1707869331962 0.7044472200389679 898
1707869348267 0.703024924150411 899
1707869361329 0.680708733773672 900
1707869372995 0.7119167885176485 901
1707869385092 0.7228381320711941 902
1707869396759 0.6864062738828403 903
1707869410372 0.688017791183727 904
1707869423582 0.6916133133814117 905
1707869437477 0.7626534696885436 906
1707869450701 0.7246121088845742 907
1707869462533 0.7441927087626576 908
1707869474515 0.7503674075578 909
1707869488565 0.7830967432253603 910
1707869500658 0.7293163298488603 911
1707869514437 0.7403591093632179 912
1707869524573 0.7218922942504786 913
1707869534714 0.7247407246362888 914
1707869547808 0.7372470234707359 915
1707869559683 0.7389985275441084 916
1707869573146 0.7413756600799343 917
1707869586128 0.776961370428469 918
1707869599152 0.7410992383480828 919
1707869613617 0.7189090058003932 920
1707869624167 0.7504988904806924 921
1707869637078 0.7402686192003153 922
1707869650221 0.7415508742335271 923
1707869663340 0.7259355849170556 924
1707869673481 0.7214101128527085 925
1707869684897 0.745808397410082 926
1707869696894 0.7019343340126951 927
1707869710678 0.7089903095948386 928
1707869723323 0.7429692076207247 929
1707869735711 0.7240404410425427 930
1707869747433 0.7292565361998811 931
1707869761555 0.7951599437873101 932
1707869777521 0.6978971520294155 933
1707869790597 0.7451007410128375 934
1707869802351 0.678812339251156 935
1707869815299 0.7486309553235185 936
1707869829511 0.7434136193714487 937
1707869840445 0.7243514496798673 938
1707869854358 0.7603464675143664 939
1707869866632 0.750714356187693 940
1707869877968 0.7566275973516507 941
1707869891212 0.7540139359412014 942
1707869904246 0.7479655713057587 943
1707869917310 0.636211823298412 944
1707869927436 0.7338836421694731 945
1707869940085 0.7622369310957077 946
1707869952479 0.7268524291455789 947
1707869963918 0.7687168092256763 948
1707869976119 0.7598003473981522 949
1707869989165 0.7540970069529899 950
1707870000903 0.7166019060803198 951
1707870014933 0.7433294571490592 952
1707870026680 0.7170113304726995 953
1707870037751 0.7809659184299433 954
1707870051110 0.7811933516358931 955
1707870064394 0.7565325625696617 956
1707870077483 0.7286616584701028 957
1707870088117 0.7475528161899055 958
1707870104128 0.6857746163334102 959
1707870114710 0.7178418903917063 960
1707870125405 0.7146569695552534 961
1707870137444 0.7198728125695284 962
1707870150628 0.7269112203831484 963
1707870162815 0.7682132829279336 964
1707870174331 0.7279508308393439 965
1707870187125 0.7285372027002764 966
1707870199087 0.7474102928853992 967
1707870210320 0.7071225746078108 968
1707870222996 0.6875867922081068 969
1707870234596 0.71585375714798 970
1707870248057 0.7522436713596424 971
1707870258781 0.7369594122772132 972
1707870270428 0.7416943805420358 973
1707870281343 0.7388698354085665 974
1707870298658 0.7604423549419586 975
1707870311848 0.7260668496533931 976
1707870323577 0.7009568609811558 977
1707870335873 0.6942221065214504 978
1707870347562 0.73407667256497 979
1707870360801 0.7634399570436238 980
1707870373075 0.7279472411437248 981
1707870385247 0.7618590931958528 982
1707870397339 0.7548387225708577 983
1707870409959 0.7251549884352367 984
1707870423453 0.7176910258328988 985
1707870435188 0.7334702137397382 986
1707870446152 0.734864319166779 987
1707870460332 0.7500153389314707 988
1707870474283 0.7656059630290764 989
1707870486742 0.7707818135192643 990
1707870500296 0.7044548695920932 991
1707870512593 0.7379570279150556 992
1707870524785 0.7603059962823214 993
1707870537432 0.742621476185573 994
1707870549446 0.7398444547799052 995
1707870563786 0.6983907100488607 996
1707870575882 0.6547931484430994 997
1707870588393 0.7678899384290769 998
1707870601413 0.7364274412826364 999
1707870614370 0.6983463882740016 1000
1707870625643 0.7030370851491322 1001
1707870639536 0.7341091144702414 1002
1707870650945 0.7611451216013937 1003
1707870663260 0.7206634690798297 1004
1707870675618 0.7593331539445026 1005
1707870687542 0.7522066706565838 1006
1707870698307 0.6730099040655385 1007
1707870709868 0.7463453567847039 1008
1707870724529 0.7591911379452699 1009
1707870734934 0.7548642935206425 1010
1707870746719 0.776638742610548 1011
1707870758391 0.7333335539249884 1012
1707870770850 0.7536161447134984 1013
1707870781636 0.7102452391878462 1014
1707870794013 0.7095973298681125 1015
1707870805535 0.692949182441526 1016
1707870818407 0.7022879889625067 1017
1707870831219 0.7177819391819539 1018
1707870843691 0.7303206715763577 1019
1707870857018 0.7500976305470828 1020
1707870871785 0.7592855846228447 1021
1707870885760 0.7124946685524927 1022
1707870896464 0.7104077985165291 1023
1707870910338 0.7586951793711123 1024
1707870922591 0.7313916651070086 1025
1707870935811 0.7039859578277328 1026
1707870947626 0.7598794994083312 1027
1707870961460 0.7843804672756107 1028
1707870974677 0.6999890971262759 1029
1707870986460 0.7565955932621422 1030
1707871000071 0.7143199295158565 1031
1707871011774 0.7209973496132035 1032
1707871025205 0.766101238539703 1033
1707871037240 0.7848059743293465 1034
1707871051265 0.7580956929513254 1035
1707871062731 0.7806753640284971 1036
1707871075707 0.7380122880553461 1037
1707871086092 0.7165731275242959 1038
1707871098047 0.7589519443581499 1039
1707871109899 0.7696109069287397 1040
1707871123881 0.7126861836209029 1041
1707871136833 0.7278996690961458 1042
1707871148611 0.7424009219924554 1043
1707871161985 0.7608451278896406 1044
1707871174135 0.7488832785858727 1045
1707871188655 0.7604614062076227 1046
1707871201814 0.7004321849777427 1047
1707871213199 0.6272838595449721 1048
1707871226569 0.7042421687762521 1049
1707871239641 0.754903592868722 1050
1707871251430 0.7445181603272147 1051
1707871265247 0.7357771002996559 1052
1707871277490 0.7467910095163082 1053
1707871289463 0.717580643835942 1054
1707871299784 0.7532134365103483 1055
1707871313418 0.7749364610506883 1056
1707871327223 0.7289886520459217 1057
1707871338324 0.7374284233879608 1058
1707871351361 0.7188106130363258 1059
1707871363016 0.7126835399132935 1060
1707871377633 0.706926144192195 1061
1707871390313 0.7585904741400046 1062
1707871402678 0.7519220318286233 1063
1707871415411 0.7124488135105748 1064
1707871427270 0.7214392380885251 1065
1707871440440 0.7393411602663348 1066
1707871452746 0.7253739450844368 1067
1707871465708 0.7641014895034244 1068
1707871480816 0.7388100800049663 1069
1707871494560 0.7438586354971063 1070
1707871506075 0.7397294364943932 1071
1707871516755 0.6926453840208677 1072
1707871527792 0.7618594681587525 1073
1707871539561 0.7175014823619096 1074
1707871553534 0.7650606733816144 1075
1707871564841 0.7570898364008533 1076
1707871578294 0.7808632963806611 1077
1707871593555 0.7399426870140107 1078
1707871606880 0.7675478764908371 1079
1707871619969 0.7567703646774189 1080
1707871633264 0.7544701628092133 1081
1707871646172 0.7783504424624971 1082
1707871659385 0.7211718871136701 1083
1707871669534 0.7591751139885597 1084
1707871681747 0.7268640712590907 1085
1707871696192 0.7391859727129421 1086
1707871709763 0.7942477894208364 1087
1707871722851 0.7455892700507953 1088
1707871735309 0.7431739513982305 1089
1707871749103 0.7720391699101483 1090
1707871762146 0.7536401690188916 1091
1707871775175 0.7636036131575428 1092
1707871789329 0.7344878835364897 1093
1707871801124 0.7872260720196101 1094
1707871814320 0.7583723323668463 1095
1707871827375 0.7459368071060505 1096
1707871839418 0.7601405793985395 1097
1707871851692 0.7244317529126916 1098
1707871864521 0.7112016025596026 1099
1707871877585 0.7771879052120969 1100
1707871887721 0.736052834109416 1101
1707871900501 0.7492317582135232 1102
1707871912442 0.722950667875899 1103
1707871924786 0.7852949460551074 1104
1707871941025 0.7391150574610343 1105
1707871953215 0.7620441970670401 1106
1707871965468 0.7643140708240609 1107
1707871979174 0.7516946948409675 1108
1707871991062 0.7221671094066751 1109
1707872003359 0.7380166507331681 1110
1707872016613 0.7085263416815362 1111
1707872027804 0.7437423770487364 1112
1707872041418 0.7766688481746317 1113
1707872054475 0.7423816389238742 1114
1707872064880 0.762850203313098 1115
1707872076902 0.7103395119850295 1116
1707872088903 0.7431272271552434 1117
1707872101892 0.7611779801695057 1118
1707872114051 0.7057379572813143 1119
1707872125617 0.7918261763251343 1120
1707872137153 0.7516493742584225 1121
1707872150430 0.7492708429846501 1122
1707872161653 0.725336528823944 1123
1707872175934 0.7159052093407626 1124
1707872190260 0.7430112541916376 1125
1707872203353 0.7110475458287419 1126
1707872214235 0.6658208618824359 1127
1707872227693 0.6757095671298324 1128
1707872239201 0.7118682098577781 1129
1707872251407 0.6730222123488995 1130
1707872264155 0.799577646097988 1131
1707872276377 0.7731110385847019 1132
1707872288410 0.7633794976607114 1133
1707872301856 0.7438017489532296 1134
1707872316206 0.7163073569468014 1135
1707872328016 0.784285385470513 1136
1707872341575 0.7143510801282604 1137
1707872353659 0.7423016873801405 1138
1707872366196 0.7345985050288498 1139
1707872378863 0.7324531050133198 1140
1707872391747 0.7200263324479287 1141
1707872404154 0.7680888290282494 1142
1707872416969 0.7578001998520537 1143
1707872428288 0.7109554587418062 1144
1707872441717 0.7667931088075689 1145
1707872455585 0.7563724426299812 1146
1707872466367 0.7568819583946933 1147
1707872479942 0.7554195730570823 1148
1707872493688 0.7576916158037252 1149
1707872506624 0.6669071947991999 1150
1707872517863 0.7249049615847176 1151
1707872531095 0.756129356413613 1152
1707872542550 0.7392412746999433 1153
1707872556558 0.7291929356431114 1154
1707872567424 0.7755887070254057 1155
1707872579203 0.7338799043953165 1156
1707872592897 0.7415981881079137 1157
1707872605817 0.7707387889213386 1158
1707872618907 0.7834791853362977 1159
1707872630162 0.7383348295486939 1160
1707872643466 0.6842217627629963 1161
1707872657041 0.7713191418894555 1162
1707872670947 0.7607166001980329 1163
1707872681272 0.7587922397514925 1164
1707872694820 0.7629972044323406 1165
1707872708087 0.7608503716847229 1166
1707872718445 0.7662563668898544 1167
1707872730892 0.7084551896168741 1168
1707872746182 0.7554599767100322 1169
1707872757644 0.7238532019060936 1170
1707872772425 0.747627346199848 1171
1707872784924 0.7434699861845391 1172
1707872797535 0.7412209287045883 1173
1707872811747 0.7624953150957405 1174
1707872825250 0.6936312791347927 1175
1707872840098 0.7817371018491348 1176
1707872852726 0.6945229160821962 1177
1707872863810 0.6845771438954965 1178
1707872875808 0.7338918482113854 1179
1707872887730 0.7823766539757101 1180
1707872899243 0.6842335169331075 1181
1707872914547 0.7447643257590131 1182
1707872928544 0.789319320403573 1183
1707872939174 0.6963820259149629 1184
1707872953044 0.7092860765801894 1185
1707872966351 0.7684425296569335 1186
1707872980093 0.7174969357413423 1187
1707872995166 0.7577671069228542 1188
1707873006637 0.7510906155184972 1189
1707873021756 0.7843778218010761 1190
1707873034136 0.6993236308521369 1191
1707873045804 0.7587745859867423 1192
1707873058853 0.6998327849722822 1193
1707873072287 0.7874608068524215 1194
1707873088477 0.7614358886028936 1195
1707873100893 0.7273451144188464 1196
1707873113001 0.7319241443742631 1197
1707873128183 0.721661252870388 1198
1707873140252 0.7309844567331875 1199
1707873153193 0.763324739781319 1200
1707873164795 0.7321825884280687 1201
1707873178192 0.7477694258550714 1202
1707873190233 0.7584610681943657 1203
1707873202649 0.7390193984232257 1204
1707873213643 0.7402867339338693 1205
1707873228324 0.7545931103744714 1206
1707873239388 0.7532195490864972 1207
1707873251563 0.7459280355844029 1208
1707873263250 0.7545675012646075 1209
1707873274661 0.742630859356114 1210
1707873288625 0.7843825501509685 1211
1707873301081 0.7252767334583905 1212
1707873314440 0.748594964037536 1213
1707873326822 0.7131544075092654 1214
1707873339850 0.7675124066544937 1215
1707873350976 0.7306812205651332 1216
1707873363096 0.7623957753094367 1217
1707873375995 0.7658941356709972 1218
1707873388610 0.7845010391380054 1219
1707873400826 0.7921388292308079 1220
1707873413824 0.765489714291793 1221
1707873426924 0.7565309723631685 1222
1707873438480 0.7618963626058931 1223
1707873451652 0.7531479962034393 1224
1707873462556 0.7694324651077008 1225
1707873475638 0.7520224340947868 1226
1707873489965 0.7256143163751047 1227
1707873503445 0.7393868445204697 1228
1707873516416 0.7627240535872934 1229
1707873530363 0.7448370658210356 1230
1707873545012 0.7569501565613204 1231
1707873556931 0.7544682490498106 1232
1707873568340 0.7245956307671181 1233
1707873581304 0.7408657025602903 1234
1707873593204 0.7459563275479948 1235
1707873607675 0.7559747359942612 1236
1707873619741 0.7417859685778296 1237
1707873631988 0.7675833181902998 1238
1707873645806 0.7484000886063804 1239
1707873658662 0.7069770922501556 1240
1707873670608 0.7279015343687288 1241
1707873683660 0.7111623822878836 1242
1707873696529 0.7545928030241971 1243
1707873707659 0.7445038768188752 1244
1707873720008 0.7601387978036944 1245
1707873732697 0.7178570278947246 1246
1707873744038 0.7715969636270162 1247
1707873757780 0.7683305316874053 1248
1707873768776 0.7311572758776952 1249
1707873781949 0.7846717375625466 1250
1707873797204 0.7610059547664265 1251
1707873809670 0.735002878084084 1252
1707873822042 0.755255135506936 1253
1707873834261 0.7418089246499615 1254
1707873848222 0.7354072263052706 1255
1707873861521 0.7866001173493741 1256
1707873875658 0.7748063789434441 1257
1707873887981 0.7507136013953446 1258
1707873901086 0.6997326804236065 1259
1707873913198 0.7617142856874209 1260
1707873927454 0.781819714442649 1261
1707873939482 0.7511406711125637 1262
1707873951965 0.7600010212133476 1263
1707873965523 0.7524654539618134 1264
1707873978252 0.7691490308127185 1265
1707873990986 0.7881186791669824 1266
1707874003938 0.7283565382857566 1267
1707874014238 0.7341263936287871 1268
1707874026131 0.7863562471963258 1269
1707874038379 0.7940162715862424 1270
1707874051548 0.742253566574833 1271
1707874063632 0.7801757968179648 1272
1707874077965 0.7288645688260496 1273
1707874091610 0.7160941978152737 1274
1707874105897 0.7574889098121307 1275
1707874116512 0.7699773473882456 1276
1707874131372 0.7324919569178359 1277
1707874142999 0.7680038916047717 1278
1707874155454 0.7039888763317703 1279
1707874168308 0.7381543489337947 1280
1707874179032 0.7674276013462002 1281
1707874191802 0.7236381087598447 1282
1707874203033 0.7551058454152693 1283
1707874216353 0.721512841905444 1284
1707874228370 0.7409059428738799 1285
1707874241501 0.7648332740298944 1286
1707874255837 0.7747399350812837 1287
1707874267424 0.7479623126008766 1288
1707874279825 0.7932414457336303 1289
1707874292301 0.7669521061412934 1290
1707874305295 0.7313730517250288 1291
1707874320738 0.7637635341265093 1292
1707874333475 0.757683174783844 1293
1707874344534 0.7224177981501758 1294
1707874355628 0.7250988576670957 1295
1707874367981 0.7533741821473497 1296
1707874379938 0.7669703011925458 1297
1707874392353 0.739164881590894 1298
1707874403547 0.7314479244111234 1299
1707874416662 0.7870897392455267 1300
1707874428691 0.7877766210934344 1301
1707874442203 0.7611833546118076 1302
1707874456084 0.7870702556088786 1303
1707874466971 0.8119093736698862 1304
1707874479895 0.722561322866004 1305
1707874492649 0.7572828610945361 1306
1707874502914 0.778389071656034 1307
1707874516543 0.7384977621714383 1308
1707874529468 0.7455820690294441 1309
1707874544212 0.745374356355025 1310
1707874556707 0.767730915862725 1311
1707874570428 0.7585258629763416 1312
1707874583036 0.7770495792580868 1313
1707874595831 0.7821281756195558 1314
1707874608355 0.7142064699182671 1315
1707874620700 0.736881802545845 1316
1707874630984 0.7409633263922839 1317
1707874643446 0.7615693170150899 1318
1707874655058 0.7460929323896075 1319
1707874667758 0.7533331981040905 1320
1707874680054 0.7620832877413815 1321
1707874694894 0.7738476185646607 1322
1707874707362 0.7606431730317483 1323
1707874720192 0.7618915455553629 1324
1707874731781 0.7590345368770612 1325
1707874744814 0.7242507336954914 1326
1707874755519 0.74365298588027 1327
1707874769027 0.7721331054776943 1328
1707874780829 0.7500164677249461 1329
1707874792075 0.7579269873331422 1330
1707874804962 0.7495318110895897 1331
1707874817045 0.7469967304572809 1332
1707874830011 0.7471786332188309 1333
1707874841534 0.7447653224258742 1334
1707874855234 0.7325067654593851 1335
1707874869031 0.730767065185659 1336
1707874879514 0.7153588396989246 1337
1707874891550 0.7741584977460853 1338
1707874904537 0.7409623616603521 1339
1707874916936 0.7269911832028252 1340
1707874931375 0.7732744740650082 1341
1707874941548 0.7752900907365201 1342
1707874956101 0.7684117669692588 1343
1707874971206 0.7854862210638287 1344
1707874983928 0.779491092716631 1345
1707874997501 0.7861122594603831 1346
1707875011273 0.7853134892486173 1347
1707875024598 0.7739151643207018 1348
1707875038105 0.7524944169032419 1349
1707875051262 0.7864555297521396 1350
1707875064303 0.7340934662754949 1351
1707875074478 0.737813633003245 1352
1707875086615 0.7111400900217423 1353
1707875098248 0.765186395721211 1354
1707875111349 0.7703749983143294 1355
1707875126325 0.7644997559968568 1356
1707875137185 0.7328311942737282 1357
1707875150166 0.7493226136710386 1358
1707875163772 0.7562272315491665 1359
1707875177428 0.7254791701174006 1360
1707875188419 0.8126118722952658 1361
1707875201359 0.7629747365806844 1362
1707875211525 0.7375613788096304 1363
1707875224823 0.6499639642499953 1364
1707875237355 0.7789090362259088 1365
1707875249820 0.7109718753144723 1366
1707875264151 0.7315766837632623 1367
1707875275266 0.7726411279439357 1368
1707875286140 0.7682815567864508 1369
1707875297949 0.7745732969706778 1370
1707875310557 0.7601460895924551 1371
1707875323734 0.7441812692650189 1372
1707875337231 0.7198905422163142 1373
1707875348050 0.7878055981278893 1374
1707875359099 0.7494734896292388 1375
1707875370231 0.7510236699752985 1376
1707875382391 0.7355899339924197 1377
1707875394705 0.69750651932631 1378
1707875408630 0.7396278398025693 1379
1707875421585 0.7930983150846748 1380
1707875433249 0.7335327562975299 1381
1707875444819 0.7369448582931363 1382
1707875457749 0.7806292944641406 1383
1707875469536 0.7354100838709267 1384
1707875486296 0.7620245554491654 1385
1707875497952 0.7252563764125497 1386
1707875514159 0.7059626426453828 1387
1707875526864 0.7757261721197235 1388
1707875537959 0.7610757473785673 1389
1707875549957 0.7613541086367916 1390
1707875563755 0.770854538657271 1391
1707875575615 0.7325624096810844 1392
1707875586936 0.7283710994308052 1393
1707875600083 0.743907089873608 1394
1707875614264 0.7702369793273708 1395
1707875624437 0.7491747867067157 1396
1707875638062 0.7336038726753424 1397
1707875651870 0.7686373146520254 1398
1707875663854 0.7214003579915353 1399
1707875676900 0.7477394119888595 1400
1707875689212 0.7689781653292334 1401
1707875700021 0.7455701073714938 1402
1707875713962 0.7571289232841397 1403
1707875727065 0.7609772020773051 1404
1707875741231 0.7288918140292485 1405
1707875752625 0.7472630085709551 1406
1707875765318 0.7447013838619014 1407
1707875779102 0.7318475639504716 1408
1707875791769 0.6857488769652881 1409
1707875804451 0.7547716211997931 1410
1707875816231 0.7374001788123405 1411
1707875829695 0.7808015866676843 1412
1707875844134 0.719866860957179 1413
1707875857754 0.7713796874535676 1414
1707875870232 0.7432766708535662 1415
1707875884341 0.7479561824377414 1416
1707875896704 0.6772267319761931 1417
1707875910920 0.7375558980622279 1418
1707875924379 0.7848534036703183 1419
1707875939716 0.6761330767717558 1420
1707875950610 0.7513645718644187 1421
1707875962933 0.7827269555225378 1422
1707875976143 0.761144065258694 1423
1707875988100 0.7648866334968336 1424
1707875998946 0.73885761047689 1425
1707876013851 0.7347915174079461 1426
1707876024295 0.7139746371896767 1427
1707876034839 0.8001173986840457 1428
1707876049048 0.7577785430862229 1429
1707876060076 0.7727384772699288 1430
1707876076135 0.7722560806542594 1431
1707876086543 0.7452108003391802 1432
1707876099817 0.731656195726099 1433
1707876112118 0.7447782015138542 1434
1707876124255 0.7496999256994369 1435
1707876137150 0.7172706749573428 1436
1707876150148 0.7377916565753883 1437
1707876160945 0.7796772863603956 1438
1707876173224 0.6867054852185844 1439
1707876185462 0.7419244385218442 1440
1707876199775 0.7248408251468208 1441
1707876212243 0.7579357368784296 1442
1707876223211 0.7522909021121411 1443
1707876237492 0.727115766781249 1444
1707876250021 0.7821713294013206 1445
1707876262042 0.7249400712573647 1446
1707876272863 0.8014026928193065 1447
1707876285601 0.7903785068561321 1448
1707876297234 0.7496787603260174 1449
1707876310340 0.7598094396743689 1450
1707876320507 0.7748285045731252 1451
1707876331054 0.7652763209774535 1452
1707876343678 0.7458007398753429 1453
1707876356510 0.7450121434019299 1454
1707876368292 0.7687294888796674 1455
1707876380991 0.7334615643347177 1456
1707876392611 0.7778938746862761 1457
1707876405158 0.7343372296559129 1458
1707876420413 0.797533497891173 1459
1707876433672 0.7647226213797599 1460
1707876445034 0.7776738991002924 1461
1707876456276 0.7272239376463113 1462
1707876466922 0.7318719746225137 1463
1707876479647 0.7340666045221339 1464
1707876494941 0.7518946534728163 1465
1707876507684 0.7491203604597929 1466
1707876519974 0.7885703873673167 1467
1707876532679 0.7679018108632586 1468
1707876544610 0.7488879714319233 1469
1707876557038 0.7913274453051042 1470
1707876567870 0.7471038653921122 1471
1707876579918 0.7799276115601098 1472
1707876591322 0.7382002014310985 1473
1707876604016 0.7456801913984089 1474
1707876618201 0.7670904183550332 1475
1707876629651 0.7280665926440141 1476
1707876641540 0.7349574296792917 1477
1707876653137 0.7784216296932857 1478
1707876665523 0.7879481982681045 1479
1707876680229 0.7910399316092835 1480
1707876691423 0.7748484694477317 1481
1707876703473 0.7603099220629956 1482
1707876716414 0.7886538572417898 1483
1707876729519 0.7712537801012379 1484
1707876742517 0.767111590725723 1485
1707876755796 0.72518357627821 1486
1707876766146 0.7665679483010686 1487
1707876778278 0.7903456231712507 1488
1707876792547 0.7450133668934382 1489
1707876805160 0.7408448972941049 1490
1707876819415 0.7039107641271876 1491
1707876830160 0.6876780920200358 1492
1707876843236 0.7624547302451516 1493
1707876856187 0.6844135065561912 1494
1707876869312 0.7486467672360023 1495
1707876881988 0.7346876367630233 1496
1707876898089 0.7466960558057008 1497
1707876911784 0.7541340472442404 1498
1707876925963 0.7033659573530837 1499
