1712750902887 98.02 0
1712750954431 47.81 0
1712750999907 29.76 0
1712751044179 26.14 0
1712751085881 26.61 0
1712751122025 33.04 0
1712751158827 25.14 0
1712751192935 23.83 0
1712751231804 27.31 0
1712751265028 22.27 0
1712751300455 24.34 0
1712751331251 23.36 0
1712751367552 25.56 0
1712751402151 23.85 0
1712751435953 27.67 0
1712751468262 22.9 0
1712751501344 25.06 0
1712751531302 23.12 0
1712751563358 24.39 0
1712751594484 21.69 0
1712751625990 21.42 0
1712751656764 20.68 0
1712751689475 21.73 0
1712751717761 21.19 0
1712751747707 22.56 0
1712751775263 20.23 0
1712751802590 20.41 0
1712751829455 20.03 0
1712751858600 20.02 0
1712751887320 22.0 0
1712751913903 20.35 0
1712751938470 20.94 0
1712751966929 21.56 0
1712751992434 22.01 0
1712752020804 20.88 0
1712752049300 20.9 0
1712752076057 22.32 0
1712752102704 22.41 0
1712752129557 20.47 0
1712752155507 19.71 0
1712752182226 19.68 0
1712752210204 20.61 0
1712752237466 20.56 0
1712752264068 19.28 0
1712752293592 20.05 0
1712752320632 20.59 0
1712752350035 20.56 0
1712752377636 20.8 0
1712752406048 22.24 0
1712752430756 21.16 0
1712752457848 22.3 0
1712752484746 19.6 0
1712752512309 20.76 0
1712752539576 21.03 0
1712752564252 21.47 0
1712752588249 20.3 0
1712752614665 22.31 0
1712752640715 19.52 0
1712752666911 19.12 0
1712752695742 20.15 0
1712752721317 19.3 0
1712752750863 20.86 0
1712752776538 19.36 0
1712752801048 21.15 0
1712752826987 20.05 0
1712752853679 20.15 0
1712752881455 20.98 0
1712752906064 21.11 0
1712752934779 20.02 0
1712752960847 19.69 0
1712752986668 18.95 0
1712753011836 21.12 0
1712753038012 21.2 0
1712753063227 19.45 0
1712753087663 20.36 0
1712753113066 19.24 0
1712753138570 21.57 0
1712753165399 20.34 0
1712753192470 23.23 0
1712753219215 22.88 0
1712753245832 20.07 0
1712753272351 20.16 0
1712753299488 20.52 0
1712753325133 19.39 0
1712753350916 19.88 0
1712753376849 22.38 0
1712753403578 22.61 0
1712753428291 20.4 0
1712753456072 20.89 0
1712753482388 20.38 0
1712753507368 21.56 0
1712753532519 21.84 0
1712753558560 22.08 0
1712753586375 19.29 0
1712753612422 22.17 0
1712753638948 22.99 0
1712753665701 20.76 0
1712753693295 21.5 0
1712753717947 18.23 0
1712753745036 21.17 0
1712753773491 20.03 0
1712753800841 23.55 0
1712753828182 20.04 0
1712753857186 19.95 0
1712753884454 20.96 0
1712753911021 22.53 0
1712753939012 19.46 0
1712753965742 20.63 0
1712753992317 20.26 0
1712754019630 21.04 0
1712754046125 20.31 0
1712754071841 21.53 0
1712754096510 21.08 0
1712754122593 22.29 0
1712754147569 21.2 0
1712754172843 21.88 0
1712754198609 19.38 0
1712754224403 19.31 0
1712754250343 22.68 0
1712754275993 21.54 0
1712754303149 23.15 0
1712754328403 21.73 0
1712754354708 22.77 0
1712754384740 21.2 0
1712754407958 19.58 0
1712754432965 21.54 0
1712754457803 20.88 0
1712754483692 19.49 0
1712754511530 21.73 0
1712754536881 19.6 0
1712754563598 22.63 0
1712754589803 19.48 0
1712754614746 21.08 0
1712754641649 22.86 0
1712754666291 21.13 0
1712754691617 21.64 0
1712754716792 20.8 0
1712754742568 21.83 0
1712754767528 20.67 0
1712754793127 21.84 0
1712754819029 21.99 0
1712754844764 22.26 0
1712754870906 22.34 0
1712754896113 21.67 0
1712754922803 20.72 0
1712754949787 22.48 0
1712754976420 20.76 0
1712755000870 20.79 0
1712755027080 22.21 0
1712755053188 22.05 0
1712755079076 20.06 0
1712755106424 23.42 0
1712755131926 21.73 0
1712755159498 20.24 0
1712755186356 20.0 0
1712755212856 21.86 0
1712755239445 22.71 0
1712755263737 20.18 0
1712755290091 19.58 0
1712755317309 20.77 0
1712755343637 19.09 0
1712755371713 21.43 0
1712755397201 21.47 0
1712755422821 21.65 0
1712755447419 20.82 0
1712755471687 20.16 0
1712755498465 20.61 0
1712755529671 21.61 0
1712755554643 20.87 0
1712755579260 20.97 0
1712755605022 22.29 0
1712755631311 20.08 0
1712755656422 20.94 0
1712755682269 21.84 0
1712755708367 22.35 0
1712755733726 19.59 0
1712755760683 20.38 0
1712755786795 22.09 0
1712755811774 21.09 0
1712755836870 20.88 0
1712755862930 20.15 0
1712755889655 20.46 0
1712755917696 22.19 0
1712755942778 21.38 0
1712755969282 19.71 0
1712755993539 20.8 0
1712756020031 22.59 0
1712756046515 22.36 0
1712756072369 21.69 0
1712756097193 20.84 0
1712756120760 19.65 0
1712756146528 21.79 0
1712756171008 20.58 0
1712756195808 20.63 0
1712756220088 20.23 0
1712756245228 20.66 0
1712756271302 21.67 0
1712756295952 20.93 0
1712756322248 22.31 0
1712756346191 19.9 0
1712756372646 19.89 0
1712756397955 21.98 0
1712756422950 20.93 0
1712756447884 21.46 0
1712756473172 21.31 0
1712756498959 21.88 0
1712756524179 21.19 0
1712756549852 22.15 0
1712756575706 22.24 0
1712756601772 22.49 0
1712756627861 21.76 0
1712756653655 21.96 0
1712756678877 21.7 0
1712756704676 22.15 0
1712756730651 22.37 0
1712756755980 19.38 0
1712756782077 22.27 0
1712756808699 22.79 0
1712756833507 21.23 0
1712756859998 22.41 0
1712756890160 21.37 0
1712756916894 20.13 0
1712756942610 22.18 0
1712756968368 19.71 0
1712756992877 20.22 0
1712757019524 21.61 0
1712757046604 23.33 0
1712757070726 20.06 0
1712757097492 22.79 0
1712757122979 21.7 0
1712757148365 21.25 0
1712757172951 21.04 0
1712757197611 21.57 0
1712757223040 21.6 0
1712757249100 22.17 0
1712757273973 21.0 0
1712757299151 21.42 0
1712757324523 21.46 0
1712757349581 21.04 0
1712757376333 22.51 0
1712757402110 21.89 0
1712757429171 22.84 0
1712757455612 20.73 0
1712757482523 20.81 0
1712757507769 21.71 0
1712757533481 19.54 0
1712757559467 20.12 0
1712757586723 23.54 0
1712757613241 19.84 0
1712757638779 21.89 0
1712757667242 19.4 0
1712757694785 21.38 0
1712757720435 22.2 0
1712757748437 19.74 0
1712757773661 20.92 0
1712757799800 22.2 0
1712757825508 22.1 0
1712757850888 19.13 0
1712757875594 21.08 0
1712757899307 19.64 0
1712757923545 20.21 0
1712757949444 21.52 0
1712757974391 20.22 0
1712758000067 21.52 0
1712758026849 22.82 0
1712758052262 21.93 0
1712758078095 22.22 0
1712758103601 21.69 0
1712758128972 21.71 0
1712758156185 22.34 0
1712758180015 20.13 0
1712758206581 22.67 0
1712758235023 24.78 0
1712758262266 23.36 0
1712758288143 22.29 0
1712758313020 21.1 0
1712758337919 21.03 0
1712758364036 21.87 0
1712758394879 26.98 0
1712758422783 24.17 0
1712758449081 22.89 0
1712758474095 21.36 0
1712758500179 22.72 0
1712758525287 20.92 0
1712758551792 22.5 0
1712758575370 19.79 0
1712758601515 22.01 0
1712758626579 21.6 0
1712758650420 20.23 0
1712758676004 21.5 0
1712758700584 20.52 0
1712758727820 23.57 0
1712758752768 21.38 0
1712758778521 21.37 0
1712758803659 20.86 0
1712758829637 22.23 0
1712758855018 21.9 0
1712758880388 21.8 0
1712758907112 21.75 0
1712758934191 23.6 0
1712758959958 19.58 0
1712758985593 21.44 0
1712759012481 20.9 0
1712759039354 22.4 0
1712759064396 21.1 0
1712759089498 20.94 0
1712759116336 22.56 0
1712759145223 23.45 0
1712759170583 21.82 0
1712759197760 23.37 0
1712759225260 23.79 0
1712759251129 21.9 0
1712759278643 22.82 0
1712759307624 24.41 0
1712759336824 24.5 0
1712759365363 23.48 0
1712759393124 23.59 0
1712759419548 22.41 0
1712759447277 23.48 0
1712759474574 23.17 0
1712759502815 24.07 0
1712759529458 22.53 0
1712759557180 24.02 0
1712759586083 20.61 0
1712759613203 22.29 0
1712759640925 23.19 0
1712759668845 21.05 0
1712759695459 19.89 0
1712759724333 24.17 0
1712759751738 21.07 0
1712759777593 21.55 0
1712759804472 20.05 0
1712759831132 22.65 0
1712759857807 22.64 0
1712759885001 23.48 0
1712759914335 20.66 0
1712759942059 21.1 0
1712759971296 20.8 0
1712760000986 22.6 0
1712760028613 20.37 0
1712760056487 23.32 0
1712760083623 22.96 0
1712760112069 24.03 0
1712760139865 24.21 0
1712760166651 22.35 0
1712760194968 23.58 0
1712760221023 21.5 0
1712760248424 23.36 0
1712760272865 20.5 0
1712760300918 23.66 0
1712760328271 20.63 0
1712760357516 24.02 0
1712760384803 23.56 0
1712760412387 23.46 0
1712760438949 22.38 0
1712760468554 25.51 0
1712760496234 24.44 0
1712760522331 22.17 0
1712760547691 20.12 0
1712760575120 23.1 0
1712760603676 24.48 0
1712760632879 25.46 0
1712760661157 24.07 0
1712760688720 23.19 0
1712760715831 22.77 0
1712760742254 22.18 0
1712760770057 22.94 0
1712760796116 21.79 0
1712760822401 21.87 0
1712760851097 24.15 0
1712760877896 22.12 0
1712760905615 23.94 0
1712760936708 26.98 0
1712760961915 20.82 0
1712760991126 24.88 0
1712761017552 22.15 0
1712761045916 24.07 0
1712761075913 26.58 0
1712761106003 25.97 0
1712761133670 23.22 0
1712761163922 25.49 0
1712761190437 22.21 0
1712761219695 24.82 0
1712761247240 23.64 0
1712761275422 23.61 0
1712761304739 25.09 0
1712761332864 24.32 0
1712761359947 22.41 0
1712761388127 23.9 0
1712761414714 22.3 0
1712761442489 23.67 0
1712761472837 26.05 0
1712761500796 24.37 0
1712761527215 21.58 0
1712761555052 23.39 0
1712761582876 23.83 0
1712761612112 25.05 0
1712761640197 23.89 0
1712761669864 25.81 0
1712761697929 23.47 0
1712761726651 21.68 0
1712761755005 23.83 0
1712761780823 22.16 0
1712761808519 23.27 0
1712761836322 23.94 0
1712761864643 24.42 0
1712761891390 22.84 0
1712761918829 23.01 0
1712761946696 22.56 0
1712761974481 23.08 0
1712762001008 22.31 0
1712762028532 23.39 0
1712762058497 25.64 0
1712762084803 22.17 0
1712762111703 23.25 0
1712762139275 23.5 0
1712762167311 23.21 0
1712762196302 25.05 0
1712762223562 23.79 0
1712762252125 23.97 0
1712762279717 23.99 0
1712762309135 25.18 0
1712762337733 23.96 0
1712762367216 25.01 0
1712762397212 25.55 0
1712762423919 22.68 0
1712762452137 24.36 0
1712762480645 23.98 0
1712762508509 23.89 0
1712762537990 25.27 0
1712762565554 23.59 0
1712762594044 24.52 0
1712762622016 23.23 0
1712762651753 24.99 0
1712762680859 22.15 0
1712762708365 23.5 0
1712762735482 23.29 0
1712762764400 24.55 0
1712762790611 22.1 0
1712762819192 23.88 0
1712762848276 24.8 0
1712762875360 22.81 0
1712762903495 24.57 0
1712762932213 24.48 0
1712762959445 23.71 0
1712762990410 26.75 0
1712763019142 24.91 0
1712763047664 23.81 0
1712763076643 25.02 0
1712763109285 28.31 0
1712763138779 21.65 0
1712763167759 24.72 0
1712763195889 21.31 0
1712763223776 23.97 0
1712763251851 23.62 0
1712763281935 25.09 0
1712763310300 24.34 0
1712763338816 23.64 0
1712763367494 24.64 0
1712763396894 24.89 0
1712763425001 24.53 0
1712763451857 22.64 0
1712763482003 22.24 0
1712763510216 23.8 0
1712763538815 24.37 0
1712763567444 24.02 0
1712763596501 22.44 0
1712763626199 22.64 0
1712763655038 22.01 0
1712763683691 24.45 0
1712763712517 24.53 0
1712763742451 25.8 0
1712763770351 23.69 0
1712763798216 23.96 0
1712763825642 23.06 0
1712763856100 26.11 0
1712763883753 23.51 0
1712763912743 24.29 0
1712763942137 25.45 0
1712763971126 24.66 0
1712763999200 24.1 0
1712764026858 23.67 0
1712764055587 21.53 0
1712764082230 22.1 0
1712764110090 22.45 0
1712764138781 24.17 0
1712764165530 22.8 0
1712764193804 23.81 0
1712764222248 24.13 0
1712764252801 22.04 0
1712764280337 20.67 0
1712764312175 23.53 0
1712764341028 21.64 0
1712764369369 24.32 0
1712764397748 23.95 0
1712764426760 22.18 0
1712764454102 22.95 0
1712764483592 25.22 0
1712764512971 24.25 0
1712764541036 23.33 0
1712764570025 22.41 0
1712764597876 23.67 0
1712764626294 23.92 0
1712764654065 23.01 0
1712764680959 23.13 0
1712764709018 23.08 0
1712764736615 23.36 0
1712764766066 25.09 0
1712764794820 24.81 0
1712764823488 24.73 0
1712764851337 23.65 0
1712764881160 22.36 0
1712764908624 23.36 0
1712764937215 20.72 0
1712764966412 25.19 0
1712764993686 23.02 0
1712765022343 23.76 0
1712765050853 24.17 0
1712765080512 25.66 0
1712765108872 24.17 0
1712765138136 23.99 0
1712765165953 23.19 0
1712765191521 21.62 0
1712765218027 22.15 0
1712765244528 22.46 0
1712765269509 21.06 0
1712765294446 20.84 0
1712765319093 19.98 0
1712765344914 21.73 0
1712765371417 22.68 0
1712765397292 22.29 0
1712765424821 23.85 0
1712765449270 20.53 0
1712765475659 21.9 0
1712765502190 22.8 0
1712765528120 20.66 0
1712765554826 22.56 0
1712765581186 19.24 0
1712765607240 22.48 0
1712765633568 19.14 0
1712765660935 20.55 0
1712765690179 21.27 0
1712765718154 21.24 0
1712765745049 23.33 0
1712765769092 20.41 0
1712765796215 23.36 0
1712765822025 22.18 0
1712765847006 21.07 0
1712765874019 22.7 0
1712765900949 22.89 0
1712765927508 19.83 0
1712765952516 21.52 0
1712765978344 21.63 0
1712766003723 21.25 0
1712766028442 20.84 0
1712766054794 21.64 0
1712766080762 22.65 0
1712766105851 21.24 0
1712766132641 20.14 0
1712766158900 22.47 0
1712766185159 22.14 0
1712766210045 21.13 0
1712766236364 22.44 0
1712766260819 20.84 0
1712766287178 22.35 0
1712766312681 21.35 0
1712766338195 21.55 0
1712766364580 21.94 0
1712766389930 21.41 0
1712766416790 22.8 0
1712766443369 21.8 0
1712766468348 21.39 0
1712766493627 21.57 0
1712766519273 22.61 0
1712766544612 21.61 0
1712766570881 22.76 0
1712766597156 22.44 0
1712766622366 21.28 0
1712766647136 21.27 0
1712766672904 22.26 0
1712766699604 22.65 0
1712766726399 22.76 0
1712766751377 21.4 0
1712766776547 21.15 0
1712766801484 21.05 0
1712766826727 21.34 0
1712766852953 22.55 0
1712766877976 21.44 0
1712766902687 20.75 0
1712766927500 20.61 0
1712766954054 22.49 0
1712766977760 20.52 0
1712767002440 20.26 0
1712767027655 21.63 0
1712767052991 21.44 0
1712767078854 21.94 0
1712767103588 21.45 0
1712767130115 22.9 0
1712767156070 22.38 0
1712767181072 20.62 0
