1713648623789 0.6858369032905787 2400
1713648630686 0.7980138192574407 2401
1713648637790 0.5345632458863523 2402
1713648644624 0.7843856582346305 2403
1713648651331 0.6363620478279203 2404
1713648658090 0.8275058087026053 2405
1713648664858 0.7673928202209648 2406
1713648671592 0.7260287820866231 2407
1713648678439 0.6369404381815524 2408
1713648685301 0.7844013717396633 2409
1713648692168 0.8013321633483261 2410
1713648699488 0.7196602552815279 2411
1713648706282 0.7579085181963413 2412
1713648713032 0.5741066360256608 2413
1713648719930 0.6980172554279493 2414
1713648726733 0.6564545380361655 2415
1713648733484 0.7111855093866001 2416
1713648740253 0.5298909776406859 2417
1713648747051 0.7916402561002358 2418
1713648753814 0.675036316238712 2419
1713648761030 0.6012202259264185 2420
1713648768128 0.65122646701653 2421
1713648774932 0.6451925251731503 2422
1713648781836 0.7105349274236 2423
1713648788711 0.677038036696303 2424
1713648795596 0.6771874103275659 2425
1713648802528 0.8005865575208547 2426
1713648809475 0.687362081536143 2427
1713648816264 0.6004811025641972 2428
1713648823531 0.7850768898642501 2429
1713648830363 0.6850768474665002 2430
1713648837188 0.6483965333184507 2431
1713648843915 0.5435106273747022 2432
1713648850687 0.7814333761697563 2433
1713648857462 0.755010825187208 2434
1713648864237 0.7646965234175807 2435
1713648871055 0.6594899321221508 2436
1713648877887 0.8224939732729826 2437
1713648885178 0.774887585622049 2438
1713648892084 0.6491376266035206 2439
1713648898883 0.6952840747899727 2440
1713648905714 0.6263599748773175 2441
1713648912527 0.5415459667681238 2442
1713648919322 0.6210894072353391 2443
1713648926095 0.7653302874337432 2444
1713648933012 0.7357525511881604 2445
1713648939778 0.7762383889552017 2446
1713648947079 0.7730050107972883 2447
1713648953909 0.7572542532993669 2448
1713648960811 0.7095132088572751 2449
1713648972719 0.5127959421469318 2450
1713648979458 0.669740216738005 2451
1713648986474 0.7889306559325215 2452
1713648993364 0.7949550010601605 2453
1713649000280 0.7432906300194083 2454
1713649007578 0.7519880164357775 2455
1713649014434 0.685229652387961 2456
1713649021274 0.5936391405908781 2457
1713649028160 0.626773818469631 2458
1713649035015 0.7651543108156585 2459
1713649041879 0.5687271600508401 2460
1713649048702 0.7432737979001304 2461
1713649055509 0.6877066169732374 2462
1713649062391 0.6886346341976578 2463
1713649069638 0.78127034251914 2464
1713649076551 0.5775731664946745 2465
1713649083412 0.7686244766494871 2466
1713649090251 0.6502478612705475 2467
1713649097169 0.5973774541480722 2468
1713649104048 0.7045704438811362 2469
1713649111086 0.6797050697124273 2470
1713649117966 0.5520345344606344 2471
1713649124833 0.7802659712061631 2472
1713649132460 0.6593781715845242 2473
1713649139254 0.4745719403252346 2474
1713649146168 0.6069118114403899 2475
1713649153039 0.8110350354459258 2476
1713649159904 0.6117645804035889 2477
1713649166758 0.6771047102414394 2478
1713649173592 0.640163840904491 2479
1713649180480 0.6732404844258707 2480
1713649187254 0.6923877256243748 2481
1713649194620 0.7363972350849479 2482
1713649201526 0.5907081611623077 2483
1713649208443 0.5770171128168978 2484
1713649215296 0.7144263611257254 2485
1713649222114 0.7630148640152475 2486
1713649228877 0.7283060805900525 2487
1713649235728 0.6502302425848996 2488
1713649242575 0.7308240443483272 2489
1713649249759 0.7469358243721049 2490
1713649256762 0.7488209130122001 2491
1713649263593 0.7753685579851541 2492
1713649270401 0.7192757712771876 2493
1713649277264 0.7783577440786633 2494
1713649284167 0.6881238291484675 2495
1713649291057 0.6772771186657187 2496
1713649297906 0.7370075693103225 2497
1713649304762 0.6860520237059025 2498
1713649311862 0.6746232505545535 2499
1713649323708 0.43152180220895414 2500
1713649330575 0.738726407790172 2501
1713649337444 0.8025494296175619 2502
1713649344289 0.7641039682470379 2503
1713649351105 0.7250751032315214 2504
1713649357959 0.6970367199253189 2505
1713649364805 0.6961230273746175 2506
1713649371653 0.7855189519632825 2507
1713649378932 0.7393585883466334 2508
1713649385760 0.645159735859199 2509
1713649392605 0.7033339327322519 2510
1713649399495 0.715683048144361 2511
1713649406424 0.6120181990897813 2512
1713649413278 0.6857463993486378 2513
1713649420063 0.7780442311931586 2514
1713649426862 0.7367568324844254 2515
1713649434102 0.6858272735917517 2516
1713649440985 0.6859332459076839 2517
1713649447777 0.6666355128735848 2518
1713649454648 0.7104091278453049 2519
1713649461599 0.7327445866722468 2520
1713649468475 0.6104477140233879 2521
1713649475227 0.7491031932307348 2522
1713649482055 0.7974924266232948 2523
1713649488876 0.6124176585630041 2524
1713649496415 0.7901310308715606 2525
1713649503192 0.6009674934149727 2526
1713649510019 0.6803114926220998 2527
1713649516857 0.7477882655403812 2528
1713649523721 0.5709367920547608 2529
1713649530531 0.741944474778082 2530
1713649537347 0.7955306100697148 2531
1713649544173 0.5648380009359303 2532
1713649551040 0.7077507137813661 2533
1713649558470 0.7290365752098841 2534
1713649565331 0.741669287305001 2535
1713649572110 0.6830430231935577 2536
1713649578935 0.6664139388825675 2537
1713649585695 0.7923180412489527 2538
1713649592526 0.5837933347509591 2539
1713649599406 0.7689483290309463 2540
1713649606210 0.7303962035801129 2541
1713649612989 0.6798966072022004 2542
1713649620429 0.7039695075110685 2543
1713649627234 0.7360386720455648 2544
1713649634087 0.7074562555163315 2545
1713649640904 0.7997630374498697 2546
1713649647748 0.7997970443463772 2547
1713649654640 0.5547243650058358 2548
1713649661510 0.6623961717160084 2549
1713649673839 0.6512144597671943 2550
1713649681104 0.7907154783500209 2551
1713649688001 0.7767819878178857 2552
1713649694833 0.46768232443973895 2553
1713649701741 0.7541419669863362 2554
1713649708643 0.8164514449514766 2555
1713649715526 0.8074618491691835 2556
1713649722355 0.7324245684430661 2557
1713649729217 0.5030613863216573 2558
1713649736056 0.6354622158465043 2559
1713649743399 0.5955807123046817 2560
1713649750264 0.6432527792379759 2561
1713649757137 0.7860366982756346 2562
1713649764029 0.7585389045206848 2563
1713649770845 0.6238382894785357 2564
1713649777810 0.6788048589413352 2565
1713649784669 0.7900600875154157 2566
1713649791557 0.6514268066531614 2567
1713649798448 0.6626684641488669 2568
1713649805707 0.6802590542247369 2569
1713649812550 0.5548623900490128 2570
1713649819470 0.679305884078355 2571
1713649826338 0.6375343514864208 2572
1713649833249 0.7381256884286368 2573
1713649840267 0.7666180354343012 2574
1713649847164 0.6964225262612042 2575
1713649854013 0.6234516394300553 2576
1713649860870 0.749214896978681 2577
1713649868183 0.7117949590932958 2578
1713649875026 0.715838022381883 2579
1713649881880 0.5559163687505118 2580
1713649888669 0.8074857501058571 2581
1713649895574 0.7323616541139687 2582
1713649902382 0.7354108982816109 2583
1713649909247 0.7282284520172099 2584
1713649916092 0.6169369516389801 2585
1713649922966 0.49640814770948405 2586
1713649930205 0.7177566059632171 2587
1713649936989 0.730122996205242 2588
1713649943808 0.7812182806552943 2589
1713649950625 0.7284413689164008 2590
1713649957532 0.7278183765374528 2591
1713649964450 0.6468218370525467 2592
1713649971257 0.5641068430560539 2593
1713649978120 0.608444818209207 2594
1713649984890 0.7319590409547394 2595
1713649992195 0.6828322060837203 2596
1713649999034 0.7739998070505549 2597
1713650005847 0.6289340280777872 2598
1713650012710 0.6561977328813348 2599
1713650024683 0.6689255389150696 2600
1713650031485 0.7194690533135761 2601
1713650038317 0.5018234837950325 2602
1713650045126 0.6981427822737369 2603
1713650052376 0.6000327945613426 2604
1713650059200 0.7707122752216409 2605
1713650066151 0.7799670953217779 2606
1713650073012 0.7514904375087398 2607
1713650079828 0.8331189311387828 2608
1713650086697 0.7195670405385838 2609
1713650093539 0.8084163765781884 2610
1713650100395 0.64227238686922 2611
1713650107191 0.7294812568586171 2612
1713650114489 0.6804427409037921 2613
1713650121259 0.5948041995616997 2614
1713650128058 0.5633983005209022 2615
1713650134876 0.6405620034501877 2616
1713650141688 0.7537917145993359 2617
1713650148576 0.6473128001481658 2618
1713650155397 0.766858057146623 2619
1713650162261 0.6511168217510931 2620
1713650169066 0.5831220842886322 2621
1713650176349 0.700253313786279 2622
1713650183195 0.7451309032107486 2623
1713650190033 0.7469415933369252 2624
1713650196854 0.7357216443987464 2625
1713650203720 0.7100314935346573 2626
1713650210485 0.7101420541739064 2627
1713650217306 0.649609501849982 2628
1713650224180 0.6339178057825053 2629
1713650231051 0.7264549111316227 2630
1713650238351 0.6340046187796478 2631
1713650245289 0.6271217995988476 2632
1713650252159 0.7300693930047544 2633
1713650258973 0.753348234055795 2634
1713650265830 0.5598675630714434 2635
1713650272639 0.6742627884277688 2636
1713650279465 0.7294615732662562 2637
1713650286295 0.6209564049858821 2638
1713650293161 0.7234357169191694 2639
1713650300717 0.5813986467670047 2640
1713650307633 0.7268628050441575 2641
1713650314561 0.8351476245958124 2642
1713650321350 0.6975714708366051 2643
1713650328167 0.7223917614302622 2644
1713650335090 0.7161135400768408 2645
1713650341893 0.5195593860026008 2646
1713650348707 0.626079112004797 2647
1713650355573 0.6078795293305632 2648
1713650362859 0.6887554566079035 2649
1713650374892 0.5384621519952075 2650
1713650381763 0.8110020801588038 2651
1713650388649 0.5796520893866656 2652
1713650395487 0.5986188257330887 2653
1713650402333 0.6985105507034934 2654
1713650409159 0.7908210571394567 2655
1713650415996 0.6666640136565949 2656
1713650423220 0.7367691265921411 2657
1713650430089 0.6653123356459502 2658
1713650436962 0.7399201494301022 2659
1713650443763 0.7976564971146409 2660
1713650450569 0.7608971398709833 2661
1713650457457 0.6673048281900241 2662
1713650464285 0.7137342192508948 2663
1713650471139 0.7097952481481925 2664
1713650478018 0.7627277444037435 2665
1713650485288 0.644731569815523 2666
1713650492160 0.5435470941906941 2667
1713650498946 0.7669451167993748 2668
1713650505783 0.7732045227918286 2669
1713650512587 0.7177735362522356 2670
1713650519396 0.7560728695864546 2671
1713650526212 0.814596962212902 2672
1713650533105 0.6671341953509641 2673
1713650539969 0.8165023944281068 2674
1713650547224 0.7976348284161072 2675
1713650559139 0.7128269313596919 2676
1713650565971 0.794905770570834 2677
1713650577945 0.6720146450943454 2678
1713650584789 0.6350736738545564 2679
1713650591649 0.7217201889676695 2680
1713650598479 0.6163598350915687 2681
1713650605289 0.6704418117822356 2682
1713650612524 0.784649245478866 2683
1713650619395 0.7860401009157165 2684
1713650626252 0.7372180707762154 2685
1713650633049 0.6299559597330432 2686
1713650639853 0.7284509612991292 2687
1713650646671 0.7461875251688291 2688
1713650653537 0.6954897490999563 2689
1713650660581 0.7012214831833918 2690
1713650667441 0.6834428434399891 2691
1713650674801 0.7655449839828828 2692
1713650681649 0.7065427565303148 2693
1713650688561 0.5956208425670948 2694
1713650695446 0.7150991892639618 2695
1713650702279 0.6479183953105222 2696
1713650709076 0.4879801503590293 2697
1713650715924 0.6917113932789509 2698
1713650722808 0.7618823896512712 2699
1713650734847 0.7580199026403379 2700
1713650742138 0.641662890159614 2701
1713650749054 0.7068850806962826 2702
1713650755909 0.7392857988892337 2703
1713650762835 0.7941125818423036 2704
1713650769685 0.6723328552334373 2705
1713650776528 0.5805084452692136 2706
1713650783350 0.5830877497868119 2707
1713650790180 0.7543323564315821 2708
1713650797505 0.6813506655365391 2709
1713650804330 0.7309843013879491 2710
1713650811304 0.7524498156423175 2711
1713650818394 0.696805722772176 2712
1713650825230 0.7085105645104235 2713
1713650832030 0.6007449331306675 2714
1713650838874 0.6338606143553591 2715
1713650845775 0.7775565969335674 2716
1713650852590 0.8084668778175319 2717
1713650859981 0.5947259665587518 2718
1713650866811 0.6495255558395059 2719
1713650873653 0.7859737264358255 2720
1713650880437 0.6778449170009971 2721
1713650887309 0.750228021219148 2722
1713650894259 0.7478767585496661 2723
1713650901185 0.6732213722597342 2724
1713650908060 0.7166795306596552 2725
1713650914933 0.7047481438397099 2726
1713650922217 0.7083128875160796 2727
1713650929072 0.8411705219584682 2728
1713650935947 0.7218700527445652 2729
1713650942805 0.6946531939619182 2730
1713650949717 0.6570582400924815 2731
1713650956629 0.7397875404816776 2732
1713650963506 0.6658681884033135 2733
1713650970369 0.7060808613870255 2734
1713650977254 0.6759864387687008 2735
1713650984538 0.7164339396689995 2736
1713650991387 0.7251905860596999 2737
1713650998235 0.5900692040204687 2738
1713651005039 0.7162921164511443 2739
1713651011875 0.7407522610442634 2740
1713651018701 0.7015091824947798 2741
1713651025619 0.6998412662808611 2742
1713651032447 0.6227650069090552 2743
1713651039274 0.7526755755783434 2744
1713651046587 0.7322882597719205 2745
1713651053513 0.6455214707282829 2746
1713651060405 0.7649086949228923 2747
1713651067328 0.7701082146537431 2748
1713651074146 0.7134029685533947 2749
1713651086082 0.7705203118004077 2750
1713651092975 0.6825171030621882 2751
1713651099823 0.7442530062002869 2752
1713651106634 0.6918042258151842 2753
1713651114117 0.7380669634368091 2754
1713651120973 0.5862270852858851 2755
1713651127775 0.7690182181837257 2756
1713651134589 0.8422804594166755 2757
1713651141478 0.6466210113158031 2758
1713651148336 0.7384222561597128 2759
1713651155167 0.6538820845929649 2760
1713651162081 0.7238819760795002 2761
1713651168975 0.8010708476636572 2762
1713651176311 0.5481500182188929 2763
1713651183154 0.7806573436939346 2764
1713651189974 0.7143682079335301 2765
1713651196812 0.7486963125800354 2766
1713651203688 0.8157580797859135 2767
1713651210505 0.7492387088201979 2768
1713651217419 0.6834742274092379 2769
1713651224287 0.7695430337702196 2770
1713651231142 0.7111953201609873 2771
1713651238614 0.573763377379106 2772
1713651245471 0.6961020921928606 2773
1713651252384 0.7849950424696279 2774
1713651259194 0.7573749543587243 2775
1713651266066 0.644459132761193 2776
1713651272917 0.6840217351234259 2777
1713651279739 0.7393190829491593 2778
1713651286569 0.5934528120781477 2779
1713651293386 0.7158858174650757 2780
1713651300681 0.7571071072386057 2781
1713651307556 0.5967835385068168 2782
1713651314541 0.6170973289467464 2783
1713651321344 0.6529795084251204 2784
1713651328204 0.7400546169395971 2785
1713651335084 0.8151511228287693 2786
1713651342024 0.6561646431939931 2787
1713651348833 0.7646650582398791 2788
1713651356053 0.8246035924477163 2789
1713651362868 0.728136798771253 2790
1713651369683 0.6968066252774926 2791
1713651376561 0.648643181432062 2792
1713651383423 0.6520092169633731 2793
1713651390285 0.7367482243481208 2794
1713651397128 0.6147936357173381 2795
1713651403978 0.5235312905616 2796
1713651410787 0.7964074811200573 2797
1713651418091 0.768674869264471 2798
1713651425015 0.6507504608029695 2799
1713651437195 0.5979388757884373 2800
1713651444071 0.7467032543776659 2801
1713651450898 0.6838017275076422 2802
1713651457773 0.8099873206687233 2803
1713651464687 0.781821444706011 2804
1713651471530 0.6477982563774908 2805
1713651478808 0.7085712432908241 2806
1713651485709 0.7511552257792136 2807
1713651492609 0.783417453060632 2808
1713651499474 0.7212724055522586 2809
1713651506341 0.7054963318500383 2810
1713651513266 0.7879923594925522 2811
1713651520144 0.7416534470571826 2812
1713651527009 0.6132468820425416 2813
1713651533856 0.7403135593065667 2814
1713651541150 0.8154002746962742 2815
1713651547984 0.6330391382955428 2816
1713651554911 0.7869792122779076 2817
1713651561824 0.7338874521357054 2818
1713651568678 0.6201029549389729 2819
1713651575571 0.6904529387762017 2820
1713651582465 0.6837699849774977 2821
1713651589298 0.4812482871578811 2822
1713651596163 0.5467857929574952 2823
1713651603442 0.734657238603905 2824
1713651610314 0.6401642838848528 2825
1713651617182 0.7284558167719001 2826
1713651624052 0.6677610568538802 2827
1713651630953 0.6292389524392507 2828
1713651637820 0.6738076814849973 2829
1713651644722 0.6513399477747246 2830
1713651651602 0.8149061214989051 2831
1713651658504 0.5623123609548822 2832
1713651665745 0.6177741190289873 2833
1713651672659 0.7252590158136468 2834
1713651679518 0.6621705622890133 2835
1713651686374 0.6809255165020053 2836
1713651693280 0.6218253980095689 2837
1713651700149 0.5023411414684533 2838
1713651706979 0.6897867525706658 2839
1713651713944 0.7150065013245931 2840
1713651720849 0.6343423197842459 2841
1713651728264 0.6626580463185312 2842
1713651735160 0.6702330205509133 2843
1713651742097 0.72110396636169 2844
1713651748916 0.7455736235559817 2845
1713651755784 0.7774013520011545 2846
1713651762658 0.48536582625893776 2847
1713651769513 0.5999627918449305 2848
1713651776371 0.7729536745903431 2849
1713651788638 0.7746501927584356 2850
1713651795527 0.6902625098828946 2851
1713651802453 0.797533695157023 2852
1713651809339 0.6683676097930077 2853
1713651816172 0.798422586491382 2854
1713651823111 0.6710171344756894 2855
1713651830045 0.6908400635804164 2856
1713651836903 0.7629383407381984 2857
1713651843756 0.7353684293069465 2858
1713651851044 0.7128007966641479 2859
1713651857930 0.7326620418310061 2860
1713651864871 0.8131484241310996 2861
1713651871770 0.7928795324685858 2862
1713651878725 0.6550988850887032 2863
1713651885656 0.6677686559625963 2864
1713651892505 0.7882834735614779 2865
1713651899554 0.7309808475777827 2866
1713651906481 0.8042440306011513 2867
1713651913902 0.5222766983541849 2868
1713651920922 0.6885797167527998 2869
1713651927813 0.7550686431319629 2870
1713651934781 0.7086875448286585 2871
1713651941819 0.725258360041021 2872
1713651948760 0.8254423583605964 2873
1713651955708 0.7750553308228232 2874
1713651962703 0.35274183227379174 2875
1713651969668 0.5947982792469054 2876
1713651977099 0.5985185259743736 2877
1713651984035 0.6625670322597208 2878
1713651990955 0.6924442924913462 2879
1713651997831 0.7346184170468082 2880
1713652004798 0.8014374280825224 2881
1713652011748 0.36110816069038454 2882
1713652018685 0.6332330998992315 2883
1713652025575 0.7872630553784984 2884
1713652032855 0.7390114486089916 2885
1713652039808 0.7872264447250836 2886
1713652046739 0.8320408748199353 2887
1713652053716 0.6779843325129562 2888
1713652060628 0.664178700034859 2889
1713652067500 0.7706063226465474 2890
1713652074449 0.8367465863291706 2891
1713652081439 0.7890601335397475 2892
1713652088303 0.7864513580056294 2893
1713652095649 0.767312381396763 2894
1713652102557 0.6236028272282937 2895
1713652109528 0.7548793294124317 2896
1713652116388 0.5803818818299408 2897
1713652123288 0.7575445215888019 2898
1713652130216 0.6543546670764244 2899
1713652142254 0.715504783141574 2900
1713652149262 0.6393082853361048 2901
1713652156596 0.8121242364346295 2902
1713652163476 0.7538889374670228 2903
1713652170401 0.6362675887489045 2904
1713652177334 0.7847644911821594 2905
1713652184223 0.8030405960229927 2906
1713652191129 0.7240859899458023 2907
1713652198082 0.6775152226326795 2908
1713652205043 0.7127450279863715 2909
1713652211958 0.8020444351196626 2910
1713652219383 0.7672228295315163 2911
1713652226575 0.6084949761265804 2912
1713652233581 0.7788207438710953 2913
1713652240543 0.7296501351456779 2914
1713652247496 0.5589526401294456 2915
1713652254427 0.6856712754165498 2916
1713652261399 0.5879657091223955 2917
1713652268305 0.6754659196998082 2918
1713652275216 0.725541184017673 2919
1713652282621 0.7532875895098575 2920
1713652289628 0.7686365457625739 2921
1713652296567 0.7622605203494139 2922
1713652303472 0.7427048259811672 2923
1713652310411 0.5857306768362827 2924
1713652317512 0.7013304143586141 2925
1713652324523 0.6540526701516782 2926
1713652331426 0.6186284707632013 2927
1713652338777 0.699851244161724 2928
1713652345626 0.616516874853519 2929
1713652352558 0.7056618070571611 2930
1713652359569 0.6404577567123895 2931
1713652366455 0.759944278837329 2932
1713652373336 0.7206713777752431 2933
1713652380213 0.6823933388919201 2934
1713652387143 0.6045320482582549 2935
1713652394072 0.7417988493358353 2936
1713652401593 0.4775795267803241 2937
1713652408543 0.6775615196644839 2938
1713652415448 0.6207450417666339 2939
1713652422402 0.654743077201309 2940
1713652429343 0.5695281557059091 2941
1713652436242 0.6744786420917784 2942
1713652443153 0.661714025070428 2943
1713652450062 0.6235714513156927 2944
1713652457390 0.7349015887340152 2945
1713652464266 0.6916954256218071 2946
1713652471189 0.6691293630637024 2947
1713652478104 0.5505996580139346 2948
1713652485030 0.7303278834223131 2949
1713652497280 0.6284131201690483 2950
1713652504177 0.6593002779667726 2951
1713652511089 0.7376555966792341 2952
1713652518395 0.6216935503966072 2953
1713652525258 0.7880359672336561 2954
1713652532224 0.6494410658567579 2955
1713652539147 0.7988182480080961 2956
1713652546096 0.7918078909134351 2957
1713652553039 0.5956085228421776 2958
1713652559981 0.7670633933180372 2959
1713652566992 0.830651948659177 2960
1713652573920 0.6473637809030784 2961
1713652581276 0.6862763838740075 2962
1713652588130 0.6676409994135942 2963
1713652594992 0.784424749672865 2964
1713652601884 0.6220961508846733 2965
1713652608788 0.7391878312361259 2966
1713652615667 0.7356493044346251 2967
1713652622633 0.7878120601151225 2968
1713652629531 0.7819160025233173 2969
1713652636428 0.7582769605026716 2970
1713652644039 0.7407987265855448 2971
1713652651013 0.6831641090705497 2972
1713652657939 0.5998773599727472 2973
1713652664794 0.7242019733840013 2974
1713652671713 0.5855121208967167 2975
1713652678594 0.7625156332113361 2976
1713652685520 0.6910856900980957 2977
1713652692443 0.7421370448596534 2978
1713652699966 0.7771594415131238 2979
1713652706869 0.6790718462189508 2980
1713652713792 0.6265274692973676 2981
1713652720726 0.7757394675972242 2982
1713652727755 0.6716481645533848 2983
1713652734805 0.6560675996652071 2984
1713652741823 0.7048070115425145 2985
1713652748782 0.727018767352262 2986
1713652755759 0.7497017227752174 2987
1713652763329 0.7848035311622863 2988
1713652770354 0.8145284916371155 2989
1713652777435 0.7846369000242213 2990
1713652784451 0.705358050797916 2991
1713652791433 0.7645654517686468 2992
1713652798489 0.7462427918337828 2993
1713652805500 0.7389896897621189 2994
1713652812398 0.7893385067814601 2995
1713652825116 0.5620130181303806 2996
1713652831996 0.8025524149047994 2997
1713652838992 0.6473823716159532 2998
1713652845936 0.6407906766021387 2999
1713652858087 0.4857292933076645 3000
1713652865100 0.6772288325585666 3001
1713652872078 0.7317689235890981 3002
1713652879166 0.7032493311463427 3003
1713652886111 0.6740685268551339 3004
1713652893474 0.6258383439133302 3005
1713652900377 0.6761990556683549 3006
1713652907246 0.7439961876757517 3007
1713652914234 0.815963396279371 3008
1713652921157 0.7645896381175625 3009
1713652928088 0.7756511053283041 3010
1713652935038 0.7160979949180218 3011
1713652942032 0.7332160377397651 3012
1713652949643 0.6660374634382953 3013
1713652956535 0.6382115996569154 3014
1713652963455 0.7392034854568728 3015
1713652970333 0.5836736932632071 3016
1713652977178 0.6442453205541921 3017
1713652984184 0.7031025590677054 3018
1713652991126 0.7407101176153312 3019
1713652998040 0.718364006466216 3020
1713653005058 0.7745139415144137 3021
1713653012025 0.6730418640632532 3022
1713653019454 0.7562373580667927 3023
1713653026435 0.6853341135947796 3024
1713653033496 0.6253593780315926 3025
1713653040449 0.761334967626949 3026
1713653047444 0.7036912096002494 3027
1713653054356 0.6976107028192684 3028
1713653061332 0.76117419719551 3029
1713653068291 0.3803484342120582 3030
1713653075614 0.6516192454827194 3031
1713653082493 0.7843667173541419 3032
1713653089466 0.8113800353139132 3033
1713653096373 0.7301123676991159 3034
1713653103302 0.6282784963191769 3035
1713653110242 0.424670103412585 3036
1713653117193 0.733489729524443 3037
1713653124065 0.4592509711047176 3038
1713653131006 0.7462423789391874 3039
1713653138371 0.7886374903546097 3040
1713653145259 0.6831390038576362 3041
1713653152187 0.6755316408589588 3042
1713653159061 0.7343944391419566 3043
1713653165984 0.6873978046201936 3044
1713653172846 0.6978396611066563 3045
1713653179745 0.7968247997261048 3046
1713653186763 0.7036835920922866 3047
1713653193722 0.7168707825756073 3048
1713653201092 0.8228658160746953 3049
1713653213129 0.6939565579841391 3050
1713653220020 0.7757282554445589 3051
1713653226937 0.6765810412057532 3052
1713653233799 0.7111315467721326 3053
1713653240739 0.7451699607778356 3054
1713653247638 0.7141371275353673 3055
1713653254530 0.6595239255501811 3056
1713653261892 0.7624765372176623 3057
1713653268831 0.7368494520442687 3058
1713653275728 0.7381871189979952 3059
1713653282598 0.7602729610452361 3060
1713653289513 0.6695956890459199 3061
1713653296477 0.7015549323358018 3062
1713653303423 0.7643172511038296 3063
1713653310350 0.7760296999807311 3064
1713653317609 0.7513005603351675 3065
1713653324475 0.7351274220822144 3066
1713653331375 0.6396210489364796 3067
1713653338275 0.6789020511288797 3068
1713653345293 0.6507162061179081 3069
1713653352176 0.7002579971915022 3070
1713653359094 0.7569390064016732 3071
1713653365939 0.6582667335605739 3072
1713653372894 0.43547793560126213 3073
1713653380189 0.8171927725670721 3074
1713653387133 0.770247638710589 3075
1713653394057 0.731700909528279 3076
1713653400922 0.6205893684441263 3077
1713653407800 0.5874561037320929 3078
1713653414730 0.7629149288800554 3079
1713653421614 0.5691058374505817 3080
1713653428586 0.7476118529960203 3081
1713653435490 0.7881245291446108 3082
1713653442863 0.7359711537663348 3083
1713653449816 0.5376825969416771 3084
1713653456780 0.7490265936697221 3085
1713653463705 0.7044247822254806 3086
1713653470584 0.8222180245706261 3087
1713653477559 0.532309886486188 3088
1713653484436 0.7712964329590617 3089
1713653491347 0.5919894574851845 3090
1713653498730 0.76566237550189 3091
1713653505620 0.7402528608082322 3092
1713653512501 0.7372705312557551 3093
1713653519377 0.648087457310907 3094
1713653526292 0.7888103040416178 3095
1713653533113 0.7757435267112647 3096
1713653540021 0.6828131306625826 3097
1713653546963 0.6647951259762047 3098
1713653553910 0.4788818217078028 3099
1713653566450 0.6594180776972463 3100
1713653573353 0.7529261108940386 3101
1713653580255 0.7426804368158797 3102
1713653587193 0.820770736647613 3103
1713653594112 0.7102681392257097 3104
1713653601025 0.7483040646272288 3105
1713653607951 0.793187901856226 3106
1713653614920 0.565520356987069 3107
1713653621847 0.7034091158466899 3108
1713653629160 0.6335770106706293 3109
1713653636073 0.6059260794972106 3110
1713653642899 0.7744080741614121 3111
1713653649904 0.7600904222703521 3112
1713653656865 0.813155423377075 3113
1713653663754 0.7661823958386973 3114
1713653670666 0.8000166353429405 3115
1713653677586 0.46318600834223 3116
1713653684514 0.7516139979514315 3117
1713653691860 0.7060546944157144 3118
1713653698726 0.751975267642955 3119
1713653705601 0.7206112194309852 3120
1713653712467 0.655523947313886 3121
1713653719428 0.8032292195137793 3122
1713653726393 0.8254871634904449 3123
1713653733308 0.6919095191394268 3124
1713653740224 0.7476706094793683 3125
1713653747564 0.7901847466919752 3126
1713653754526 0.5904661504774875 3127
1713653761445 0.6851148379884615 3128
1713653768373 0.8093151935344925 3129
1713653775325 0.6648139888468734 3130
1713653782282 0.7947292874095115 3131
1713653789193 0.6550348045197646 3132
1713653796063 0.6760463266091545 3133
1713653803083 0.6908279077099141 3134
1713653810422 0.7460852326114685 3135
1713653817424 0.689650275331865 3136
1713653824295 0.7975526714030632 3137
1713653831246 0.6089166959980588 3138
1713653838112 0.6509354381897234 3139
1713653845024 0.6570711194600978 3140
1713653851974 0.7245762041985052 3141
1713653858906 0.7124128926422657 3142
1713653866127 0.7093738111939096 3143
1713653872943 0.7408706435525689 3144
1713653879810 0.7368803437816678 3145
1713653886759 0.6443957719762831 3146
1713653893659 0.7245924658570205 3147
1713653900603 0.5913016787075004 3148
1713653907549 0.7662374208533063 3149
1713653919584 0.6782008642702014 3150
1713653926763 0.673377534704826 3151
1713653933647 0.6632683884159091 3152
1713653940501 0.5998282730633004 3153
1713653947361 0.630907869122005 3154
1713653954196 0.7712603603996674 3155
1713653961015 0.7516297579031213 3156
1713653967912 0.709707025147434 3157
1713653974772 0.6344881778761154 3158
1713653981624 0.6994156870853534 3159
1713653988920 0.7101523176390423 3160
1713653995793 0.7879267213383275 3161
1713654002689 0.8011186489748455 3162
1713654009562 0.7461216713382145 3163
1713654016470 0.5776540278491848 3164
1713654023337 0.7578284967692075 3165
1713654030211 0.68275211743797 3166
1713654037117 0.7995212951410705 3167
1713654043976 0.8200451386402876 3168
1713654051277 0.6565210339546099 3169
1713654058186 0.7134253818645884 3170
1713654065073 0.7032056170518399 3171
1713654071940 0.6406764923792435 3172
1713654078779 0.7883093502215737 3173
1713654085642 0.7994473034167255 3174
1713654092638 0.7940844892146683 3175
1713654099565 0.6068290035753762 3176
1713654106479 0.7768266380277953 3177
1713654113821 0.8393590345455982 3178
1713654120692 0.7706998995547225 3179
1713654127536 0.7793603267390635 3180
1713654139804 0.7531005043457342 3181
1713654151909 0.6417376134334661 3182
1713654158837 0.7713002110888302 3183
1713654165752 0.8090486890969549 3184
1713654178249 0.8119299033457534 3185
1713654190189 0.7311379618086585 3186
1713654197067 0.7007802149392132 3187
1713654203971 0.7448205669540501 3188
1713654210892 0.5351450218840057 3189
1713654217780 0.6795911590855771 3190
1713654224680 0.6746419658799193 3191
1713654231607 0.7562758474195239 3192
1713654238949 0.7744348857349396 3193
1713654245838 0.6979055339615627 3194
1713654252712 0.7331852444812605 3195
1713654259640 0.7345586488783493 3196
1713654266534 0.7893806459093846 3197
1713654273430 0.741854111040486 3198
1713654280351 0.7458949238948627 3199
1713654292729 0.6784754213913978 3200
1713654299660 0.7559830788468468 3201
1713654306637 0.8284017998480451 3202
1713654313476 0.786054293674088 3203
1713654320426 0.5758137034872429 3204
1713654327280 0.7167484714192681 3205
1713654334164 0.7758817147951093 3206
1713654341034 0.5634367568263895 3207
1713654347964 0.6803126922883581 3208
1713654355283 0.6987305626780559 3209
1713654362188 0.745853008071135 3210
1713654369128 0.6688241032883234 3211
1713654376021 0.777445884492542 3212
1713654382935 0.682467097760106 3213
1713654389823 0.6690676675367686 3214
1713654396833 0.48028920926465485 3215
1713654403813 0.8360042748157983 3216
1713654410777 0.7176860093335443 3217
1713654418066 0.7467897479995648 3218
1713654424941 0.8066203404973036 3219
1713654431824 0.7913464807191273 3220
1713654438790 0.780092737168077 3221
1713654445743 0.7753047260409769 3222
1713654452692 0.7439668028386505 3223
1713654459650 0.7430990177033586 3224
1713654466576 0.7941255284509163 3225
1713654473918 0.7732835227585263 3226
1713654480833 0.6471867791162247 3227
1713654487752 0.7593298001902224 3228
1713654494724 0.7956692033179907 3229
1713654501688 0.7770196218115459 3230
1713654508668 0.7588400665581433 3231
1713654515548 0.716518763958084 3232
1713654522455 0.7966010271053031 3233
1713654529293 0.7499935308336956 3234
1713654536619 0.6162108027595641 3235
1713654543524 0.7782019482736751 3236
1713654550392 0.621666858219197 3237
1713654557250 0.6126990344346874 3238
1713654564266 0.6604547872756092 3239
1713654571186 0.7913169883752283 3240
1713654578094 0.8031538405045044 3241
1713654585017 0.6246949395319135 3242
1713654591940 0.8271012055770535 3243
1713654599231 0.7121396539646513 3244
1713654606132 0.5428463570322898 3245
1713654612987 0.8348763465481318 3246
1713654619886 0.8162750121870948 3247
1713654626772 0.7951097127105929 3248
1713654633695 0.6882150209504452 3249
1713654645880 0.6780930188833069 3250
1713654653218 0.6739323238319694 3251
1713654660078 0.6397225589614675 3252
1713654666996 0.771919583993231 3253
1713654673917 0.6513196388671638 3254
1713654680778 0.7232407076357048 3255
1713654687680 0.7494401723540064 3256
1713654694538 0.8140149487245836 3257
1713654701459 0.7388137497758183 3258
1713654708471 0.6615380530301775 3259
1713654715782 0.7132782729897319 3260
1713654722693 0.6187251320130007 3261
1713654729683 0.584064809818379 3262
1713654736665 0.7831270812015159 3263
1713654743551 0.7412321724728179 3264
1713654750506 0.8005801033806879 3265
1713654757462 0.7350679421452134 3266
1713654764365 0.773991052425086 3267
1713654771263 0.6377668555237059 3268
1713654778698 0.810514288395906 3269
1713654785643 0.5813149374981021 3270
1713654792603 0.7221638644839069 3271
1713654799634 0.692702377355669 3272
1713654806510 0.724492746826798 3273
1713654813453 0.7465256491573294 3274
1713654820359 0.8469717679246451 3275
1713654827234 0.8090152602149099 3276
1713654834112 0.6855225058308243 3277
1713654841544 0.7438787117738261 3278
1713654848537 0.7257450584700675 3279
1713654855471 0.7330988868413826 3280
1713654862400 0.8252993429734664 3281
1713654869322 0.8086957506780207 3282
1713654876285 0.7959326806749327 3283
1713654888600 0.6286269999029354 3284
1713654895624 0.7394744921404369 3285
1713654903024 0.7472312915449915 3286
1713654909935 0.7369813056553179 3287
1713654916801 0.799498893945018 3288
1713654923770 0.7213057509656475 3289
1713654930673 0.6950171872669093 3290
1713654937636 0.6972200868070051 3291
1713654944648 0.6985665059759759 3292
1713654951632 0.6332103589271433 3293
1713654958804 0.7613898755736381 3294
1713654965699 0.6463621483946919 3295
1713654972659 0.6494839404098092 3296
1713654979576 0.6347795032390746 3297
1713654986472 0.7456566598652926 3298
1713654993400 0.6532474798127919 3299
1713655005709 0.6731887313131859 3300
1713655012645 0.7304750196091656 3301
1713655019558 0.7817182869735042 3302
1713655026868 0.6617202466841181 3303
1713655033730 0.7999962153245689 3304
1713655040662 0.7604250999367108 3305
1713655047560 0.7740138430762863 3306
1713655054450 0.8165886695931636 3307
1713655061329 0.7497651702167116 3308
1713655068473 0.7031127801477387 3309
1713655075357 0.6816991961993372 3310
1713655082655 0.5937339621863967 3311
1713655089583 0.7532136440661437 3312
1713655096545 0.7352781377311668 3313
1713655103474 0.7073760818516729 3314
1713655110339 0.7909237853899678 3315
1713655117242 0.761735957031296 3316
1713655124092 0.5201675763326274 3317
1713655130990 0.7515863824843604 3318
1713655137857 0.7264242892394791 3319
1713655145132 0.669505741798806 3320
1713655152068 0.8036210259286354 3321
1713655158964 0.7584436711615031 3322
1713655165910 0.7219467612674179 3323
1713655172824 0.7355144498879957 3324
1713655179741 0.740267212896511 3325
1713655186706 0.6551885036472213 3326
1713655193640 0.6967475562990297 3327
1713655200928 0.7320727246115994 3328
1713655207825 0.5410294232374497 3329
1713655214758 0.4910087336352739 3330
1713655221636 0.7865546742693537 3331
1713655228501 0.7404346116931593 3332
1713655235355 0.7057658429615775 3333
1713655242217 0.6985517606861483 3334
1713655249182 0.7626836125128265 3335
1713655256138 0.7347422664473233 3336
1713655263482 0.7098052349838366 3337
1713655270401 0.7845436464664334 3338
1713655277409 0.7677903358350436 3339
1713655284419 0.7925610060194059 3340
1713655291375 0.8280522947029851 3341
1713655298332 0.6571742890319704 3342
1713655305280 0.5466809256617329 3343
1713655312254 0.7914495483035798 3344
1713655319174 0.756559761096253 3345
1713655326550 0.6702896776797741 3346
1713655333470 0.623691197886769 3347
1713655340435 0.6555251916729307 3348
1713655347326 0.6840371651099152 3349
1713655359609 0.782619836843451 3350
1713655366588 0.7210213557378027 3351
1713655373556 0.7403898758682768 3352
1713655380664 0.621414100421481 3353
1713655388059 0.7325588173545393 3354
1713655395046 0.7551575430005718 3355
1713655402022 0.7478467787484937 3356
1713655408960 0.7256987696867103 3357
1713655415986 0.5970297872624042 3358
1713655422869 0.8335124514304011 3359
1713655429810 0.8215230953360305 3360
1713655436750 0.6424619336850579 3361
1713655443673 0.7401063523176178 3362
1713655451072 0.5976632582649424 3363
1713655458061 0.38555510061564885 3364
1713655465015 0.7869448325806814 3365
1713655471968 0.5768938610744384 3366
1713655478894 0.7786573382681621 3367
1713655485844 0.8177007928950769 3368
1713655492780 0.7490906601197618 3369
1713655499693 0.6585529135187235 3370
1713655507017 0.7704648412449462 3371
1713655513953 0.6797957023225447 3372
1713655520881 0.7225090500908793 3373
1713655527792 0.8297744289345471 3374
1713655534704 0.7730236378305478 3375
1713655541620 0.8039684456009926 3376
1713655548597 0.817656978561505 3377
1713655555566 0.6614783658379166 3378
1713655562604 0.7088336305314384 3379
1713655570047 0.4944987177072685 3380
1713655577043 0.7408852716502111 3381
1713655584008 0.794460465110779 3382
1713655590934 0.6426417620124287 3383
1713655597824 0.500073491364965 3384
1713655604700 0.7233687715878503 3385
1713655611675 0.7441369617985178 3386
1713655618656 0.6985878193532609 3387
1713655626058 0.7471921526875591 3388
1713655633087 0.5617019209801442 3389
1713655640258 0.7535670241204997 3390
1713655647327 0.8003891192707082 3391
1713655654388 0.8006533018905777 3392
1713655661309 0.7693341406934303 3393
1713655668217 0.6837629089238421 3394
1713655675132 0.819400409236664 3395
1713655682150 0.7405045999229771 3396
1713655689578 0.6571277146915379 3397
1713655696526 0.7092059845375276 3398
1713655703517 0.7974398596908258 3399
1713655715933 0.6310631754074909 3400
1713655722985 0.7782348850574935 3401
1713655729946 0.7689516372531868 3402
1713655736939 0.5406263649084655 3403
1713655743949 0.5840427958545173 3404
1713655751481 0.7506893308555576 3405
1713655758433 0.7816092210338808 3406
1713655765405 0.7416856220696546 3407
1713655772338 0.814863086956264 3408
1713655779248 0.668000223061502 3409
1713655786264 0.8063532152505394 3410
1713655793189 0.8005433063119062 3411
1713655800152 0.6375788354588889 3412
1713655807561 0.6646200977465839 3413
1713655814489 0.7451547357181152 3414
1713655821432 0.7086446950044233 3415
1713655828414 0.8018859651397601 3416
1713655835308 0.7625351736503709 3417
1713655842279 0.6668884523094025 3418
1713655849251 0.798029559609551 3419
1713655856257 0.7705350606056226 3420
1713655863177 0.6669412758068518 3421
1713655870537 0.7661088921434318 3422
1713655877513 0.7011028369502927 3423
1713655884551 0.7662967512597619 3424
1713655891469 0.778936225580421 3425
1713655898452 0.8323863645804068 3426
1713655905425 0.742483709590914 3427
1713655912437 0.6701918200930256 3428
1713655919400 0.7881216193569364 3429
1713655926429 0.8098261222283276 3430
1713655933770 0.6769884259611259 3431
1713655940753 0.7981329791989886 3432
1713655947774 0.7757457719988626 3433
1713655954775 0.7987313616678697 3434
1713655967071 0.6380283935616406 3435
1713655973947 0.7250714740489566 3436
1713655980869 0.7648374581748296 3437
1713655987797 0.7178738622661729 3438
1713655995197 0.7913083473241725 3439
1713656002225 0.76657454840306 3440
1713656009141 0.7270995942006112 3441
1713656016206 0.69766503287253 3442
1713656023207 0.711203068201133 3443
1713656030353 0.8038704477379356 3444
1713656037385 0.7211692062104709 3445
1713656044321 0.6916073399563771 3446
1713656051262 0.761687339303928 3447
1713656058655 0.6232851555480485 3448
1713656065621 0.7853483472581383 3449
1713656077894 0.7296546407205337 3450
1713656084915 0.8335902810293881 3451
1713656091823 0.7423771879744382 3452
1713656098829 0.8127048506658083 3453
1713656105784 0.7152056035881235 3454
1713656113207 0.739860642127507 3455
1713656120217 0.7897313647202036 3456
1713656127193 0.7380042918976131 3457
1713656134159 0.737647020167794 3458
1713656141164 0.779457133159309 3459
1713656148105 0.6456102939534293 3460
1713656155056 0.6407247830393905 3461
1713656162016 0.7496144318144887 3462
1713656169033 0.7355707256997165 3463
1713656176457 0.7642119493840472 3464
1713656183376 0.6969292496322825 3465
1713656190367 0.6840661397873892 3466
1713656197310 0.7927729904225218 3467
1713656204335 0.7947933232324457 3468
1713656211246 0.7348609427547168 3469
1713656218236 0.6298409958801555 3470
1713656225160 0.5577422673410369 3471
1713656232621 0.8346995035766499 3472
1713656239543 0.8037234519879284 3473
1713656246540 0.6832617498152835 3474
1713656253560 0.7115201751554389 3475
1713656260590 0.6456751709836814 3476
1713656267615 0.7722650675740591 3477
1713656274557 0.7797111986266578 3478
1713656281551 0.5877435497764828 3479
1713656288551 0.7925002604935751 3480
1713656295971 0.6675802780160587 3481
1713656302870 0.4324999393578338 3482
1713656309868 0.8091693827249636 3483
1713656316798 0.7677306368182618 3484
1713656323823 0.7288232172630367 3485
1713656330892 0.6745111719034933 3486
1713656337937 0.8176076392748873 3487
1713656344923 0.8035293748163235 3488
1713656351953 0.6859275142818568 3489
1713656359421 0.7185631807580266 3490
1713656366434 0.7570841618335405 3491
1713656373451 0.7462980161911114 3492
1713656380418 0.7664950020157076 3493
1713656387401 0.8049463700546836 3494
1713656394329 0.7232978245551356 3495
1713656401363 0.726581690770193 3496
1713656408332 0.7208212039006887 3497
1713656415258 0.7657296994507103 3498
1713656422813 0.5946851793848722 3499
1713656435140 0.7077880684908732 3500
1713656442093 0.7194240746559065 3501
1713656449494 0.6978115920647434 3502
1713656456525 0.6756982193264309 3503
1713656463430 0.6540770316885534 3504
1713656470404 0.5467757441390626 3505
1713656477314 0.7377758637015218 3506
1713656484758 0.7190753091355163 3507
1713656491762 0.6850740102330121 3508
1713656498747 0.8239747146319102 3509
1713656505782 0.7727086320333465 3510
1713656512704 0.6649644112728388 3511
1713656519603 0.7296646409255902 3512
1713656526572 0.6671105254467632 3513
1713656533572 0.659253193978462 3514
1713656540488 0.6874415509950034 3515
1713656547920 0.8034585629994229 3516
1713656554903 0.5961655653375071 3517
1713656561876 0.6606426948981778 3518
1713656568855 0.818420844278446 3519
1713656575883 0.6096360629547544 3520
1713656582877 0.8086852023022467 3521
1713656589826 0.7278063100495663 3522
1713656596723 0.5637541169242496 3523
1713656604124 0.7567720371060566 3524
1713656611063 0.6669556317540954 3525
1713656618022 0.6457071950156725 3526
1713656624960 0.7360662406237389 3527
1713656631956 0.8082449855883452 3528
1713656638899 0.785676173050988 3529
1713656645793 0.6419705836629623 3530
1713656652721 0.48373295215994955 3531
1713656659715 0.7572404450716983 3532
1713656667045 0.7523120521643734 3533
1713656673937 0.6007431312941517 3534
1713656680960 0.6883583000401171 3535
1713656687942 0.6950507764049072 3536
1713656694920 0.7039112443760375 3537
1713656701859 0.796741899768485 3538
1713656708875 0.7525093118217803 3539
1713656715780 0.7647990420594196 3540
1713656723165 0.7219536996333574 3541
1713656730131 0.668066683038668 3542
1713656737014 0.6805606716467713 3543
1713656743901 0.7948822697025233 3544
1713656750819 0.6597258387226724 3545
1713656757833 0.7103741019522415 3546
1713656764803 0.7772705718101866 3547
1713656771768 0.7639541127294286 3548
1713656778725 0.7927838372433722 3549
1713656791360 0.779381000767783 3550
1713656798283 0.7230920759197725 3551
1713656805286 0.7299028185459929 3552
1713656812240 0.7643403999522871 3553
1713656819193 0.6531849542122034 3554
1713656826123 0.7620569232222383 3555
1713656833085 0.7966288863015236 3556
1713656840021 0.7028001788424857 3557
1713656847504 0.688159507229656 3558
1713656854462 0.6136151041577617 3559
1713656861396 0.5051468929550904 3560
1713656868314 0.7374043662209951 3561
1713656875304 0.7784528597012719 3562
1713656882378 0.7151222996429738 3563
1713656889347 0.6128092817197666 3564
1713656896238 0.6248048996029928 3565
1713656903645 0.7913614518004556 3566
1713656910724 0.7862768285182405 3567
1713656917798 0.5825419729170573 3568
1713656924821 0.7750771002999645 3569
1713656931826 0.7329761355602419 3570
1713656938726 0.7147036300457791 3571
1713656945763 0.7459843052905301 3572
1713656952806 0.6336399546435383 3573
1713656959758 0.7354426014417886 3574
1713656967160 0.7016963858456257 3575
1713656974095 0.7588115819586039 3576
1713656981024 0.7924494291956703 3577
1713656988061 0.8229847377122563 3578
1713656995056 0.7476284214005646 3579
1713657001993 0.6937554517364125 3580
1713657008937 0.7809580152957069 3581
1713657016106 0.7037762774714686 3582
1713657023139 0.8094956982215792 3583
1713657030645 0.6781659095719453 3584
1713657037566 0.814160087305334 3585
1713657044558 0.8292574104280478 3586
1713657051739 0.7615129681427459 3587
1713657058729 0.7162566420822587 3588
1713657065744 0.6697180013292989 3589
1713657072668 0.8191609084209339 3590
1713657079633 0.7529062848260252 3591
1713657086565 0.7688881969232937 3592
1713657093965 0.6488605441595449 3593
1713657100915 0.8052278647945309 3594
1713657107894 0.5851109874247806 3595
1713657114869 0.8183835154921046 3596
1713657121778 0.7380441160738388 3597
1713657128714 0.7940383583650257 3598
1713657135665 0.7360623270372723 3599
1713657147931 0.759565026123856 3600
1713657155280 0.7824722214291135 3601
1713657162197 0.7950754097978231 3602
1713657169117 0.7583712411488572 3603
1713657176091 0.671712369126494 3604
1713657183067 0.7212126420042438 3605
1713657190047 0.7402574455141231 3606
1713657196970 0.7360701841989675 3607
1713657204003 0.7818940234219145 3608
1713657210935 0.7478585310109135 3609
1713657218407 0.7724680811053809 3610
1713657225381 0.6502295421547023 3611
1713657232314 0.5604095573626099 3612
1713657239233 0.7978172416672756 3613
1713657246188 0.6970894808379776 3614
1713657253154 0.6916538297784869 3615
1713657260055 0.5644347070922124 3616
1713657267041 0.6391774483261626 3617
1713657274289 0.7597083701965132 3618
1713657281238 0.6556347768613423 3619
1713657288179 0.6163907609860776 3620
1713657295101 0.7527148292074843 3621
1713657302062 0.6352340337582161 3622
1713657308992 0.6295754542919815 3623
1713657315966 0.6545058849187539 3624
1713657322919 0.7222958639176712 3625
1713657329891 0.7404479997798544 3626
1713657337284 0.6837008761342578 3627
1713657344200 0.8198529194528945 3628
1713657351160 0.7597049889776719 3629
1713657358094 0.8221545292111 3630
1713657365084 0.7473017865463086 3631
1713657372089 0.781870426887334 3632
1713657379089 0.8279285240249956 3633
1713657386095 0.7092968952077163 3634
1713657393589 0.7544488082258096 3635
1713657400521 0.756752836927614 3636
1713657407492 0.8037835197318797 3637
1713657414412 0.8392269634032579 3638
1713657421358 0.7608315110997595 3639
1713657428305 0.7921579421621947 3640
1713657440589 0.528878482898135 3641
1713657447516 0.7482163783969097 3642
1713657454480 0.7160874401470972 3643
1713657461893 0.7756344961837609 3644
1713657468838 0.7501039360621298 3645
1713657475771 0.7045963052087832 3646
1713657482668 0.7519825009551556 3647
1713657489584 0.7392301844874374 3648
1713657496613 0.8174719333174534 3649
1713657508750 0.7985544594378455 3650
1713657515630 0.7461686481927465 3651
1713657523218 0.826559088954778 3652
1713657530196 0.7267045211149212 3653
1713657537121 0.676542356180361 3654
1713657544134 0.7696064761467449 3655
1713657551023 0.6713246872819021 3656
1713657557963 0.7244460052809364 3657
1713657564950 0.8011930707959617 3658
1713657571892 0.8108581335034372 3659
1713657579343 0.6765044981754704 3660
1713657586275 0.6918415994598968 3661
1713657593213 0.7620966675640665 3662
1713657600171 0.7535151196786631 3663
1713657607039 0.6301230928726065 3664
1713657613962 0.7601587977369262 3665
1713657620912 0.8115673382835461 3666
1713657627916 0.7067072399441303 3667
1713657634842 0.6185559684135682 3668
1713657642313 0.6408707628468969 3669
1713657649349 0.7288172049312357 3670
1713657656255 0.6733703503421745 3671
1713657663201 0.5472287104132515 3672
1713657670158 0.7895623426727576 3673
1713657677255 0.7499306114975077 3674
1713657684180 0.7558594688101515 3675
1713657691138 0.7478433932562886 3676
1713657698485 0.6914064090457435 3677
1713657705400 0.76342468735483 3678
1713657712284 0.8298828003885818 3679
1713657719332 0.7417355615443527 3680
1713657726358 0.7302444118064787 3681
1713657733309 0.764990475161698 3682
1713657740252 0.8141875234043146 3683
1713657747172 0.7707162561362756 3684
1713657754133 0.6867714328663973 3685
1713657761521 0.7543755604158705 3686
1713657768465 0.6471020972064281 3687
1713657775351 0.8055605929301107 3688
1713657782224 0.7064471144579194 3689
1713657789106 0.7796054677896864 3690
1713657796044 0.688731943508394 3691
1713657802991 0.7050901390497691 3692
1713657809921 0.7769337842330578 3693
1713657817241 0.6557554014011497 3694
1713657824171 0.7859066148418044 3695
1713657831121 0.6966029020431377 3696
1713657838012 0.4988037736692191 3697
1713657844957 0.7639507916456257 3698
1713657851878 0.7885161629251422 3699
1713657864223 0.6303465507463161 3700
1713657871221 0.6855403975460793 3701
1713657879005 0.6763610031144137 3702
1713657886088 0.6464947484911878 3703
1713657893069 0.7471355829643921 3704
1713657900007 0.7616150836064838 3705
1713657906932 0.6059182873456602 3706
1713657913989 0.7441016808743239 3707
1713657921056 0.7350720196126106 3708
1713657928146 0.6310861744271771 3709
1713657935096 0.7876455504009421 3710
1713657942688 0.5881648297104048 3711
1713657949676 0.7080551745307654 3712
1713657956669 0.403072386672516 3713
1713657963658 0.7326795807316844 3714
1713657970643 0.7397934079596626 3715
1713657977589 0.8265088124287089 3716
1713657984589 0.6594458748766875 3717
1713657991677 0.8081948008325112 3718
1713657998738 0.7781834341916363 3719
1713658006399 0.618469997424846 3720
1713658013332 0.6322976834574751 3721
1713658020370 0.6160303614939513 3722
1713658027297 0.791011996239213 3723
1713658034290 0.7443385738866967 3724
1713658041230 0.5615529926115425 3725
1713658048167 0.8095259645502116 3726
1713658055150 0.6239096252802951 3727
1713658062653 0.7664200362078281 3728
1713658069747 0.8189894299033182 3729
1713658076790 0.5593677024448022 3730
1713658083754 0.7982049164981644 3731
1713658090773 0.760087786999526 3732
1713658097766 0.7994655243721316 3733
1713658104699 0.6622791059254165 3734
1713658111635 0.7922035502009639 3735
1713658118645 0.7873696021998724 3736
1713658126030 0.7752885605000076 3737
1713658133055 0.730430999574209 3738
1713658140110 0.6121376742165546 3739
1713658147102 0.6781590265208491 3740
1713658154091 0.7036768665031984 3741
1713658161005 0.8116187974833788 3742
1713658167964 0.7794437129092131 3743
1713658174884 0.8146971834633495 3744
1713658181824 0.6715971570063275 3745
1713658189293 0.7705971407230365 3746
1713658196327 0.8073756164518975 3747
1713658203325 0.7600769507853842 3748
1713658210372 0.6732640185976355 3749
1713658222614 0.6783744789486216 3750
1713658229536 0.7704167685564886 3751
1713658236479 0.7084351007949924 3752
1713658243338 0.7578508287008181 3753
1713658250721 0.8224467912131984 3754
1713658257655 0.5078552672496943 3755
1713658264656 0.7851617977062066 3756
1713658271567 0.6917084778207958 3757
1713658278468 0.5350260003637087 3758
1713658285393 0.7814870120733021 3759
1713658292381 0.823574036582271 3760
1713658299317 0.712263767393588 3761
1713658306723 0.7894942928747024 3762
1713658313654 0.7209955465579311 3763
1713658320650 0.7193375832618906 3764
1713658327549 0.6024189197711193 3765
1713658334473 0.6074991544614794 3766
1713658341426 0.6695626998116798 3767
1713658348362 0.6334568454700561 3768
1713658355331 0.8363638139288673 3769
1713658362269 0.7757144197570617 3770
1713658369639 0.7486084476375473 3771
1713658376555 0.7534228829502155 3772
1713658383458 0.7559022642061038 3773
1713658390471 0.6646491530189932 3774
1713658397375 0.7009758925247882 3775
1713658404386 0.6910730362806251 3776
1713658411302 0.6344704100201256 3777
1713658418187 0.8407361019386664 3778
1713658425073 0.7779101575925428 3779
1713658432575 0.7128095475452173 3780
1713658439531 0.7988784956126067 3781
1713658446495 0.6939864740907546 3782
1713658453437 0.687734199657524 3783
1713658460446 0.782751421969797 3784
1713658467455 0.7999295251441332 3785
1713658474475 0.8209287218624662 3786
1713658481480 0.7722653641469382 3787
1713658488859 0.7948557107470104 3788
1713658495925 0.7557196283870347 3789
1713658502860 0.7439566713716133 3790
1713658509847 0.784076422359277 3791
1713658516869 0.7424230078198113 3792
1713658523870 0.7833636252318394 3793
1713658530828 0.8336496136090144 3794
1713658543205 0.815765828946768 3795
1713658556014 0.7611525232387985 3796
1713658563078 0.7954132208972353 3797
1713658574653 0.7409414457218951 3798
1713658581629 0.7871416117174798 3799
1713658593821 0.7646723624800837 3800
1713658600719 0.7852243747096691 3801
1713658607761 0.787249147039974 3802
1713658620507 0.7355173451373062 3803
1713658627432 0.7819423675846208 3804
1713658634449 0.8251087975703886 3805
1713658646538 0.7763654851618627 3806
1713658658862 0.5915589010581347 3807
1713658665788 0.7729430147651861 3808
1713658672782 0.7295979893175137 3809
1713658679722 0.6775973457790841 3810
1713658687133 0.7161382394847001 3811
1713658694101 0.7738997716133404 3812
1713658701113 0.6463015427435569 3813
1713658708161 0.8324300948571444 3814
1713658715163 0.7582321715811502 3815
1713658722193 0.779785452154687 3816
1713658729236 0.5598300091798162 3817
1713658736210 0.6487894900492924 3818
1713658743624 0.7811262172382999 3819
1713658750675 0.7141917132052089 3820
1713658757649 0.8248227866810027 3821
1713658764639 0.762968815464635 3822
1713658771594 0.7660706657074245 3823
1713658778632 0.6511941504540714 3824
1713658785662 0.7353568944584832 3825
1713658792642 0.7690279093649436 3826
1713658800079 0.6968327602850403 3827
1713658807151 0.7295831560279905 3828
1713658814181 0.5903216927080636 3829
1713658821229 0.7623886091166601 3830
1713658828262 0.6268949076736436 3831
1713658835324 0.6142495123133731 3832
1713658842295 0.6314871324677144 3833
1713658849284 0.7603784138875221 3834
1713658856747 0.780965685338722 3835
1713658863770 0.7343743329261626 3836
1713658870807 0.8314039887274322 3837
1713658877835 0.7607610762910914 3838
1713658884866 0.6154554756454792 3839
1713658891962 0.7970322385222984 3840
1713658898972 0.7156295116321161 3841
1713658906050 0.7038794611836526 3842
1713658913028 0.8393391737246888 3843
1713658920495 0.7616142346298929 3844
1713658927529 0.6763875095480778 3845
1713658934579 0.7064389008527654 3846
1713658941694 0.6600103999663478 3847
1713658948784 0.6995186494631889 3848
1713658955895 0.7478186586278434 3849
1713658968435 0.7770272273011721 3850
1713658975937 0.6489969289402201 3851
1713658982953 0.785808579600293 3852
1713658989896 0.8173377197060903 3853
1713658996917 0.8251214428892018 3854
1713659003969 0.6473522503711919 3855
1713659011028 0.7582999657046959 3856
1713659018080 0.7043857486278602 3857
1713659025151 0.7695211517622347 3858
1713659032204 0.8348753762842237 3859
1713659039922 0.6721920804747481 3860
1713659046921 0.7776903276703862 3861
1713659054029 0.7015729153281639 3862
1713659061012 0.7854188823079272 3863
1713659068019 0.7437529221686774 3864
1713659075096 0.472829244116034 3865
1713659082250 0.6723942798905875 3866
1713659089308 0.6250074497579396 3867
1713659096800 0.5177332807616866 3868
1713659103875 0.7641422254536069 3869
1713659110957 0.730813383126854 3870
1713659117962 0.5623414289178613 3871
1713659124953 0.8148042966099583 3872
1713659131948 0.6780282950210648 3873
1713659139020 0.8109463966999981 3874
1713659146067 0.5312035656963037 3875
1713659153500 0.7233421886771207 3876
1713659160562 0.7239487073778081 3877
1713659167590 0.7430604488779553 3878
1713659174677 0.8091889837561763 3879
1713659181677 0.7293723638850224 3880
1713659188843 0.7345592462687548 3881
1713659195905 0.7909602827856129 3882
1713659202908 0.8004529752493829 3883
1713659210373 0.7398836435432803 3884
1713659217311 0.8098418799494732 3885
1713659224375 0.8207315924009528 3886
1713659231402 0.7352422737501985 3887
1713659238422 0.49279286935479166 3888
1713659245448 0.7180364417816194 3889
1713659252468 0.7850516245392855 3890
1713659259472 0.7751364798451041 3891
1713659266513 0.7482783264207151 3892
1713659274084 0.7467303797825472 3893
1713659281154 0.765693734438446 3894
1713659288150 0.8079555960864779 3895
1713659295151 0.741125199836306 3896
1713659302196 0.7225755642002176 3897
1713659309180 0.6673075063705609 3898
1713659316395 0.7934106421909548 3899
1713659328689 0.7250115760086332 3900
1713659336305 0.7919382484024864 3901
1713659343277 0.654528339281166 3902
1713659350254 0.6636935847102154 3903
1713659357322 0.7754576230661082 3904
1713659364328 0.6136393836782458 3905
1713659371565 0.8051652011472006 3906
1713659378609 0.7353328072379879 3907
1713659385697 0.7818088459400421 3908
1713659393214 0.7630632450234819 3909
1713659400316 0.8023893422448789 3910
1713659407385 0.7982018813633628 3911
1713659414429 0.6636208771957121 3912
1713659421545 0.7342582555654217 3913
1713659428544 0.7784489807349007 3914
1713659435475 0.7987257492565534 3915
1713659442512 0.7525429732375888 3916
1713659449545 0.7137739363761896 3917
1713659457056 0.715293862251823 3918
1713659464018 0.7575859334883503 3919
1713659471052 0.5247051920761894 3920
1713659478076 0.825479246116269 3921
1713659485082 0.7549723677872205 3922
1713659492113 0.7771007234673591 3923
1713659499111 0.7484607115313509 3924
1713659506132 0.7881854099313876 3925
1713659513523 0.8033562622632183 3926
1713659520569 0.7021983944131723 3927
1713659527668 0.5395988895447903 3928
1713659534596 0.8138452589555722 3929
1713659541681 0.5887092644032946 3930
1713659548667 0.7445600114479471 3931
1713659555625 0.7598175057066648 3932
1713659562678 0.7406313849234215 3933
1713659569725 0.7179847421725231 3934
1713659577206 0.704055795352268 3935
1713659584301 0.7129350953308554 3936
1713659591394 0.5713927578685947 3937
1713659598471 0.8138868872709805 3938
1713659605479 0.7572149916239131 3939
1713659612519 0.8234453493169549 3940
1713659619539 0.6050202538881568 3941
1713659626564 0.7618148697675102 3942
1713659633511 0.7580133190960088 3943
1713659640966 0.6885557984416657 3944
1713659648021 0.7251640804610547 3945
1713659654959 0.6889911837657594 3946
1713659661996 0.7014690153102442 3947
1713659669069 0.7622472729697114 3948
1713659676096 0.6884399423968606 3949
1713659688489 0.6219087007853344 3950
1713659695937 0.5782655746706219 3951
1713659702899 0.7376332386319479 3952
1713659709887 0.7017938436471568 3953
1713659716971 0.7817460231393257 3954
1713659724057 0.6885126171849134 3955
1713659731030 0.7786267357466657 3956
1713659738046 0.7932682103018401 3957
1713659745120 0.7760497174756394 3958
1713659752585 0.7557355562825556 3959
1713659759598 0.6469712711186885 3960
1713659766595 0.7714777779477517 3961
1713659773612 0.7525943413917384 3962
1713659780742 0.7835574173749799 3963
1713659787764 0.7339632204491072 3964
1713659794845 0.7600447554759225 3965
1713659801898 0.7985481316292318 3966
1713659808874 0.5288682206048244 3967
1713659816300 0.748204680922017 3968
1713659823410 0.7749379176316821 3969
1713659830459 0.6897367233052669 3970
1713659837532 0.568724802883938 3971
1713659844529 0.7359150457546095 3972
1713659851528 0.7555753439958981 3973
1713659858513 0.7267598247716703 3974
1713659865543 0.7510429680093826 3975
1713659872559 0.7098858422455767 3976
1713659880106 0.5799493863995423 3977
1713659887097 0.7745187623651367 3978
1713659894142 0.7721523281993105 3979
1713659901207 0.7116395781984693 3980
1713659908242 0.7838153166446429 3981
1713659915223 0.7544708082276272 3982
1713659922218 0.7870696541474587 3983
1713659929283 0.7521903150424605 3984
1713659936751 0.6313162018385603 3985
1713659943724 0.7661112131434146 3986
1713659950739 0.820886982099243 3987
1713659957710 0.6714497522389126 3988
1713659964776 0.7700884621827092 3989
1713659971813 0.55450622693237 3990
1713659978879 0.7156026944751287 3991
1713659985813 0.8076533717392136 3992
1713659993131 0.7102744133176894 3993
1713660000146 0.8510535937410253 3994
1713660007129 0.7753702580365687 3995
1713660014149 0.7956621803202328 3996
1713660021221 0.6832901597693102 3997
1713660028338 0.7277703467304022 3998
1713660035505 0.580152477406376 3999
