1713648623816 -0.5441 0
1713648630704 -0.5893 0
1713648637809 -0.5479 0
1713648644645 -0.6673 0
1713648651348 -0.5827 0
1713648658109 -0.4518 0
1713648664888 -0.5266 0
1713648671610 -0.4703 0
1713648678461 -0.5409 0
1713648685320 -0.4932 0
1713648692189 -0.6447 0
1713648699505 -0.5195 0
1713648706305 -0.4241 0
1713648713050 -0.5308 0
1713648719947 -0.4418 0
1713648726752 -0.6112 0
1713648733507 -0.5533 0
1713648740274 -0.5544 0
1713648747071 -0.6216 0
1713648753833 -0.5952 0
1713648761053 -0.5805 0
1713648768149 -0.6256 0
1713648774956 -0.6473 0
1713648781855 -0.6906 0
1713648788733 -0.5065 0
1713648795617 -0.528 0
1713648802544 -0.4285 0
1713648809493 -0.4645 0
1713648816286 -0.5098 0
1713648823552 -0.5733 0
1713648830381 -0.5202 0
1713648837208 -0.5464 0
1713648843933 -0.589 0
1713648850706 -0.5652 0
1713648857485 -0.6219 0
1713648864257 -0.5378 0
1713648871076 -0.6144 0
1713648877911 -0.5025 0
1713648885200 -0.4456 0
1713648892106 -0.6386 0
1713648898906 -0.6368 0
1713648905737 -0.5831 0
1713648912544 -0.5332 0
1713648919343 -0.673 0
1713648926114 -0.6186 0
1713648933029 -0.5644 0
1713648939799 -0.6769 0
1713648947093 -0.5522 0
1713648953933 -0.557 0
1713648960831 -0.5754 0
1713648972741 -0.5656 0
1713648979481 -0.5951 0
1713648986496 -0.4697 0
1713648993382 -0.6288 0
1713649000305 -0.7121 0
1713649007607 -0.5892 0
1713649014451 -0.5961 0
1713649021300 -0.5337 0
1713649028182 -0.5936 0
1713649035037 -0.6493 0
1713649041898 -0.5912 0
1713649048725 -0.5657 0
1713649055529 -0.61 0
1713649062410 -0.5591 0
1713649069657 -0.554 0
1713649076570 -0.5733 0
1713649083436 -0.5633 0
1713649090271 -0.6369 0
1713649097189 -0.5435 0
1713649104070 -0.5644 0
1713649111114 -0.6508 0
1713649117986 -0.6175 0
1713649124854 -0.5358 0
1713649132475 -0.4362 0
1713649139273 -0.5019 0
1713649146188 -0.6364 0
1713649153059 -0.549 0
1713649159927 -0.6039 0
1713649166778 -0.6217 0
1713649173612 -0.599 0
1713649180502 -0.4809 0
1713649187278 -0.4812 0
1713649194647 -0.5854 0
1713649201547 -0.5871 0
1713649208463 -0.4876 0
1713649215316 -0.5693 0
1713649222133 -0.5606 0
1713649228899 -0.5473 0
1713649235751 -0.5834 0
1713649242596 -0.57 0
1713649249776 -0.6327 0
1713649256779 -0.5959 0
1713649263615 -0.5758 0
1713649270439 -0.6098 0
1713649277293 -0.5497 0
1713649284192 -0.5458 0
1713649291078 -0.5645 0
1713649297928 -0.6445 0
1713649304786 -0.5085 0
1713649311882 -0.5112 0
1713649323726 -0.5285 0
1713649330596 -0.5107 0
1713649337465 -0.4716 0
1713649344310 -0.5888 0
1713649351127 -0.5543 0
1713649357978 -0.4734 0
1713649364826 -0.484 0
1713649371676 -0.6249 0
1713649378951 -0.5385 0
1713649385781 -0.5647 0
1713649392628 -0.5381 0
1713649399517 -0.6135 0
1713649406451 -0.5374 0
1713649413295 -0.6055 0
1713649420085 -0.6036 0
1713649426885 -0.4151 0
1713649434122 -0.5564 0
1713649441005 -0.6052 0
1713649447794 -0.6119 0
1713649454673 -0.5843 0
1713649461624 -0.6092 0
1713649468490 -0.6877 0
1713649475247 -0.5973 0
1713649482078 -0.6714 0
1713649488900 -0.5636 0
1713649496437 -0.6793 0
1713649503214 -0.5378 0
1713649510035 -0.5921 0
1713649516880 -0.5194 0
1713649523747 -0.6062 0
1713649530547 -0.66 0
1713649537366 -0.5784 0
1713649544193 -0.6275 0
1713649551061 -0.5543 0
1713649558486 -0.5291 0
1713649565352 -0.5311 0
1713649572130 -0.6117 0
1713649578952 -0.3999 0
1713649585717 -0.6522 0
1713649592543 -0.4365 0
1713649599427 -0.6251 0
1713649606230 -0.7226 0
1713649613008 -0.5162 0
1713649620452 -0.6247 0
1713649627253 -0.5099 0
1713649634109 -0.4932 0
1713649640924 -0.5711 0
1713649647777 -0.5738 0
1713649654657 -0.6432 0
1713649661530 -0.4989 0
1713649673853 -0.5529 0
1713649681128 -0.5775 0
1713649688023 -0.6108 0
1713649694853 -0.4746 0
1713649701762 -0.6466 0
1713649708658 -0.5003 0
1713649715549 -0.5611 0
1713649722376 -0.5467 0
1713649729238 -0.5809 0
1713649736071 -0.5327 0
1713649743422 -0.5122 0
1713649750284 -0.4867 0
1713649757154 -0.6184 0
1713649764048 -0.5544 0
1713649770866 -0.5852 0
1713649777833 -0.6363 0
1713649784688 -0.5718 0
1713649791582 -0.6429 0
1713649798468 -0.6365 0
1713649805727 -0.6174 0
1713649812575 -0.571 0
1713649819493 -0.6607 0
1713649826361 -0.4909 0
1713649833273 -0.4805 0
1713649840283 -0.4761 0
1713649847184 -0.6425 0
1713649854034 -0.675 0
1713649860890 -0.6651 0
1713649868200 -0.481 0
1713649875044 -0.5631 0
1713649881903 -0.5164 0
1713649888690 -0.5639 0
1713649895592 -0.6241 0
1713649902401 -0.5526 0
1713649909268 -0.5997 0
1713649916113 -0.5445 0
1713649922986 -0.6015 0
1713649930229 -0.6483 0
1713649937004 -0.5712 0
1713649943823 -0.5469 0
1713649950648 -0.6395 0
1713649957551 -0.5188 0
1713649964470 -0.444 0
1713649971277 -0.5329 0
1713649978139 -0.5351 0
1713649984910 -0.6224 0
1713649992213 -0.5578 0
1713649999055 -0.5419 0
1713650005869 -0.5526 0
1713650012729 -0.5906 0
1713650024702 -0.6036 0
1713650031509 -0.5681 0
1713650038337 -0.566 0
1713650045145 -0.4868 0
1713650052395 -0.6594 0
1713650059221 -0.4352 0
1713650066168 -0.6623 0
1713650073032 -0.6026 0
1713650079857 -0.5393 0
1713650086718 -0.5268 0
1713650093557 -0.5222 0
1713650100415 -0.5874 0
1713650107208 -0.6489 0
1713650114508 -0.5771 0
1713650121279 -0.6143 0
1713650128076 -0.5345 0
1713650134897 -0.6466 0
1713650141710 -0.6014 0
1713650148593 -0.5147 0
1713650155417 -0.6837 0
1713650162282 -0.5035 0
1713650169084 -0.6422 0
1713650176370 -0.47 0
1713650183209 -0.6107 0
1713650190048 -0.6712 0
1713650196875 -0.5303 0
1713650203739 -0.5205 0
1713650210500 -0.575 0
1713650217327 -0.6066 0
1713650224196 -0.5874 0
1713650231068 -0.6109 0
1713650238374 -0.5987 0
1713650245309 -0.493 0
1713650252180 -0.5812 0
1713650258996 -0.5298 0
1713650265850 -0.538 0
1713650272658 -0.6235 0
1713650279484 -0.5906 0
1713650286312 -0.4276 0
1713650293187 -0.5895 0
1713650300741 -0.5345 0
1713650307655 -0.5751 0
1713650314580 -0.6138 0
1713650321373 -0.5866 0
1713650328190 -0.484 0
1713650335111 -0.5339 0
1713650341915 -0.5157 0
1713650348729 -0.6032 0
1713650355594 -0.5375 0
1713650362874 -0.6423 0
1713650374914 -0.6119 0
1713650381784 -0.5573 0
1713650388672 -0.6228 0
1713650395507 -0.6563 0
1713650402353 -0.5516 0
1713650409179 -0.5495 0
1713650416017 -0.5917 0
1713650423240 -0.4977 0
1713650430109 -0.6368 0
1713650436982 -0.4809 0
1713650443788 -0.5043 0
1713650450585 -0.6043 0
1713650457478 -0.5858 0
1713650464308 -0.6681 0
1713650471161 -0.4722 0
1713650478040 -0.5357 0
1713650485310 -0.5186 0
1713650492182 -0.5018 0
1713650498968 -0.5677 0
1713650505804 -0.6522 0
1713650512605 -0.5137 0
1713650519417 -0.5581 0
1713650526231 -0.6092 0
1713650533125 -0.535 0
1713650539986 -0.6755 0
1713650547245 -0.5785 0
1713650559158 -0.5425 0
1713650565997 -0.5164 0
1713650577967 -0.5275 0
1713650584807 -0.5337 0
1713650591672 -0.5764 0
1713650598497 -0.6419 0
1713650605309 -0.6801 0
1713650612543 -0.6205 0
1713650619415 -0.4709 0
1713650626272 -0.6017 0
1713650633065 -0.6704 0
1713650639874 -0.6266 0
1713650646688 -0.6509 0
1713650653556 -0.6278 0
1713650660604 -0.5561 0
1713650667469 -0.5933 0
1713650674825 -0.5899 0
1713650681665 -0.5505 0
1713650688584 -0.616 0
1713650695467 -0.5533 0
1713650702300 -0.67 0
1713650709097 -0.598 0
1713650715951 -0.5977 0
1713650722827 -0.6626 0
1713650734868 -0.5636 0
1713650742158 -0.501 0
1713650749075 -0.5377 0
1713650755931 -0.6431 0
1713650762854 -0.5113 0
1713650769708 -0.6328 0
1713650776560 -0.5743 0
1713650783370 -0.5133 0
1713650790202 -0.5668 0
1713650797526 -0.5954 0
1713650804350 -0.5954 0
1713650811328 -0.5836 0
1713650818417 -0.5109 0
1713650825264 -0.6206 0
1713650832052 -0.572 0
1713650838897 -0.6538 0
1713650845794 -0.6472 0
1713650852618 -0.4766 0
1713650860008 -0.5815 0
1713650866832 -0.4756 0
1713650873672 -0.6206 0
1713650880454 -0.533 0
1713650887326 -0.6025 0
1713650894280 -0.5521 0
1713650901206 -0.6135 0
1713650908078 -0.6534 0
1713650914953 -0.5373 0
1713650922232 -0.6714 0
1713650929093 -0.622 0
1713650935970 -0.5713 0
1713650942825 -0.6781 0
1713650949736 -0.541 0
1713650956650 -0.3815 0
1713650963526 -0.5859 0
1713650970385 -0.5576 0
1713650977274 -0.6115 0
1713650984558 -0.6366 0
1713650991409 -0.5354 0
1713650998255 -0.5926 0
1713651005060 -0.6243 0
1713651011896 -0.5392 0
1713651018722 -0.599 0
1713651025634 -0.6333 0
1713651032467 -0.5726 0
1713651039297 -0.6175 0
1713651046608 -0.5352 0
1713651053538 -0.5747 0
1713651060426 -0.596 0
1713651067349 -0.654 0
1713651074166 -0.5853 0
1713651086107 -0.6608 0
1713651092996 -0.6774 0
1713651099843 -0.6015 0
1713651106655 -0.6389 0
1713651114138 -0.642 0
1713651120994 -0.5591 0
1713651127797 -0.6037 0
1713651134606 -0.4783 0
1713651141505 -0.5741 0
1713651148351 -0.6332 0
1713651155190 -0.5272 0
1713651162100 -0.6295 0
1713651168996 -0.631 0
1713651176335 -0.6684 0
1713651183175 -0.5392 0
1713651189993 -0.5585 0
1713651196836 -0.4739 0
1713651203704 -0.6127 0
1713651210526 -0.57 0
1713651217439 -0.5944 0
1713651224309 -0.5194 0
1713651231171 -0.5479 0
1713651238635 -0.5247 0
1713651245492 -0.6156 0
1713651252403 -0.5559 0
1713651259213 -0.6021 0
1713651266086 -0.4663 0
1713651272932 -0.6708 0
1713651279761 -0.6034 0
1713651286588 -0.63 0
1713651293406 -0.5541 0
1713651300702 -0.5782 0
1713651307579 -0.5342 0
1713651314567 -0.5738 0
1713651321366 -0.5729 0
1713651328223 -0.6064 0
1713651335098 -0.6013 0
1713651342046 -0.6103 0
1713651348852 -0.6092 0
1713651356073 -0.6591 0
1713651362882 -0.6228 0
1713651369702 -0.5521 0
1713651376582 -0.6679 0
1713651383438 -0.5637 0
1713651390308 -0.6298 0
1713651397142 -0.5331 0
1713651403999 -0.5755 0
1713651410809 -0.567 0
1713651418116 -0.6128 0
1713651425030 -0.5087 0
1713651437216 -0.604 0
1713651444099 -0.5656 0
1713651450913 -0.5175 0
1713651457793 -0.5224 0
1713651464706 -0.6763 0
1713651471546 -0.5314 0
1713651478831 -0.6517 0
1713651485732 -0.6444 0
1713651492631 -0.6785 0
1713651499495 -0.5295 0
1713651506366 -0.5186 0
1713651513290 -0.607 0
1713651520170 -0.5326 0
1713651527032 -0.553 0
1713651533876 -0.6658 0
1713651541173 -0.5436 0
1713651548002 -0.5733 0
1713651554930 -0.5913 0
1713651561842 -0.5885 0
1713651568698 -0.5398 0
1713651575592 -0.6559 0
1713651582480 -0.487 0
1713651589318 -0.6567 0
1713651596178 -0.6384 0
1713651603462 -0.6117 0
1713651610334 -0.6482 0
1713651617205 -0.6236 0
1713651624073 -0.5564 0
1713651630973 -0.5355 0
1713651637841 -0.5019 0
1713651644740 -0.584 0
1713651651619 -0.6332 0
1713651658524 -0.4838 0
1713651665764 -0.5451 0
1713651672678 -0.4925 0
1713651679538 -0.4956 0
1713651686394 -0.5435 0
1713651693306 -0.5447 0
1713651700170 -0.6606 0
1713651707002 -0.6514 0
1713651713964 -0.6132 0
1713651720868 -0.466 0
1713651728284 -0.5441 0
1713651735180 -0.6471 0
1713651742117 -0.4525 0
1713651748935 -0.6166 0
1713651755810 -0.57 0
1713651762679 -0.5729 0
1713651769534 -0.5385 0
1713651776390 -0.5686 0
1713651788660 -0.5491 0
1713651795548 -0.6195 0
1713651802475 -0.5836 0
1713651809363 -0.6198 0
1713651816195 -0.468 0
1713651823133 -0.5777 0
1713651830066 -0.6517 0
1713651836922 -0.5354 0
1713651843774 -0.5826 0
1713651851065 -0.6205 0
1713651857946 -0.5437 0
1713651864889 -0.663 0
1713651871786 -0.5634 0
1713651878746 -0.5999 0
1713651885677 -0.5888 0
1713651892526 -0.6029 0
1713651899573 -0.6122 0
1713651906501 -0.6064 0
1713651913924 -0.6373 0
1713651920940 -0.6323 0
1713651927834 -0.6274 0
1713651934806 -0.6065 0
1713651941841 -0.6404 0
1713651948786 -0.664 0
1713651955730 -0.4822 0
1713651962726 -0.5966 0
1713651969684 -0.6373 0
1713651977121 -0.445 0
1713651984054 -0.5945 0
1713651990977 -0.6097 0
1713651997849 -0.654 0
1713652004820 -0.552 0
1713652011770 -0.6089 0
1713652018705 -0.37 0
1713652025594 -0.545 0
1713652032873 -0.5791 0
1713652039830 -0.6002 0
1713652046762 -0.6477 0
1713652053738 -0.6519 0
1713652060644 -0.5905 0
1713652067521 -0.7062 0
1713652074469 -0.5649 0
1713652081461 -0.6926 0
1713652088325 -0.6052 0
1713652095666 -0.5876 0
1713652102578 -0.655 0
1713652109551 -0.5333 0
1713652116408 -0.7317 0
1713652123307 -0.6338 0
1713652130236 -0.622 0
1713652142274 -0.6573 0
1713652149283 -0.6409 0
1713652156610 -0.4714 0
1713652163499 -0.5727 0
1713652170420 -0.6131 0
1713652177349 -0.6226 0
1713652184245 -0.6207 0
1713652191149 -0.6018 0
1713652198103 -0.6145 0
1713652205064 -0.5844 0
1713652211981 -0.6461 0
1713652219408 -0.4683 0
1713652226596 -0.59 0
1713652233608 -0.6678 0
1713652240562 -0.6478 0
1713652247518 -0.5423 0
1713652254450 -0.5931 0
1713652261418 -0.6725 0
1713652268319 -0.6184 0
1713652275236 -0.6265 0
1713652282645 -0.6622 0
1713652289647 -0.5711 0
1713652296584 -0.6026 0
1713652303492 -0.6543 0
1713652310432 -0.6453 0
1713652317535 -0.6213 0
1713652324542 -0.5622 0
1713652331449 -0.6008 0
1713652338797 -0.6012 0
1713652345646 -0.5777 0
1713652352578 -0.5398 0
1713652359589 -0.6529 0
1713652366479 -0.479 0
1713652373356 -0.6522 0
1713652380233 -0.5595 0
1713652387168 -0.5907 0
1713652394094 -0.5291 0
1713652401614 -0.6433 0
1713652408562 -0.666 0
1713652415468 -0.6367 0
1713652422426 -0.5943 0
1713652429363 -0.5369 0
1713652436261 -0.6588 0
1713652443173 -0.5797 0
1713652450078 -0.6816 0
1713652457409 -0.5376 0
1713652464284 -0.59 0
1713652471209 -0.6629 0
1713652478124 -0.631 0
1713652485052 -0.5428 0
1713652497300 -0.4662 0
1713652504196 -0.6581 0
1713652511112 -0.6831 0
1713652518416 -0.5985 0
1713652525277 -0.6216 0
1713652532244 -0.6366 0
1713652539165 -0.4993 0
1713652546116 -0.6834 0
1713652553058 -0.5508 0
1713652560006 -0.633 0
1713652567013 -0.6114 0
1713652573941 -0.551 0
1713652581294 -0.4357 0
1713652588153 -0.4528 0
1713652595015 -0.6866 0
1713652601906 -0.4864 0
1713652608810 -0.6458 0
1713652615688 -0.5078 0
1713652622653 -0.541 0
1713652629552 -0.6763 0
1713652636453 -0.4344 0
1713652644065 -0.6191 0
1713652651038 -0.4197 0
1713652657959 -0.6199 0
1713652664810 -0.6456 0
1713652671732 -0.6153 0
1713652678615 -0.5704 0
1713652685540 -0.512 0
1713652692463 -0.647 0
1713652699987 -0.6606 0
1713652706894 -0.556 0
1713652713813 -0.4291 0
1713652720746 -0.5288 0
1713652727785 -0.6069 0
1713652734830 -0.6283 0
1713652741852 -0.5814 0
1713652748803 -0.6475 0
1713652755781 -0.6669 0
1713652763349 -0.4979 0
1713652770371 -0.707 0
1713652777463 -0.4624 0
1713652784477 -0.6342 0
1713652791455 -0.5981 0
1713652798512 -0.6741 0
1713652805520 -0.6998 0
1713652812419 -0.6248 0
1713652825137 -0.6253 0
1713652832039 -0.5809 0
1713652839015 -0.5863 0
1713652845955 -0.6409 0
1713652858109 -0.5729 0
1713652865123 -0.6361 0
1713652872098 -0.5804 0
1713652879186 -0.5872 0
1713652886135 -0.5803 0
1713652893491 -0.5166 0
1713652900393 -0.5651 0
1713652907269 -0.4817 0
1713652914258 -0.5972 0
1713652921177 -0.6095 0
1713652928119 -0.5964 0
1713652935059 -0.5571 0
1713652942055 -0.6141 0
1713652949665 -0.6029 0
1713652956556 -0.6197 0
1713652963477 -0.5129 0
1713652970355 -0.558 0
1713652977201 -0.5698 0
1713652984207 -0.6374 0
1713652991148 -0.559 0
1713652998060 -0.5458 0
1713653005082 -0.6554 0
1713653012050 -0.6117 0
1713653019476 -0.5352 0
1713653026461 -0.6068 0
1713653033517 -0.6718 0
1713653040474 -0.5777 0
1713653047463 -0.5335 0
1713653054375 -0.5321 0
1713653061351 -0.5862 0
1713653068315 -0.4929 0
1713653075637 -0.4493 0
1713653082515 -0.5965 0
1713653089482 -0.693 0
1713653096393 -0.6562 0
1713653103321 -0.6484 0
1713653110267 -0.6465 0
1713653117215 -0.6035 0
1713653124093 -0.5236 0
1713653131025 -0.5854 0
1713653138392 -0.7065 0
1713653145274 -0.5289 0
1713653152204 -0.6495 0
1713653159075 -0.5745 0
1713653166004 -0.6233 0
1713653172869 -0.6538 0
1713653179765 -0.6295 0
1713653186781 -0.5362 0
1713653193744 -0.684 0
1713653201112 -0.5763 0
1713653213144 -0.6348 0
1713653220040 -0.584 0
1713653226958 -0.5426 0
1713653233820 -0.5686 0
1713653240761 -0.6261 0
1713653247659 -0.6147 0
1713653254551 -0.5516 0
1713653261913 -0.6477 0
1713653268851 -0.7042 0
1713653275747 -0.5542 0
1713653282616 -0.6874 0
1713653289536 -0.5852 0
1713653296499 -0.684 0
1713653303437 -0.6576 0
1713653310377 -0.5879 0
1713653317629 -0.6493 0
1713653324493 -0.6108 0
1713653331393 -0.6684 0
1713653338291 -0.6869 0
1713653345312 -0.6401 0
1713653352198 -0.595 0
1713653359114 -0.6971 0
1713653365959 -0.6674 0
1713653372916 -0.6138 0
1713653380210 -0.6391 0
1713653387151 -0.6724 0
1713653394078 -0.457 0
1713653400936 -0.6625 0
1713653407819 -0.6854 0
1713653414752 -0.5568 0
1713653421633 -0.6724 0
1713653428607 -0.6226 0
1713653435509 -0.6438 0
1713653442882 -0.6509 0
1713653449835 -0.5516 0
1713653456797 -0.6131 0
1713653463720 -0.6957 0
1713653470606 -0.566 0
1713653477579 -0.6446 0
1713653484456 -0.6219 0
1713653491369 -0.6474 0
1713653498752 -0.5377 0
1713653505637 -0.5807 0
1713653512520 -0.6195 0
1713653519396 -0.6528 0
1713653526311 -0.4615 0
1713653533131 -0.6005 0
1713653540039 -0.6265 0
1713653546986 -0.5735 0
1713653553931 -0.5137 0
1713653566470 -0.5176 0
1713653573375 -0.6222 0
1713653580276 -0.5611 0
1713653587208 -0.6654 0
1713653594132 -0.4885 0
1713653601044 -0.6602 0
1713653607970 -0.6156 0
1713653614939 -0.631 0
1713653621864 -0.5915 0
1713653629178 -0.629 0
1713653636094 -0.5632 0
1713653642924 -0.5871 0
1713653649923 -0.6443 0
1713653656893 -0.4815 0
1713653663774 -0.673 0
1713653670686 -0.6471 0
1713653677606 -0.5854 0
1713653684533 -0.6512 0
1713653691874 -0.6261 0
1713653698746 -0.5906 0
1713653705623 -0.4897 0
1713653712486 -0.5825 0
1713653719449 -0.5628 0
1713653726414 -0.5613 0
1713653733331 -0.4481 0
1713653740245 -0.5537 0
1713653747585 -0.681 0
1713653754547 -0.6443 0
1713653761467 -0.6147 0
1713653768387 -0.675 0
1713653775347 -0.5872 0
1713653782305 -0.6115 0
1713653789213 -0.5811 0
1713653796084 -0.5771 0
1713653803107 -0.6522 0
1713653810443 -0.637 0
1713653817444 -0.5931 0
1713653824315 -0.5971 0
1713653831263 -0.6397 0
1713653838132 -0.5106 0
1713653845045 -0.5264 0
1713653851993 -0.4995 0
1713653858927 -0.6449 0
1713653866144 -0.5942 0
1713653872961 -0.6229 0
1713653879825 -0.6786 0
1713653886778 -0.5092 0
1713653893680 -0.6909 0
1713653900624 -0.5337 0
1713653907569 -0.6892 0
1713653919606 -0.6534 0
1713653926787 -0.6436 0
1713653933666 -0.6689 0
1713653940521 -0.6476 0
1713653947378 -0.6238 0
1713653954216 -0.6918 0
1713653961035 -0.6113 0
1713653967930 -0.6435 0
1713653974793 -0.5798 0
1713653981639 -0.5891 0
1713653988937 -0.6486 0
1713653995807 -0.6398 0
1713654002704 -0.637 0
1713654009587 -0.5345 0
1713654016488 -0.5157 0
1713654023356 -0.5634 0
1713654030231 -0.6647 0
1713654037140 -0.5225 0
1713654043997 -0.6515 0
1713654051299 -0.5881 0
1713654058205 -0.6298 0
1713654065088 -0.6096 0
1713654071960 -0.5716 0
1713654078798 -0.6248 0
1713654085662 -0.5653 0
1713654092657 -0.6528 0
1713654099585 -0.6494 0
1713654106498 -0.5188 0
1713654113846 -0.665 0
1713654120711 -0.6401 0
1713654127556 -0.5963 0
1713654139821 -0.6633 0
1713654151929 -0.5801 0
1713654158859 -0.5858 0
1713654165773 -0.5672 0
1713654178271 -0.5998 0
1713654190209 -0.6094 0
1713654197093 -0.6603 0
1713654203993 -0.5207 0
1713654210912 -0.5987 0
1713654217801 -0.5224 0
1713654224701 -0.5779 0
1713654231626 -0.691 0
1713654238969 -0.5272 0
1713654245862 -0.5664 0
1713654252733 -0.6564 0
1713654259661 -0.7018 0
1713654266553 -0.6437 0
1713654273447 -0.6429 0
1713654280373 -0.5764 0
1713654292749 -0.5575 0
1713654299683 -0.3987 0
1713654306658 -0.6255 0
1713654313491 -0.6133 0
1713654320448 -0.6882 0
1713654327302 -0.6062 0
1713654334179 -0.5432 0
1713654341054 -0.5892 0
1713654347984 -0.6158 0
1713654355307 -0.6262 0
1713654362208 -0.6632 0
1713654369147 -0.6432 0
1713654376037 -0.5191 0
1713654382954 -0.6969 0
1713654389846 -0.7066 0
1713654396852 -0.6557 0
1713654403832 -0.6185 0
1713654410798 -0.6151 0
1713654418085 -0.6449 0
1713654424961 -0.5756 0
1713654431844 -0.5292 0
1713654438810 -0.6906 0
1713654445766 -0.546 0
1713654452711 -0.5235 0
1713654459672 -0.5087 0
1713654466597 -0.5908 0
1713654473946 -0.6553 0
1713654480855 -0.5776 0
1713654487781 -0.6657 0
1713654494750 -0.555 0
1713654501710 -0.6408 0
1713654508690 -0.6411 0
1713654515568 -0.6228 0
1713654522477 -0.4983 0
1713654529311 -0.6085 0
1713654536640 -0.6995 0
1713654543542 -0.6763 0
1713654550410 -0.5486 0
1713654557271 -0.5793 0
1713654564294 -0.6222 0
1713654571204 -0.6099 0
1713654578114 -0.6484 0
1713654585040 -0.7332 0
1713654591958 -0.5612 0
1713654599247 -0.6945 0
1713654606148 -0.6792 0
1713654613006 -0.6 0
1713654619908 -0.5734 0
1713654626791 -0.5149 0
1713654633718 -0.6244 0
1713654645897 -0.6327 0
1713654653239 -0.6443 0
1713654660103 -0.624 0
1713654667016 -0.5208 0
1713654673937 -0.5883 0
1713654680797 -0.6858 0
1713654687700 -0.5613 0
1713654694557 -0.667 0
1713654701478 -0.6674 0
1713654708491 -0.5359 0
1713654715800 -0.5774 0
1713654722714 -0.6548 0
1713654729705 -0.6157 0
1713654736685 -0.6234 0
1713654743569 -0.6103 0
1713654750527 -0.5951 0
1713654757482 -0.6639 0
1713654764385 -0.6082 0
1713654771284 -0.7058 0
1713654778720 -0.6187 0
1713654785660 -0.6034 0
1713654792617 -0.5776 0
1713654799656 -0.6239 0
1713654806529 -0.6504 0
1713654813474 -0.5156 0
1713654820376 -0.6023 0
1713654827255 -0.6053 0
1713654834126 -0.5658 0
1713654841566 -0.5944 0
1713654848553 -0.6233 0
1713654855491 -0.6416 0
1713654862424 -0.6123 0
1713654869342 -0.6387 0
1713654876305 -0.6319 0
1713654888621 -0.7274 0
1713654895645 -0.6089 0
1713654903044 -0.6519 0
1713654909953 -0.7255 0
1713654916822 -0.5273 0
1713654923787 -0.5209 0
1713654930692 -0.6749 0
1713654937659 -0.6124 0
1713654944671 -0.6836 0
1713654951652 -0.6149 0
1713654958819 -0.6675 0
1713654965713 -0.577 0
1713654972676 -0.5405 0
1713654979595 -0.6614 0
1713654986492 -0.5446 0
1713654993422 -0.5101 0
1713655005725 -0.6294 0
1713655012659 -0.6925 0
1713655019574 -0.5035 0
1713655026888 -0.6938 0
1713655033748 -0.4918 0
1713655040684 -0.6743 0
1713655047582 -0.599 0
1713655054465 -0.5591 0
1713655061349 -0.6693 0
1713655068496 -0.5727 0
1713655075379 -0.6365 0
1713655082676 -0.658 0
1713655089607 -0.6348 0
1713655096560 -0.6533 0
1713655103495 -0.7222 0
1713655110361 -0.5688 0
1713655117265 -0.6276 0
1713655124112 -0.6626 0
1713655131009 -0.6298 0
1713655137877 -0.5592 0
1713655145152 -0.5111 0
1713655152081 -0.5701 0
1713655158987 -0.6509 0
1713655165933 -0.608 0
1713655172844 -0.5022 0
1713655179756 -0.5726 0
1713655186725 -0.664 0
1713655193657 -0.669 0
1713655200945 -0.5434 0
1713655207845 -0.6472 0
1713655214778 -0.6834 0
1713655221657 -0.5221 0
1713655228519 -0.593 0
1713655235377 -0.552 0
1713655242238 -0.6317 0
1713655249201 -0.6842 0
1713655256161 -0.552 0
1713655263503 -0.5549 0
1713655270417 -0.6936 0
1713655277429 -0.6378 0
1713655284442 -0.5782 0
1713655291397 -0.5322 0
1713655298348 -0.6146 0
1713655305296 -0.6542 0
1713655312273 -0.5326 0
1713655319195 -0.5748 0
1713655326570 -0.6474 0
1713655333490 -0.5468 0
1713655340456 -0.5941 0
1713655347345 -0.6541 0
1713655359626 -0.5816 0
1713655366614 -0.7005 0
1713655373584 -0.66 0
1713655380691 -0.672 0
1713655388080 -0.6338 0
1713655395067 -0.637 0
1713655402038 -0.6171 0
1713655408992 -0.5305 0
1713655416008 -0.7026 0
1713655422889 -0.7263 0
1713655429835 -0.6237 0
1713655436774 -0.6159 0
1713655443696 -0.6475 0
1713655451095 -0.7061 0
1713655458081 -0.6047 0
1713655465034 -0.5841 0
1713655471988 -0.6751 0
1713655478916 -0.4875 0
1713655485862 -0.6622 0
1713655492799 -0.6388 0
1713655499712 -0.6756 0
1713655507038 -0.6282 0
1713655513969 -0.5749 0
1713655520895 -0.543 0
1713655527806 -0.6155 0
1713655534724 -0.6461 0
1713655541638 -0.6225 0
1713655548620 -0.6784 0
1713655555588 -0.5763 0
1713655562623 -0.6485 0
1713655570075 -0.5887 0
1713655577066 -0.6215 0
1713655584031 -0.6863 0
1713655590956 -0.6634 0
1713655597847 -0.6282 0
1713655604721 -0.5613 0
1713655611690 -0.5425 0
1713655618678 -0.6156 0
1713655626079 -0.6497 0
1713655633111 -0.5756 0
1713655640275 -0.6831 0
1713655647349 -0.6738 0
1713655654409 -0.5846 0
1713655661324 -0.6096 0
1713655668232 -0.7336 0
1713655675151 -0.6498 0
1713655682170 -0.6285 0
1713655689600 -0.5607 0
1713655696548 -0.6146 0
1713655703534 -0.5853 0
1713655715961 -0.6974 0
1713655723015 -0.6931 0
1713655729969 -0.5942 0
1713655736961 -0.6884 0
1713655743970 -0.6572 0
1713655751502 -0.6591 0
1713655758450 -0.7013 0
1713655765427 -0.5403 0
1713655772359 -0.5955 0
1713655779269 -0.6245 0
1713655786287 -0.7036 0
1713655793211 -0.6203 0
1713655800173 -0.4708 0
1713655807581 -0.5512 0
1713655814509 -0.6431 0
1713655821452 -0.5495 0
1713655828433 -0.6342 0
1713655835329 -0.6798 0
1713655842298 -0.5807 0
1713655849273 -0.4615 0
1713655856278 -0.6415 0
1713655863197 -0.6512 0
1713655870557 -0.6072 0
1713655877533 -0.6014 0
1713655884571 -0.5252 0
1713655891490 -0.6516 0
1713655898474 -0.6681 0
1713655905447 -0.5809 0
1713655912456 -0.6053 0
1713655919422 -0.4958 0
1713655926449 -0.6618 0
1713655933791 -0.5951 0
1713655940773 -0.6893 0
1713655947792 -0.6544 0
1713655954798 -0.6482 0
1713655967093 -0.6149 0
1713655973963 -0.705 0
1713655980888 -0.7188 0
1713655987820 -0.7139 0
1713655995218 -0.613 0
1713656002248 -0.5432 0
1713656009166 -0.6732 0
1713656016226 -0.6184 0
1713656023230 -0.6574 0
1713656030375 -0.5988 0
1713656037401 -0.7313 0
1713656044341 -0.7031 0
1713656051286 -0.635 0
1713656058676 -0.5992 0
1713656065645 -0.5411 0
1713656077911 -0.6335 0
1713656084933 -0.682 0
1713656091844 -0.5403 0
1713656098850 -0.5458 0
1713656105815 -0.6151 0
1713656113228 -0.605 0
1713656120233 -0.6789 0
1713656127212 -0.6004 0
1713656134179 -0.5566 0
1713656141185 -0.6934 0
1713656148125 -0.625 0
1713656155077 -0.5922 0
1713656162039 -0.7305 0
1713656169052 -0.5384 0
1713656176478 -0.4767 0
1713656183396 -0.5831 0
1713656190391 -0.6444 0
1713656197331 -0.492 0
1713656204357 -0.6834 0
1713656211267 -0.6979 0
1713656218258 -0.6674 0
1713656225183 -0.5899 0
1713656232646 -0.6469 0
1713656239564 -0.59 0
1713656246558 -0.5465 0
1713656253584 -0.7285 0
1713656260609 -0.635 0
1713656267634 -0.5988 0
1713656274580 -0.6232 0
1713656281567 -0.5993 0
1713656288574 -0.5647 0
1713656295992 -0.6771 0
1713656302892 -0.6046 0
1713656309889 -0.7157 0
1713656316816 -0.5947 0
1713656323840 -0.6324 0
1713656330907 -0.6756 0
1713656337960 -0.5808 0
1713656344943 -0.6446 0
1713656351968 -0.6154 0
1713656359446 -0.64 0
1713656366455 -0.6257 0
1713656373473 -0.5957 0
1713656380441 -0.5954 0
1713656387422 -0.5617 0
1713656394343 -0.5816 0
1713656401379 -0.6428 0
1713656408351 -0.5858 0
1713656415272 -0.6675 0
1713656422835 -0.625 0
1713656435161 -0.5885 0
1713656442124 -0.5609 0
1713656449517 -0.6717 0
1713656456540 -0.5536 0
1713656463448 -0.5779 0
1713656470420 -0.647 0
1713656477332 -0.611 0
1713656484781 -0.6679 0
1713656491782 -0.5823 0
1713656498766 -0.5549 0
1713656505800 -0.6516 0
1713656512720 -0.585 0
1713656519624 -0.603 0
1713656526590 -0.5328 0
1713656533592 -0.5556 0
1713656540505 -0.5697 0
1713656547944 -0.5972 0
1713656554918 -0.6684 0
1713656561897 -0.5517 0
1713656568872 -0.5568 0
1713656575903 -0.7039 0
1713656582899 -0.6278 0
1713656589847 -0.5655 0
1713656596746 -0.5931 0
1713656604142 -0.5282 0
1713656611085 -0.608 0
1713656618044 -0.545 0
1713656624981 -0.6591 0
1713656631978 -0.5425 0
1713656638918 -0.7007 0
1713656645812 -0.662 0
1713656652741 -0.6562 0
1713656659736 -0.5349 0
1713656667064 -0.589 0
1713656673959 -0.7036 0
1713656680981 -0.625 0
1713656687963 -0.6696 0
1713656694937 -0.6689 0
1713656701880 -0.5128 0
1713656708893 -0.6538 0
1713656715796 -0.4984 0
1713656723186 -0.6557 0
1713656730152 -0.6728 0
1713656737035 -0.5613 0
1713656743921 -0.633 0
1713656750834 -0.6311 0
1713656757856 -0.6255 0
1713656764823 -0.5553 0
1713656771788 -0.6384 0
1713656778745 -0.5942 0
1713656791379 -0.6768 0
1713656798303 -0.6921 0
1713656805305 -0.6328 0
1713656812260 -0.7476 0
1713656819213 -0.6872 0
1713656826145 -0.5005 0
1713656833105 -0.612 0
1713656840037 -0.6173 0
1713656847526 -0.5631 0
1713656854481 -0.653 0
1713656861415 -0.6157 0
1713656868335 -0.6222 0
1713656875324 -0.582 0
1713656882398 -0.688 0
1713656889367 -0.6187 0
1713656896261 -0.6586 0
1713656903670 -0.6015 0
1713656910746 -0.6116 0
1713656917821 -0.5324 0
1713656924839 -0.5985 0
1713656931848 -0.7485 0
1713656938746 -0.7113 0
1713656945786 -0.7044 0
1713656952828 -0.6353 0
1713656959776 -0.5718 0
1713656967180 -0.6125 0
1713656974118 -0.7059 0
1713656981049 -0.6645 0
1713656988077 -0.5526 0
1713656995076 -0.6144 0
1713657002012 -0.6713 0
1713657008966 -0.6417 0
1713657016138 -0.4988 0
1713657023157 -0.4986 0
1713657030665 -0.6909 0
1713657037585 -0.6819 0
1713657044578 -0.5432 0
1713657051758 -0.6649 0
1713657058749 -0.6464 0
1713657065764 -0.6683 0
1713657072688 -0.6495 0
1713657079654 -0.6935 0
1713657086587 -0.7328 0
1713657093989 -0.5331 0
1713657100936 -0.6184 0
1713657107913 -0.5897 0
1713657114890 -0.6591 0
1713657121795 -0.5776 0
1713657128734 -0.6795 0
1713657135686 -0.7035 0
1713657147946 -0.6117 0
1713657155300 -0.6385 0
1713657162219 -0.6327 0
1713657169137 -0.5955 0
1713657176110 -0.6522 0
1713657183083 -0.6268 0
1713657190066 -0.6249 0
1713657196991 -0.5858 0
1713657204020 -0.5412 0
1713657210951 -0.4761 0
1713657218429 -0.6332 0
1713657225402 -0.615 0
1713657232332 -0.5866 0
1713657239251 -0.6818 0
1713657246216 -0.615 0
1713657253171 -0.6172 0
1713657260077 -0.6686 0
1713657267059 -0.6228 0
1713657274308 -0.6378 0
1713657281262 -0.5643 0
1713657288205 -0.6265 0
1713657295120 -0.5355 0
1713657302080 -0.7059 0
1713657309009 -0.6692 0
1713657315988 -0.7211 0
1713657322939 -0.6859 0
1713657329913 -0.6188 0
1713657337298 -0.6267 0
1713657344227 -0.6709 0
1713657351180 -0.6235 0
1713657358116 -0.6299 0
1713657365105 -0.6853 0
1713657372110 -0.5601 0
1713657379112 -0.721 0
1713657386116 -0.5876 0
1713657393608 -0.6396 0
1713657400537 -0.7032 0
1713657407510 -0.588 0
1713657414431 -0.7237 0
1713657421373 -0.7063 0
1713657428326 -0.6817 0
1713657440608 -0.56 0
1713657447537 -0.6018 0
1713657454503 -0.6638 0
1713657461911 -0.6203 0
1713657468853 -0.7056 0
1713657475786 -0.6613 0
1713657482694 -0.6233 0
1713657489606 -0.572 0
1713657496632 -0.6223 0
1713657508769 -0.6618 0
1713657515649 -0.5566 0
1713657523242 -0.648 0
1713657530220 -0.6117 0
1713657537146 -0.7283 0
1713657544151 -0.5833 0
1713657551046 -0.5887 0
1713657557987 -0.5547 0
1713657564968 -0.6206 0
1713657571912 -0.7445 0
1713657579364 -0.6631 0
1713657586297 -0.7101 0
1713657593233 -0.6196 0
1713657600192 -0.6838 0
1713657607060 -0.6261 0
1713657613984 -0.665 0
1713657620932 -0.7417 0
1713657627936 -0.6685 0
1713657634862 -0.551 0
1713657642340 -0.5947 0
1713657649370 -0.5553 0
1713657656278 -0.7085 0
1713657663223 -0.6239 0
1713657670180 -0.6664 0
1713657677271 -0.6411 0
1713657684206 -0.6455 0
1713657691160 -0.6475 0
1713657698505 -0.6259 0
1713657705415 -0.5064 0
1713657712307 -0.6863 0
1713657719350 -0.6248 0
1713657726376 -0.5709 0
1713657733329 -0.6899 0
1713657740270 -0.7562 0
1713657747191 -0.6115 0
1713657754149 -0.66 0
1713657761539 -0.629 0
1713657768487 -0.6808 0
1713657775373 -0.5856 0
1713657782245 -0.6212 0
1713657789129 -0.6233 0
1713657796060 -0.5978 0
1713657803010 -0.5859 0
1713657809936 -0.6337 0
1713657817261 -0.6235 0
1713657824191 -0.6466 0
1713657831140 -0.6092 0
1713657838030 -0.6095 0
1713657844980 -0.6358 0
1713657851902 -0.6515 0
1713657864243 -0.654 0
1713657871242 -0.688 0
1713657879025 -0.7531 0
1713657886108 -0.6527 0
1713657893089 -0.6506 0
1713657900029 -0.5457 0
1713657906950 -0.613 0
1713657914011 -0.581 0
1713657921079 -0.6302 0
1713657928170 -0.6335 0
1713657935118 -0.6052 0
1713657942709 -0.5546 0
1713657949691 -0.6597 0
1713657956686 -0.6542 0
1713657963677 -0.6865 0
1713657970664 -0.5608 0
1713657977605 -0.6544 0
1713657984621 -0.6575 0
1713657991701 -0.7302 0
1713657998758 -0.5982 0
1713658006423 -0.6497 0
1713658013348 -0.5966 0
1713658020391 -0.581 0
1713658027318 -0.6642 0
1713658034308 -0.6347 0
1713658041252 -0.4505 0
1713658048188 -0.6935 0
1713658055170 -0.6884 0
1713658062673 -0.5891 0
1713658069764 -0.6941 0
1713658076810 -0.6381 0
1713658083783 -0.5271 0
1713658090793 -0.6347 0
1713658097788 -0.4871 0
1713658104714 -0.6145 0
1713658111656 -0.633 0
1713658118670 -0.6453 0
1713658126049 -0.6196 0
1713658133072 -0.5728 0
1713658140131 -0.6707 0
1713658147123 -0.621 0
1713658154110 -0.5642 0
1713658161024 -0.7308 0
1713658167985 -0.6117 0
1713658174906 -0.6557 0
1713658181844 -0.6802 0
1713658189316 -0.5459 0
1713658196349 -0.6872 0
1713658203347 -0.6068 0
1713658210394 -0.6595 0
1713658222636 -0.6688 0
1713658229558 -0.6284 0
1713658236498 -0.656 0
1713658243359 -0.5292 0
1713658250741 -0.6805 0
1713658257676 -0.6411 0
1713658264673 -0.5416 0
1713658271593 -0.6814 0
1713658278484 -0.7092 0
1713658285413 -0.5302 0
1713658292397 -0.6614 0
1713658299337 -0.5226 0
1713658306746 -0.5944 0
1713658313675 -0.6667 0
1713658320666 -0.6788 0
1713658327568 -0.5962 0
1713658334494 -0.549 0
1713658341447 -0.6457 0
1713658348385 -0.6056 0
1713658355353 -0.5602 0
1713658362286 -0.7106 0
1713658369667 -0.7097 0
1713658376574 -0.6804 0
1713658383478 -0.5661 0
1713658390490 -0.5461 0
1713658397395 -0.5949 0
1713658404406 -0.6002 0
1713658411321 -0.5118 0
1713658418207 -0.6804 0
1713658425094 -0.6689 0
1713658432597 -0.7455 0
1713658439551 -0.6253 0
1713658446516 -0.6187 0
1713658453455 -0.5949 0
1713658460468 -0.5533 0
1713658467470 -0.5506 0
1713658474495 -0.5365 0
1713658481501 -0.5895 0
1713658488875 -0.6338 0
1713658495946 -0.6329 0
1713658502881 -0.6469 0
1713658509863 -0.6404 0
1713658516889 -0.6063 0
1713658523890 -0.5318 0
1713658530847 -0.6504 0
1713658543228 -0.5024 0
1713658556031 -0.5794 0
1713658563101 -0.5817 0
1713658574673 -0.5075 0
1713658581648 -0.5992 0
1713658593842 -0.7281 0
1713658600739 -0.5798 0
1713658607782 -0.494 0
1713658620529 -0.6779 0
1713658627455 -0.5406 0
1713658634470 -0.625 0
1713658646561 -0.5866 0
1713658658883 -0.599 0
1713658665803 -0.6427 0
1713658672801 -0.6432 0
1713658679742 -0.5833 0
1713658687152 -0.6383 0
1713658694122 -0.7039 0
1713658701136 -0.3061 0
1713658708178 -0.5569 0
1713658715187 -0.6175 0
1713658722217 -0.6932 0
1713658729250 -0.67 0
1713658736227 -0.7001 0
1713658743641 -0.6395 0
1713658750696 -0.6915 0
1713658757668 -0.6092 0
1713658764664 -0.7088 0
1713658771615 -0.767 0
1713658778652 -0.7108 0
1713658785680 -0.6497 0
1713658792657 -0.6155 0
1713658800097 -0.641 0
1713658807166 -0.6576 0
1713658814201 -0.6071 0
1713658821251 -0.5844 0
1713658828282 -0.5511 0
1713658835344 -0.6314 0
1713658842317 -0.6765 0
1713658849307 -0.6405 0
1713658856770 -0.4824 0
1713658863790 -0.5824 0
1713658870826 -0.6278 0
1713658877857 -0.517 0
1713658884887 -0.6098 0
1713658891982 -0.6242 0
1713658898990 -0.7175 0
1713658906066 -0.6571 0
1713658913050 -0.7257 0
1713658920514 -0.6695 0
1713658927548 -0.6472 0
1713658934594 -0.6308 0
1713658941715 -0.5751 0
1713658948803 -0.5454 0
1713658955915 -0.5767 0
1713658968458 -0.5021 0
1713658975959 -0.5617 0
1713658982973 -0.6072 0
1713658989911 -0.7265 0
1713658996939 -0.6324 0
1713659003989 -0.5694 0
1713659011049 -0.5134 0
1713659018102 -0.5436 0
1713659025173 -0.7023 0
1713659032222 -0.5918 0
1713659039944 -0.611 0
1713659046941 -0.7004 0
1713659054049 -0.6524 0
1713659061034 -0.5668 0
1713659068037 -0.5736 0
1713659075117 -0.7147 0
1713659082272 -0.5815 0
1713659089324 -0.6521 0
1713659096820 -0.5699 0
1713659103892 -0.6597 0
1713659110981 -0.7193 0
1713659117982 -0.5971 0
1713659124973 -0.6233 0
1713659131968 -0.6741 0
1713659139040 -0.6132 0
1713659146082 -0.5379 0
1713659153521 -0.6519 0
1713659160584 -0.6517 0
1713659167617 -0.6326 0
1713659174700 -0.6256 0
1713659181702 -0.6927 0
1713659188862 -0.5807 0
1713659195928 -0.5596 0
1713659202930 -0.6028 0
1713659210394 -0.5781 0
1713659217334 -0.6494 0
1713659224391 -0.6143 0
1713659231428 -0.728 0
1713659238441 -0.7233 0
1713659245469 -0.5563 0
1713659252496 -0.7298 0
1713659259490 -0.6254 0
1713659266538 -0.5971 0
1713659274100 -0.725 0
1713659281178 -0.5624 0
1713659288171 -0.6021 0
1713659295167 -0.6583 0
1713659302217 -0.7126 0
1713659309199 -0.5488 0
1713659316412 -0.7066 0
1713659328711 -0.6632 0
1713659336324 -0.6701 0
1713659343296 -0.5849 0
1713659350278 -0.6545 0
1713659357349 -0.6534 0
1713659364347 -0.5546 0
1713659371585 -0.7006 0
1713659378625 -0.7115 0
1713659385720 -0.5825 0
1713659393234 -0.6333 0
1713659400338 -0.7081 0
1713659407410 -0.6175 0
1713659414451 -0.6214 0
1713659421567 -0.682 0
1713659428560 -0.6334 0
1713659435496 -0.5922 0
1713659442526 -0.5373 0
1713659449569 -0.5391 0
1713659457083 -0.5621 0
1713659464038 -0.5262 0
1713659471071 -0.5388 0
1713659478099 -0.6249 0
1713659485102 -0.6108 0
1713659492133 -0.6401 0
1713659499134 -0.6012 0
1713659506151 -0.6307 0
1713659513545 -0.5804 0
1713659520590 -0.6124 0
1713659527688 -0.66 0
1713659534619 -0.6211 0
1713659541705 -0.5498 0
1713659548682 -0.6967 0
1713659555644 -0.6972 0
1713659562703 -0.6072 0
1713659569744 -0.6552 0
1713659577228 -0.6708 0
1713659584322 -0.6283 0
1713659591416 -0.6367 0
1713659598491 -0.5718 0
1713659605496 -0.5127 0
1713659612542 -0.6917 0
1713659619561 -0.6003 0
1713659626580 -0.5754 0
1713659633530 -0.6775 0
1713659640987 -0.6146 0
1713659648039 -0.6587 0
1713659654979 -0.589 0
1713659662018 -0.5427 0
1713659669087 -0.6421 0
1713659676116 -0.554 0
1713659688509 -0.6187 0
1713659695958 -0.5987 0
1713659702917 -0.5754 0
1713659709911 -0.6403 0
1713659716989 -0.6569 0
1713659724076 -0.6879 0
1713659731044 -0.6624 0
1713659738067 -0.5834 0
1713659745136 -0.7847 0
1713659752608 -0.6837 0
1713659759617 -0.6674 0
1713659766616 -0.6012 0
1713659773631 -0.639 0
1713659780757 -0.6188 0
1713659787787 -0.6391 0
1713659794866 -0.5281 0
1713659801919 -0.6483 0
1713659808895 -0.66 0
1713659816324 -0.701 0
1713659823430 -0.6142 0
1713659830479 -0.6727 0
1713659837550 -0.6699 0
1713659844549 -0.4952 0
1713659851553 -0.5609 0
1713659858533 -0.7333 0
1713659865570 -0.6525 0
1713659872579 -0.5757 0
1713659880125 -0.6391 0
1713659887119 -0.7085 0
1713659894161 -0.6781 0
1713659901226 -0.6484 0
1713659908267 -0.632 0
1713659915243 -0.5723 0
1713659922241 -0.5378 0
1713659929308 -0.6442 0
1713659936768 -0.7108 0
1713659943743 -0.688 0
1713659950761 -0.6067 0
1713659957726 -0.6371 0
1713659964800 -0.5629 0
1713659971831 -0.7537 0
1713659978897 -0.6243 0
1713659985833 -0.5637 0
1713659993151 -0.5714 0
1713660000167 -0.6312 0
1713660007152 -0.5834 0
1713660014171 -0.5542 0
1713660021239 -0.6795 0
1713660028361 -0.702 0
1713660035536 -0.5775 0
