1712342197530 0.0 0
1712342256875 0.0 1
1712342317799 0.006976544263032251 2
1712342379726 0.08127798747106371 3
1712342445825 0.08371472651387675 4
1712342507296 0.12658614798405457 5
1712342573346 0.14021924473709588 6
1712342639669 0.19144961737560812 7
1712342701082 0.02053958562859693 8
1712342757633 0.11612391470327903 9
1712342823618 0.162896897931293 10
1712342889999 0.17619564317503886 11
1712342956356 0.1595997404609072 12
1712343022598 0.21101460726755775 13
1712343089211 0.19757688041888055 14
1712343155295 0.18068873164795193 15
1712343216219 0.09594581682265231 16
1712343271936 0.15158899185311728 17
1712343333014 0.13917056873682668 18
1712343393620 0.19902734063753816 19
1712343459435 0.18400758598376785 20
1712343520138 0.1434207833844649 21
1712343580527 0.24811624244154448 22
1712343646363 0.17123858522942054 23
1712343706953 0.21788411974378658 24
1712343768041 0.1867920200838321 25
1712343834186 0.1852871694079447 26
1712343894907 0.2842952959098284 27
1712343960918 0.2529692513988784 28
1712344021950 0.1512940198396931 29
1712344077909 0.22694229669264251 30
1712344138739 0.2756000038318823 31
1712344199625 0.12757049635962336 32
1712344255420 0.276032502701946 33
1712344316235 0.2534399414071328 34
1712344376932 0.21217360075638586 35
1712344437471 0.21512142106101573 36
1712344498285 0.32368353588842813 37
1712344564404 0.18055158082989659 38
1712344620270 0.24584449819867432 39
1712344676119 0.28623188067469096 40
1712344736503 0.20855061449963033 41
1712344791897 0.24865277103731454 42
1712344853020 0.2739253639285043 43
1712344913943 0.28363186593447254 44
1712344975086 0.24658383550043536 45
1712345035993 0.3516805265437798 46
1712345096575 0.27453595026633504 47
1712345157395 0.19019801516512014 48
1712345213043 0.2038553908714419 49
1712345270463 0.2949079893989473 50
1712345325983 0.3478048916393028 51
1712345392406 0.24449785258259116 52
1712345448254 0.3186119173629425 53
1712345508907 0.2967107468675108 54
1712345570122 0.3006917487798437 55
1712345630954 0.3120793344051756 56
1712345691591 0.24691993639200055 57
1712345747343 0.25174744298483354 58
1712345803121 0.17940879395948528 59
1712345859125 0.2849289118252477 60
1712345915111 0.3777159492057022 61
1712345981970 0.2068093928113331 62
1712346037954 0.34302335418161867 63
1712346098995 0.4050991186306245 64
1712346159841 0.19615243526801784 65
1712346215799 0.23772590300138055 66
1712346271759 0.2622656661103249 67
1712346328161 0.2882616365841818 68
1712346384198 0.23439834829839712 69
1712346440000 0.27158426518326373 70
1712346495836 0.275899756045513 71
1712346551626 0.3172311768103337 72
1712346607718 0.2384347384971871 73
1712346663604 0.10078931420719753 74
1712346720102 0.14092596717523267 75
1712346776173 0.30299350730730995 76
1712346832266 0.3254975272272901 77
1712346888399 0.2721103011799745 78
1712346944360 0.24099216873086765 79
1712347000444 0.25311637688426114 80
1712347056495 0.3190793421197825 81
1712347112901 0.3665361043903715 82
1712347168709 0.3406383418936849 83
1712347224589 0.2940522657005473 84
1712347280756 0.3237198272793967 85
1712347336644 0.3492202407270275 86
1712347398009 0.4477947248891102 87
1712347464917 0.38222561401800953 88
1712347525974 0.3377939606375918 89
1712347586874 0.3761761262434274 90
1712347647964 0.2884745344542659 91
1712347703673 0.43615157655784986 92
1712347764650 0.32705742895500445 93
1712347820396 0.40908512164455724 94
1712347881536 0.41611924470682815 95
1712347942309 0.3037408660007662 96
1712347998081 0.4134053807397201 97
1712348059167 0.36466927875601374 98
1712348120195 0.37114492483560124 99
1712348185965 0.3652090785809017 100
1712348246950 0.4425622678252794 101
1712348308721 0.4000178079296486 102
1712348369899 0.3753590586164133 103
1712348430563 0.2868933996805918 104
1712348486223 0.428582145142977 105
1712348541867 0.36189545807121565 106
1712348597638 0.42223571902843227 107
1712348659478 0.2865899852552871 108
1712348715289 0.294444158635498 109
1712348771212 0.43192187831410667 110
1712348827021 0.29856546637785825 111
1712348882944 0.4255584020970435 112
1712348943955 0.3746108432246146 113
1712348999885 0.3069725922287766 114
1712349056427 0.41578481454720256 115
1712349117524 0.43037130712128496 116
1712349173287 0.44942300530426627 117
1712349234540 0.3171162090916338 118
1712349290381 0.3093153743264237 119
1712349346073 0.30183737901639235 120
1712349401992 0.4721354285051107 121
1712349457832 0.33466991845414645 122
1712349513701 0.4185714254032302 123
1712349569491 0.3702162146467214 124
1712349625407 0.3688757854926869 125
1712349681329 0.4144764994813539 126
1712349737147 0.3768511434107208 127
1712349793255 0.3817084696162125 128
1712349848985 0.3907340329022884 129
1712349904611 0.47332988499870626 130
1712349970809 0.36343650994875065 131
1712350026505 0.37478431158172487 132
1712350082475 0.42657587476665637 133
1712350143603 0.3898099526247148 134
1712350204792 0.3754511201183893 135
1712350260738 0.42731659223248264 136
1712350321861 0.48021712314800685 137
1712350382820 0.42634766455630624 138
1712350444090 0.5431134941602354 139
1712350505144 0.4054723323632624 140
1712350561665 0.33345480334957905 141
1712350617707 0.4711999108908678 142
1712350673553 0.42982540555167603 143
1712350729565 0.48776360127613394 144
1712350795794 0.42775745623324435 145
1712350856905 0.46826831436870564 146
1712350917952 0.4590250784080542 147
1712350979192 0.39386819882039864 148
1712351035308 0.4011098669722715 149
1712351096420 0.3324210073606657 150
1712351152555 0.43151405241256907 151
1712351208718 0.32080009254429576 152
1712351264429 0.4699160301067039 153
1712351326024 0.4079392389082145 154
1712351381940 0.33118879297102366 155
1712351437896 0.3651746693311668 156
1712351493785 0.3715669907382385 157
1712351549864 0.4653660319459471 158
1712351605697 0.40081588526315715 159
1712351661721 0.41466783672866925 160
1712351717923 0.44203173653486005 161
1712351774075 0.3429556526904676 162
1712351830214 0.4857493991851116 163
1712351886408 0.2665285209814158 164
1712351942116 0.4294681659897279 165
1712351998023 0.4936364270048522 166
1712352053859 0.5113130992041919 167
1712352110220 0.4035638023004692 168
1712352166239 0.49440482032820493 169
1712352222245 0.3359356553205306 170
1712352278156 0.3611247115417771 171
1712352334147 0.4040998725744974 172
1712352390396 0.3943427595170629 173
1712352446332 0.47802367647114186 174
1712352502466 0.41503031931286954 175
1712352558507 0.4688722933606947 176
1712352614436 0.49222618681729224 177
1712352670429 0.4602986094536889 178
1712352731482 0.3160927207133678 179
1712352787279 0.5000250472513005 180
1712352843203 0.5017713335065017 181
1712352904787 0.40590535160176505 182
1712352960670 0.5127874476406074 183
1712353021871 0.5449236119873156 184
1712353083135 0.4136460917980055 185
1712353138914 0.49855734944183017 186
1712353199765 0.42939022693197093 187
1712353255897 0.3824475099292991 188
1712353311746 0.4806230515176455 189
1712353367511 0.4785484588836157 190
1712353423316 0.4323628748757067 191
1712353479266 0.4889286060712392 192
1712353540631 0.48827626637785765 193
1712353607373 0.5582032338403126 194
1712353668521 0.47950729815881954 195
1712353729510 0.466397635032907 196
1712353785562 0.4777241162448846 197
1712353846846 0.48818144024307913 198
1712353907924 0.5320755764859013 199
1712353974133 0.3666113013543099 200
1712354029943 0.5086113095324531 201
1712354091314 0.35195514291805724 202
1712354147380 0.40502431687121127 203
1712354203291 0.44373887770475373 204
1712354259390 0.38321054664299076 205
1712354315312 0.47703362805565186 206
1712354371198 0.40313746354249563 207
1712354426959 0.41176754495799506 208
1712354482789 0.4151571549294453 209
1712354538586 0.4383408711289428 210
1712354594353 0.40328148978517303 211
1712354650223 0.5481737922004828 212
1712354711366 0.47676450764170963 213
1712354767030 0.4106781488813116 214
1712354822846 0.5753405904249256 215
1712354878582 0.4578811619667412 216
1712354934195 0.4134400662113129 217
1712354990019 0.41340509507563133 218
1712355045736 0.3570793698464802 219
1712355101492 0.537036886873932 220
1712355157609 0.5932405152298825 221
1712355213421 0.5582444367907875 222
1712355269168 0.5244234129461125 223
1712355330403 0.38482815263517667 224
1712355386197 0.4288792283534605 225
1712355442013 0.5228554930922205 226
1712355497825 0.5934030043774801 227
1712355559156 0.48168877542331084 228
1712355614923 0.5174443073050701 229
1712355675626 0.4199516338354129 230
1712355731320 0.44022426968493794 231
1712355787055 0.3282344706338237 232
1712355842732 0.42314786685458927 233
1712355898420 0.42896874391809214 234
1712355954649 0.5565454035083364 235
1712356010604 0.4484278251147338 236
1712356066530 0.5565532115779008 237
1712356127570 0.5077491531368754 238
1712356183491 0.4697474358177659 239
1712356239358 0.5535071812135891 240
1712356295121 0.5259061113870385 241
1712356356645 0.5208052151763328 242
1712356417971 0.3901448251514533 243
1712356473535 0.5033909507798551 244
1712356529187 0.5584175607874213 245
1712356590087 0.448956082777598 246
1712356645808 0.5141528898844215 247
1712356702038 0.4151204917161725 248
1712356758029 0.41346948173705883 249
1712356819015 0.5546324369152119 250
1712356874934 0.43689125233493803 251
1712356930918 0.46383506279445263 252
1712356986740 0.4303624446900661 253
1712357042608 0.4550555539100689 254
1712357098733 0.5243142880856813 255
1712357154621 0.5050633471274041 256
1712357210475 0.5331311707160632 257
1712357266175 0.441571739268958 258
1712357321948 0.4742316535103378 259
1712357377603 0.4356271278335765 260
1712357433270 0.41806255668042475 261
1712357489417 0.433498168616928 262
1712357545331 0.5757411543729541 263
1712357601271 0.5001454475592872 264
1712357657000 0.5517718871874909 265
1712357712789 0.38291836342278485 266
1712357768667 0.5564515056204731 267
1712357824571 0.4934179206986583 268
1712357880406 0.47526368445554346 269
1712357936864 0.5583902246824083 270
1712357997921 0.5322445821308641 271
1712358059116 0.4559277972812025 272
1712358114857 0.47954170683839115 273
1712358170756 0.5119537919518378 274
1712358226625 0.44828208444588213 275
1712358282702 0.46765871429581835 276
1712358338759 0.4188928220473026 277
1712358394632 0.5025651811898758 278
1712358450635 0.5035366372814759 279
1712358506552 0.5074292792237463 280
1712358562408 0.4991702990938438 281
1712358618373 0.5008560054561969 282
1712358674139 0.5120091338201279 283
1712358730245 0.4688339458475978 284
1712358786040 0.5707818995255033 285
1712358846865 0.5376616527650114 286
1712358907912 0.5427929701605066 287
1712358968791 0.5269770530050766 288
1712359029843 0.4134780551513807 289
1712359085858 0.5158922478219203 290
1712359141809 0.42555201931541065 291
1712359197669 0.5035278208265355 292
1712359253528 0.5626270770955996 293
1712359309535 0.6229417432295492 294
1712359375508 0.4673657937691457 295
1712359431759 0.524639382290118 296
1712359487921 0.45731896970674907 297
1712359544005 0.5673507024625684 298
1712359600076 0.5074754574402609 299
1712359661189 0.4574634347034542 300
1712359716973 0.44061772413543526 301
1712359772813 0.41377722216395924 302
1712359829012 0.44502268377219284 303
1712359884966 0.6183066715189277 304
1712359940815 0.44595051164562133 305
1712359996566 0.4551017416839385 306
1712360052667 0.4387913770079878 307
1712360108606 0.46155469131914306 308
1712360164619 0.6300108723561245 309
1712360220832 0.5198955351347546 310
1712360276742 0.42370376775387336 311
1712360332714 0.5582517231814996 312
1712360388591 0.5105085732169878 313
1712360444649 0.494487018379583 314
1712360500664 0.5887465184899916 315
1712360556611 0.5694076071344273 316
1712360618274 0.5783083583388529 317
1712360679678 0.5284886226582433 318
1712360740764 0.4828988297943082 319
1712360796811 0.6162737343196036 320
1712360857749 0.5660949101967668 321
1712360918872 0.5921417765054293 322
1712360980437 0.5139188583186424 323
1712361036228 0.51825741114086 324
1712361091979 0.5529727431290169 325
1712361147727 0.5469689243369682 326
1712361203545 0.47934076233183803 327
1712361259319 0.6057628575813298 328
1712361320477 0.5198471550900816 329
1712361376297 0.459998203729853 330
1712361432280 0.5285337170055542 331
1712361488064 0.4282809251488707 332
1712361544123 0.4618361487994025 333
1712361600051 0.4086191305976983 334
1712361656010 0.5637111360987441 335
1712361712294 0.5456123229808192 336
1712361768168 0.5184339413050001 337
1712361824210 0.5445477627327984 338
1712361880176 0.500725354747227 339
1712361936377 0.4923067486605682 340
1712361992255 0.403631567285574 341
1712362048347 0.42508638248165825 342
1712362104817 0.4531784589129917 343
1712362160920 0.5586999595564519 344
1712362217010 0.47951926299082276 345
1712362272986 0.5732884870469077 346
1712362328854 0.5105616563412188 347
1712362384740 0.5095438131085233 348
1712362440527 0.6439708149464813 349
1712362506885 0.5830939965291998 350
1712362562796 0.4445661394765286 351
1712362618675 0.6373641608860081 352
1712362680088 0.41910960186873086 353
1712362736043 0.4868132228396113 354
1712362791836 0.5874299732570994 355
1712362848101 0.40309703973534966 356
1712362904145 0.46945403908140476 357
1712362960085 0.6518105939982193 358
1712363021247 0.5685088288035851 359
1712363077145 0.5450255727043575 360
1712363132983 0.497114705184898 361
1712363188964 0.4805271515438432 362
1712363245124 0.553310000047284 363
1712363301009 0.5516408780861118 364
1712363356810 0.5459874279814104 365
1712363412541 0.5000032081907185 366
1712363468317 0.5065713529451422 367
1712363524128 0.566105481225669 368
1712363580007 0.5420738939857577 369
1712363636128 0.513440875938933 370
1712363692042 0.514860944014083 371
1712363747907 0.40033476984565525 372
1712363803852 0.5365328929482356 373
1712363859731 0.5712041474024883 374
1712363915747 0.5661013002041986 375
1712363971779 0.5977318522447226 376
1712364028010 0.533878657061446 377
1712364083983 0.5397744296242672 378
1712364139938 0.5966253601610466 379
1712364200962 0.48724097937603006 380
1712364256952 0.7094190060169507 381
1712364318160 0.6771337839393172 382
1712364379517 0.6273701319484095 383
1712364440648 0.6417177739817246 384
1712364501706 0.5137550498421942 385
1712364557472 0.48473317753071 386
1712364613407 0.6449233701409027 387
1712364669341 0.5208927069021951 388
1712364725208 0.5722287516591769 389
1712364781626 0.48514666500587333 390
1712364837420 0.5211753160050994 391
1712364893286 0.5532998276184414 392
1712364949200 0.4647145754493216 393
1712365005288 0.48199433192059027 394
1712365061117 0.5102204967003037 395
1712365117019 0.4387765042968253 396
1712365173356 0.47016162533117345 397
1712365229397 0.5200890359039865 398
1712365285500 0.5681932149745963 399
1712365346809 0.47377927956615584 400
1712365402757 0.5717601576228949 401
1712365458642 0.47698833946155994 402
1712365514830 0.4207414947756692 403
1712365570852 0.42663036857731274 404
1712365626842 0.5323376662603785 405
1712365682977 0.43807091801152553 406
1712365739037 0.6100099275899171 407
1712365795289 0.6377653659955536 408
1712365851270 0.5408545469132877 409
1712365907750 0.5063557809428741 410
1712365963804 0.5340276230343275 411
1712366019870 0.4825651643050645 412
1712366075774 0.4673565916182292 413
1712366131748 0.3898096985189107 414
1712366187519 0.46523570813654563 415
1712366243524 0.4598249022686799 416
1712366299367 0.6087642844391102 417
1712366355668 0.5275235585058891 418
1712366411641 0.5072569471684109 419
1712366467611 0.5687105476976438 420
1712366523437 0.562419380052046 421
1712366579266 0.6058992248639716 422
1712366635338 0.4877617304656691 423
1712366691337 0.5220921012153976 424
1712366747702 0.37846245111023746 425
1712366803697 0.6085855108055556 426
1712366859649 0.4287660340191225 427
1712366915517 0.5696261099422469 428
1712366971289 0.4968668179642411 429
1712367027193 0.4761315656960391 430
1712367083161 0.4710082527493835 431
1712367139249 0.5311136863925714 432
1712367195067 0.5876282066534833 433
1712367250883 0.49343903178903126 434
1712367306764 0.5691787933839295 435
1712367362518 0.4415221355433629 436
1712367418317 0.6068834315202445 437
1712367474233 0.6321324319034927 438
1712367530053 0.584493416955962 439
1712367586042 0.5736509455694365 440
1712367641970 0.5943434917516724 441
1712367698110 0.5323028423758775 442
1712367754023 0.631995545872284 443
1712367809947 0.5024975280843744 444
1712367865747 0.5342341956558354 445
1712367921729 0.5835783092979397 446
1712367978010 0.5144465574944348 447
1712368033933 0.6127001974375019 448
1712368089866 0.5864877256267087 449
1712368151054 0.4978413611461049 450
1712368206805 0.533864146465385 451
1712368262767 0.6196979440768262 452
1712368318735 0.5598579548046295 453
1712368375020 0.5949434902940551 454
1712368430921 0.5734319491116382 455
1712368486842 0.6277062497508914 456
1712368542735 0.53733676338907 457
1712368598570 0.6367088385028394 458
1712368654520 0.46201083766972983 459
1712368710363 0.5440465452795097 460
1712368766396 0.5271385681349401 461
1712368822703 0.5203819932449402 462
1712368878540 0.5462544997393423 463
1712368934318 0.6427034608822801 464
1712368990271 0.5002081556850494 465
1712369046190 0.5333444049542653 466
1712369102062 0.5652848701696565 467
1712369157904 0.5717942439575547 468
1712369213847 0.6587520014155721 469
1712369269649 0.5753538000380674 470
1712369325529 0.5777414805201577 471
1712369381237 0.4034852328519286 472
1712369437000 0.6326689834058636 473
1712369492693 0.48802508553003643 474
1712369548435 0.6368627947390769 475
1712369604553 0.582582197500948 476
1712369660361 0.620356245719601 477
1712369716218 0.5431488581269752 478
1712369772287 0.5153932917349594 479
1712369828295 0.5889046818685709 480
1712369884264 0.635500576150599 481
1712369940104 0.5170015113856047 482
1712369996147 0.4626713748887028 483
1712370051954 0.6621139665157244 484
1712370113032 0.5521056209627179 485
1712370168835 0.43665359862996156 486
1712370224644 0.651645211440147 487
1712370285698 0.5200408846550151 488
1712370341477 0.560584385108853 489
1712370397348 0.5701781569949101 490
1712370453439 0.5340231657515025 491
1712370509293 0.5710438306684973 492
1712370565229 0.49132678242634475 493
1712370621118 0.42250526375641523 494
1712370676995 0.5341290865683239 495
1712370733098 0.5821961421116975 496
1712370789025 0.6734546444358225 497
1712370850500 0.5025632778006243 498
1712370906375 0.4926424582418285 499
1712370967460 0.6097269480856372 500
1712371023441 0.5843929325338215 501
1712371079236 0.6601931498899081 502
1712371135565 0.5360401615107352 503
1712371191408 0.4402520329504777 504
1712371247569 0.5853467233283434 505
1712371303530 0.5496517272188381 506
1712371359531 0.5521511289376301 507
1712371415452 0.5256653170673945 508
1712371471537 0.5811729669220808 509
1712371527570 0.6288399805451814 510
1712371583384 0.5920278514062216 511
1712371639477 0.4589549820839685 512
1712371695512 0.6135945755474981 513
1712371751317 0.4137579936026546 514
1712371807075 0.7004267967154445 515
1712371863035 0.5714008702532777 516
1712371919074 0.47352008096649967 517
1712371975095 0.6052297939039845 518
1712372031165 0.6945068484957896 519
1712372087185 0.4964624642898564 520
1712372143247 0.532937196484168 521
1712372199253 0.46991791092966884 522
1712372255286 0.5599350498690975 523
1712372311322 0.48321445193849266 524
1712372367417 0.5192826254694027 525
1712372423294 0.6308988575145698 526
1712372479252 0.6016277720687111 527
1712372535152 0.6825853840123961 528
1712372591235 0.5593114868565917 529
1712372647037 0.4441366852395544 530
1712372702874 0.5780811269298357 531
1712372758590 0.6435968517617121 532
1712372814290 0.6720912549511868 533
1712372870202 0.616284273371306 534
1712372931088 0.4878015710247807 535
1712372987029 0.4215897568578933 536
1712373043061 0.6183746783834467 537
1712373099296 0.5908705674541078 538
1712373155406 0.5115181646461022 539
1712373211477 0.5417742591006216 540
1712373267556 0.49483438578304867 541
1712373323586 0.5239057283317089 542
1712373379459 0.42641071619670917 543
1712373435479 0.5457086488331945 544
1712373491957 0.604432259551829 545
1712373547901 0.5381746431435266 546
1712373603782 0.5747846175221479 547
1712373659769 0.5587018638967012 548
1712373715652 0.6298315605458383 549
1712373776664 0.5572998303648784 550
1712373832671 0.603980913214892 551
1712373888882 0.6285191549712776 552
1712373944683 0.5241126480810823 553
1712374000459 0.6323813262536362 554
1712374056422 0.5803531371677783 555
1712374112171 0.6203475736078803 556
1712374168112 0.4402182943847385 557
1712374224062 0.6370247428935059 558
1712374280501 0.5618293049954233 559
1712374336435 0.5902197264193485 560
1712374392332 0.5212324989169321 561
1712374448222 0.5931684304111461 562
1712374504031 0.5272398513328629 563
1712374560228 0.49647411323397306 564
1712374616207 0.5650222513093607 565
1712374672238 0.5412905004037692 566
1712374728307 0.5791365909044516 567
1712374784326 0.6514241555748058 568
1712374840240 0.4934771642900117 569
1712374896102 0.5473387976291036 570
1712374951996 0.6052391775872785 571
1712375007841 0.5480948577174697 572
1712375063867 0.6390368980423825 573
1712375119794 0.6647985979965789 574
1712375175852 0.643748904294124 575
1712375236974 0.6238622084863656 576
1712375298100 0.651660008501801 577
1712375364069 0.6171484361684776 578
1712375425449 0.6877067655785951 579
1712375486560 0.4832849438106714 580
1712375542465 0.5834547039327264 581
1712375598513 0.5137590131909382 582
1712375654285 0.5989910369389365 583
1712375710314 0.4790816644928078 584
1712375766669 0.43491202173681753 585
1712375822586 0.5674985786771789 586
1712375878364 0.6320331816938285 587
1712375934206 0.5420747743932899 588
1712375990201 0.623693060003615 589
1712376046350 0.5883877642764364 590
1712376102332 0.6538435371024418 591
1712376158647 0.672788755476259 592
1712376214801 0.4735757233034535 593
1712376270854 0.6412856088414867 594
1712376326896 0.5085831368147247 595
1712376382760 0.5549584431089606 596
1712376438642 0.5418010007881959 597
1712376494613 0.5059380753224166 598
1712376550636 0.5766760861406802 599
