1711809255155 0.017216302892726732 0
1711809270970 0.04584776850392928 1
1711809286941 0.033612102406801306 2
1711809303866 0.0288399693355822 3
1711809320442 0.034436268132426874 4
1711809336880 0.040946611570319084 5
1711809353139 0.03736281303781472 6
1711809369668 0.0388029604335737 7
1711809386107 0.04595788154422191 8
1711809403208 0.027015151423817454 9
1711809410099 0.052628033689078604 10
1711809421435 0.03559183556234882 11
1711809433024 0.04622795297392014 12
1711809449500 0.05117569506542493 13
1711809461123 0.04439867835664683 14
1711809472868 0.055791520155298785 15
1711809489385 0.043929685514439716 16
1711809506392 0.024061821244493162 17
1711809513109 0.04770389545302896 18
1711809524730 0.021423600945711052 19
1711809531414 0.051278032817609016 20
1711809538229 0.04246905502426665 21
1711809550381 0.05837926309778447 22
1711809567273 0.05533300023840562 23
1711809579686 0.027161155408990965 24
1711809586574 0.05112387690907087 25
1711809593134 0.05366397755190032 26
1711809604988 0.05323375692513329 27
1711809616765 0.0460938802559479 28
1711809633097 0.04866677139267457 29
1711809649929 0.040633205611561966 30
1711809657166 0.0 31
1711809664091 0.027401825515383983 32
1711809670866 0.04624388287583278 33
1711809677619 0.05815595166433521 34
1711809689179 0.025254648143308488 35
1711809696003 0.05187473342278133 36
1711809702569 0.0354100314220298 37
1711809709670 0.030667306325339268 38
1711809716821 0.054120911314834465 39
1711809723627 0.038295302625042854 40
1711809730699 0.05384211426145275 41
1711809737227 0.06089320058277929 42
1711809748673 0.053704951778679004 43
1711809760488 0.05289760090326893 44
1711809772055 0.05505016168700649 45
1711809784023 0.046598592005059516 46
1711809795529 0.06001460990809008 47
1711809807012 0.05459510204180459 48
1711809818941 0.002042054988002927 49
1711809827392 0.06443949419781557 50
1711809833997 0.043885814340956765 51
1711809840916 0.044195327654689844 52
1711809848152 0.039572069164694676 53
1711809854853 0.05553613558715031 54
1711809861749 0.05406450710152496 55
1711809868318 0.047573434777771303 56
1711809874878 0.05882311085106576 57
1711809881562 0.05873416865699124 58
1711809893449 0.04656500578898292 59
1711809900351 0.058434168349156 60
1711809912541 0.03848317965887119 61
1711809919111 0.04988279466230087 62
1711809925928 0.04358500861857169 63
1711809932798 0.0492994828146546 64
1711809939447 0.0497229260174009 65
1711809946192 0.032060342391287196 66
1711809953100 0.05049111386327799 67
1711809959925 0.0500015006306677 68
1711809967224 0.04576990218701774 69
1711809973996 0.0643701505489032 70
1711809981034 0.049444041793499455 71
1711809988017 0.04976825152201155 72
1711809994847 0.05120293475391688 73
1711810001857 0.04944254223458381 74
1711810008637 0.05486930312344133 75
1711810020380 0.054000477809221695 76
1711810037458 0.05378028333844182 77
1711810052670 0.06011483796623784 78
1711810064437 0.0506523296906986 79
1711810071083 0.019425047331847575 80
1711810077682 0.056280567699078916 81
1711810084525 0.049175462584928026 82
1711810091191 0.04760160607344674 83
1711810098243 0.06553226863101841 84
1711810104872 0.06399405359049394 85
1711810116637 0.05821848806783518 86
1711810128498 0.03362327796652998 87
1711810135196 0.05540974413718101 88
1711810141934 0.0326801930208426 89
1711810148469 0.07298825871373492 90
1711810155010 0.08873445657515658 91
1711810167015 0.06553208155866762 92
1711810178660 0.06198604580348811 93
1711810190249 0.105461963389029 94
1711810201893 0.06759927682090165 95
1711810213348 0.06184042971538649 96
1711810219805 0.10048051899119569 97
1711810231382 0.1369419202099286 98
1711810243710 0.07426445841691123 99
1711810260210 0.10276833624354315 100
1711810271915 0.11950665047197305 101
1711810283760 0.14098984255208002 102
1711810295464 0.12980454466556576 103
1711810307066 0.08994931396733521 104
1711810314030 0.02944936242537312 105
1711810320787 0.11215379532494593 106
1711810332600 0.09274571857129019 107
1711810339289 0.0867481688744379 108
1711810346161 0.1122383087425741 109
1711810352824 0.11425646382015119 110
1711810364310 0.09495734006345588 111
1711810376569 0.10563977364774678 112
1711810388299 0.09718299121994194 113
1711810399813 0.13004181179373886 114
1711810411306 0.10547751601172504 115
1711810423093 0.06223626051716364 116
1711810429860 0.09155092063981944 117
1711810436704 0.10582483905908643 118
1711810443734 0.08426130475430443 119
1711810450411 0.1404860300936013 120
1711810462185 0.10291312279054511 121
1711810473963 0.11239379696046686 122
1711810485469 0.16188145296401624 123
1711810501932 0.09078569596511409 124
1711810508730 0.12984103813614972 125
1711810520899 0.08759225375478402 126
1711810527776 0.14164334620058036 127
1711810544252 0.10533348428316633 128
1711810550840 0.1104627352441245 129
1711810557607 0.09933051690157998 130
1711810564473 0.08050579929776785 131
1711810571212 0.12297276771268371 132
1711810578541 0.12241869876877441 133
1711810585543 0.12793041603379554 134
1711810597177 0.14581007843264168 135
1711810609046 0.12506996525114797 136
1711810620724 0.13573848203027752 137
1711810632372 0.09152697763313082 138
1711810639427 0.06813171001735832 139
1711810646017 0.06204852766209604 140
1711810652664 0.12394482346932029 141
1711810659257 0.1337756260363819 142
1711810666063 0.14248490175859477 143
1711810672806 0.14217034897199055 144
1711810679566 0.1262848841338424 145
1711810686300 0.12066164944964901 146
1711810698505 0.11976926837426437 147
1711810710165 0.15519241631999903 148
1711810726618 0.11636082944039039 149
1711810738531 0.15786970983026657 150
1711810750348 0.14124552258640416 151
1711810762252 0.1385526688818872 152
1711810774369 0.15631585186589694 153
1711810786206 0.14281897371572957 154
1711810798370 0.1684460158072571 155
1711810810451 0.2138539121351626 156
1711810822434 0.12291293245541798 157
1711810829242 0.1192609772893679 158
1711810836480 0.13140890255258628 159
1711810843278 0.043327502937144644 160
1711810850079 0.17682225696477694 161
1711810856934 0.15049207593154879 162
1711810863863 0.1821255759029451 163
1711810871020 0.14482890295820286 164
1711810877789 0.15790528904362036 165
1711810884501 0.10671734208842465 166
1711810891653 0.13303090350160798 167
1711810898498 0.10876336573712304 168
1711810905265 0.1644292781431426 169
1711810911997 0.1707031949495924 170
1711810918947 0.15613904082077232 171
1711810925817 0.12603439440030656 172
1711810932516 0.16975340599550537 173
1711810944330 0.11329909166153408 174
1711810951512 0.10336895699460034 175
1711810958145 0.06458668904874784 176
1711810964884 0.15538109742961945 177
1711810971492 0.13523220324616353 178
1711810978554 0.17282509551456163 179
1711810985419 0.19328599870699795 180
1711810997022 0.07064574304726237 181
1711811003649 0.23136112435969483 182
1711811015756 0.18724985390003118 183
1711811032335 0.19634310330126725 184
1711811043892 0.12993167922717117 185
1711811050461 0.15806066529138058 186
1711811057065 0.1935220758761649 187
1711811068829 0.1547935644933367 188
1711811075765 0.14434261558305178 189
1711811082631 0.1940337736584929 190
1711811094543 0.13346515771323358 191
1711811101449 0.16172206805842154 192
1711811108132 0.13224699017991204 193
1711811114933 0.12534199817383535 194
1711811121654 0.16890773601648498 195
1711811128472 0.1860437816668004 196
1711811135963 0.16780523542484652 197
1711811142891 0.14115109117597663 198
1711811149865 0.19169704993716236 199
1711811166827 0.13989216065870985 200
1711811173834 0.24423053190241106 201
1711811191325 0.17105173787277003 202
1711811203697 0.1911631734853016 203
1711811215958 0.16538114343862892 204
1711811222782 0.17209194279632362 205
1711811229611 0.1930157000113614 206
1711811241394 0.16267585055218498 207
1711811248161 0.17520740164335116 208
1711811254981 0.19828846922982593 209
1711811272238 0.20669665467359963 210
1711811283868 0.19955066590091966 211
1711811295521 0.1273546521240081 212
1711811302118 0.1992477850931014 213
1711811308735 0.17814405051836912 214
1711811315472 0.25495344474921444 215
1711811327906 0.1914802956212786 216
1711811339662 0.15367254200998504 217
1711811346427 0.13226692991109895 218
1711811353124 0.18814259681708542 219
1711811360033 0.13371274312920134 220
1711811366667 0.1842339814688937 221
1711811373550 0.21530663954472395 222
1711811385713 0.2061069230608221 223
1711811392471 0.2376516310985683 224
1711811409236 0.20880855859399639 225
1711811421076 0.21030271245448967 226
1711811432709 0.147060128326415 227
1711811439675 0.1599495446539395 228
1711811446341 0.19801691015221928 229
1711811453238 0.2073273213196701 230
1711811459744 0.20153063734930796 231
1711811466222 0.20421186481982706 232
1711811473071 0.2512074513633282 233
1711811485032 0.2529359608614838 234
1711811496478 0.25028003933124365 235
1711811508274 0.18475611791886204 236
1711811515470 0.2795966107261378 237
1711811527279 0.2606338023184247 238
1711811538625 0.16116427921827137 239
1711811545210 0.24990389256091078 240
1711811556838 0.2053182063032205 241
1711811563709 0.2888737849909156 242
1711811576062 0.2521047636304018 243
1711811587707 0.23393995364139503 244
1711811599626 0.1621721283988838 245
1711811606404 0.2281090430449429 246
1711811612997 0.2538893041238418 247
1711811619548 0.23430084559733155 248
1711811626243 0.19192618298361822 249
1711811638958 0.25735518369129834 250
1711811645730 0.2509825800815508 251
1711811657767 0.21082619897403412 252
1711811664663 0.21458547763204947 253
1711811671285 0.15563710288536628 254
1711811678129 0.2085203842512534 255
1711811684949 0.24937463954543554 256
1711811691841 0.2716763220860734 257
1711811699210 0.2562213795094255 258
1711811711159 0.232584800765046 259
1711811722906 0.24662716368514784 260
1711811734494 0.2252099146170141 261
1711811741190 0.27543245787337567 262
1711811753177 0.17280246245777342 263
1711811760303 0.2781969513323489 264
1711811766896 0.19445323608987275 265
1711811773650 0.16607315946914983 266
1711811780299 0.1620837754887337 267
1711811787092 0.30228839476341063 268
1711811793795 0.219610064331273 269
1711811800601 0.27979423472452897 270
1711811807343 0.14756116717800377 271
1711811814246 0.2569907055476632 272
1711811821757 0.28247623982400605 273
1711811828612 0.22993608748248714 274
1711811835249 0.3013885615497854 275
1711811846990 0.27010557460882184 276
1711811858801 0.2793964616039515 277
1711811870818 0.10211239685839377 278
1711811877661 0.21326933801354978 279
1711811884794 0.21715175757299662 280
1711811891496 0.233784064283105 281
1711811898415 0.28309021612079605 282
1711811904943 0.15656783933425358 283
1711811911698 0.2454076185214421 284
1711811918536 0.25044612345636974 285
1711811925257 0.21292997508618788 286
1711811932067 0.23004255244209143 287
1711811939489 0.2864424801054441 288
1711811946211 0.2324989464437429 289
1711811953105 0.2684812721919643 290
1711811959866 0.2412113351333926 291
1711811966548 0.2325236479891598 292
1711811973237 0.24273846097539645 293
1711811979832 0.21358924457498077 294
1711811986666 0.2603873667014427 295
1711811993461 0.1951199583958174 296
1711812000643 0.19489717034154733 297
1711812007490 0.18048814366131266 298
1711812014231 0.19590275573495708 299
1711812026094 0.316622390238121 300
1711812032703 0.23264435069813874 301
1711812039309 0.26352266631830984 302
1711812046261 0.30872930869006737 303
1711812053116 0.26622023589831 304
1711812060245 0.3072994920140675 305
1711812072123 0.2947810124125501 306
1711812084091 0.2727171112513065 307
1711812096182 0.24917075999458818 308
1711812103288 0.236122424583967 309
1711812110011 0.2547485604847894 310
1711812117035 0.2734204321280855 311
1711812123796 0.3059002665205566 312
1711812135874 0.2640666804055416 313
1711812147789 0.2479353489965321 314
1711812154705 0.2620840737175914 315
1711812166528 0.3597833639315669 316
1711812183660 0.27004729025424856 317
1711812190462 0.23862901380579934 318
1711812197300 0.3601317306940012 319
1711812209218 0.2700704072751318 320
1711812216017 0.2686504572963411 321
1711812222756 0.23413662888690082 322
1711812229418 0.23330731901242646 323
1711812236225 0.2525673894402498 324
1711812243319 0.2547472730795316 325
1711812250092 0.3438180862291368 326
1711812262076 0.254048163599944 327
1711812268816 0.3064268153003752 328
1711812275707 0.3301024759504961 329
1711812287580 0.2924081532332496 330
1711812299457 0.2627038622519912 331
1711812306653 0.31864875569676765 332
1711812318473 0.26213376155200463 333
1711812325395 0.29602580871769296 334
1711812332239 0.2240020338208837 335
1711812339138 0.21979800778478548 336
1711812346006 0.3251879207452741 337
1711812352676 0.37272888892368977 338
1711812365097 0.3502812764012055 339
1711812377061 0.266225928478636 340
1711812383722 0.34559770822112157 341
1711812395598 0.3807584052711351 342
1711812407457 0.2817618695709243 343
1711812414294 0.22448816812682074 344
1711812421774 0.35441411108650556 345
1711812428608 0.278344120999468 346
1711812435426 0.29437883098155493 347
1711812442073 0.30044909103318634 348
1711812448832 0.26577462340155106 349
1711812460542 0.45072640136977515 350
1711812477341 0.4139904458757405 351
1711812489423 0.21891300303755862 352
1711812496011 0.34520465541067413 353
1711812502866 0.3770879060782343 354
1711812509672 0.2969163252527318 355
1711812516504 0.2512898227773766 356
1711812523175 0.3596146312359038 357
1711812530160 0.3013991754221176 358
1711812536978 0.349876228277138 359
1711812544275 0.3431164616529561 360
1711812556378 0.3973683145754682 361
1711812568381 0.36706994664232906 362
1711812580271 0.25372563720510405 363
1711812586993 0.3478981827369398 364
1711812593752 0.2938846734528803 365
1711812600431 0.26124690411853413 366
1711812607684 0.3462474981170673 367
1711812614511 0.41897890838117596 368
1711812621166 0.38475985201677126 369
1711812633022 0.3676699764266743 370
1711812644862 0.3727474665114201 371
1711812656499 0.24101392705304384 372
1711812663624 0.3399675476922598 373
1711812675447 0.30757779482264297 374
1711812682277 0.2679786789795312 375
1711812689108 0.3386889292858593 376
1711812695836 0.3459623917112355 377
1711812702469 0.2726327112447979 378
1711812709272 0.29590156456885375 379
1711812716258 0.2858141084209413 380
1711812723017 0.3615911685900359 381
1711812729675 0.3899484232040622 382
1711812736371 0.33567307494274873 383
1711812743384 0.35977459751092505 384
1711812750109 0.34195542870220286 385
1711812756831 0.3378142399453318 386
1711812763571 0.3029932131295346 387
1711812770490 0.41247033858601184 388
1711812777383 0.29023157760897156 389
1711812784409 0.30213436333948424 390
1711812791432 0.3818856624085862 391
1711812798500 0.30794117658696685 392
1711812805398 0.3515331098222154 393
1711812812224 0.2830966345447906 394
1711812818991 0.45390556847150304 395
1711812831440 0.26205757630558474 396
1711812838328 0.31284306968011294 397
1711812845161 0.3448357776861275 398
1711812852268 0.3738843339956377 399
1711812864382 0.39701731646955984 400
1711812876305 0.3383322689481562 401
1711812883206 0.39746955698286224 402
1711812900715 0.35785247380153595 403
1711812912566 0.3743771155480834 404
1711812924578 0.30510768369531455 405
1711812931501 0.3496863906858201 406
1711812943419 0.3385292713282607 407
1711812950703 0.3536768044829116 408
1711812957510 0.2638915620784063 409
1711812964437 0.3828895302592202 410
1711812971288 0.2745845307697107 411
1711812977985 0.37565879557011983 412
1711812984852 0.3366101211097885 413
1711812991403 0.37114626305142134 414
1711812998256 0.26761900400753164 415
1711813005211 0.3556400673822152 416
1711813012450 0.41394880052747757 417
1711813024111 0.27877226255722287 418
1711813030869 0.33765245702886193 419
1711813037541 0.43889211290332686 420
1711813044431 0.37344920743399346 421
1711813051359 0.3615310137588639 422
1711813063317 0.33738040352317156 423
1711813070429 0.3878426986556048 424
1711813082179 0.3504652007856779 425
1711813088810 0.4576319773471973 426
1711813100446 0.3656996060624134 427
1711813112022 0.3431755939918153 428
1711813118710 0.31908425325065914 429
1711813125457 0.3326574414190463 430
1711813132281 0.3636467851380291 431
1711813138972 0.27947815292407807 432
1711813145689 0.40141263294273555 433
1711813152372 0.23930958697146074 434
1711813159092 0.23475267665718683 435
1711813165740 0.4580502542253851 436
1711813172270 0.2232059037442797 437
1711813179102 0.26185348359720695 438
1711813185686 0.4235360695197124 439
1711813192746 0.3268848837657537 440
1711813199447 0.24332321078975935 441
1711813206149 0.3743918631320616 442
1711813212926 0.2962890181479433 443
1711813219625 0.4070043574019944 444
1711813226359 0.3181195020808999 445
1711813233142 0.39332662660214573 446
1711813239970 0.38369452457462 447
1711813246639 0.4000480609651437 448
1711813253707 0.44712025747232875 449
1711813265538 0.4864551296893556 450
1711813277671 0.36723674090653435 451
1711813284421 0.37553153733868905 452
1711813290986 0.32547759096748086 453
1711813297741 0.4387608241376518 454
1711813309617 0.3698128695840484 455
1711813316627 0.4181486258850092 456
1711813328446 0.47741928484609936 457
1711813340103 0.5050602523218101 458
1711813356904 0.40769048732786106 459
1711813368656 0.43866862268629486 460
1711813380596 0.38692884206316724 461
1711813387492 0.3776842266299105 462
1711813394199 0.4107556926118528 463
1711813401098 0.35764166141626874 464
1711813408005 0.3211311037101884 465
1711813414620 0.43461912086385224 466
1711813421390 0.46802885952795376 467
1711813427992 0.4935407156571949 468
1711813445236 0.40550514077098165 469
1711813452052 0.43700780388401916 470
1711813463773 0.411472631859326 471
1711813470331 0.29730116268888707 472
1711813477163 0.44511545606945063 473
1711813484059 0.3758114515607068 474
1711813490864 0.3546080155701871 475
1711813497651 0.40105255835506165 476
1711813504614 0.30305112221171043 477
1711813511233 0.4523115565238613 478
1711813517933 0.49387864036979856 479
1711813529845 0.24596439993186928 480
1711813536508 0.3104788064150699 481
1711813543092 0.2810323053260181 482
1711813549768 0.45803354658778406 483
1711813556692 0.3803845423489613 484
1711813564099 0.2674936529719044 485
1711813570775 0.39691328882376 486
1711813577745 0.34007496887228655 487
1711813584450 0.3498247169410871 488
1711813591194 0.33906314816432387 489
1711813597730 0.35395003899761546 490
1711813604510 0.44010277962796795 491
1711813611163 0.3649550208032642 492
1711813618302 0.3815871260959001 493
1711813625475 0.47790773160546485 494
1711813632037 0.3482395456897198 495
1711813638705 0.37111862337875784 496
1711813645392 0.4058430435279148 497
1711813652171 0.40204224436511066 498
1711813658854 0.40030617284938497 499
1711813670640 0.34639556689365225 500
1711813677345 0.37190020381334826 501
1711813684895 0.3652722082752208 502
1711813691568 0.5372039406730357 503
1711813698517 0.3971808423302916 504
1711813705462 0.3653911542366114 505
1711813712261 0.34155560884245806 506
1711813719021 0.39917059627194634 507
1711813725797 0.4418903474538685 508
1711813732452 0.43505224978988327 509
1711813739505 0.4332498117652203 510
1711813746380 0.3695102259665641 511
1711813753364 0.3523499200678265 512
1711813760051 0.40275082443128246 513
1711813766780 0.4609615549108431 514
1711813773426 0.46562761878770853 515
1711813779943 0.36119854657833084 516
1711813786583 0.48736305218822207 517
1711813793242 0.2925014088950328 518
1711813800778 0.34877072513914975 519
1711813807398 0.23856619458237088 520
1711813814127 0.4151369461724874 521
1711813820881 0.40995036313135574 522
1711813827614 0.4559211238749951 523
1711813834256 0.44092306692536154 524
1711813840968 0.43423101041478745 525
1711813847762 0.3142944774289888 526
1711813854285 0.38737993552554084 527
1711813861447 0.46476978650584216 528
1711813868222 0.4238357209999146 529
1711813874963 0.4514915502011273 530
1711813881666 0.41950156510127823 531
1711813888398 0.4610525641508178 532
1711813900225 0.40442212264557137 533
1711813906858 0.47808528506787046 534
1711813919279 0.4361634398236382 535
1711813931229 0.4238769804357859 536
1711813943286 0.3779137827830135 537
1711813949894 0.3487704158661416 538
1711813956620 0.40991380441973135 539
1711813963371 0.3838130473683839 540
1711813970189 0.37701394378733044 541
1711813976909 0.3853041414614967 542
1711813984392 0.3467890400931116 543
1711813991413 0.4730728793332574 544
1711813998372 0.415970294769304 545
1711814005057 0.3726968766462144 546
1711814011759 0.44864494802264276 547
1711814018334 0.36941868636326186 548
1711814024918 0.44998465713413677 549
1711814036528 0.4441735548857654 550
1711814043928 0.3199726378359229 551
1711814050892 0.3711849839604903 552
1711814057575 0.3302877194463472 553
1711814064394 0.2862886302500428 554
1711814071298 0.40222917126171953 555
1711814078172 0.4182877042456926 556
1711814084936 0.35727743504412146 557
1711814091734 0.483017884303395 558
1711814098832 0.452894796109042 559
1711814105550 0.44132860694019443 560
1711814112443 0.49947332719547444 561
1711814119234 0.2952573352086916 562
1711814126061 0.4206623765620402 563
1711814132706 0.36306383319339636 564
1711814139435 0.4666835329611914 565
1711814146219 0.4345650157900239 566
1711814152794 0.4382020576476301 567
1711814160075 0.36320840025010326 568
1711814166917 0.3636396615950951 569
1711814173766 0.3835947706523261 570
1711814180661 0.4075317359088665 571
1711814187292 0.4644258164405153 572
1711814194219 0.5004553956638489 573
1711814201253 0.35315583663687483 574
1711814208036 0.43288332701550136 575
1711814215431 0.509073986923207 576
1711814232925 0.40149188936318253 577
1711814239714 0.43109939746659026 578
1711814246819 0.5183874123026898 579
1711814258788 0.529855807978305 580
1711814270399 0.4256346196819921 581
1711814277213 0.40159830290278886 582
1711814284226 0.5142084921540421 583
1711814295889 0.47736967572163624 584
1711814307952 0.4825100943416482 585
1711814319771 0.4796244786402684 586
1711814331761 0.47912825803365655 587
1711814344084 0.5345339984215288 588
1711814355958 0.5745101296774637 589
1711814372867 0.4978119163812613 590
1711814384811 0.4859424880255865 591
1711814396563 0.5022179449006157 592
1711814408687 0.46412881024042496 593
1711814415276 0.5590184614947962 594
1711814427164 0.52034496219297 595
1711814439136 0.48139588891358137 596
1711814445796 0.3932370602194724 597
1711814452439 0.5105608695014462 598
1711814459203 0.4630853215765583 599
1711814471350 0.4802682979881308 600
1711814477983 0.4244875459279561 601
1711814484702 0.5112060309082468 602
1711814491585 0.48970301724580234 603
1711814498375 0.47799131723496247 604
1711814505151 0.37572867012027583 605
1711814511831 0.4860928426304879 606
1711814518511 0.4551902575829695 607
1711814525691 0.5216678175163105 608
1711814532486 0.4906064301494481 609
1711814539188 0.4859131594136586 610
1711814546012 0.5369252089523735 611
1711814552830 0.5157407907257443 612
1711814559612 0.5534170990539675 613
1711814571464 0.5116894589727327 614
1711814583277 0.4373437499522206 615
1711814590689 0.43939445429560064 616
1711814597315 0.41772822393039494 617
1711814603942 0.3998079656245199 618
1711814610742 0.4652799273321191 619
1711814617465 0.4933056217928121 620
1711814624197 0.49964332083461244 621
1711814631183 0.41748715045814244 622
1711814637956 0.4531131042824578 623
1711814645287 0.4224999560950899 624
1711814652203 0.5042101693887042 625
1711814659036 0.36550531595903996 626
1711814665970 0.44101359662899403 627
1711814672823 0.42121323636197805 628
1711814679438 0.49682600990831494 629
1711814686376 0.45013282220941986 630
1711814693291 0.44020110826796943 631
1711814700689 0.5181539696016484 632
1711814707472 0.43360951725147817 633
1711814714165 0.42378029841586845 634
1711814721035 0.4526503721285502 635
1711814727922 0.5442230363282582 636
1711814734973 0.45741252214765515 637
1711814741735 0.4758220132968546 638
1711814748571 0.49277841102355446 639
1711814761077 0.4689171400295637 640
1711814767909 0.5308197249297889 641
1711814774663 0.5547615050142074 642
1711814781468 0.5038997360122104 643
1711814788491 0.46212998381798176 644
1711814795299 0.5025400771924253 645
1711814802021 0.5179707900953058 646
1711814814089 0.5167080528940146 647
1711814821490 0.5175055545028209 648
1711814828387 0.41141202993873904 649
1711814840582 0.41412832602249783 650
1711814847572 0.4549700962995329 651
1711814854397 0.48368886415100004 652
1711814861256 0.5067261384808887 653
1711814868034 0.5563483821859277 654
1711814875142 0.47686352878613975 655
1711814882043 0.46830781669968174 656
1711814888829 0.5405968461207412 657
1711814895666 0.3931015669299592 658
1711814902453 0.4522647676816093 659
1711814909399 0.5337354926166592 660
1711814916193 0.5642130049370264 661
1711814923198 0.5858196972817338 662
1711814940706 0.5186915089136201 663
1711814952809 0.47801995385441615 664
1711814959838 0.5447226456943975 665
1711814971987 0.5763393661537054 666
1711814983846 0.46678336250147007 667
1711814990961 0.503980068678197 668
1711814998486 0.5473136102332543 669
1711815005267 0.6464326018037208 670
1711815015972 0.5047328060664267 671
1711815022710 0.6064900218471455 672
1711815039488 0.624877592131111 673
1711815051306 0.618637962644709 674
1711815063539 0.588404739011724 675
1711815075550 0.5062414644186172 676
1711815082408 0.5414413030702959 677
1711815089271 0.5991590280206531 678
1711815101430 0.6454066503099413 679
1711815118200 0.5262239664452362 680
1711815125240 0.5262184226522527 681
1711815132006 0.5293913295268492 682
1711815138853 0.6184976900934956 683
1711815145785 0.6250845328149087 684
1711815157943 0.605834589336978 685
1711815169797 0.6512439776978677 686
1711815186706 0.5819131338041115 687
1711815198319 0.570809816470785 688
1711815204983 0.6562275313359838 689
1711815216684 0.6356850049064886 690
1711815228448 0.5123333069242222 691
1711815235206 0.594656161749098 692
1711815242557 0.6156580180494801 693
1711815249404 0.6024259589737914 694
1711815256341 0.5361029244726488 695
1711815263088 0.5119765234386965 696
1711815270012 0.5267602794556298 697
1711815276871 0.4870651028301423 698
1711815283675 0.42100426421434484 699
1711815295702 0.4485939179012531 700
1711815302516 0.5080226057711643 701
1711815309538 0.5326721728091732 702
1711815316269 0.4756125103673314 703
1711815323350 0.6087087310553304 704
1711815330171 0.5382602250930242 705
1711815337153 0.564920624332733 706
1711815343887 0.586820028003784 707
1711815350941 0.4425593075387448 708
1711815357998 0.44745716710118966 709
1711815364916 0.6068797376949857 710
1711815371833 0.6044328900425628 711
1711815378623 0.6006457350398222 712
1711815385506 0.7011547724897711 713
1711815397181 0.42998273762740796 714
1711815404133 0.6114192626572053 715
1711815411410 0.5563055978388274 716
1711815418211 0.49802703644786356 717
1711815425217 0.42754090149276236 718
1711815432027 0.611554622986806 719
1711815438775 0.5454368349746141 720
1711815445712 0.6185201305743454 721
1711815457364 0.5389648101203643 722
1711815464497 0.5572654811711483 723
1711815471449 0.619164992145895 724
1711815478294 0.6317580548701306 725
1711815485045 0.4611009058716846 726
1711815491887 0.6145306913478348 727
1711815498824 0.41099677738256674 728
