1711809255136 0.017216302892726732 0
1711809270938 0.04584776850392928 1
1711809286931 0.033612102406801306 2
1711809303852 0.0288399693355822 3
1711809320427 0.034436268132426874 4
1711809336865 0.040946611570319084 5
1711809353130 0.03736281303781472 6
1711809369661 0.0388029604335737 7
1711809386080 0.04595788154422191 8
1711809403200 0.027015151423817454 9
1711809410091 0.052628033689078604 10
1711809421427 0.03559183556234882 11
1711809433016 0.04622795297392014 12
1711809449492 0.05117569506542493 13
1711809461111 0.04439867835664683 14
1711809472860 0.055791520155298785 15
1711809489374 0.043929685514439716 16
1711809506383 0.024061821244493162 17
1711809513101 0.04770389545302896 18
1711809524716 0.021423600945711052 19
1711809531399 0.051278032817609016 20
1711809538220 0.04246905502426665 21
1711809550362 0.05837926309778447 22
1711809567259 0.05533300023840562 23
1711809579671 0.027161155408990965 24
1711809586567 0.05112387690907087 25
1711809593128 0.05366397755190032 26
1711809604980 0.05323375692513329 27
1711809616756 0.0460938802559479 28
1711809633083 0.04866677139267457 29
1711809649921 0.040633205611561966 30
1711809657153 0.0 31
1711809664072 0.027401825515383983 32
1711809670858 0.04624388287583278 33
1711809677610 0.05815595166433521 34
1711809689171 0.025254648143308488 35
1711809695996 0.05187473342278133 36
1711809702561 0.0354100314220298 37
1711809709662 0.030667306325339268 38
1711809716814 0.054120911314834465 39
1711809723611 0.038295302625042854 40
1711809730679 0.05384211426145275 41
1711809737218 0.06089320058277929 42
1711809748659 0.053704951778679004 43
1711809760480 0.05289760090326893 44
1711809772046 0.05505016168700649 45
1711809784015 0.046598592005059516 46
1711809795514 0.06001460990809008 47
1711809807004 0.05459510204180459 48
1711809818914 0.002042054988002927 49
1711809827374 0.06443949419781557 50
1711809833990 0.043885814340956765 51
1711809840907 0.044195327654689844 52
1711809848137 0.039572069164694676 53
1711809854838 0.05553613558715031 54
1711809861741 0.05406450710152496 55
1711809868310 0.047573434777771303 56
1711809874865 0.05882311085106576 57
1711809881529 0.05873416865699124 58
1711809893442 0.04656500578898292 59
1711809900342 0.058434168349156 60
1711809912519 0.03848317965887119 61
1711809919103 0.04988279466230087 62
1711809925913 0.04358500861857169 63
1711809932791 0.0492994828146546 64
1711809939440 0.0497229260174009 65
1711809946184 0.032060342391287196 66
1711809953092 0.05049111386327799 67
1711809959888 0.0500015006306677 68
1711809967211 0.04576990218701774 69
1711809973989 0.0643701505489032 70
1711809981017 0.049444041793499455 71
1711809988011 0.04976825152201155 72
1711809994834 0.05120293475391688 73
1711810001850 0.04944254223458381 74
1711810008629 0.05486930312344133 75
1711810020372 0.054000477809221695 76
1711810037451 0.05378028333844182 77
1711810052664 0.06011483796623784 78
1711810064429 0.0506523296906986 79
1711810071077 0.019425047331847575 80
1711810077675 0.056280567699078916 81
1711810084518 0.049175462584928026 82
1711810091176 0.04760160607344674 83
1711810098235 0.06553226863101841 84
1711810104860 0.06399405359049394 85
1711810116623 0.05821848806783518 86
1711810128488 0.03362327796652998 87
1711810135190 0.05540974413718101 88
1711810141927 0.0326801930208426 89
1711810148461 0.07298825871373492 90
1711810155003 0.08873445657515658 91
1711810167006 0.06553208155866762 92
1711810178648 0.06198604580348811 93
1711810190236 0.105461963389029 94
1711810201885 0.06759927682090165 95
1711810213340 0.06184042971538649 96
1711810219798 0.10048051899119569 97
1711810231363 0.1369419202099286 98
1711810243700 0.07426445841691123 99
1711810260202 0.10276833624354315 100
1711810271908 0.11950665047197305 101
1711810283750 0.14098984255208002 102
1711810295456 0.12980454466556576 103
1711810307048 0.08994931396733521 104
1711810314023 0.02944936242537312 105
1711810320780 0.11215379532494593 106
1711810332592 0.09274571857129019 107
1711810339280 0.0867481688744379 108
1711810346154 0.1122383087425741 109
1711810352816 0.11425646382015119 110
1711810364297 0.09495734006345588 111
1711810376562 0.10563977364774678 112
1711810388293 0.09718299121994194 113
1711810399806 0.13004181179373886 114
1711810411293 0.10547751601172504 115
1711810423085 0.06223626051716364 116
1711810429853 0.09155092063981944 117
1711810436696 0.10582483905908643 118
1711810443728 0.08426130475430443 119
1711810450398 0.1404860300936013 120
1711810462178 0.10291312279054511 121
1711810473956 0.11239379696046686 122
1711810485461 0.16188145296401624 123
1711810501924 0.09078569596511409 124
1711810508721 0.12984103813614972 125
1711810520889 0.08759225375478402 126
1711810527770 0.14164334620058036 127
1711810544242 0.10533348428316633 128
1711810550819 0.1104627352441245 129
1711810557591 0.09933051690157998 130
1711810564460 0.08050579929776785 131
1711810571202 0.12297276771268371 132
1711810578531 0.12241869876877441 133
1711810585536 0.12793041603379554 134
1711810597167 0.14581007843264168 135
1711810609028 0.12506996525114797 136
1711810620718 0.13573848203027752 137
1711810632365 0.09152697763313082 138
1711810639418 0.06813171001735832 139
1711810646009 0.06204852766209604 140
1711810652657 0.12394482346932029 141
1711810659248 0.1337756260363819 142
1711810666055 0.14248490175859477 143
1711810672799 0.14217034897199055 144
1711810679547 0.1262848841338424 145
1711810686292 0.12066164944964901 146
1711810698497 0.11976926837426437 147
1711810710156 0.15519241631999903 148
1711810726611 0.11636082944039039 149
1711810738516 0.15786970983026657 150
1711810750340 0.14124552258640416 151
1711810762240 0.1385526688818872 152
1711810774360 0.15631585186589694 153
1711810786198 0.14281897371572957 154
1711810798357 0.1684460158072571 155
1711810810443 0.2138539121351626 156
1711810822425 0.12291293245541798 157
1711810829236 0.1192609772893679 158
1711810836468 0.13140890255258628 159
1711810843270 0.043327502937144644 160
1711810850064 0.17682225696477694 161
1711810856926 0.15049207593154879 162
1711810863856 0.1821255759029451 163
1711810871004 0.14482890295820286 164
1711810877773 0.15790528904362036 165
1711810884485 0.10671734208842465 166
1711810891645 0.13303090350160798 167
1711810898491 0.10876336573712304 168
1711810905258 0.1644292781431426 169
1711810911980 0.1707031949495924 170
1711810918938 0.15613904082077232 171
1711810925810 0.12603439440030656 172
1711810932509 0.16975340599550537 173
1711810944323 0.11329909166153408 174
1711810951499 0.10336895699460034 175
1711810958138 0.06458668904874784 176
1711810964873 0.15538109742961945 177
1711810971482 0.13523220324616353 178
1711810978546 0.17282509551456163 179
1711810985411 0.19328599870699795 180
1711810997015 0.07064574304726237 181
1711811003642 0.23136112435969483 182
1711811015748 0.18724985390003118 183
1711811032329 0.19634310330126725 184
1711811043885 0.12993167922717117 185
1711811050455 0.15806066529138058 186
1711811057057 0.1935220758761649 187
1711811068822 0.1547935644933367 188
1711811075757 0.14434261558305178 189
1711811082624 0.1940337736584929 190
1711811094536 0.13346515771323358 191
1711811101433 0.16172206805842154 192
1711811108124 0.13224699017991204 193
1711811114926 0.12534199817383535 194
1711811121643 0.16890773601648498 195
1711811128465 0.1860437816668004 196
1711811135956 0.16780523542484652 197
1711811142881 0.14115109117597663 198
1711811149859 0.19169704993716236 199
1711811166817 0.13989216065870985 200
1711811173818 0.24423053190241106 201
1711811191309 0.17105173787277003 202
1711811203687 0.1911631734853016 203
1711811215944 0.16538114343862892 204
1711811222766 0.17209194279632362 205
1711811229603 0.1930157000113614 206
1711811241385 0.16267585055218498 207
1711811248150 0.17520740164335116 208
1711811254967 0.19828846922982593 209
1711811272226 0.20669665467359963 210
1711811283861 0.19955066590091966 211
1711811295514 0.1273546521240081 212
1711811302104 0.1992477850931014 213
1711811308723 0.17814405051836912 214
1711811315456 0.25495344474921444 215
1711811327899 0.1914802956212786 216
1711811339655 0.15367254200998504 217
1711811346417 0.13226692991109895 218
1711811353116 0.18814259681708542 219
1711811360024 0.13371274312920134 220
1711811366661 0.1842339814688937 221
1711811373541 0.21530663954472395 222
1711811385684 0.2061069230608221 223
1711811392458 0.2376516310985683 224
1711811409228 0.20880855859399639 225
1711811421068 0.21030271245448967 226
1711811432701 0.147060128326415 227
1711811439662 0.1599495446539395 228
1711811446328 0.19801691015221928 229
1711811453230 0.2073273213196701 230
1711811459738 0.20153063734930796 231
1711811466216 0.20421186481982706 232
1711811473063 0.2512074513633282 233
1711811485024 0.2529359608614838 234
1711811496470 0.25028003933124365 235
1711811508261 0.18475611791886204 236
1711811515464 0.2795966107261378 237
1711811527270 0.2606338023184247 238
1711811538609 0.16116427921827137 239
1711811545203 0.24990389256091078 240
1711811556831 0.2053182063032205 241
1711811563695 0.2888737849909156 242
1711811576050 0.2521047636304018 243
1711811587699 0.23393995364139503 244
1711811599616 0.1621721283988838 245
1711811606397 0.2281090430449429 246
1711811612979 0.2538893041238418 247
1711811619540 0.23430084559733155 248
1711811626234 0.19192618298361822 249
1711811638950 0.25735518369129834 250
1711811645716 0.2509825800815508 251
1711811657758 0.21082619897403412 252
1711811664636 0.21458547763204947 253
1711811671277 0.15563710288536628 254
1711811678117 0.2085203842512534 255
1711811684939 0.24937463954543554 256
1711811691831 0.2716763220860734 257
1711811699202 0.2562213795094255 258
1711811711151 0.232584800765046 259
1711811722899 0.24662716368514784 260
1711811734486 0.2252099146170141 261
1711811741179 0.27543245787337567 262
1711811753171 0.17280246245777342 263
1711811760296 0.2781969513323489 264
1711811766888 0.19445323608987275 265
1711811773635 0.16607315946914983 266
1711811780293 0.1620837754887337 267
1711811787084 0.30228839476341063 268
1711811793770 0.219610064331273 269
1711811800593 0.27979423472452897 270
1711811807334 0.14756116717800377 271
1711811814226 0.2569907055476632 272
1711811821750 0.28247623982400605 273
1711811828597 0.22993608748248714 274
1711811835242 0.3013885615497854 275
1711811846981 0.27010557460882184 276
1711811858794 0.2793964616039515 277
1711811870811 0.10211239685839377 278
1711811877652 0.21326933801354978 279
1711811884786 0.21715175757299662 280
1711811891485 0.233784064283105 281
1711811898408 0.28309021612079605 282
1711811904936 0.15656783933425358 283
1711811911692 0.2454076185214421 284
1711811918528 0.25044612345636974 285
1711811925249 0.21292997508618788 286
1711811932059 0.23004255244209143 287
1711811939481 0.2864424801054441 288
1711811946200 0.2324989464437429 289
1711811953095 0.2684812721919643 290
1711811959859 0.2412113351333926 291
1711811966540 0.2325236479891598 292
1711811973222 0.24273846097539645 293
1711811979824 0.21358924457498077 294
1711811986659 0.2603873667014427 295
1711811993448 0.1951199583958174 296
1711812000635 0.19489717034154733 297
1711812007482 0.18048814366131266 298
1711812014217 0.19590275573495708 299
1711812026079 0.316622390238121 300
1711812032697 0.23264435069813874 301
1711812039296 0.26352266631830984 302
1711812046253 0.30872930869006737 303
1711812053110 0.26622023589831 304
1711812060237 0.3072994920140675 305
1711812072110 0.2947810124125501 306
1711812084077 0.2727171112513065 307
1711812096173 0.24917075999458818 308
1711812103280 0.236122424583967 309
1711812110004 0.2547485604847894 310
1711812117029 0.2734204321280855 311
1711812123785 0.3059002665205566 312
1711812135858 0.2640666804055416 313
1711812147782 0.2479353489965321 314
1711812154694 0.2620840737175914 315
1711812166513 0.3597833639315669 316
1711812183649 0.27004729025424856 317
1711812190449 0.23862901380579934 318
1711812197288 0.3601317306940012 319
1711812209212 0.2700704072751318 320
1711812216009 0.2686504572963411 321
1711812222748 0.23413662888690082 322
1711812229407 0.23330731901242646 323
1711812236209 0.2525673894402498 324
1711812243312 0.2547472730795316 325
1711812250085 0.3438180862291368 326
1711812262069 0.254048163599944 327
1711812268808 0.3064268153003752 328
1711812275699 0.3301024759504961 329
1711812287573 0.2924081532332496 330
1711812299450 0.2627038622519912 331
1711812306645 0.31864875569676765 332
1711812318467 0.26213376155200463 333
1711812325379 0.29602580871769296 334
1711812332231 0.2240020338208837 335
1711812339125 0.21979800778478548 336
1711812345999 0.3251879207452741 337
1711812352660 0.37272888892368977 338
1711812365089 0.3502812764012055 339
1711812377053 0.266225928478636 340
1711812383714 0.34559770822112157 341
1711812395591 0.3807584052711351 342
1711812407445 0.2817618695709243 343
1711812414287 0.22448816812682074 344
1711812421767 0.35441411108650556 345
1711812428595 0.278344120999468 346
1711812435414 0.29437883098155493 347
1711812442066 0.30044909103318634 348
1711812448825 0.26577462340155106 349
1711812460519 0.45072640136977515 350
1711812477333 0.4139904458757405 351
1711812489416 0.21891300303755862 352
1711812495994 0.34520465541067413 353
1711812502859 0.3770879060782343 354
1711812509663 0.2969163252527318 355
1711812516494 0.2512898227773766 356
1711812523168 0.3596146312359038 357
1711812530153 0.3013991754221176 358
1711812536970 0.349876228277138 359
1711812544267 0.3431164616529561 360
1711812556364 0.3973683145754682 361
1711812568375 0.36706994664232906 362
1711812580259 0.25372563720510405 363
1711812586974 0.3478981827369398 364
1711812593721 0.2938846734528803 365
1711812600424 0.26124690411853413 366
1711812607675 0.3462474981170673 367
1711812614504 0.41897890838117596 368
1711812621156 0.38475985201677126 369
1711812633012 0.3676699764266743 370
1711812644854 0.3727474665114201 371
1711812656492 0.24101392705304384 372
1711812663616 0.3399675476922598 373
1711812675439 0.30757779482264297 374
1711812682269 0.2679786789795312 375
1711812689100 0.3386889292858593 376
1711812695828 0.3459623917112355 377
1711812702462 0.2726327112447979 378
1711812709264 0.29590156456885375 379
1711812716252 0.2858141084209413 380
1711812722999 0.3615911685900359 381
1711812729669 0.3899484232040622 382
1711812736364 0.33567307494274873 383
1711812743377 0.35977459751092505 384
1711812750101 0.34195542870220286 385
1711812756817 0.3378142399453318 386
1711812763555 0.3029932131295346 387
1711812770484 0.41247033858601184 388
1711812777374 0.29023157760897156 389
1711812784399 0.30213436333948424 390
1711812791423 0.3818856624085862 391
1711812798490 0.30794117658696685 392
1711812805388 0.3515331098222154 393
1711812812215 0.2830966345447906 394
1711812818983 0.45390556847150304 395
1711812831427 0.26205757630558474 396
1711812838315 0.31284306968011294 397
1711812845154 0.3448357776861275 398
1711812852258 0.3738843339956377 399
1711812864372 0.39701731646955984 400
1711812876287 0.3383322689481562 401
1711812883184 0.39746955698286224 402
1711812900707 0.35785247380153595 403
1711812912557 0.3743771155480834 404
1711812924562 0.30510768369531455 405
1711812931494 0.3496863906858201 406
1711812943410 0.3385292713282607 407
1711812950691 0.3536768044829116 408
1711812957502 0.2638915620784063 409
1711812964430 0.3828895302592202 410
1711812971282 0.2745845307697107 411
1711812977976 0.37565879557011983 412
1711812984837 0.3366101211097885 413
1711812991397 0.37114626305142134 414
1711812998247 0.26761900400753164 415
1711813005200 0.3556400673822152 416
1711813012441 0.41394880052747757 417
1711813024101 0.27877226255722287 418
1711813030861 0.33765245702886193 419
1711813037534 0.43889211290332686 420
1711813044423 0.37344920743399346 421
1711813051344 0.3615310137588639 422
1711813063294 0.33738040352317156 423
1711813070422 0.3878426986556048 424
1711813082166 0.3504652007856779 425
1711813088803 0.4576319773471973 426
1711813100431 0.3656996060624134 427
1711813112013 0.3431755939918153 428
1711813118703 0.31908425325065914 429
1711813125441 0.3326574414190463 430
1711813132275 0.3636467851380291 431
1711813138965 0.27947815292407807 432
1711813145683 0.40141263294273555 433
1711813152366 0.23930958697146074 434
1711813159086 0.23475267665718683 435
1711813165733 0.4580502542253851 436
1711813172258 0.2232059037442797 437
1711813179094 0.26185348359720695 438
1711813185676 0.4235360695197124 439
1711813192736 0.3268848837657537 440
1711813199441 0.24332321078975935 441
1711813206141 0.3743918631320616 442
1711813212919 0.2962890181479433 443
1711813219612 0.4070043574019944 444
1711813226353 0.3181195020808999 445
1711813233134 0.39332662660214573 446
1711813239963 0.38369452457462 447
1711813246632 0.4000480609651437 448
1711813253700 0.44712025747232875 449
1711813265531 0.4864551296893556 450
1711813277665 0.36723674090653435 451
1711813284415 0.37553153733868905 452
1711813290979 0.32547759096748086 453
1711813297733 0.4387608241376518 454
1711813309609 0.3698128695840484 455
1711813316619 0.4181486258850092 456
1711813328432 0.47741928484609936 457
1711813340096 0.5050602523218101 458
1711813356897 0.40769048732786106 459
1711813368648 0.43866862268629486 460
1711813380586 0.38692884206316724 461
1711813387485 0.3776842266299105 462
1711813394192 0.4107556926118528 463
1711813401083 0.35764166141626874 464
1711813407996 0.3211311037101884 465
1711813414613 0.43461912086385224 466
1711813421383 0.46802885952795376 467
1711813427984 0.4935407156571949 468
1711813445229 0.40550514077098165 469
1711813452044 0.43700780388401916 470
1711813463765 0.411472631859326 471
1711813470323 0.29730116268888707 472
1711813477150 0.44511545606945063 473
1711813484049 0.3758114515607068 474
1711813490850 0.3546080155701871 475
1711813497645 0.40105255835506165 476
1711813504608 0.30305112221171043 477
1711813511226 0.4523115565238613 478
1711813517926 0.49387864036979856 479
1711813529837 0.24596439993186928 480
1711813536500 0.3104788064150699 481
1711813543083 0.2810323053260181 482
1711813549760 0.45803354658778406 483
1711813556683 0.3803845423489613 484
1711813564092 0.2674936529719044 485
1711813570769 0.39691328882376 486
1711813577736 0.34007496887228655 487
1711813584442 0.3498247169410871 488
1711813591188 0.33906314816432387 489
1711813597722 0.35395003899761546 490
1711813604492 0.44010277962796795 491
1711813611157 0.3649550208032642 492
1711813618290 0.3815871260959001 493
1711813625467 0.47790773160546485 494
1711813632031 0.3482395456897198 495
1711813638697 0.37111862337875784 496
1711813645386 0.4058430435279148 497
1711813652162 0.40204224436511066 498
1711813658846 0.40030617284938497 499
1711813670633 0.34639556689365225 500
1711813677333 0.37190020381334826 501
1711813684883 0.3652722082752208 502
1711813691560 0.5372039406730357 503
1711813698510 0.3971808423302916 504
1711813705453 0.3653911542366114 505
1711813712252 0.34155560884245806 506
1711813719013 0.39917059627194634 507
1711813725785 0.4418903474538685 508
1711813732434 0.43505224978988327 509
1711813739493 0.4332498117652203 510
1711813746369 0.3695102259665641 511
1711813753357 0.3523499200678265 512
1711813760043 0.40275082443128246 513
1711813766774 0.4609615549108431 514
1711813773419 0.46562761878770853 515
1711813779936 0.36119854657833084 516
1711813786575 0.48736305218822207 517
1711813793233 0.2925014088950328 518
1711813800771 0.34877072513914975 519
1711813807390 0.23856619458237088 520
1711813814118 0.4151369461724874 521
1711813820873 0.40995036313135574 522
1711813827600 0.4559211238749951 523
1711813834249 0.44092306692536154 524
1711813840952 0.43423101041478745 525
1711813847756 0.3142944774289888 526
1711813854278 0.38737993552554084 527
1711813861435 0.46476978650584216 528
1711813868201 0.4238357209999146 529
1711813874952 0.4514915502011273 530
1711813881660 0.41950156510127823 531
1711813888390 0.4610525641508178 532
1711813900218 0.40442212264557137 533
1711813906833 0.47808528506787046 534
1711813919271 0.4361634398236382 535
1711813931221 0.4238769804357859 536
1711813943272 0.3779137827830135 537
1711813949886 0.3487704158661416 538
1711813956611 0.40991380441973135 539
1711813963359 0.3838130473683839 540
1711813970182 0.37701394378733044 541
1711813976902 0.3853041414614967 542
1711813984385 0.3467890400931116 543
1711813991404 0.4730728793332574 544
1711813998364 0.415970294769304 545
1711814005051 0.3726968766462144 546
1711814011751 0.44864494802264276 547
1711814018326 0.36941868636326186 548
1711814024910 0.44998465713413677 549
1711814036513 0.4441735548857654 550
1711814043921 0.3199726378359229 551
1711814050884 0.3711849839604903 552
1711814057559 0.3302877194463472 553
1711814064386 0.2862886302500428 554
1711814071289 0.40222917126171953 555
1711814078165 0.4182877042456926 556
1711814084928 0.35727743504412146 557
1711814091728 0.483017884303395 558
1711814098825 0.452894796109042 559
1711814105541 0.44132860694019443 560
1711814112435 0.49947332719547444 561
1711814119226 0.2952573352086916 562
1711814126054 0.4206623765620402 563
1711814132699 0.36306383319339636 564
1711814139419 0.4666835329611914 565
1711814146201 0.4345650157900239 566
1711814152781 0.4382020576476301 567
1711814160068 0.36320840025010326 568
1711814166911 0.3636396615950951 569
1711814173756 0.3835947706523261 570
1711814180655 0.4075317359088665 571
1711814187283 0.4644258164405153 572
1711814194208 0.5004553956638489 573
1711814201245 0.35315583663687483 574
1711814208024 0.43288332701550136 575
1711814215423 0.509073986923207 576
1711814232916 0.40149188936318253 577
1711814239698 0.43109939746659026 578
1711814246812 0.5183874123026898 579
1711814258781 0.529855807978305 580
1711814270393 0.4256346196819921 581
1711814277205 0.40159830290278886 582
1711814284210 0.5142084921540421 583
1711814295882 0.47736967572163624 584
1711814307937 0.4825100943416482 585
1711814319763 0.4796244786402684 586
1711814331745 0.47912825803365655 587
1711814344076 0.5345339984215288 588
1711814355951 0.5745101296774637 589
1711814372775 0.4978119163812613 590
1711814384804 0.4859424880255865 591
1711814396556 0.5022179449006157 592
1711814408670 0.46412881024042496 593
1711814415269 0.5590184614947962 594
1711814427156 0.52034496219297 595
1711814439127 0.48139588891358137 596
1711814445790 0.3932370602194724 597
1711814452433 0.5105608695014462 598
1711814459190 0.4630853215765583 599
1711814471343 0.4802682979881308 600
1711814477967 0.4244875459279561 601
1711814484695 0.5112060309082468 602
1711814491579 0.48970301724580234 603
1711814498370 0.47799131723496247 604
1711814505144 0.37572867012027583 605
1711814511816 0.4860928426304879 606
1711814518504 0.4551902575829695 607
1711814525676 0.5216678175163105 608
1711814532458 0.4906064301494481 609
1711814539182 0.4859131594136586 610
1711814546004 0.5369252089523735 611
1711814552815 0.5157407907257443 612
1711814559606 0.5534170990539675 613
1711814571458 0.5116894589727327 614
1711814583265 0.4373437499522206 615
1711814590682 0.43939445429560064 616
1711814597302 0.41772822393039494 617
1711814603936 0.3998079656245199 618
1711814610719 0.4652799273321191 619
1711814617458 0.4933056217928121 620
1711814624188 0.49964332083461244 621
1711814631175 0.41748715045814244 622
1711814637950 0.4531131042824578 623
1711814645275 0.4224999560950899 624
1711814652195 0.5042101693887042 625
1711814659028 0.36550531595903996 626
1711814665961 0.44101359662899403 627
1711814672811 0.42121323636197805 628
1711814679429 0.49682600990831494 629
1711814686369 0.45013282220941986 630
1711814693283 0.44020110826796943 631
1711814700681 0.5181539696016484 632
1711814707465 0.43360951725147817 633
1711814714151 0.42378029841586845 634
1711814721029 0.4526503721285502 635
1711814727915 0.5442230363282582 636
1711814734961 0.45741252214765515 637
1711814741729 0.4758220132968546 638
1711814748559 0.49277841102355446 639
1711814761070 0.4689171400295637 640
1711814767897 0.5308197249297889 641
1711814774652 0.5547615050142074 642
1711814781452 0.5038997360122104 643
1711814788475 0.46212998381798176 644
1711814795292 0.5025400771924253 645
1711814802014 0.5179707900953058 646
1711814814079 0.5167080528940146 647
1711814821482 0.5175055545028209 648
1711814828379 0.41141202993873904 649
1711814840566 0.41412832602249783 650
1711814847562 0.4549700962995329 651
1711814854387 0.48368886415100004 652
1711814861247 0.5067261384808887 653
1711814868027 0.5563483821859277 654
1711814875056 0.47686352878613975 655
1711814882035 0.46830781669968174 656
1711814888818 0.5405968461207412 657
1711814895659 0.3931015669299592 658
1711814902440 0.4522647676816093 659
1711814909391 0.5337354926166592 660
1711814916182 0.5642130049370264 661
1711814923191 0.5858196972817338 662
1711814940698 0.5186915089136201 663
1711814952801 0.47801995385441615 664
1711814959832 0.5447226456943975 665
1711814971980 0.5763393661537054 666
1711814983839 0.46678336250147007 667
1711814990954 0.503980068678197 668
1711814998468 0.5473136102332543 669
1711815005257 0.6464326018037208 670
1711815015964 0.5047328060664267 671
1711815022703 0.6064900218471455 672
1711815039479 0.624877592131111 673
1711815051300 0.618637962644709 674
1711815063523 0.588404739011724 675
1711815075542 0.5062414644186172 676
1711815082400 0.5414413030702959 677
1711815089257 0.5991590280206531 678
1711815101423 0.6454066503099413 679
1711815118193 0.5262239664452362 680
1711815125232 0.5262184226522527 681
1711815131999 0.5293913295268492 682
1711815138843 0.6184976900934956 683
1711815145768 0.6250845328149087 684
1711815157936 0.605834589336978 685
1711815169788 0.6512439776978677 686
1711815186697 0.5819131338041115 687
1711815198311 0.570809816470785 688
1711815204975 0.6562275313359838 689
1711815216675 0.6356850049064886 690
1711815228440 0.5123333069242222 691
1711815235196 0.594656161749098 692
1711815242549 0.6156580180494801 693
1711815249391 0.6024259589737914 694
1711815256333 0.5361029244726488 695
1711815263076 0.5119765234386965 696
1711815270004 0.5267602794556298 697
1711815276864 0.4870651028301423 698
1711815283667 0.42100426421434484 699
1711815295694 0.4485939179012531 700
1711815302507 0.5080226057711643 701
1711815309523 0.5326721728091732 702
1711815316262 0.4756125103673314 703
1711815323342 0.6087087310553304 704
1711815330161 0.5382602250930242 705
1711815337130 0.564920624332733 706
1711815343880 0.586820028003784 707
1711815350935 0.4425593075387448 708
1711815357990 0.44745716710118966 709
1711815364908 0.6068797376949857 710
1711815371817 0.6044328900425628 711
1711815378615 0.6006457350398222 712
1711815385493 0.7011547724897711 713
1711815397174 0.42998273762740796 714
1711815404107 0.6114192626572053 715
1711815411404 0.5563055978388274 716
1711815418203 0.49802703644786356 717
1711815425209 0.42754090149276236 718
1711815432017 0.611554622986806 719
1711815438767 0.5454368349746141 720
1711815445704 0.6185201305743454 721
1711815457356 0.5389648101203643 722
1711815464489 0.5572654811711483 723
1711815471441 0.619164992145895 724
1711815478286 0.6317580548701306 725
1711815485038 0.4611009058716846 726
1711815491880 0.6145306913478348 727
1711815498815 0.41099677738256674 728
