1709203893230 4.8448 0
1709203897020 4.8437 0
1709203909321 4.798 0
1709203917531 4.7419 0
1709203925929 4.6478 0
1709203935006 4.5784 0
1709203943201 4.5944 0
1709203954643 4.5127 0
1709203958108 4.5062 0
1709203966219 4.4216 0
1709203974458 4.455 0
1709203982235 4.3607 0
1709203989512 4.3217 0
1709203996939 4.2501 0
1709204004133 4.1475 0
1709204011392 4.1588 0
1709204021111 4.1124 0
1709204028211 4.0736 0
1709204035324 3.9606 0
1709204042478 4.0148 0
1709204050013 3.8657 0
1709204057143 3.7966 0
1709204064187 3.7693 0
1709204071593 3.8315 0
1709204075017 3.6338 0
1709204082666 3.4993 0
1709204089693 3.5412 0
1709204096809 3.5351 0
1709204103941 3.4091 0
1709204111114 3.3617 0
1709204118216 3.4151 0
1709204125475 3.331 0
1709204132678 3.1638 0
1709204139768 3.3034 0
1709204146865 2.9143 0
1709204154010 3.1388 0
1709204157459 3.1909 0
1709204160914 3.0522 0
1709204168262 2.8566 0
1709204175337 2.7749 0
1709204182664 3.0161 0
1709204186105 2.69 0
1709204193173 2.7583 0
1709204196605 3.0218 0
1709204203690 2.6293 0
1709204207104 2.7291 0
1709204210523 2.8442 0
1709204214056 2.3876 0
1709204217474 2.3987 0
1709204224529 2.5358 0
1709204231983 2.6084 0
1709204235419 2.5657 0
1709204242487 2.3465 0
1709204249749 2.5481 0
1709204253283 2.3524 0
1709204256711 2.4818 0
1709204260166 2.3211 0
1709204263599 2.3935 0
1709204270682 2.1575 0
1709204274127 2.1259 0
1709204277571 2.1604 0
1709204281008 2.0209 0
1709204284446 2.0478 0
1709204288001 1.9127 0
1709204294988 2.2044 0
1709204298436 2.2117 0
1709204301873 2.1558 0
1709204305318 2.0626 0
1709204308763 2.1352 0
1709204312212 1.8336 0
1709204315675 1.714 0
1709204319252 1.9403 0
1709204322709 1.7452 0
1709204326174 1.7246 0
1709204329626 1.7624 0
1709204333079 1.8019 0
1709204336542 1.9169 0
1709204339998 1.7344 0
1709204343472 1.7933 0
1709204346943 1.6749 0
1709204350535 1.8055 0
1709204354006 1.8282 0
1709204357468 1.6921 0
1709204360902 1.5465 0
1709204364341 1.7305 0
1709204367775 1.7081 0
1709204371216 1.8446 0
1709204374654 1.7166 0
1709204378163 1.6253 0
1709204381600 1.6124 0
1709204385037 1.6426 0
1709204388470 1.651 0
1709204391905 1.6128 0
1709204395346 1.4314 0
1709204398796 1.6238 0
1709204402235 1.5326 0
1709204405678 1.6252 0
1709204409185 1.7718 0
1709204412631 1.5794 0
1709204416083 1.5244 0
1709204423118 1.5509 0
1709204429899 1.5046 0
1709204436964 1.5524 0
1709204440413 1.7121 0
1709204443856 1.7568 0
1709204447419 1.5828 0
1709204450871 1.5672 0
1709204454326 1.6199 0
1709204457768 1.4295 0
1709204461220 1.5377 0
1709204464665 1.3371 0
1709204471960 1.3259 0
1709204475411 1.363 0
1709204478975 1.5585 0
1709204482422 1.5342 0
1709204485878 1.3215 0
1709204489354 1.4233 0
1709204492815 1.6007 0
1709204496271 1.469 0
1709204503629 1.5311 0
1709204510699 1.2864 0
1709204514273 1.6478 0
1709204517727 1.4816 0
1709204521196 1.5642 0
1709204524662 1.2883 0
1709204531842 1.3716 0
1709204535303 1.2782 0
1709204538758 1.4329 0
1709204542211 1.3804 0
1709204545789 1.2964 0
1709204549243 1.3104 0
1709204552745 1.2901 0
1709204556205 1.5022 0
1709204559668 1.5362 0
1709204563126 1.3285 0
1709204566599 1.3267 0
1709204570067 1.3415 0
1709204573540 1.3101 0
1709204577136 1.3655 0
1709204580606 1.2991 0
1709204584080 1.2248 0
1709204587548 1.06 0
1709204591019 1.3762 0
1709204594490 1.439 0
1709204597964 1.2064 0
1709204601444 1.4764 0
1709204604926 1.5633 0
1709204608527 1.3947 0
1709204611998 1.3141 0
1709204615478 1.2206 0
1709204623012 1.4745 0
1709204626485 1.2081 0
1709204629955 1.2234 0
1709204633423 1.187 0
1709204637028 1.2565 0
1709204640504 1.1937 0
1709204643981 1.226 0
1709204647470 1.313 0
1709204650950 1.1427 0
1709204654427 1.3159 0
1709204657907 1.1161 0
1709204661386 1.3466 0
1709204664877 1.2956 0
1709204668496 1.1429 0
1709204671976 1.2393 0
1709204675440 1.2454 0
1709204678905 1.2434 0
1709204682369 1.3537 0
1709204685846 1.1005 0
1709204689312 1.3044 0
1709204692792 1.1461 0
1709204696392 1.3103 0
1709204699863 1.296 0
1709204703334 1.234 0
1709204706809 1.0635 0
1709204710284 1.1621 0
1709204713764 1.2712 0
1709204717230 1.1301 0
1709204720700 1.1612 0
1709204724163 1.357 0
1709204727772 1.0922 0
1709204731246 1.3116 0
1709204734724 1.2381 0
1709204738198 1.2841 0
1709204741669 1.3357 0
1709204745148 1.31 0
1709204748629 1.1527 0
1709204752101 1.1666 0
1709204755695 1.1039 0
1709204759175 1.1691 0
1709204762654 1.2077 0
1709204766128 0.9992 0
1709204769613 1.1038 0
1709204773101 1.1173 0
1709204776587 1.1256 0
1709204780082 1.0487 0
1709204783560 1.279 0
1709204787181 1.215 0
1709204790663 1.0796 0
1709204794157 1.0548 0
1709204801735 1.1726 0
1709204805219 1.1092 0
1709204808705 1.0959 0
1709204812192 0.9953 0
1709204815728 1.1893 0
1709204819217 1.0818 0
1709204822677 1.2154 0
1709204826132 1.2318 0
1709204829586 1.0535 0
1709204833044 1.1306 0
1709204840245 1.1288 0
1709204843694 1.31 0
1709204847155 1.3803 0
1709204850727 1.1415 0
1709204854185 1.1271 0
1709204857641 1.164 0
1709204861095 1.1507 0
1709204864551 1.0566 0
1709204868002 1.0226 0
1709204871455 1.1109 0
1709204874917 1.1297 0
1709204878372 0.9171 0
1709204881961 1.123 0
1709204885419 1.0381 0
1709204888880 1.0176 0
1709204892351 0.9761 0
1709204895811 1.1682 0
1709204899264 0.9959 0
1709204902711 1.0693 0
1709204906161 1.1573 0
1709204909621 1.0521 0
1709204913206 1.1124 0
1709204916659 1.4331 0
1709204920125 1.2413 0
1709204923585 1.0358 0
1709204927052 1.0667 0
1709204934250 1.1931 0
1709204937717 1.0014 0
1709204941175 1.2455 0
1709204944753 1.0766 0
1709204948222 1.0957 0
1709204951692 0.9844 0
1709204955161 1.0577 0
1709204958617 0.9667 0
1709204962086 1.0774 0
1709204965556 1.0533 0
1709204969023 1.0266 0
1709204972483 1.1536 0
1709204976077 1.0516 0
1709204979541 1.0172 0
1709204986747 1.0546 0
1709204990232 0.9924 0
1709204993699 1.0681 0
1709204997171 0.9461 0
1709205000648 0.9894 0
1709205004129 1.0647 0
1709205007748 1.1096 0
1709205011240 1.0089 0
1709205014715 1.123 0
1709205018185 0.9718 0
1709205021665 0.9725 0
1709205025134 1.114 0
1709205028607 1.1524 0
1709205032075 0.9124 0
1709205035546 0.9014 0
1709205039147 0.9488 0
1709205042636 1.0662 0
1709205046108 1.0522 0
1709205049590 0.9742 0
1709205053070 1.0408 0
1709205056544 0.854 0
1709205060019 1.1269 0
1709205063495 0.9538 0
1709205066975 0.918 0
1709205070575 0.7872 0
1709205074065 0.9923 0
1709205077551 0.8833 0
1709205081034 1.1111 0
1709205084511 0.8382 0
1709205088045 0.8758 0
1709205091516 0.9608 0
1709205094996 0.857 0
1709205098469 1.0917 0
1709205102091 1.0333 0
1709205105590 0.9313 0
1709205109071 1.0045 0
1709205112548 0.882 0
1709205116044 0.8677 0
1709205119545 0.9106 0
1709205123045 0.8932 0
1709205126532 0.9598 0
1709205130029 0.9424 0
1709205133641 1.0494 0
1709205137145 0.9645 0
1709205140644 0.955 0
1709205144139 0.9704 0
1709205147634 0.8989 0
1709205151126 0.8847 0
1709205154603 0.9187 0
1709205158087 0.8944 0
1709205165543 0.9459 0
1709205169032 1.1386 0
1709205172517 0.9518 0
1709205175995 0.7972 0
1709205179481 1.2743 0
1709205182968 1.0255 0
1709205186452 0.9444 0
1709205189932 0.9278 0
1709205193534 0.831 0
1709205197021 0.8791 0
1709205200504 0.834 0
1709205203987 0.8201 0
1709205207479 1.0792 0
1709205210958 0.9137 0
1709205214439 0.9562 0
1709205217924 1.1114 0
1709205221404 1.2291 0
1709205225023 1.1934 0
1709205228505 1.0023 0
1709205231989 0.8873 0
1709205235475 0.9899 0
1709205238964 1.0705 0
1709205242462 0.9093 0
1709205245944 0.9426 0
1709205249432 0.9133 0
1709205252912 0.9774 0
1709205256633 0.9198 0
1709205260117 1.1209 0
1709205263591 1.0613 0
1709205267065 0.9452 0
1709205270542 1.0936 0
1709205274027 0.8443 0
1709205277501 0.8866 0
1709205280981 0.8883 0
1709205284478 1.0079 0
1709205288093 0.8848 0
1709205291574 0.925 0
1709205295063 0.8012 0
1709205298544 1.0202 0
1709205302004 0.9798 0
1709205305498 1.0232 0
1709205308990 1.0123 0
1709205312477 0.775 0
1709205319872 0.8891 0
1709205327132 0.7779 0
1709205330615 0.9206 0
1709205334116 1.0021 0
1709205341426 0.8344 0
1709205344903 0.9553 0
1709205348388 0.8282 0
1709205355811 0.911 0
1709205359294 0.8602 0
1709205362776 0.7528 0
1709205366259 0.8656 0
1709205369742 0.9826 0
1709205373226 0.8122 0
1709205376714 1.0214 0
1709205380174 1.1104 0
1709205383776 0.9682 0
1709205387260 0.829 0
1709205390750 0.8755 0
1709205394238 1.0579 0
1709205397722 0.7704 0
1709205401206 0.9576 0
1709205404704 0.8265 0
1709205408187 0.7983 0
1709205411684 0.9549 0
1709205415311 1.0013 0
1709205418797 0.7887 0
1709205422284 1.0104 0
1709205425777 0.8138 0
1709205429267 0.795 0
1709205432759 0.8341 0
1709205436250 0.8663 0
1709205439738 0.8731 0
1709205443308 0.743 0
1709205446801 0.7837 0
1709205450298 0.7845 0
1709205453780 0.9318 0
1709205457270 0.9715 0
1709205460754 0.8795 0
1709205464247 0.8314 0
1709205467738 0.9042 0
1709205471230 1.0014 0
1709205474848 0.7907 0
1709205478341 0.9602 0
1709205481842 0.9885 0
1709205485344 0.851 0
1709205488850 0.8126 0
1709205492341 0.9915 0
1709205495834 0.7967 0
1709205499334 0.8591 0
1709205502836 0.6404 0
1709205506453 0.8184 0
1709205509952 0.7946 0
1709205513451 0.8872 0
1709205516951 0.8071 0
1709205520444 0.7611 0
1709205523935 0.8203 0
1709205527423 0.7278 0
1709205534781 0.831 0
1709205538398 0.7222 0
1709205541897 0.7892 0
1709205545382 0.7629 0
1709205548878 0.6955 0
1709205552368 0.8646 0
1709205555864 0.9168 0
1709205559360 0.977 0
1709205562854 0.8231 0
1709205566469 0.8744 0
1709205569973 0.874 0
1709205573438 0.8955 0
1709205576909 0.8771 0
1709205580371 0.7831 0
1709205583836 0.8631 0
1709205587300 0.9453 0
1709205590763 0.6932 0
1709205594222 0.8466 0
1709205601707 0.8149 0
1709205605167 0.8967 0
1709205608624 0.8835 0
1709205612097 0.6985 0
1709205615563 0.8199 0
1709205619024 0.7702 0
1709205622495 0.8491 0
1709205625953 0.8657 0
1709205629424 0.8081 0
1709205636807 0.7309 0
1709205640272 0.7319 0
1709205647624 0.7663 0
1709205654924 0.82 0
1709205662380 0.8899 0
1709205669702 0.8589 0
1709205673287 0.7414 0
1709205676759 0.7853 0
1709205680225 0.73 0
1709205683693 0.6457 0
1709205687178 0.752 0
1709205690642 0.9104 0
1709205694112 0.8766 0
1709205697575 0.9308 0
1709205701049 0.8619 0
1709205704514 0.8835 0
1709205708116 0.8128 0
1709205711579 0.6361 0
1709205715057 0.6378 0
1709205718521 0.7506 0
1709205721993 0.5715 0
1709205725458 0.7394 0
1709205728917 1.0453 0
1709205736263 0.7629 0
1709205739854 0.8005 0
1709205743321 0.8981 0
1709205746794 0.7402 0
1709205750258 0.7922 0
1709205753726 0.9149 0
1709205757189 0.5983 0
1709205760655 0.7639 0
1709205764125 0.9015 0
1709205767593 0.7713 0
1709205771062 0.7181 0
1709205774657 0.7174 0
1709205778126 0.8615 0
1709205781601 0.6769 0
1709205785071 0.7619 0
1709205788537 0.7601 0
1709205792004 0.7903 0
1709205795482 0.7664 0
1709205798954 0.7023 0
1709205802421 0.7321 0
1709205805966 0.7082 0
1709205809433 0.9279 0
1709205812903 0.6693 0
1709205816375 0.657 0
1709205819843 0.7085 0
1709205823313 0.8161 0
1709205826780 0.6661 0
1709205830247 0.6457 0
1709205833720 0.841 0
1709205837197 0.6858 0
1709205840806 0.7545 0
1709205844287 0.7845 0
1709205847764 0.8721 0
1709205851243 0.7066 0
1709205854713 0.7167 0
1709205858199 0.7516 0
1709205865595 0.7165 0
1709205869074 0.6027 0
1709205872696 0.9283 0
1709205876184 0.6736 0
1709205883495 0.7147 0
1709205890811 0.748 0
1709205898080 0.7854 0
1709205901564 0.5927 0
1709205905041 0.7808 0
1709205908633 0.7219 0
1709205912108 0.7348 0
1709205915594 0.6528 0
1709205919078 0.6776 0
1709205926366 0.7912 0
1709205933823 0.7659 0
1709205937293 0.779 0
1709205940772 0.7853 0
1709205944366 0.6134 0
1709205947843 0.6254 0
1709205951324 0.678 0
1709205954808 0.739 0
1709205958290 0.6525 0
1709205961774 0.9386 0
1709205965250 0.7307 0
1709205968729 0.6259 0
1709205972201 0.686 0
1709205975760 0.8235 0
1709205979241 0.6341 0
1709205982715 0.7023 0
1709205986190 0.6897 0
1709205989668 0.6956 0
1709205993154 0.6273 0
1709205996632 0.5823 0
1709206000117 0.7061 0
1709206003594 0.6826 0
1709206007201 0.7051 0
1709206010685 0.6873 0
1709206014165 0.5797 0
1709206017649 0.7822 0
1709206021142 0.7089 0
1709206024623 0.6044 0
1709206028116 0.8914 0
1709206031597 0.7965 0
1709206035075 0.7387 0
1709206038691 0.7548 0
1709206042175 0.6741 0
1709206045669 0.8486 0
1709206049142 0.7073 0
1709206056673 0.6227 0
1709206063874 0.6574 0
1709206067347 0.6409 0
1709206070826 0.7374 0
1709206074431 0.6579 0
1709206077914 0.6252 0
1709206081387 0.9008 0
1709206084858 0.6993 0
1709206088330 0.6988 0
1709206091812 0.7476 0
1709206095302 0.6411 0
1709206102643 0.6798 0
1709206109881 0.664 0
1709206117392 0.8073 0
1709206120866 0.7169 0
1709206124342 0.7244 0
1709206131567 0.7845 0
1709206135037 0.6212 0
1709206142239 0.6652 0
1709206145713 0.6006 0
1709206149303 0.6753 0
1709206152769 0.6118 0
1709206156239 0.5791 0
1709206159717 0.6645 0
1709206163191 0.7257 0
1709206166663 0.7405 0
1709206170138 0.7172 0
1709206173606 0.7746 0
1709206177081 0.6726 0
1709206180551 0.6304 0
1709206187632 0.6225 0
1709206191102 0.5741 0
1709206194573 0.6404 0
1709206198045 0.7828 0
1709206201516 0.6075 0
1709206204986 0.7263 0
1709206208454 0.604 0
1709206211921 0.632 0
1709206215395 0.6254 0
1709206218993 0.6283 0
1709206222471 0.6205 0
1709206225949 0.7958 0
1709206233235 0.7456 0
1709206240616 0.6756 0
1709206248034 0.6189 0
1709206251502 0.8507 0
1709206255119 0.5762 0
1709206258596 0.5345 0
1709206262082 0.5307 0
1709206265568 0.6874 0
1709206269053 0.8139 0
1709206272538 0.5515 0
1709206276012 0.6919 0
1709206279496 0.6555 0
1709206282982 0.6846 0
1709206286591 0.5328 0
1709206290085 0.6957 0
1709206297376 0.6655 0
1709206300860 0.61 0
1709206308365 0.7922 0
1709206311848 0.6136 0
1709206315325 0.6895 0
1709206322858 0.6009 0
1709206326344 0.6317 0
1709206329817 0.624 0
1709206337173 0.5159 0
1709206344563 0.695 0
1709206348040 0.5659 0
1709206355352 0.6081 0
1709206362746 0.5941 0
1709206370054 0.7116 0
1709206373534 0.6739 0
1709206377012 0.7239 0
1709206384332 0.6791 0
1709206391686 0.6884 0
1709206399106 0.8304 0
1709206406470 0.7244 0
1709206409952 0.6748 0
1709206417292 0.7344 0
1709206424761 0.5134 0
1709206428241 0.5892 0
1709206431727 0.5384 0
1709206435206 0.5776 0
1709206438802 0.5312 0
1709206442288 0.6974 0
1709206445759 0.4814 0
1709206449236 0.6691 0
1709206452708 0.4595 0
1709206460041 0.6785 0
1709206463515 0.5633 0
1709206466992 0.5297 0
1709206470588 0.5742 0
1709206474068 0.5107 0
1709206477555 0.5575 0
1709206481032 0.7579 0
1709206484507 0.5872 0
1709206487990 0.5257 0
1709206491459 0.7634 0
1709206494934 0.5815 0
1709206498405 0.5852 0
1709206502009 0.596 0
1709206505487 0.5102 0
1709206508965 0.5887 0
1709206512443 0.5844 0
1709206515913 0.5348 0
1709206519393 0.6153 0
1709206522890 0.5664 0
1709206526380 0.7056 0
1709206529865 0.5357 0
1709206533476 0.5128 0
1709206540768 0.5474 0
1709206548066 0.5669 0
1709206555291 0.5605 0
1709206558764 0.5418 0
1709206562242 0.4444 0
1709206569538 0.5446 0
1709206577068 0.8139 0
1709206580545 0.4935 0
1709206587820 0.4694 0
1709206591291 0.579 0
1709206594771 0.5677 0
1709206598246 0.51 0
1709206601725 0.5628 0
1709206608947 0.5904 0
1709206616392 0.609 0
1709206623311 0.6018 0
1709206630536 0.5493 0
1709206634012 0.5893 0
1709206641195 0.6306 0
1709206648750 0.6954 0
1709206656281 0.5585 0
1709206663893 0.7536 0
1709206671197 0.579 0
1709206678618 0.5013 0
1709206685927 0.5188 0
1709206693359 0.6396 0
1709206700706 0.4641 0
1709206708006 0.4617 0
1709206715332 0.5136 0
1709206722617 0.7782 0
1709206730015 0.5736 0
1709206737422 0.5719 0
1709206744783 0.6126 0
1709206752108 0.5753 0
1709206759462 0.5644 0
1709206766746 0.6217 0
1709206774093 0.5173 0
1709206781499 0.6284 0
1709206789027 0.6198 0
1709206796282 0.5586 0
1709206803756 0.5654 0
1709206807238 0.4271 0
1709206810820 0.4742 0
1709206814300 0.525 0
1709206817768 0.4744 0
1709206821241 0.6393 0
1709206824716 0.5537 0
1709206828196 0.7011 0
1709206831680 0.6665 0
1709206835157 0.4979 0
1709206842542 0.514 0
1709206849840 0.6128 0
1709206857207 0.5563 0
1709206864476 0.5683 0
1709206867952 0.5995 0
1709206871423 0.5848 0
1709206878764 0.6435 0
1709206882370 0.6209 0
1709206885853 0.4479 0
1709206889331 0.4139 0
1709206896545 0.5364 0
1709206903807 0.5719 0
1709206907289 0.636 0
1709206910772 0.6386 0
1709206914366 0.4881 0
1709206917845 0.5391 0
1709206921319 0.4149 0
1709206924802 0.7379 0
1709206928288 0.7074 0
1709206931769 0.3997 0
1709206935240 0.568 0
1709206938719 0.5527 0
1709206942184 0.6803 0
1709206945794 0.5269 0
1709206949287 0.5421 0
1709206952762 0.5519 0
1709206956233 0.5955 0
1709206959708 0.5105 0
1709206963186 0.4668 0
1709206970382 0.5184 0
1709206973861 0.3737 0
1709206981319 0.5406 0
1709206988842 0.484 0
1709206996157 0.5849 0
1709206999641 0.4703 0
1709207003123 0.5134 0
1709207006600 0.5922 0
1709207010087 0.4423 0
1709207017316 0.5821 0
1709207024536 0.4752 0
1709207028020 0.5672 0
1709207035581 0.5766 0
1709207039061 0.5223 0
1709207042538 0.6094 0
1709207046029 0.4372 0
1709207049633 0.5228 0
1709207057167 0.489 0
1709207060646 0.5466 0
1709207064138 0.5552 0
1709207067640 0.4844 0
1709207074985 0.4849 0
1709207082513 0.5821 0
1709207086112 0.6132 0
1709207093486 0.465 0
1709207100824 0.4808 0
1709207104321 0.5905 0
1709207111666 0.6313 0
1709207115155 0.4631 0
1709207118639 0.579 0
1709207122235 0.3775 0
1709207125714 0.506 0
1709207129198 0.4031 0
1709207132674 0.5092 0
1709207136150 0.5438 0
1709207143563 0.6705 0
1709207147046 0.6178 0
1709207150530 0.5122 0
1709207154136 0.5651 0
1709207161075 0.4914 0
1709207168328 0.619 0
1709207175867 0.434 0
1709207183229 0.5276 0
1709207190554 0.6153 0
1709207194155 0.5187 0
1709207197632 0.3926 0
1709207201110 0.4932 0
1709207204593 0.4974 0
1709207208072 0.3686 0
1709207211551 0.5846 0
1709207215032 0.4219 0
1709207222233 0.6821 0
1709207225835 0.6468 0
1709207229316 0.408 0
1709207232800 0.4033 0
1709207236279 0.5056 0
1709207239765 0.7936 0
1709207243247 0.4564 0
1709207246732 0.5472 0
1709207250217 0.4843 0
1709207253699 0.5652 0
1709207257302 0.5671 0
1709207260786 0.4471 0
1709207264271 0.4763 0
1709207267757 0.4315 0
1709207271236 0.4427 0
1709207274720 0.6182 0
1709207278195 0.4367 0
1709207281674 0.3851 0
1709207285157 0.4387 0
1709207288772 0.575 0
1709207292244 0.4238 0
1709207295726 0.4227 0
1709207303015 0.4725 0
1709207310329 0.4405 0
1709207313812 0.621 0
1709207317291 0.4308 0
1709207324837 0.4588 0
1709207328324 0.3633 0
1709207331813 0.5466 0
1709207335295 0.328 0
1709207338777 0.5254 0
1709207342260 0.521 0
1709207345735 0.4731 0
1709207349225 0.5415 0
1709207352709 0.4206 0
1709207356323 0.492 0
1709207359800 0.3394 0
1709207363285 0.4488 0
1709207366768 0.5115 0
1709207370254 0.5238 0
1709207373732 0.5343 0
1709207377211 0.5981 0
1709207380690 0.4033 0
1709207384298 0.6195 0
1709207391034 0.3911 0
1709207394517 0.5336 0
1709207397969 0.5073 0
1709207401419 0.5047 0
1709207407927 0.4646 0
1709207411372 0.5796 0
1709207418790 0.5238 0
1709207425658 0.6117 0
1709207429116 0.4133 0
1709207432569 0.4226 0
1709207440048 0.4489 0
1709207443514 0.309 0
1709207446966 0.3573 0
1709207450420 0.5331 0
1709207453868 0.5068 0
1709207457438 0.4148 0
1709207460902 0.4478 0
1709207464363 0.3372 0
1709207471691 0.4284 0
1709207479038 0.3539 0
1709207486461 0.4674 0
1709207489911 0.5089 0
1709207497296 0.4335 0
1709207500744 0.4014 0
1709207504207 0.4276 0
1709207507658 0.4852 0
1709207511110 0.4091 0
1709207514558 0.4181 0
1709207518007 0.3878 0
1709207521451 0.4599 0
1709207528750 0.4801 0
1709207536221 0.6643 0
1709207547370 0.4376 0
1709207554851 0.4496 0
1709207558296 0.4954 0
1709207561743 0.3327 0
1709207568997 0.411 0
1709207572558 0.3319 0
1709207576017 0.5021 0
1709207579467 0.4117 0
1709207586851 0.4669 0
1709207594290 0.357 0
1709207601620 0.603 0
1709207605078 0.3687 0
1709207608531 0.4064 0
1709207612102 0.3893 0
1709207615550 0.4441 0
1709207619002 0.4181 0
1709207626196 0.3867 0
1709207629647 0.328 0
1709207633105 0.4837 0
1709207636548 0.5201 0
1709207640000 0.4654 0
1709207643449 0.3616 0
1709207647032 0.408 0
1709207654570 0.4456 0
1709207661629 0.4059 0
1709207665088 0.4653 0
1709207668536 0.2999 0
1709207671997 0.3188 0
1709207675453 0.3263 0
1709207678906 0.3362 0
1709207682357 0.3153 0
1709207685939 0.5146 0
1709207693072 0.4458 0
1709207700369 0.3973 0
1709207703818 0.3666 0
1709207711479 0.4249 0
1709207714930 0.5122 0
1709207718345 0.5369 0
1709207725879 0.3934 0
1709207733217 0.4791 0
1709207740590 0.3681 0
1709207747945 0.4976 0
1709207751387 0.3762 0
1709207758885 0.3875 0
1709207766296 0.3819 0
1709207769746 0.3304 0
1709207773199 0.2887 0
1709207776646 0.4973 0
1709207780098 0.2961 0
1709207783547 0.5208 0
1709207790988 0.3982 0
1709207794435 0.331 0
1709207798013 0.3292 0
1709207801474 0.5568 0
1709207804924 0.4695 0
1709207808374 0.4259 0
1709207811816 0.4125 0
1709207815271 0.3637 0
1709207818728 0.4585 0
1709207822182 0.2527 0
1709207825627 0.3612 0
1709207829081 0.3493 0
1709207832666 0.2841 0
1709207836114 0.3616 0
1709207839570 0.4282 0
1709207843034 0.553 0
1709207846485 0.3219 0
1709207849935 0.3039 0
1709207853385 0.3977 0
1709207856835 0.3549 0
1709207860292 0.3835 0
1709207863869 0.4168 0
1709207867317 0.3423 0
1709207870781 0.29 0
1709207874235 0.3346 0
1709207877681 0.3658 0
1709207881135 0.3353 0
1709207884583 0.2938 0
1709207888034 0.4623 0
1709207891487 0.3784 0
1709207894934 0.4371 0
1709207898529 0.359 0
1709207901978 0.3152 0
1709207905430 0.3576 0
1709207908882 0.412 0
1709207912342 0.2946 0
1709207915795 0.6037 0
1709207919249 0.4265 0
1709207922703 0.4683 0
1709207926157 0.3626 0
1709207933696 0.3259 0
1709207941155 0.383 0
1709207944608 0.3525 0
1709207948072 0.5179 0
1709207951528 0.3074 0
1709207954988 0.3014 0
1709207958444 0.2604 0
1709207961886 0.351 0
1709207965345 0.3021 0
1709207968927 0.3707 0
1709207976448 0.257 0
1709207979899 0.4619 0
1709207983361 0.4359 0
1709207986821 0.3411 0
1709207990285 0.2589 0
1709207993741 0.57 0
1709207997206 0.2234 0
1709208000668 0.3018 0
1709208004264 0.392 0
1709208007715 0.4218 0
1709208011181 0.3729 0
1709208014638 0.2813 0
1709208018107 0.3571 0
1709208021573 0.4094 0
1709208025041 0.3815 0
1709208032349 0.323 0
1709208039912 0.4442 0
1709208043375 0.4538 0
1709208050763 0.404 0
1709208057881 0.6165 0
1709208065117 0.3527 0
1709208072493 0.3214 0
1709208079560 0.2188 0
1709208083021 0.3638 0
1709208086484 0.2432 0
1709208089951 0.2368 0
1709208093411 0.3259 0
1709208096873 0.4898 0
1709208100339 0.2276 0
1709208103801 0.3141 0
1709208107253 0.3573 0
1709208110854 0.2489 0
1709208114314 0.3211 0
1709208117778 0.3169 0
1709208125059 0.4171 0
1709208132548 0.3333 0
1709208136017 0.3158 0
1709208139476 0.2698 0
1709208142947 0.3941 0
1709208150512 0.2853 0
1709208153974 0.3085 0
1709208157436 0.3729 0
1709208160897 0.4018 0
1709208164360 0.4135 0
1709208167827 0.2461 0
1709208175098 0.245 0
1709208182502 0.4341 0
1709208185956 0.1952 0
1709208189415 0.2709 0
1709208196915 0.3013 0
1709208204188 0.4291 0
1709208211655 0.2306 0
1709208219014 0.4456 0
1709208222586 0.3349 0
1709208230114 0.4212 0
1709208233568 0.245 0
1709208237031 0.2641 0
1709208240489 0.3027 0
1709208243956 0.3731 0
1709208247406 0.3108 0
1709208250866 0.2455 0
1709208254335 0.3 0
1709208257929 0.3898 0
1709208261392 0.3605 0
1709208264843 0.3417 0
1709208272200 0.192 0
1709208279504 0.2469 0
1709208282960 0.2845 0
1709208286424 0.1953 0
1709208289877 0.2633 0
1709208293464 0.2623 0
1709208296941 0.2983 0
1709208300398 0.262 0
1709208303868 0.2725 0
1709208307327 0.3202 0
1709208310802 0.2473 0
1709208314275 0.2225 0
1709208317741 0.3999 0
1709208321196 0.4567 0
1709208324790 0.2895 0
1709208328247 0.3306 0
1709208331712 0.2443 0
1709208335174 0.2982 0
1709208338636 0.303 0
1709208342102 0.3147 0
1709208345566 0.4935 0
1709208352890 0.36 0
1709208360373 0.3317 0
1709208363849 0.2273 0
1709208371393 0.2573 0
1709208374857 0.2966 0
1709208378318 0.2429 0
1709208381781 0.3845 0
1709208385243 0.4168 0
1709208388714 0.3981 0
1709208392297 0.2712 0
1709208395759 0.3019 0
1709208399223 0.2955 0
1709208402686 0.295 0
1709208406151 0.2648 0
1709208413709 0.4436 0
1709208417176 0.2478 0
1709208420637 0.3162 0
1709208424185 0.1575 0
1709208427646 0.3001 0
1709208431116 0.1908 0
1709208434584 0.205 0
