1706952920731 14.3 0
1706952926824 5.31 0
1706952936390 6.32 0
1706952944839 7.86 0
1706952952433 7.01 0
1706952961353 8.34 0
1706952971340 9.43 0
1706952979648 7.73 0
1706952989039 8.82 0
1706952998089 8.37 0
1706953006700 8.07 0
1706953016610 9.36 0
1706953024649 7.49 0
1706953032794 7.57 0
1706953041476 8.11 0
1706953051747 9.7 0
1706953062077 9.64 0
1706953068926 6.27 0
1706953077505 8.0 0
1706953086782 8.7 0
1706953095555 8.2 0
1706953103277 7.13 0
1706953111873 8.04 0
1706953119999 7.46 0
1706953128659 8.1 0
1706953139385 7.48 0
1706953148115 5.53 0
1706953157478 8.8 0
1706953167293 6.64 0
1706953175284 4.65 0
1706953183555 5.03 0
1706953191481 7.35 0
1706953200787 6.08 0
1706953210412 9.05 0
1706953221216 7.48 0
1706953229970 5.52 0
1706953238943 5.55 0
1706953247522 5.11 0
1706953258985 8.12 0
1706953268280 5.94 0
1706953275365 3.75 0
1706953283068 4.18 0
1706953291060 4.55 0
1706953300248 5.86 0
1706953309371 5.76 0
1706953317870 7.93 0
1706953326312 7.88 0
1706953334168 4.55 0
1706953344591 7.05 0
1706953351455 3.42 0
1706953360480 5.36 0
1706953368610 7.56 0
1706953379764 10.58 0
1706953386730 6.39 0
1706953398272 10.95 0
1706953405380 3.73 0
1706953412404 3.65 0
1706953420440 4.59 0
1706953429453 5.94 0
1706953438650 6.09 0
1706953445820 4.17 0
1706953454819 5.83 0
1706953462270 4.19 0
1706953470265 4.84 0
1706953477440 4.03 0
1706953484989 4.59 0
1706953493899 8.32 0
1706953502303 7.82 0
1706953511125 5.62 0
1706953519687 7.96 0
1706953529113 6.3 0
1706953537664 5.32 0
1706953546197 5.52 0
1706953555641 6.41 0
1706953566071 7.21 0
1706953574385 5.32 0
1706953584148 6.54 0
1706953592153 7.42 0
1706953600597 5.45 0
1706953609718 8.52 0
1706953617117 4.3 0
1706953624319 3.97 0
1706953634321 6.82 0
1706953641710 6.82 0
1706953650485 5.84 0
1706953659893 6.36 0
1706953668139 5.07 0
1706953674915 3.55 0
1706953683734 5.66 0
1706953691047 6.74 0
1706953699557 5.4 0
1706953707136 4.46 0
1706953716732 6.59 0
1706953725149 7.84 0
1706953733264 7.43 0
1706953743726 7.4 0
1706953752534 5.74 0
1706953760856 5.31 0
1706953767492 3.43 0
1706953774496 3.86 0
1706953783622 3.43 0
1706953790423 3.43 0
1706953797679 6.68 0
1706953805977 4.82 0
1706953813492 6.94 0
1706953820163 3.42 0
1706953830614 9.88 0
1706953839565 5.68 0
1706953849565 6.56 0
1706953858129 7.98 0
1706953867645 6.44 0
1706953877328 9.09 0
1706953886809 6.26 0
1706953896339 6.26 0
1706953905329 5.6 0
1706953914265 5.42 0
1706953922465 4.77 0
1706953930931 5.31 0
1706953940939 6.53 0
1706953949224 4.77 0
1706953955932 3.47 0
1706953964495 5.06 0
1706953973838 6.02 0
1706953981649 4.72 0
1706953989209 3.95 0
1706953996959 4.31 0
1706954005082 4.89 0
1706954014624 8.95 0
1706954022979 7.64 0
1706954029972 6.39 0
1706954040069 9.49 0
1706954048904 5.42 0
1706954057250 5.21 0
1706954065542 5.03 0
1706954074306 8.06 0
1706954083809 6.08 0
1706954092315 7.91 0
1706954102763 9.85 0
1706954109453 3.42 0
1706954117091 4.31 0
1706954127405 9.71 0
1706954134731 6.6 0
1706954144143 6.17 0
1706954152754 5.46 0
1706954159907 3.73 0
1706954169018 5.8 0
1706954179079 6.8 0
1706954187832 5.52 0
1706954197522 6.46 0
1706954205165 4.23 0
1706954212967 4.33 0
1706954221391 7.82 0
1706954229038 6.94 0
1706954238368 6.12 0
1706954247770 6.06 0
1706954256749 5.5 0
1706954264940 5.2 0
1706954271830 3.57 0
1706954280555 5.26 0
1706954288569 4.89 0
1706954298314 6.65 0
1706954307036 5.66 0
1706954315824 5.74 0
1706954323656 4.66 0
1706954331359 4.23 0
1706954339343 4.88 0
1706954347955 5.5 0
1706954354857 3.89 0
1706954363303 5.2 0
1706954370149 3.65 0
1706954379719 6.36 0
1706954387392 4.63 0
1706954396102 5.72 0
1706954404557 5.31 0
1706954413718 6.1 0
1706954422717 5.88 0
1706954431104 5.4 0
1706954439832 5.54 0
1706954448573 5.72 0
1706954456958 5.25 0
1706954465827 8.27 0
1706954473761 7.2 0
1706954480716 3.81 0
1706954489845 5.94 0
1706954496802 3.83 0
1706954505817 8.41 0
1706954512896 6.47 0
1706954523049 9.56 0
1706954530813 4.8 0
1706954540118 6.2 0
1706954548751 5.42 0
1706954558200 8.85 0
1706954567018 8.21 0
1706954576055 5.82 0
1706954583635 4.42 0
1706954591937 7.69 0
1706954600375 7.81 0
1706954608766 7.78 0
1706954617898 6.04 0
1706954626703 8.2 0
1706954635901 3.43 0
1706954643482 4.24 0
1706954651244 4.34 0
1706954661109 9.27 0
1706954669407 7.7 0
1706954678053 8.04 0
1706954685422 4.05 0
1706954693680 4.78 0
1706954702502 8.25 0
1706954710533 4.73 0
1706954717393 3.42 0
1706954725548 4.96 0
1706954735326 6.36 0
1706954745963 7.04 0
1706954754717 5.29 0
1706954763895 5.85 0
1706954772148 4.77 0
1706954779045 3.43 0
1706954786377 6.76 0
1706954794276 7.22 0
1706954805000 7.51 0
1706954812862 7.28 0
1706954820147 6.72 0
1706954826496 5.77 0
1706954834008 6.94 0
1706954842051 7.46 0
1706954849836 7.08 0
1706954859016 8.6 0
1706954866550 6.96 0
1706954876696 9.57 0
1706954885797 8.51 0
1706954893448 4.31 0
1706954901024 7.0 0
1706954910711 9.1 0
1706954919265 5.0 0
1706954927208 7.36 0
1706954936318 5.81 0
1706954946796 7.14 0
1706954954669 4.49 0
1706954965386 7.17 0
1706954974327 5.43 0
1706954981997 4.43 0
1706954991727 9.15 0
1706955000441 5.14 0
1706955009602 5.7 0
1706955017791 7.61 0
1706955027496 9.01 0
1706955036510 5.76 0
1706955045243 8.14 0
1706955054814 6.1 0
1706955062265 4.11 0
1706955071576 5.86 0
1706955079408 4.49 0
1706955088713 6.06 0
1706955097146 5.14 0
1706955104952 7.22 0
1706955114480 8.94 0
1706955123596 8.52 0
1706955132599 8.3 0
1706955140654 7.46 0
1706955149753 8.51 0
1706955157906 7.57 0
1706955165033 6.54 0
1706955172415 6.8 0
1706955181908 8.91 0
1706955190394 7.78 0
1706955198305 4.5 0
1706955207783 6.06 0
1706955215164 4.13 0
1706955225300 9.55 0
1706955233405 7.52 0
1706955242635 8.65 0
1706955252654 9.32 0
1706955262983 9.74 0
1706955271822 8.25 0
1706955280634 5.48 0
1706955290492 9.27 0
1706955299546 8.46 0
1706955308078 7.94 0
1706955316661 7.87 0
1706955326142 8.89 0
1706955334057 7.32 0
1706955343251 6.0 0
1706955350499 4.01 0
1706955360154 9.07 0
1706955370295 9.55 0
1706955377677 6.68 0
1706955387422 9.15 0
1706955395297 7.28 0
1706955403726 7.82 0
1706955412449 8.12 0
1706955423342 10.29 0
1706955432138 8.18 0
1706955440496 7.63 0
1706955451250 7.36 0
1706955460970 6.35 0
1706955468922 4.49 0
1706955477331 5.17 0
1706955486311 5.46 0
1706955493811 6.78 0
1706955504584 4.83 0
1706955511082 5.89 0
1706955519776 5.68 0
1706955527197 6.82 0
1706955536381 8.59 0
1706955545024 7.93 0
1706955554314 8.69 0
1706955562927 8.01 0
1706955571479 7.95 0
1706955578513 6.44 0
1706955587935 8.83 0
1706955596795 5.67 0
1706955606423 9.03 0
1706955616079 8.93 0
1706955625007 5.66 0
1706955632826 4.8 0
1706955640903 7.47 0
1706955650653 9.15 0
1706955659420 5.67 0
1706955668141 5.58 0
1706955677918 9.17 0
1706955686500 7.98 0
1706955693974 6.88 0
1706955701155 6.58 0
1706955709106 7.35 0
1706955718832 9.13 0
1706955726831 7.4 0
1706955735704 8.15 0
1706955742266 5.96 0
1706955752383 9.52 0
1706955762470 9.49 0
1706955770988 7.92 0
1706955780152 8.57 0
1706955788934 8.19 0
1706955798589 8.94 0
1706955806749 5.12 0
1706955815983 8.62 0
1706955823187 6.6 0
1706955831737 7.95 0
1706955842450 10.12 0
1706955850211 7.15 0
1706955857517 6.7 0
1706955867900 9.78 0
1706955873879 5.37 0
1706955883076 8.59 0
1706955890967 7.28 0
1706955902031 10.45 0
1706955910955 5.62 0
1706955919877 5.78 0
1706955930259 7.31 0
1706955940530 4.68 0
1706955950221 9.07 0
1706955958118 7.28 0
1706955966050 7.21 0
1706955974461 7.8 0
1706955982949 7.87 0
1706955991218 7.66 0
1706955999259 7.43 0
1706956007053 7.18 0
1706956016154 8.49 0
1706956024543 7.66 0
1706956031269 6.11 0
1706956040471 8.58 0
1706956049235 8.15 0
1706956057960 8.11 0
1706956067265 8.69 0
1706956077379 9.5 0
1706956087994 10.01 0
1706956096563 7.83 0
1706956104882 7.71 0
1706956113376 7.88 0
1706956122498 8.51 0
1706956130357 7.24 0
1706956138815 7.84 0
1706956146779 7.23 0
1706956155434 8.05 0
1706956164838 8.79 0
1706956173886 8.43 0
1706956182208 7.7 0
1706956191751 8.93 0
1706956201012 8.65 0
1706956207907 6.28 0
1706956216818 8.16 0
1706956225293 7.85 0
1706956233625 7.71 0
1706956242719 8.47 0
1706956252802 9.45 0
1706956260982 7.57 0
1706956270870 6.65 0
1706956277435 3.43 0
1706956286382 5.73 0
1706956296340 9.33 0
1706956305547 8.58 0
1706956314407 8.23 0
1706956322161 4.66 0
1706956329383 6.6 0
1706956337117 4.66 0
1706956343966 6.22 0
1706956352099 7.51 0
1706956361926 9.21 0
1706956371349 6.24 0
1706956379915 5.4 0
1706956387901 7.36 0
1706956396939 5.78 0
1706956407313 7.16 0
1706956415036 7.1 0
1706956423481 7.82 0
1706956432942 8.71 0
1706956442698 9.13 0
1706956450156 6.84 0
1706956459906 9.13 0
1706956467626 7.13 0
1706956477079 8.84 0
1706956485573 7.9 0
1706956494300 8.01 0
1706956502438 7.55 0
1706956510048 7.02 0
1706956518505 7.86 0
1706956527548 8.45 0
1706956535631 4.84 0
1706956544328 8.11 0
1706956554493 9.57 0
1706956564924 9.72 0
1706956572772 7.25 0
1706956580645 7.27 0
1706956589980 8.73 0
1706956598680 8.11 0
1706956608931 9.65 0
1706956616294 6.76 0
1706956624879 7.85 0
1706956633414 7.94 0
1706956642598 8.59 0
1706956650622 7.43 0
1706956657601 6.37 0
1706956667043 8.85 0
1706956675162 7.52 0
1706956682265 6.37 0
1706956693240 10.38 0
1706956700996 7.16 0
1706956710388 6.36 0
1706956716803 3.43 0
1706956725243 7.85 0
1706956734166 8.33 0
1706956743130 8.25 0
1706956753021 9.29 0
1706956763755 7.59 0
1706956770882 4.04 0
1706956779752 5.76 0
1706956789423 6.66 0
1706956798506 8.49 0
1706956808103 6.34 0
1706956815624 6.93 0
1706956823713 5.01 0
1706956831461 4.52 0
1706956839822 7.77 0
1706956849751 9.33 0
1706956857150 6.68 0
1706956864873 7.13 0
1706956874381 8.91 0
1706956882584 7.6 0
1706956891927 8.75 0
1706956900582 8.06 0
1706956907768 4.03 0
1706956917752 6.64 0
1706956926587 5.68 0
1706956934191 4.5 0
1706956943086 5.38 0
1706956951887 5.42 0
1706956959619 7.14 0
1706956968978 8.76 0
1706956977548 7.85 0
1706956988048 9.89 0
1706956996021 7.38 0
1706957004001 4.78 0
1706957010955 3.43 0
1706957020143 8.59 0
1706957031097 10.25 0
1706957038773 7.08 0
1706957047984 8.61 0
1706957055605 7.02 0
1706957065058 6.03 0
1706957073601 5.26 0
1706957081160 6.96 0
1706957090953 9.05 0
1706957099910 8.35 0
1706957108956 8.44 0
1706957117528 7.96 0
1706957125143 7.01 0
1706957134429 8.68 0
1706957146026 10.98 0
1706957155176 8.43 0
1706957163466 7.68 0
1706957172825 8.75 0
1706957182144 8.71 0
1706957190252 7.5 0
1706957200377 9.52 0
1706957208277 7.29 0
1706957216960 7.95 0
1706957225773 8.19 0
1706957232481 6.1 0
1706957243155 7.29 0
1706957250744 6.98 0
1706957259162 7.81 0
1706957265384 5.61 0
1706957273778 7.66 0
1706957282959 8.58 0
1706957289572 6.0 0
1706957297940 7.76 0
1706957307097 8.55 0
1706957315771 8.06 0
1706957325015 8.63 0
1706957332896 7.27 0
1706957341368 7.73 0
1706957349000 7.03 0
1706957357332 7.73 0
1706957365617 7.68 0
1706957372881 6.66 0
1706957381880 8.39 0
1706957390432 7.94 0
1706957399326 8.16 0
1706957408669 8.74 0
1706957418816 9.54 0
1706957427033 7.6 0
1706957435343 7.7 0
1706957442728 6.78 0
1706957452242 8.91 0
1706957459740 6.77 0
1706957470243 9.89 0
1706957478615 7.76 0
1706957486652 4.41 0
1706957497051 9.79 0
1706957505616 7.96 0
1706957514249 8.02 0
1706957522389 7.4 0
1706957531615 8.61 0
1706957538892 6.66 0
1706957547868 8.37 0
1706957556898 8.42 0
1706957566509 9.01 0
1706957574340 7.22 0
1706957582947 7.87 0
1706957591414 7.85 0
1706957599659 7.63 0
1706957608376 8.1 0
1706957618983 10.0 0
1706957629435 9.84 0
1706957638553 8.51 0
1706957646991 7.82 0
1706957655308 7.57 0
1706957663857 7.93 0
1706957672655 5.32 0
1706957679904 6.64 0
1706957687794 7.28 0
1706957696793 8.39 0
1706957703713 6.31 0
1706957712854 8.42 0
1706957719308 5.84 0
1706957727529 7.61 0
1706957736566 8.42 0
1706957743721 3.83 0
1706957755116 10.78 0
1706957763169 7.44 0
1706957772179 8.28 0
1706957781433 8.64 0
1706957789914 7.87 0
1706957798478 7.95 0
1706957806703 7.61 0
1706957816047 8.72 0
1706957823925 7.27 0
1706957832654 8.11 0
1706957840643 7.24 0
1706957850779 9.51 0
1706957859194 7.79 0
1706957867519 7.69 0
1706957876031 7.89 0
1706957884835 8.17 0
1706957894852 9.39 0
1706957902729 7.11 0
1706957912757 9.41 0
1706957919903 6.52 0
1706957929347 8.83 0
1706957936678 3.93 0
1706957946886 6.76 0
1706957957429 7.41 0
1706957965702 7.65 0
1706957975494 9.17 0
1706957987727 11.61 0
1706957996752 8.4 0
1706958008372 11.0 0
1706958019050 10.06 0
1706958029219 9.42 0
1706958038341 8.49 0
1706958046037 7.06 0
1706958054255 7.58 0
1706958063635 8.75 0
1706958070619 6.35 0
1706958079525 8.28 0
1706958089504 9.35 0
1706958098936 8.66 0
1706958108987 9.41 0
1706958117603 5.42 0
1706958126144 7.91 0
1706958134173 4.91 0
1706958142959 8.15 0
1706958151820 8.11 0
1706958159583 4.73 0
1706958167340 7.12 0
1706958176521 8.55 0
1706958184943 7.79 0
1706958192600 7.02 0
1706958201437 8.2 0
1706958211047 8.86 0
1706958220750 9.06 0
1706958228629 7.24 0
1706958235728 6.46 0
1706958245916 9.56 0
1706958255347 8.79 0
1706958264247 8.27 0
1706958274066 9.07 0
1706958283110 8.41 0
1706958291063 7.32 0
1706958300245 8.54 0
1706958309003 8.12 0
1706958317710 8.08 0
1706958327304 8.97 0
1706958336902 8.96 0
1706958346003 8.33 0
1706958355855 9.22 0
1706958364774 8.29 0
1706958373046 7.64 0
1706958380540 6.86 0
1706958389498 8.32 0
1706958399644 9.52 0
1706958405543 5.14 0
1706958416258 10.08 0
1706958424296 4.7 0
1706958433025 8.09 0
1706958440943 7.28 0
1706958449802 8.23 0
1706958457175 6.73 0
1706958465322 7.39 0
1706958473740 7.78 0
1706958482439 8.06 0
1706958490300 7.22 0
1706958500008 6.31 0
1706958508375 7.72 0
1706958515465 6.46 0
1706958524696 8.46 0
1706958531472 6.14 0
1706958539430 7.32 0
1706958547120 4.09 0
1706958556015 8.26 0
1706958566209 9.55 0
1706958574540 7.7 0
1706958583644 8.33 0
1706958592293 8.01 0
1706958599857 6.92 0
1706958608614 8.12 0
1706958617093 7.84 0
1706958626592 8.86 0
1706958636735 9.51 0
1706958644616 7.11 0
1706958653809 8.55 0
1706958662608 8.17 0
1706958669806 6.56 0
1706958679244 8.79 0
1706958688206 8.32 0
1706958696205 7.36 0
1706958706273 9.43 0
1706958713654 6.61 0
1706958722984 8.68 0
1706958733933 10.3 0
1706958740621 6.04 0
1706958748168 6.9 0
1706958756877 8.07 0
1706958766601 8.96 0
1706958774908 7.66 0
1706958783507 7.95 0
1706958792720 8.57 0
1706958800782 7.42 0
1706958807700 6.27 0
1706958816374 8.03 0
1706958824821 7.67 0
1706958833085 7.61 0
1706958840110 6.38 0
1706958847910 7.16 0
1706958857146 8.59 0
1706958865292 7.48 0
1706958873961 8.03 0
1706958881843 7.11 0
1706958890099 7.61 0
1706958897505 6.76 0
1706958906411 8.26 0
1706958914062 7.01 0
1706958923738 9.04 0
1706958932214 7.83 0
1706958939017 6.15 0
1706958947906 8.11 0
1706958955169 6.61 0
1706958962261 6.44 0
1706958971055 5.48 0
1706958978275 6.58 0
1706958986770 7.85 0
1706958995463 7.93 0
1706959004529 8.42 0
1706959011436 3.43 0
1706959018291 3.43 0
1706959025636 6.7 0
1706959036804 7.65 0
1706959043379 5.8 0
1706959050984 4.16 0
1706959061636 10.0 0
1706959069687 7.4 0
1706959078793 8.46 0
1706959087381 7.95 0
1706959094400 6.37 0
1706959100985 5.8 0
1706959109669 8.03 0
1706959118481 8.16 0
1706959126577 7.44 0
1706959134584 7.36 0
1706959141077 5.85 0
1706959149639 7.92 0
1706959158021 7.61 0
1706959165895 7.23 0
1706959175074 8.53 0
1706959184690 5.94 0
1706959192440 7.11 0
1706959199190 6.1 0
1706959207032 7.21 0
1706959215003 7.21 0
1706959223406 7.75 0
1706959232601 8.56 0
1706959242442 9.2 0
1706959251507 8.42 0
1706959259092 6.94 0
1706959267840 8.1 0
1706959276560 7.95 0
1706959285029 7.83 0
1706959294967 9.29 0
1706959306325 10.72 0
1706959313564 6.58 0
1706959320811 6.6 0
1706959329511 8.06 0
1706959338633 8.47 0
1706959347193 7.79 0
1706959354362 6.52 0
1706959361816 6.81 0
1706959370522 8.06 0
1706959380466 6.46 0
1706959390229 3.43 0
1706959397592 6.6 0
1706959408599 7.73 0
1706959416271 4.29 0
1706959425708 8.79 0
1706959433156 6.8 0
1706959443393 9.59 0
1706959452174 8.02 0
1706959460926 8.11 0
1706959471890 10.32 0
1706959479885 7.34 0
1706959488867 8.34 0
1706959496818 7.3 0
1706959505166 7.7 0
1706959513671 7.85 0
1706959524346 9.89 0
1706959533040 8.03 0
1706959540148 6.44 0
1706959549011 8.2 0
1706959557007 7.34 0
1706959564937 7.28 0
1706959575717 10.01 0
1706959584927 8.55 0
1706959592103 6.52 0
1706959600656 5.16 0
1706959610158 5.97 0
1706959617714 6.9 0
1706959626693 8.31 0
1706959635357 7.89 0
1706959646224 7.35 0
1706959653788 4.09 0
1706959664035 9.59 0
1706959673606 8.91 0
1706959681122 6.87 0
1706959688382 6.48 0
1706959697547 8.51 0
1706959704292 6.1 0
1706959711976 7.02 0
1706959720973 8.35 0
1706959729575 7.93 0
1706959737075 6.84 0
1706959745333 7.47 0
1706959754107 8.11 0
1706959763090 8.33 0
1706959772776 9.03 0
1706959780460 7.03 0
1706959787454 6.34 0
1706959795359 7.24 0
1706959801397 5.24 0
1706959810685 8.63 0
1706959817656 3.43 0
1706959825699 7.39 0
1706959834535 8.19 0
1706959843595 8.4 0
1706959853028 8.77 0
1706959862210 8.4 0
1706959869317 6.45 0
1706959878516 8.54 0
1706959887732 8.56 0
1706959896194 7.8 0
1706959904745 7.89 0
1706959914262 8.85 0
1706959922130 7.09 0
1706959929851 7.07 0
1706959937307 6.8 0
1706959946920 8.96 0
1706959955410 7.83 0
1706959963598 7.53 0
1706959971725 7.46 0
1706959981907 9.52 0
1706959989063 6.39 0
1706959996807 7.11 0
1706960005079 7.65 0
1706960012470 6.76 0
1706960022971 9.86 0
1706960032525 8.92 0
1706960040316 7.16 0
1706960047596 6.53 0
1706960056703 8.48 0
1706960065602 8.27 0
1706960073358 7.13 0
1706960080826 6.83 0
1706960089446 8.0 0
1706960098015 7.94 0
1706960106105 7.33 0
1706960114392 7.65 0
1706960122991 7.97 0
1706960131599 7.98 0
1706960138647 6.42 0
1706960146539 7.26 0
1706960155845 8.68 0
1706960163561 7.08 0
1706960170408 6.08 0
1706960179073 8.03 0
1706960186243 6.54 0
1706960194946 8.07 0
1706960203103 7.52 0
1706960212326 8.59 0
1706960220187 7.23 0
1706960230677 9.86 0
1706960238631 4.36 0
1706960246547 7.27 0
1706960255739 8.57 0
1706960266743 10.37 0
1706960275425 8.05 0
1706960285121 9.07 0
1706960293120 7.37 0
1706960301196 7.31 0
1706960309219 7.39 0
1706960316093 6.24 0
1706960322761 6.04 0
1706960332423 9.03 0
1706960342017 8.97 0
1706960350214 7.56 0
1706960359581 8.62 0
1706960369490 9.28 0
1706960377075 6.94 0
1706960386073 8.36 0
1706960396995 10.29 0
1706960407149 9.51 0
1706960414943 7.16 0
1706960424160 8.59 0
1706960432130 7.21 0
1706960440474 7.71 0
1706960450207 9.1 0
1706960457989 7.15 0
1706960466170 4.76 0
1706960475649 8.85 0
1706960482809 3.85 0
1706960491732 5.32 0
1706960500566 8.21 0
1706960509004 7.81 0
1706960517324 7.69 0
1706960524611 6.65 0
1706960533365 8.12 0
1706960541192 7.2 0
1706960549581 7.63 0
1706960560335 10.12 0
1706960567621 6.64 0
1706960577826 9.57 0
1706960586101 7.65 0
1706960595103 8.37 0
1706960602295 6.56 0
1706960609845 6.92 0
1706960619727 9.12 0
1706960628122 7.77 0
1706960639404 10.64 0
1706960649361 9.32 0
1706960657534 7.54 0
1706960666250 8.09 0
1706960676104 6.5 0
1706960684582 7.84 0
1706960691563 6.21 0
1706960700777 8.57 0
1706960710142 8.73 0
1706960719772 8.99 0
1706960726259 5.84 0
1706960732647 5.75 0
1706960742236 8.96 0
1706960750572 7.58 0
1706960759378 8.17 0
1706960767497 7.48 0
1706960775908 7.78 0
1706960784483 7.94 0
1706960791581 6.47 0
1706960800571 8.35 0
1706960808602 7.27 0
1706960818139 8.9 0
1706960827756 8.97 0
1706960835918 7.53 0
1706960844638 8.09 0
1706960853692 5.66 0
1706960861678 4.58 0
1706960869078 6.63 0
1706960878457 6.02 0
1706960888459 9.37 0
1706960896215 7.12 0
1706960905653 8.81 0
1706960914860 8.57 0
1706960924462 8.97 0
1706960931602 6.49 0
1706960940669 8.43 0
1706960948790 7.49 0
1706960957566 8.14 0
1706960963957 5.76 0
1706960973563 8.98 0
1706960981459 7.26 0
1706960991222 9.13 0
1706960999551 7.57 0
1706961008078 7.9 0
1706961018467 9.76 0
1706961026951 7.85 0
1706961035553 7.97 0
1706961044450 8.27 0
1706961052149 7.06 0
1706961061904 9.0 0
1706961070258 7.72 0
1706961078023 7.13 0
1706961084609 5.94 0
1706961092633 7.38 0
1706961102062 5.9 0
1706961110261 7.57 0
1706961120113 9.22 0
1706961128779 5.25 0
1706961137205 7.79 0
1706961146693 6.1 0
1706961156240 6.13 0
1706961163785 6.91 0
1706961171120 6.69 0
1706961180063 8.19 0
1706961189355 8.65 0
1706961199878 9.88 0
1706961209533 9.01 0
1706961218758 8.58 0
1706961228541 9.13 0
1706961236680 7.5 0
1706961245403 8.08 0
1706961256308 10.13 0
1706961266151 9.19 0
1706961275171 8.37 0
1706961284005 8.19 0
1706961292212 7.56 0
1706961302812 9.95 0
1706961312170 8.71 0
1706961321158 8.22 0
1706961330452 8.65 0
1706961338724 7.62 0
1706961345869 6.49 0
1706961356142 9.63 0
1706961365095 8.3 0
1706961373371 7.63 0
1706961381558 7.42 0
1706961390570 8.37 0
1706961399542 8.32 0
1706961407799 7.61 0
1706961417388 8.94 0
1706961426453 8.43 0
1706961435646 8.55 0
1706961443597 7.3 0
1706961450921 6.55 0
1706961459279 7.71 0
1706961468348 8.41 0
1706961476841 7.85 0
1706961485654 8.16 0
1706961493705 7.41 0
1706961503796 9.45 0
1706961512225 7.78 0
1706961522033 9.04 0
1706961528642 5.96 0
1706961537199 7.91 0
