1706952920724 1.9661999940872192 0
1706952926820 1.0880999565124512 0
1706952936386 0.8034999966621399 0
1706952944835 0.7461000084877014 0
1706952952429 0.6290000081062317 0
1706952961349 0.743399977684021 0
1706952971336 0.7032999992370605 0
1706952979644 0.6809999942779541 0
1706952989034 0.7329999804496765 0
1706952998085 0.699400007724762 0
1706953006696 0.5570999979972839 0
1706953016605 0.6445000171661377 0
1706953024645 0.6381000280380249 0
1706953032790 0.6121000051498413 0
1706953041472 0.5806999802589417 0
1706953051743 0.5795000195503235 0
1706953062073 0.603600025177002 0
1706953068922 0.6179999709129333 0
1706953077501 0.6503999829292297 0
1706953086778 0.6179999709129333 0
1706953095551 0.6008999943733215 0
1706953103274 0.5805000066757202 0
1706953111869 0.5116000175476074 0
1706953119996 0.46399998664855957 0
1706953128654 0.6008999943733215 0
1706953139381 0.6103000044822693 0
1706953148111 0.5989000201225281 0
1706953157474 0.551800012588501 0
1706953167288 0.4503999948501587 0
1706953175281 0.6499000191688538 0
1706953183551 0.521399974822998 0
1706953191476 0.5773000121116638 0
1706953200783 0.6402999758720398 0
1706953210409 0.6151999831199646 0
1706953221212 0.4997999966144562 0
1706953229966 0.6200000047683716 0
1706953238939 0.5611000061035156 0
1706953247518 0.5320000052452087 0
1706953258981 0.564300000667572 0
1706953268276 0.4934999942779541 0
1706953275361 0.5623000264167786 0
1706953283064 0.4878000020980835 0
1706953291056 0.4982999861240387 0
1706953300244 0.5238999724388123 0
1706953309367 0.5637999773025513 0
1706953317866 0.531499981880188 0
1706953326308 0.47380000352859497 0
1706953334164 0.49380001425743103 0
1706953344587 0.48399999737739563 0
1706953351451 0.51910001039505 0
1706953360476 0.43459999561309814 0
1706953368606 0.4846000075340271 0
1706953379760 0.5152000188827515 0
1706953386726 0.3978999853134155 0
1706953398268 0.5533999800682068 0
1706953405375 0.4269999861717224 0
1706953412400 0.46070000529289246 0
1706953420436 0.5422000288963318 0
1706953429449 0.3926999866962433 0
1706953438646 0.4602000117301941 0
1706953445816 0.428600013256073 0
1706953454815 0.45080000162124634 0
1706953462266 0.4438999891281128 0
1706953470261 0.42149999737739563 0
1706953477436 0.4625000059604645 0
1706953484985 0.4007999897003174 0
1706953493895 0.47369998693466187 0
1706953502299 0.49709999561309814 0
1706953511121 0.45190000534057617 0
1706953519683 0.3671000003814697 0
1706953529110 0.4507000148296356 0
1706953537660 0.4074999988079071 0
1706953546193 0.36570000648498535 0
1706953555636 0.3930000066757202 0
1706953566067 0.41179999709129333 0
1706953574380 0.45669999718666077 0
1706953584144 0.4805999994277954 0
1706953592149 0.3817000091075897 0
1706953600593 0.31049999594688416 0
1706953609714 0.3334999978542328 0
1706953617113 0.34610000252723694 0
1706953624315 0.31869998574256897 0
1706953634317 0.3709000051021576 0
1706953641706 0.37529999017715454 0
1706953650480 0.36800000071525574 0
1706953659889 0.3334999978542328 0
1706953668135 0.3878999948501587 0
1706953674911 0.3522000014781952 0
1706953683731 0.3402000069618225 0
1706953691043 0.33640000224113464 0
1706953699553 0.30649998784065247 0
1706953707132 0.3515999913215637 0
1706953716728 0.3553999960422516 0
1706953725145 0.3824999928474426 0
1706953733260 0.37279999256134033 0
1706953743722 0.40939998626708984 0
1706953752530 0.28360000252723694 0
1706953760852 0.22200000286102295 0
1706953767488 0.34209999442100525 0
1706953774492 0.2526000142097473 0
1706953783617 0.22869999706745148 0
1706953790419 0.27889999747276306 0
1706953797676 0.26429998874664307 0
1706953805974 0.2964000105857849 0
1706953813487 0.28220000863075256 0
1706953820158 0.3197999894618988 0
1706953830610 0.3587000072002411 0
1706953839561 0.3619000017642975 0
1706953849562 0.34860000014305115 0
1706953858125 0.32280001044273376 0
1706953867641 0.3021000027656555 0
1706953877325 0.2524000108242035 0
1706953886805 0.298799991607666 0
1706953896334 0.24719999730587006 0
1706953905325 0.24889999628067017 0
1706953914261 0.2214999943971634 0
1706953922461 0.2492000013589859 0
1706953930927 0.2757999897003174 0
1706953940935 0.24130000174045563 0
1706953949220 0.25609999895095825 0
1706953955928 0.22949999570846558 0
1706953964491 0.19789999723434448 0
1706953973834 0.21930000185966492 0
1706953981645 0.15369999408721924 0
1706953989204 0.16030000150203705 0
1706953996955 0.09690000116825104 0
1706954005078 0.2199999988079071 0
1706954014620 0.2574000060558319 0
1706954022976 0.20659999549388885 0
1706954029968 0.21250000596046448 0
1706954040064 0.23180000483989716 0
1706954048900 0.16840000450611115 0
1706954057246 0.181099995970726 0
1706954065538 0.30550000071525574 0
1706954074302 0.19910000264644623 0
1706954083805 0.17350000143051147 0
1706954092312 0.2071000039577484 0
1706954102759 0.18889999389648438 0
1706954109449 0.22200000286102295 0
1706954117087 0.15940000116825104 0
1706954127401 0.22450000047683716 0
1706954134727 0.3246000111103058 0
1706954144139 0.25429999828338623 0
1706954152750 0.1429000049829483 0
1706954159903 0.1446000039577484 0
1706954169014 0.1843000054359436 0
1706954179075 0.20029999315738678 0
1706954187828 0.13979999721050262 0
1706954197518 0.11949999630451202 0
1706954205161 0.14219999313354492 0
1706954212963 0.164900004863739 0
1706954221387 0.06930000334978104 0
1706954229034 0.15209999680519104 0
1706954238364 0.11869999766349792 0
1706954247766 0.10679999738931656 0
1706954256745 0.10970000177621841 0
1706954264936 0.14880000054836273 0
1706954271826 0.06719999760389328 0
1706954280551 0.0697999969124794 0
1706954288566 0.10050000250339508 0
1706954298310 0.15119999647140503 0
1706954307032 0.07989999651908875 0
1706954315819 0.05810000002384186 0
1706954323652 0.03880000114440918 0
1706954331356 0.03400000184774399 0
1706954339339 0.10040000081062317 0
1706954347951 0.15060000121593475 0
1706954354853 0.09009999781847 0
1706954363300 0.08789999783039093 0
1706954370145 0.06350000202655792 0
1706954379716 0.05950000137090683 0
1706954387388 0.055799998342990875 0
1706954396098 0.01889999955892563 0
1706954404553 -0.048900000751018524 0
1706954413714 0.08139999955892563 0
1706954422713 -0.0012000000569969416 0
1706954431099 0.05849999934434891 0
1706954439828 -0.03359999880194664 0
1706954448568 -0.07639999687671661 0
1706954456954 -0.04659999907016754 0
1706954465823 0.08070000261068344 0
1706954473756 0.022099999710917473 0
1706954480712 0.03779999911785126 0
1706954489841 -0.014000000432133675 0
1706954496798 0.14900000393390656 0
1706954505812 0.06889999657869339 0
1706954512892 0.017799999564886093 0
1706954523046 0.027799999341368675 0
1706954530809 -0.024900000542402267 0
1706954540114 0.025200000032782555 0
1706954548747 -0.0551999993622303 0
1706954558196 0.018799999728798866 0
1706954567014 -0.05209999904036522 0
1706954576051 -0.05900000035762787 0
1706954583630 -0.0005000000237487257 0
1706954591933 -0.07209999859333038 0
1706954600371 -0.15919999778270721 0
1706954608762 0.016699999570846558 0
1706954617895 0.018400000408291817 0
1706954626699 0.07270000129938126 0
1706954635897 -0.03020000085234642 0
1706954643477 -0.07479999959468842 0
1706954651240 -0.08869999647140503 0
1706954661105 -0.08569999784231186 0
1706954669403 -0.15559999644756317 0
1706954678049 -0.05380000174045563 0
1706954685418 -0.08100000023841858 0
1706954693676 -0.08780000358819962 0
1706954702498 -0.10329999774694443 0
1706954710529 0.06340000033378601 0
1706954717388 -0.12269999831914902 0
1706954725544 -0.04149999842047691 0
1706954735321 -0.09070000052452087 0
1706954745959 -0.1103999987244606 0
1706954754713 -0.1712999939918518 0
1706954763890 0.0421999990940094 0
1706954772144 -0.001500000013038516 0
1706954779041 -0.033399999141693115 0
1706954786373 0.020899999886751175 0
1706954794272 -0.04859999939799309 0
1706954804996 -0.08399999886751175 0
1706954812858 -0.04340000078082085 0
1706954820144 -0.09860000014305115 0
1706954826493 -0.1445000022649765 0
1706954834005 -0.06769999861717224 0
1706954842046 -0.08810000121593475 0
1706954849832 -0.09690000116825104 0
1706954859012 0.002400000113993883 0
1706954866546 -0.007300000172108412 0
1706954876692 0.08410000056028366 0
1706954885793 -0.11230000108480453 0
1706954893444 -0.005799999926239252 0
1706954901020 -0.18299999833106995 0
1706954910707 -0.07750000059604645 0
1706954919261 -0.18610000610351562 0
1706954927204 -0.1590999960899353 0
1706954936313 -0.060100000351667404 0
1706954946792 -0.11429999768733978 0
1706954954665 -0.15389999747276306 0
1706954965383 -0.09830000251531601 0
1706954974322 0.015300000086426735 0
1706954981993 -0.12479999661445618 0
1706954991723 -0.2070000022649765 0
1706955000437 -0.10170000046491623 0
1706955009599 -0.13109999895095825 0
1706955017787 -0.12790000438690186 0
1706955027492 -0.1598999947309494 0
1706955036506 -0.21739999949932098 0
1706955045239 -0.2021999955177307 0
1706955054810 -0.15160000324249268 0
1706955062261 -0.2345000058412552 0
1706955071572 -0.22949999570846558 0
1706955079404 -0.2198999971151352 0
1706955088709 -0.19930000603199005 0
1706955097142 -0.163100004196167 0
1706955104948 -0.07479999959468842 0
1706955114476 -0.16859999299049377 0
1706955123591 -0.06440000236034393 0
1706955132595 -0.17710000276565552 0
1706955140650 -0.1728000044822693 0
1706955149748 -0.1485999971628189 0
1706955157902 -0.18440000712871552 0
1706955165030 -0.12430000305175781 0
1706955172411 -0.12630000710487366 0
1706955181904 -0.1168999969959259 0
1706955190390 -0.06560000032186508 0
1706955198301 -0.09520000219345093 0
1706955207779 -0.020600000396370888 0
1706955215160 -0.24410000443458557 0
1706955225296 -0.1680999994277954 0
1706955233402 -0.11079999804496765 0
1706955242630 -0.16699999570846558 0
1706955252650 -0.1088000014424324 0
1706955262979 -0.11720000207424164 0
1706955271818 -0.12939999997615814 0
1706955280630 -0.24609999358654022 0
1706955290488 -0.15399999916553497 0
1706955299542 -0.1590999960899353 0
1706955308074 -0.021299999207258224 0
1706955316657 -0.11010000109672546 0
1706955326138 -0.211899995803833 0
1706955334053 -0.26260000467300415 0
1706955343247 -0.2597000002861023 0
1706955350495 -0.30309998989105225 0
1706955360150 -0.16670000553131104 0
1706955370291 -0.13120000064373016 0
1706955377673 -0.149399995803833 0
1706955387418 -0.2087000012397766 0
1706955395293 -0.1607999950647354 0
1706955403722 -0.22419999539852142 0
1706955412445 -0.25200000405311584 0
1706955423338 -0.15309999883174896 0
1706955432134 -0.11469999700784683 0
1706955440492 -0.31869998574256897 0
1706955451245 -0.2994999885559082 0
1706955460966 -0.12860000133514404 0
1706955468918 -0.21539999544620514 0
1706955477327 -0.2476000040769577 0
1706955486307 -0.23690000176429749 0
1706955493808 -0.22990000247955322 0
1706955504580 -0.22519999742507935 0
1706955511079 -0.16979999840259552 0
1706955519772 -0.2526000142097473 0
1706955527193 -0.19439999759197235 0
1706955536377 -0.18860000371932983 0
1706955545020 -0.26579999923706055 0
1706955554310 -0.1817999929189682 0
1706955562922 -0.23659999668598175 0
1706955571475 -0.2361000031232834 0
1706955578509 -0.32190001010894775 0
1706955587931 -0.2159000039100647 0
1706955596791 -0.2493000030517578 0
1706955606420 -0.10999999940395355 0
1706955616075 -0.2502000033855438 0
1706955625003 -0.2567000091075897 0
1706955632822 -0.2736999988555908 0
1706955640899 -0.27730000019073486 0
1706955650649 -0.23350000381469727 0
1706955659416 -0.28189998865127563 0
1706955668137 -0.303600013256073 0
1706955677914 -0.20010000467300415 0
1706955686496 -0.20730000734329224 0
1706955693971 -0.30790001153945923 0
1706955701151 -0.30959999561309814 0
1706955709102 -0.2971999943256378 0
1706955718828 -0.25189998745918274 0
1706955726827 -0.2892000079154968 0
1706955735700 -0.2759000062942505 0
1706955742263 -0.28859999775886536 0
1706955752379 -0.3431999981403351 0
1706955762466 -0.1800999939441681 0
1706955770984 -0.22920000553131104 0
1706955780148 -0.30149999260902405 0
1706955788930 -0.2603999972343445 0
1706955798585 -0.29350000619888306 0
1706955806745 -0.24619999527931213 0
1706955815978 -0.09120000153779984 0
1706955823183 -0.16339999437332153 0
1706955831733 -0.2337999939918518 0
1706955842446 -0.2750000059604645 0
1706955850207 -0.2378000020980835 0
1706955857513 -0.24279999732971191 0
1706955867896 -0.2393999993801117 0
1706955873876 -0.2865000069141388 0
1706955883072 -0.3736000061035156 0
1706955890963 -0.2879999876022339 0
1706955902027 -0.31630000472068787 0
1706955910951 -0.30469998717308044 0
1706955919873 -0.3758000135421753 0
1706955930255 -0.14749999344348907 0
1706955940526 -0.20080000162124634 0
1706955950217 -0.2953999936580658 0
1706955958114 -0.34220001101493835 0
1706955966046 -0.33709999918937683 0
1706955974457 -0.31700000166893005 0
1706955982945 -0.2888999879360199 0
1706955991214 -0.391400009393692 0
1706955999256 -0.43709999322891235 0
1706956007049 -0.2842999994754791 0
1706956016150 -0.36730000376701355 0
1706956024539 -0.30090001225471497 0
1706956031265 -0.26249998807907104 0
1706956040468 -0.30730000138282776 0
1706956049231 -0.2856000065803528 0
1706956057956 -0.2915000021457672 0
1706956067261 -0.2768000066280365 0
1706956077374 -0.29089999198913574 0
1706956087990 -0.1768999993801117 0
1706956096560 -0.31679999828338623 0
1706956104878 -0.24539999663829803 0
1706956113372 -0.2928999960422516 0
1706956122494 -0.2223999947309494 0
1706956130353 -0.26460000872612 0
1706956138811 -0.38749998807907104 0
1706956146775 -0.2831999957561493 0
1706956155429 -0.21850000321865082 0
1706956164834 -0.35109999775886536 0
1706956173882 -0.29899999499320984 0
1706956182204 -0.38989999890327454 0
1706956191748 -0.3750999867916107 0
1706956201009 -0.17110000550746918 0
1706956207903 -0.273499995470047 0
1706956216814 -0.3109999895095825 0
1706956225289 -0.30390000343322754 0
1706956233621 -0.26570001244544983 0
1706956242715 -0.30300000309944153 0
1706956252798 -0.3718000054359436 0
1706956260978 -0.2321999967098236 0
1706956270867 -0.3806999921798706 0
1706956277432 -0.3416000008583069 0
1706956286378 -0.42250001430511475 0
1706956296336 -0.37880000472068787 0
1706956305543 -0.3797999918460846 0
1706956314403 -0.37700000405311584 0
1706956322156 -0.3199000060558319 0
1706956329379 -0.2736000120639801 0
1706956337113 -0.2655999958515167 0
1706956343962 -0.3637000024318695 0
1706956352095 -0.2363000065088272 0
1706956361922 -0.32089999318122864 0
1706956371345 -0.3361999988555908 0
1706956379911 -0.40369999408721924 0
1706956387897 -0.34769999980926514 0
1706956396935 -0.37290000915527344 0
1706956407309 -0.289900004863739 0
1706956415032 -0.3052000105381012 0
1706956423477 -0.350600004196167 0
1706956432938 -0.19210000336170197 0
1706956442694 -0.3716999888420105 0
1706956450151 -0.3619999885559082 0
1706956459902 -0.30799999833106995 0
1706956467622 -0.27410000562667847 0
1706956477075 -0.3409999907016754 0
1706956485569 -0.35530000925064087 0
1706956494296 -0.35339999198913574 0
1706956502435 -0.3756999969482422 0
1706956510044 -0.3797000050544739 0
1706956518501 -0.4131999909877777 0
1706956527544 -0.4194999933242798 0
1706956535627 -0.3260999917984009 0
1706956544324 -0.24799999594688416 0
1706956554489 -0.3003000020980835 0
1706956564920 -0.3357999920845032 0
1706956572768 -0.40630000829696655 0
1706956580641 -0.37070000171661377 0
1706956589975 -0.3971000015735626 0
1706956598676 -0.35019999742507935 0
1706956608927 -0.34380000829696655 0
1706956616289 -0.3449000120162964 0
1706956624876 -0.37209999561309814 0
1706956633410 -0.37119999527931213 0
1706956642595 -0.321399986743927 0
1706956650618 -0.21879999339580536 0
1706956657597 -0.24150000512599945 0
1706956667039 -0.26510000228881836 0
1706956675158 -0.15639999508857727 0
1706956682261 -0.3061999976634979 0
1706956693236 -0.32670000195503235 0
1706956700992 -0.39649999141693115 0
1706956710384 -0.3783000111579895 0
1706956716799 -0.35920000076293945 0
1706956725238 -0.39649999141693115 0
1706956734162 -0.3614000082015991 0
1706956743126 -0.3709999918937683 0
1706956753017 -0.35179999470710754 0
1706956763750 -0.29409998655319214 0
1706956770878 -0.35280001163482666 0
1706956779747 -0.4230000078678131 0
1706956789419 -0.2678000032901764 0
1706956798502 -0.39579999446868896 0
1706956808099 -0.42340001463890076 0
1706956815620 -0.4756999909877777 0
1706956823710 -0.44269999861717224 0
1706956831457 -0.38420000672340393 0
1706956839818 -0.3799000084400177 0
1706956849747 -0.35179999470710754 0
1706956857146 -0.41100001335144043 0
1706956864869 -0.38690000772476196 0
1706956874376 -0.4325999915599823 0
1706956882580 -0.38839998841285706 0
1706956891924 -0.4219000041484833 0
1706956900578 -0.33009999990463257 0
1706956907764 -0.304500013589859 0
1706956917748 -0.28600001335144043 0
1706956926583 -0.43230000138282776 0
1706956934187 -0.4180999994277954 0
1706956943082 -0.4000999927520752 0
1706956951883 -0.4106999933719635 0
1706956959615 -0.396699994802475 0
1706956968974 -0.4300000071525574 0
1706956977544 -0.43479999899864197 0
1706956988044 -0.4429999887943268 0
1706956996017 -0.33880001306533813 0
1706957003997 -0.34040001034736633 0
1706957010951 -0.4302000105381012 0
1706957020139 -0.32710000872612 0
1706957031093 -0.3481000065803528 0
1706957038769 -0.38370001316070557 0
1706957047980 -0.2597000002861023 0
1706957055601 -0.43720000982284546 0
1706957065054 -0.28700000047683716 0
1706957073597 -0.45329999923706055 0
1706957081156 -0.421099990606308 0
1706957090949 -0.4702000021934509 0
1706957099906 -0.4293000102043152 0
1706957108952 -0.31700000166893005 0
1706957117523 -0.3702000081539154 0
1706957125139 -0.3368000090122223 0
1706957134426 -0.4350000023841858 0
1706957146022 -0.3409000039100647 0
1706957155172 -0.38659998774528503 0
1706957163462 -0.2881999909877777 0
1706957172821 -0.3452000021934509 0
1706957182140 -0.39469999074935913 0
1706957190248 -0.4864000082015991 0
1706957200373 -0.47350001335144043 0
1706957208273 -0.4498000144958496 0
1706957216956 -0.3874000012874603 0
1706957225769 -0.4018000066280365 0
1706957232477 -0.3467999994754791 0
1706957243151 -0.3111000061035156 0
1706957250740 -0.392300009727478 0
1706957259158 -0.47600001096725464 0
1706957265380 -0.45350000262260437 0
1706957273774 -0.3935000002384186 0
1706957282955 -0.3644999861717224 0
1706957289568 -0.39649999141693115 0
1706957297936 -0.32269999384880066 0
1706957307093 -0.3790000081062317 0
1706957315767 -0.35030001401901245 0
1706957325011 -0.3564000129699707 0
1706957332892 -0.3643999993801117 0
1706957341364 -0.33739998936653137 0
1706957348996 -0.4359999895095825 0
1706957357328 -0.4278999865055084 0
1706957365613 -0.3977999985218048 0
1706957372877 -0.2971999943256378 0
1706957381876 -0.4625999927520752 0
1706957390428 -0.412200003862381 0
1706957399322 -0.4472000002861023 0
1706957408665 -0.44290000200271606 0
1706957418812 -0.3878999948501587 0
1706957427029 -0.4498000144958496 0
1706957435339 -0.48089998960494995 0
1706957442724 -0.36649999022483826 0
1706957452238 -0.3995000123977661 0
1706957459736 -0.45010000467300415 0
1706957470239 -0.4203999936580658 0
1706957478611 -0.4505000114440918 0
1706957486648 -0.33570000529289246 0
1706957497047 -0.4480000138282776 0
1706957505612 -0.5001999735832214 0
1706957514245 -0.39800000190734863 0
1706957522385 -0.3849000036716461 0
1706957531611 -0.39899998903274536 0
1706957538888 -0.4375 0
1706957547864 -0.4343000054359436 0
1706957556894 -0.4399999976158142 0
1706957566505 -0.4943999946117401 0
1706957574336 -0.4431000053882599 0
1706957582943 -0.36160001158714294 0
1706957591410 -0.4251999855041504 0
1706957599655 -0.4296000003814697 0
1706957608371 -0.3758000135421753 0
1706957618980 -0.47940000891685486 0
1706957629431 -0.40709999203681946 0
1706957638549 -0.46869999170303345 0
1706957646987 -0.4221999943256378 0
1706957655304 -0.4657999873161316 0
1706957663853 -0.4277999997138977 0
1706957672651 -0.42800000309944153 0
1706957679900 -0.46970000863075256 0
1706957687790 -0.3871000111103058 0
1706957696789 -0.4108000099658966 0
1706957703709 -0.4332999885082245 0
1706957712850 -0.3781000077724457 0
1706957719304 -0.4189000129699707 0
1706957727525 -0.4253999888896942 0
1706957736561 -0.4041999876499176 0
1706957743718 -0.3458999991416931 0
1706957755112 -0.37630000710487366 0
1706957763165 -0.47269999980926514 0
1706957772174 -0.41019999980926514 0
1706957781429 -0.2827000021934509 0
1706957789910 -0.40529999136924744 0
1706957798474 -0.3978999853134155 0
1706957806698 -0.4203000068664551 0
1706957816043 -0.34929999709129333 0
1706957823921 -0.4081999957561493 0
1706957832650 -0.40139999985694885 0
1706957840640 -0.446399986743927 0
1706957850775 -0.47929999232292175 0
1706957859190 -0.4560999870300293 0
1706957867515 -0.5153999924659729 0
1706957876027 -0.3700999915599823 0
1706957884832 -0.39079999923706055 0
1706957894848 -0.5170999765396118 0
1706957902725 -0.44269999861717224 0
1706957912753 -0.42989999055862427 0
1706957919899 -0.39340001344680786 0
1706957929344 -0.41100001335144043 0
1706957936674 -0.4837000072002411 0
1706957946882 -0.4341000020503998 0
1706957957425 -0.39719998836517334 0
1706957965697 -0.427700012922287 0
1706957975490 -0.39750000834465027 0
1706957987723 -0.39430001378059387 0
1706957996748 -0.42980000376701355 0
1706958008368 -0.46970000863075256 0
1706958019045 -0.40130001306533813 0
1706958029215 -0.41659998893737793 0
1706958038337 -0.47279998660087585 0
1706958046033 -0.4212000072002411 0
1706958054251 -0.32420000433921814 0
1706958063631 -0.37880000472068787 0
1706958070615 -0.5507000088691711 0
1706958079521 -0.4480000138282776 0
1706958089500 -0.414000004529953 0
1706958098932 -0.42910000681877136 0
1706958108983 -0.4277999997138977 0
1706958117599 -0.4571000039577484 0
1706958126140 -0.45500001311302185 0
1706958134169 -0.4392000138759613 0
1706958142955 -0.4350999891757965 0
1706958151816 -0.5103999972343445 0
1706958159579 -0.4047999978065491 0
1706958167337 -0.48890000581741333 0
1706958176517 -0.4706999957561493 0
1706958184939 -0.47369998693466187 0
1706958192596 -0.45739999413490295 0
1706958201433 -0.48240000009536743 0
1706958211043 -0.4661000072956085 0
1706958220746 -0.45410001277923584 0
1706958228625 -0.3822999894618988 0
1706958235724 -0.46480000019073486 0
1706958245913 -0.4602999985218048 0
1706958255343 -0.5109999775886536 0
1706958264243 -0.4406000077724457 0
1706958274062 -0.46369999647140503 0
1706958283106 -0.5024999976158142 0
1706958291059 -0.48969998955726624 0
1706958300240 -0.366100013256073 0
1706958309000 -0.4821999967098236 0
1706958317706 -0.44449999928474426 0
1706958327300 -0.41990000009536743 0
1706958336898 -0.4593999981880188 0
1706958345999 -0.41659998893737793 0
1706958355851 -0.4196999967098236 0
1706958364770 -0.4821000099182129 0
1706958373042 -0.3871000111103058 0
1706958380536 -0.4796999990940094 0
1706958389494 -0.508400022983551 0
1706958399640 -0.37139999866485596 0
1706958405539 -0.4778999984264374 0
1706958416254 -0.36340001225471497 0
1706958424291 -0.4474000036716461 0
1706958433021 -0.3529999852180481 0
1706958440939 -0.5153999924659729 0
1706958449798 -0.42730000615119934 0
1706958457171 -0.4300000071525574 0
1706958465318 -0.49959999322891235 0
1706958473736 -0.4661000072956085 0
1706958482435 -0.5108000040054321 0
1706958490296 -0.46959999203681946 0
1706958500004 -0.46239998936653137 0
1706958508371 -0.48159998655319214 0
1706958515461 -0.44690001010894775 0
1706958524692 -0.5123999714851379 0
1706958531468 -0.46149998903274536 0
1706958539426 -0.41040000319480896 0
1706958547116 -0.3896999955177307 0
1706958556010 -0.4828999936580658 0
1706958566205 -0.5094000101089478 0
1706958574536 -0.48899999260902405 0
1706958583640 -0.4925000071525574 0
1706958592289 -0.45570001006126404 0
1706958599853 -0.43549999594688416 0
1706958608610 -0.49900001287460327 0
1706958617089 -0.44179999828338623 0
1706958626589 -0.42739999294281006 0
1706958636731 -0.4442000091075897 0
1706958644612 -0.46810001134872437 0
1706958653805 -0.4668000042438507 0
1706958662604 -0.5182999968528748 0
1706958669802 -0.5357999801635742 0
1706958679240 -0.4397999942302704 0
1706958688202 -0.44429999589920044 0
1706958696202 -0.4528000056743622 0
1706958706269 -0.4174000024795532 0
1706958713650 -0.475600004196167 0
1706958722979 -0.4032000005245209 0
1706958733930 -0.436599999666214 0
1706958740617 -0.4571000039577484 0
1706958748164 -0.49050000309944153 0
1706958756873 -0.400299996137619 0
1706958766597 -0.3774999976158142 0
1706958774904 -0.5343999862670898 0
1706958783504 -0.4510999917984009 0
1706958792716 -0.40860000252723694 0
1706958800778 -0.45239999890327454 0
1706958807696 -0.4359999895095825 0
1706958816369 -0.44290000200271606 0
1706958824817 -0.474700003862381 0
1706958833081 -0.48190000653266907 0
1706958840106 -0.5192000269889832 0
1706958847906 -0.44339999556541443 0
1706958857142 -0.47929999232292175 0
1706958865288 -0.5019999742507935 0
1706958873957 -0.4359000027179718 0
1706958881839 -0.4805999994277954 0
1706958890095 -0.45879998803138733 0
1706958897501 -0.4034000039100647 0
1706958906407 -0.40939998626708984 0
1706958914058 -0.47859999537467957 0
1706958923734 -0.4512999951839447 0
1706958932210 -0.36640000343322754 0
1706958939013 -0.4657999873161316 0
1706958947902 -0.4462999999523163 0
1706958955165 -0.5651000142097473 0
1706958962257 -0.4162999987602234 0
1706958971051 -0.45820000767707825 0
1706958978271 -0.46860000491142273 0
1706958986766 -0.5016000270843506 0
1706958995459 -0.5425000190734863 0
1706959004525 -0.5177000164985657 0
1706959011432 -0.4648999869823456 0
1706959018287 -0.49480000138282776 0
1706959025632 -0.4781999886035919 0
1706959036799 -0.4480000138282776 0
1706959043375 -0.44510000944137573 0
1706959050980 -0.44940000772476196 0
1706959061631 -0.4260999858379364 0
1706959069683 -0.5371999740600586 0
1706959078788 -0.41370001435279846 0
1706959087377 -0.45419999957084656 0
1706959094396 -0.5426999926567078 0
1706959100981 -0.49939998984336853 0
1706959109665 -0.4066999852657318 0
1706959118477 -0.4593999981880188 0
1706959126573 -0.44130000472068787 0
1706959134580 -0.5117999911308289 0
1706959141073 -0.47049999237060547 0
1706959149635 -0.5293999910354614 0
1706959158017 -0.5407000184059143 0
1706959165891 -0.5339000225067139 0
1706959175070 -0.5439000129699707 0
1706959184686 -0.43970000743865967 0
1706959192436 -0.4593999981880188 0
1706959199187 -0.5216000080108643 0
1706959207028 -0.4684000015258789 0
1706959214998 -0.5260000228881836 0
1706959223402 -0.4975999891757965 0
1706959232597 -0.4596000015735626 0
1706959242438 -0.47279998660087585 0
1706959251502 -0.4309000074863434 0
1706959259087 -0.5358999967575073 0
1706959267836 -0.5256999731063843 0
1706959276556 -0.4991999864578247 0
1706959285025 -0.42890000343322754 0
1706959294964 -0.48179998993873596 0
1706959306321 -0.4999000132083893 0
1706959313560 -0.49729999899864197 0
1706959320807 -0.45739999413490295 0
1706959329507 -0.47049999237060547 0
1706959338629 -0.44359999895095825 0
1706959347188 -0.4016000032424927 0
1706959354357 -0.5303999781608582 0
1706959361812 -0.5024999976158142 0
1706959370519 -0.46970000863075256 0
1706959380462 -0.5239999890327454 0
1706959390225 -0.47609999775886536 0
1706959397588 -0.5080000162124634 0
1706959408595 -0.5266000032424927 0
1706959416267 -0.5630000233650208 0
1706959425704 -0.45179998874664307 0
1706959433152 -0.49140000343322754 0
1706959443389 -0.5019000172615051 0
1706959452170 -0.4986000061035156 0
1706959460922 -0.5210000276565552 0
1706959471886 -0.48069998621940613 0
1706959479882 -0.49570000171661377 0
1706959488863 -0.5024999976158142 0
1706959496815 -0.45210000872612 0
1706959505162 -0.4887999892234802 0
1706959513667 -0.5097000002861023 0
1706959524342 -0.5311999917030334 0
1706959533035 -0.45019999146461487 0
1706959540144 -0.46560001373291016 0
1706959549007 -0.5213000178337097 0
1706959557003 -0.519599974155426 0
1706959564933 -0.5109999775886536 0
1706959575713 -0.5332000255584717 0
1706959584923 -0.4742000102996826 0
1706959592099 -0.5126000046730042 0
1706959600652 -0.5414999723434448 0
1706959610154 -0.47760000824928284 0
1706959617710 -0.423799991607666 0
1706959626689 -0.4948999881744385 0
1706959635353 -0.46480000019073486 0
1706959646220 -0.4490000009536743 0
1706959653784 -0.5740000009536743 0
1706959664031 -0.5152999758720398 0
1706959673602 -0.48240000009536743 0
1706959681118 -0.5206000208854675 0
1706959688379 -0.525600016117096 0
1706959697543 -0.44179999828338623 0
1706959704289 -0.5292999744415283 0
1706959711971 -0.4986000061035156 0
1706959720969 -0.44670000672340393 0
1706959729571 -0.5220000147819519 0
1706959737071 -0.47760000824928284 0
1706959745329 -0.4535999894142151 0
1706959754103 -0.5209000110626221 0
1706959763086 -0.5189999938011169 0
1706959772772 -0.5011000037193298 0
1706959780456 -0.5853000283241272 0
1706959787449 -0.5162000060081482 0
1706959795355 -0.5315999984741211 0
1706959801393 -0.4607999920845032 0
1706959810681 -0.4851999878883362 0
1706959817653 -0.48820000886917114 0
1706959825695 -0.4921000003814697 0
1706959834531 -0.48089998960494995 0
1706959843591 -0.5418999791145325 0
1706959853024 -0.4819999933242798 0
1706959862206 -0.396699994802475 0
1706959869313 -0.5015000104904175 0
1706959878512 -0.5115000009536743 0
1706959887728 -0.4912000000476837 0
1706959896190 -0.46389999985694885 0
1706959904741 -0.49000000953674316 0
1706959914258 -0.5060999989509583 0
1706959922126 -0.4424999952316284 0
1706959929847 -0.5033000111579895 0
1706959937304 -0.4341000020503998 0
1706959946916 -0.5724999904632568 0
1706959955406 -0.5936999917030334 0
1706959963594 -0.5611000061035156 0
1706959971721 -0.5343000292778015 0
1706959981903 -0.5315999984741211 0
1706959989059 -0.519599974155426 0
1706959996802 -0.46239998936653137 0
1706960005075 -0.5299000144004822 0
1706960012466 -0.49309998750686646 0
1706960022967 -0.4375 0
1706960032521 -0.5038999915122986 0
1706960040312 -0.46720001101493835 0
1706960047592 -0.5187000036239624 0
1706960056699 -0.48829999566078186 0
1706960065598 -0.51419997215271 0
1706960073354 -0.44350001215934753 0
1706960080822 -0.5134000182151794 0
1706960089442 -0.5422000288963318 0
1706960098011 -0.5123000144958496 0
1706960106101 -0.5073999762535095 0
1706960114388 -0.5303000211715698 0
1706960122987 -0.39890000224113464 0
1706960131595 -0.5170999765396118 0
1706960138643 -0.49959999322891235 0
1706960146535 -0.4611000120639801 0
1706960155842 -0.48890000581741333 0
1706960163557 -0.5163000226020813 0
1706960170404 -0.4453999996185303 0
1706960179069 -0.5439000129699707 0
1706960186239 -0.5552999973297119 0
1706960194942 -0.5163000226020813 0
1706960203099 -0.5146999955177307 0
1706960212321 -0.4715999960899353 0
1706960220182 -0.5105000138282776 0
1706960230673 -0.5120999813079834 0
1706960238627 -0.5473999977111816 0
1706960246543 -0.5519000291824341 0
1706960255735 -0.5720000267028809 0
1706960266739 -0.5162000060081482 0
1706960275421 -0.47540000081062317 0
1706960285118 -0.5504999756813049 0
1706960293116 -0.49709999561309814 0
1706960301192 -0.4821999967098236 0
1706960309215 -0.5242000222206116 0
1706960316089 -0.5109000205993652 0
1706960322757 -0.4438999891281128 0
1706960332419 -0.5004000067710876 0
1706960342013 -0.5649999976158142 0
1706960350210 -0.527400016784668 0
1706960359577 -0.5113000273704529 0
1706960369487 -0.5264000296592712 0
1706960377070 -0.5073000192642212 0
1706960386069 -0.5145000219345093 0
1706960396991 -0.5389000177383423 0
1706960407145 -0.5656999945640564 0
1706960414939 -0.5356000065803528 0
1706960424155 -0.47519999742507935 0
1706960432126 -0.5113000273704529 0
1706960440470 -0.4812999963760376 0
1706960450203 -0.49410000443458557 0
1706960457985 -0.4921000003814697 0
1706960466166 -0.47360000014305115 0
1706960475646 -0.47450000047683716 0
1706960482805 -0.5562000274658203 0
1706960491728 -0.5497000217437744 0
1706960500563 -0.5375999808311462 0
1706960509000 -0.4650000035762787 0
1706960517319 -0.4311999976634979 0
1706960524607 -0.5156999826431274 0
1706960533361 -0.5436000227928162 0
1706960541189 -0.48570001125335693 0
1706960549577 -0.4997999966144562 0
1706960560331 -0.5102999806404114 0
1706960567617 -0.4699999988079071 0
1706960577822 -0.486299991607666 0
1706960586097 -0.5091000199317932 0
1706960595100 -0.5702000260353088 0
1706960602291 -0.4869999885559082 0
1706960609841 -0.5437999963760376 0
1706960619723 -0.5092999935150146 0
1706960628119 -0.5450000166893005 0
1706960639400 -0.5544000267982483 0
1706960649357 -0.5626999735832214 0
1706960657531 -0.5562999844551086 0
1706960666246 -0.4869000017642975 0
1706960676100 -0.5723000168800354 0
1706960684578 -0.5202999711036682 0
1706960691559 -0.5375999808311462 0
1706960700773 -0.44190001487731934 0
1706960710138 -0.5692999958992004 0
1706960719767 -0.569100022315979 0
1706960726255 -0.4975000023841858 0
1706960732643 -0.552299976348877 0
1706960742232 -0.536899983882904 0
1706960750567 -0.49950000643730164 0
1706960759374 -0.43220001459121704 0
1706960767493 -0.5170999765396118 0
1706960775904 -0.48500001430511475 0
1706960784479 -0.5564000010490417 0
1706960791577 -0.47749999165534973 0
1706960800566 -0.5371999740600586 0
1706960808598 -0.46230000257492065 0
1706960818135 -0.5722000002861023 0
1706960827751 -0.4893999993801117 0
1706960835914 -0.5788000226020813 0
1706960844634 -0.51910001039505 0
1706960853688 -0.5975000262260437 0
1706960861674 -0.5494999885559082 0
1706960869075 -0.506600022315979 0
1706960878453 -0.5234000086784363 0
1706960888455 -0.45910000801086426 0
1706960896210 -0.4950999915599823 0
1706960905649 -0.5428000092506409 0
1706960914855 -0.5568000078201294 0
1706960924458 -0.5138999819755554 0
1706960931598 -0.6074000000953674 0
1706960940665 -0.5199000239372253 0
1706960948786 -0.5651000142097473 0
1706960957562 -0.5353000164031982 0
1706960963952 -0.49709999561309814 0
1706960973559 -0.47589999437332153 0
1706960981455 -0.5547000169754028 0
1706960991218 -0.4505999982357025 0
1706960999547 -0.5662000179290771 0
1706961008075 -0.5170999765396118 0
1706961018464 -0.5638999938964844 0
1706961026947 -0.5072000026702881 0
1706961035549 -0.4625000059604645 0
1706961044445 -0.5471000075340271 0
1706961052144 -0.5800999999046326 0
1706961061900 -0.47209998965263367 0
1706961070254 -0.5037999749183655 0
1706961078019 -0.5813999772071838 0
1706961084605 -0.46299999952316284 0
1706961092629 -0.5239999890327454 0
1706961102058 -0.5051000118255615 0
1706961110257 -0.47380000352859497 0
1706961120109 -0.5307999849319458 0
1706961128775 -0.5529999732971191 0
1706961137201 -0.5163000226020813 0
1706961146689 -0.5354999899864197 0
1706961156236 -0.5408999919891357 0
1706961163781 -0.5543000102043152 0
1706961171116 -0.532800018787384 0
1706961180059 -0.5419999957084656 0
1706961189351 -0.4334000051021576 0
1706961199874 -0.541100025177002 0
1706961209529 -0.5461000204086304 0
1706961218754 -0.47769999504089355 0
1706961228538 -0.5162000060081482 0
1706961236676 -0.5414000153541565 0
1706961245399 -0.47699999809265137 0
1706961256304 -0.5511000156402588 0
1706961266147 -0.4426000118255615 0
1706961275167 -0.5152000188827515 0
1706961284001 -0.5457000136375427 0
1706961292208 -0.5267999768257141 0
1706961302808 -0.515999972820282 0
1706961312167 -0.5004000067710876 0
1706961321154 -0.44179999828338623 0
1706961330447 -0.49970000982284546 0
1706961338720 -0.5396999716758728 0
1706961345866 -0.5618000030517578 0
1706961356138 -0.5543000102043152 0
1706961365091 -0.45969998836517334 0
1706961373366 -0.4296000003814697 0
1706961381554 -0.5379999876022339 0
1706961390566 -0.4851999878883362 0
1706961399538 -0.5489000082015991 0
1706961407795 -0.49630001187324524 0
1706961417385 -0.5455999970436096 0
1706961426448 -0.5853999853134155 0
1706961435642 -0.5764999985694885 0
1706961443593 -0.5357000231742859 0
1706961450917 -0.637499988079071 0
1706961459275 -0.4837000072002411 0
1706961468344 -0.5507000088691711 0
1706961476837 -0.4864000082015991 0
1706961485650 -0.5677000284194946 0
1706961493700 -0.5253999829292297 0
1706961503792 -0.5539000034332275 0
1706961512220 -0.5313000082969666 0
1706961522029 -0.5227000117301941 0
1706961528638 -0.5246000289916992 0
1706961537195 -0.5475000143051147 0
