1707497229403 0.003 0
1707497246652 0.003 1
1707497255178 0.00299 2
1707497259711 0.00299 3
1707497265389 0.00299 4
1707497272545 0.00299 5
1707497281022 0.00298 6
1707497289922 0.00298 7
1707497300282 0.00298 8
1707497305968 0.00298 9
1707497316231 0.00297 10
1707497326693 0.00297 11
1707497334743 0.00297 12
1707497345174 0.00296 13
1707497353254 0.00296 14
1707497361064 0.00296 15
1707497370893 0.00296 16
1707497379424 0.00295 17
1707497390581 0.00295 18
1707497398590 0.00295 19
1707497407918 0.00295 20
1707497414718 0.00294 21
1707497422132 0.00294 22
1707497430209 0.00294 23
1707497438472 0.00294 24
1707497446011 0.00293 25
1707497454553 0.00293 26
1707497465686 0.00293 27
1707497474832 0.00292 28
1707497483317 0.00292 29
1707497492701 0.00292 30
1707497501197 0.00292 31
1707497510382 0.00291 32
1707497519060 0.00291 33
1707497527551 0.00291 34
1707497536084 0.00291 35
1707497544614 0.0029 36
1707497553086 0.0029 37
1707497561747 0.0029 38
1707497570309 0.00289 39
1707497579528 0.00289 40
1707497583996 0.00289 41
1707497594858 0.00289 42
1707497603502 0.00288 43
1707497614028 0.00288 44
1707497622462 0.00288 45
1707497631054 0.00288 46
1707497640332 0.00287 47
1707497648789 0.00287 48
1707497657335 0.00287 49
1707497669827 0.00286 50
1707497678294 0.00286 51
1707497687117 0.00286 52
1707497695683 0.00286 53
1707497704103 0.00285 54
1707497708534 0.00285 55
1707497714075 0.00285 56
1707497722748 0.00285 57
1707497730285 0.00284 58
1707497737786 0.00284 59
1707497745976 0.00284 60
1707497757969 0.00283 61
1707497765640 0.00283 62
1707497777173 0.00283 63
1707497783991 0.00283 64
1707497791977 0.00282 65
1707497799621 0.00282 66
1707497808581 0.00282 67
1707497822858 0.00282 68
1707497832838 0.00281 69
1707497841245 0.00281 70
1707497849757 0.00281 71
1707497858325 0.0028 72
1707497866882 0.0028 73
1707497875557 0.0028 74
1707497885149 0.0028 75
1707497895106 0.00279 76
1707497903645 0.00279 77
1707497912213 0.00279 78
1707497920738 0.00279 79
1707497929306 0.00278 80
1707497938009 0.00278 81
1707497946696 0.00278 82
1707497955291 0.00277 83
1707497964520 0.00277 84
1707497973339 0.00277 85
1707497982255 0.00277 86
1707497987628 0.00276 87
1707497996208 0.00276 88
1707498005394 0.00276 89
1707498018932 0.00276 90
1707498027409 0.00275 91
1707498031849 0.00275 92
1707498039267 0.00275 93
1707498048237 0.00274 94
1707498059882 0.00274 95
1707498068318 0.00274 96
1707498073373 0.00274 97
1707498081249 0.00273 98
1707498094339 0.00273 99
1707498107236 0.00273 100
1707498115720 0.00273 101
1707498124176 0.00272 102
1707498128744 0.00272 103
1707498138841 0.00272 104
1707498143538 0.00271 105
1707498157588 0.00271 106
1707498162376 0.00271 107
1707498170670 0.00271 108
1707498183101 0.0027 109
1707498191680 0.0027 110
1707498200255 0.0027 111
1707498204701 0.0027 112
1707498211619 0.00269 113
1707498221731 0.00269 114
1707498231170 0.00269 115
1707498242842 0.00268 116
1707498251609 0.00268 117
1707498256969 0.00268 118
1707498265547 0.00268 119
1707498273471 0.00267 120
1707498283049 0.00267 121
1707498287502 0.00267 122
1707498295913 0.00267 123
1707498308921 0.00266 124
1707498317609 0.00266 125
1707498326112 0.00266 126
1707498334842 0.00265 127
1707498343368 0.00265 128
1707498351951 0.00265 129
1707498360498 0.00265 130
1707498369453 0.00264 131
1707498378041 0.00264 132
1707498382519 0.00264 133
1707498387247 0.00264 134
1707498395590 0.00263 135
1707498402845 0.00263 136
1707498417125 0.00263 137
1707498425915 0.00262 138
1707498434479 0.00262 139
1707498443071 0.00262 140
1707498453240 0.00262 141
1707498461820 0.00261 142
1707498466278 0.00261 143
1707498474395 0.00261 144
1707498484247 0.00261 145
1707498492790 0.0026 146
1707498501686 0.0026 147
1707498509365 0.0026 148
1707498521640 0.00259 149
1707498530197 0.00259 150
1707498535293 0.00259 151
1707498544029 0.00259 152
1707498555995 0.00258 153
1707498561254 0.00258 154
1707498570572 0.00258 155
1707498579896 0.00258 156
1707498591902 0.00257 157
1707498603084 0.00257 158
1707498607667 0.00257 159
1707498614122 0.00256 160
1707498627142 0.00256 161
1707498636040 0.00256 162
1707498644879 0.00256 163
1707498653345 0.00255 164
1707498658699 0.00255 165
1707498667576 0.00255 166
1707498679535 0.00255 167
1707498688205 0.00254 168
1707498693673 0.00254 169
1707498702258 0.00254 170
1707498708701 0.00253 171
1707498721868 0.00253 172
1707498732020 0.00253 173
1707498736485 0.00253 174
1707498744005 0.00252 175
1707498751547 0.00252 176
1707498759440 0.00252 177
1707498772558 0.00251 178
1707498777008 0.00251 179
1707498790319 0.00251 180
1707498798894 0.00251 181
1707498807404 0.0025 182
1707498816193 0.0025 183
1707498821637 0.0025 184
1707498831131 0.0025 185
1707498839923 0.00249 186
1707498849947 0.00249 187
1707498857367 0.00249 188
1707498867547 0.00248 189
1707498877891 0.00248 190
1707498887057 0.00248 191
1707498894051 0.00248 192
1707498907880 0.00247 193
1707498913678 0.00247 194
1707498922317 0.00247 195
1707498931177 0.00247 196
1707498944315 0.00246 197
1707498952800 0.00246 198
1707498957267 0.00246 199
1707498967468 0.00245 200
1707498971945 0.00245 201
1707498984430 0.00245 202
1707498993247 0.00245 203
1707499002882 0.00244 204
1707499011401 0.00244 205
1707499020026 0.00244 206
1707499028626 0.00243 207
1707499037103 0.00243 208
1707499045733 0.00243 209
1707499050186 0.00243 210
1707499060000 0.00242 211
1707499064456 0.00242 212
1707499075589 0.00242 213
1707499080043 0.00242 214
1707499089864 0.00241 215
1707499098373 0.00241 216
1707499106873 0.00241 217
1707499116094 0.0024 218
1707499124717 0.0024 219
1707499133394 0.0024 220
1707499142865 0.0024 221
1707499151567 0.00239 222
1707499160056 0.00239 223
1707499168602 0.00239 224
1707499173094 0.00239 225
1707499180903 0.00238 226
1707499187162 0.00238 227
1707499199275 0.00238 228
1707499205265 0.00237 229
1707499214986 0.00237 230
1707499222505 0.00237 231
1707499231254 0.00237 232
1707499241793 0.00236 233
1707499251005 0.00236 234
1707499257052 0.00236 235
1707499270229 0.00235 236
1707499278757 0.00235 237
1707499288952 0.00235 238
1707499293398 0.00235 239
1707499299796 0.00234 240
1707499310269 0.00234 241
1707499316921 0.00234 242
1707499323902 0.00234 243
1707499331179 0.00233 244
1707499339228 0.00233 245
1707499349260 0.00233 246
1707499356444 0.00232 247
1707499364661 0.00232 248
1707499376741 0.00232 249
1707499392346 0.00232 250
1707499396812 0.00231 251
1707499405314 0.00231 252
1707499414124 0.00231 253
1707499418964 0.0023 254
1707499426662 0.0023 255
1707499435779 0.0023 256
1707499445642 0.0023 257
1707499459163 0.00229 258
1707499463627 0.00229 259
1707499470501 0.00229 260
1707499480043 0.00229 261
1707499493344 0.00228 262
1707499501759 0.00228 263
1707499510396 0.00228 264
1707499516164 0.00227 265
1707499523299 0.00227 266
1707499532436 0.00227 267
1707499541075 0.00227 268
1707499548445 0.00226 269
1707499556640 0.00226 270
1707499565605 0.00226 271
1707499574486 0.00225 272
1707499583409 0.00225 273
1707499591553 0.00225 274
1707499598182 0.00225 275
1707499607683 0.00224 276
1707499618217 0.00224 277
1707499626725 0.00224 278
1707499634913 0.00223 279
1707499643848 0.00223 280
1707499657146 0.00223 281
1707499662746 0.00223 282
1707499674307 0.00222 283
1707499678779 0.00222 284
1707499688442 0.00222 285
1707499696326 0.00222 286
1707499706852 0.00221 287
1707499714107 0.00221 288
1707499723531 0.00221 289
1707499731446 0.0022 290
1707499740968 0.0022 291
1707499748792 0.0022 292
1707499761767 0.0022 293
1707499768657 0.00219 294
1707499777000 0.00219 295
1707499786160 0.00219 296
1707499793566 0.00218 297
1707499802064 0.00218 298
1707499810361 0.00218 299
1707499822488 0.00218 300
1707499833079 0.00217 301
1707499842256 0.00217 302
1707499850775 0.00217 303
1707499859481 0.00217 304
1707499864342 0.00216 305
1707499872761 0.00216 306
1707499883138 0.00216 307
1707499891473 0.00215 308
1707499904623 0.00215 309
1707499914686 0.00215 310
1707499923565 0.00215 311
1707499932594 0.00214 312
1707499941226 0.00214 313
1707499945698 0.00214 314
1707499950910 0.00213 315
1707499958644 0.00213 316
1707499971905 0.00213 317
1707499976509 0.00213 318
1707499985124 0.00212 319
1707499992518 0.00212 320
1707500000832 0.00212 321
1707500010286 0.00211 322
1707500023977 0.00211 323
1707500032622 0.00211 324
1707500037215 0.00211 325
1707500048501 0.0021 326
1707500057047 0.0021 327
1707500065678 0.0021 328
1707500074276 0.00209 329
1707500082864 0.00209 330
1707500087450 0.00209 331
1707500095048 0.00209 332
1707500104286 0.00208 333
1707500113211 0.00208 334
1707500121148 0.00208 335
1707500128850 0.00208 336
1707500138149 0.00207 337
1707500146403 0.00207 338
1707500154977 0.00207 339
1707500163503 0.00206 340
1707500173350 0.00206 341
1707500183686 0.00206 342
1707500196731 0.00206 343
1707500201801 0.00205 344
1707500208660 0.00205 345
1707500218054 0.00205 346
1707500225192 0.00204 347
1707500233092 0.00204 348
1707500242419 0.00204 349
1707500255522 0.00204 350
1707500260030 0.00203 351
1707500270827 0.00203 352
1707500279553 0.00203 353
1707500288293 0.00202 354
1707500296892 0.00202 355
1707500305467 0.00202 356
1707500309961 0.00202 357
1707500316866 0.00201 358
1707500325947 0.00201 359
1707500336657 0.00201 360
1707500344022 0.002 361
1707500351105 0.002 362
1707500359913 0.002 363
1707500369858 0.002 364
1707500379275 0.00199 365
1707500387154 0.00199 366
1707500396070 0.00199 367
1707500404309 0.00199 368
1707500413052 0.00198 369
1707500422209 0.00198 370
1707500429957 0.00198 371
1707500439126 0.00197 372
1707500448344 0.00197 373
1707500455281 0.00197 374
1707500463574 0.00197 375
1707500472733 0.00196 376
1707500482567 0.00196 377
1707500495001 0.00196 378
1707500499651 0.00195 379
1707500507793 0.00195 380
1707500517234 0.00195 381
1707500526561 0.00195 382
1707500533413 0.00194 383
1707500541913 0.00194 384
1707500553440 0.00194 385
1707500560807 0.00193 386
1707500568918 0.00193 387
1707500577396 0.00193 388
1707500585399 0.00193 389
1707500593845 0.00192 390
1707500602684 0.00192 391
1707500610940 0.00192 392
1707500620088 0.00191 393
1707500627720 0.00191 394
1707500636939 0.00191 395
1707500645585 0.00191 396
1707500654676 0.0019 397
1707500662833 0.0019 398
1707500673485 0.0019 399
1707500686423 0.00189 400
1707500690921 0.00189 401
1707500697544 0.00189 402
1707500705390 0.00189 403
1707500714332 0.00188 404
1707500723932 0.00188 405
1707500733793 0.00188 406
1707500743772 0.00187 407
1707500752192 0.00187 408
1707500762461 0.00187 409
1707500770378 0.00187 410
1707500779331 0.00186 411
1707500792491 0.00186 412
1707500796958 0.00186 413
1707500803897 0.00185 414
1707500813232 0.00185 415
1707500822015 0.00185 416
1707500829648 0.00185 417
1707500841936 0.00184 418
1707500850909 0.00184 419
1707500855379 0.00184 420
1707500863684 0.00183 421
1707500871006 0.00183 422
1707500879740 0.00183 423
1707500891574 0.00183 424
1707500896539 0.00182 425
1707500907617 0.00182 426
1707500912297 0.00182 427
1707500921719 0.00181 428
1707500934421 0.00181 429
1707500944079 0.00181 430
1707500952605 0.00181 431
1707500961849 0.0018 432
1707500970391 0.0018 433
1707500978894 0.0018 434
1707500983378 0.00179 435
1707500994250 0.00179 436
1707500998731 0.00179 437
1707501006392 0.00179 438
1707501014859 0.00178 439
1707501024199 0.00178 440
1707501032180 0.00178 441
1707501040410 0.00177 442
1707501049681 0.00177 443
1707501056225 0.00177 444
1707501064203 0.00177 445
1707501073500 0.00176 446
1707501080686 0.00176 447
1707501090011 0.00176 448
1707501097950 0.00175 449
1707501109669 0.00175 450
1707501116107 0.00175 451
1707501121866 0.00175 452
1707501130338 0.00174 453
1707501138070 0.00174 454
1707501145559 0.00174 455
1707501154410 0.00173 456
1707501162882 0.00173 457
1707501171699 0.00173 458
1707501180716 0.00173 459
1707501189061 0.00172 460
1707501198956 0.00172 461
1707501206059 0.00172 462
1707501214225 0.00171 463
1707501222116 0.00171 464
1707501230242 0.00171 465
1707501238951 0.00171 466
1707501245937 0.0017 467
1707501254996 0.0017 468
1707501261807 0.0017 469
1707501271909 0.00169 470
1707501279197 0.00169 471
1707501290335 0.00169 472
1707501297908 0.00169 473
1707501308929 0.00168 474
1707501316839 0.00168 475
1707501325858 0.00168 476
1707501333869 0.00167 477
1707501342793 0.00167 478
1707501349994 0.00167 479
1707501358559 0.00167 480
1707501366912 0.00166 481
1707501376001 0.00166 482
1707501385076 0.00166 483
1707501391276 0.00165 484
1707501400328 0.00165 485
1707501409333 0.00165 486
1707501417622 0.00165 487
1707501427891 0.00164 488
1707501437128 0.00164 489
1707501443735 0.00164 490
1707501453507 0.00163 491
1707501460434 0.00163 492
1707501469160 0.00163 493
1707501478590 0.00163 494
1707501487179 0.00162 495
1707501497346 0.00162 496
1707501506728 0.00162 497
1707501514803 0.00161 498
1707501525388 0.00161 499
1707501538348 0.00161 500
1707501542839 0.0016 501
1707501551547 0.0016 502
1707501559676 0.0016 503
1707501568718 0.0016 504
1707501579029 0.00159 505
1707501588850 0.00159 506
1707501595897 0.00159 507
1707501605444 0.00158 508
1707501614592 0.00158 509
1707501623405 0.00158 510
1707501631596 0.00158 511
1707501639167 0.00157 512
1707501646402 0.00157 513
1707501653623 0.00157 514
1707501661458 0.00156 515
1707501671391 0.00156 516
1707501680403 0.00156 517
1707501688393 0.00156 518
1707501696768 0.00155 519
1707501704302 0.00155 520
1707501713565 0.00155 521
1707501723738 0.00154 522
1707501732007 0.00154 523
1707501739712 0.00154 524
1707501749624 0.00154 525
1707501758453 0.00153 526
1707501766488 0.00153 527
1707501773802 0.00153 528
1707501783456 0.00152 529
1707501792084 0.00152 530
1707501800002 0.00152 531
1707501809503 0.00151 532
1707501819076 0.00151 533
1707501830985 0.00151 534
1707501840755 0.00151 535
1707501845264 0.0015 536
1707501853347 0.0015 537
1707501860623 0.0015 538
1707501870197 0.00149 539
1707501883758 0.00149 540
1707501888386 0.00149 541
1707501894491 0.00149 542
1707501901992 0.00148 543
1707501915139 0.00148 544
1707501923758 0.00148 545
1707501929753 0.00147 546
1707501938879 0.00147 547
1707501947667 0.00147 548
1707501956350 0.00147 549
1707501968718 0.00146 550
1707501973220 0.00146 551
1707501980541 0.00146 552
1707501989725 0.00145 553
1707501997760 0.00145 554
1707502007427 0.00145 555
1707502017133 0.00144 556
1707502026819 0.00144 557
1707502034312 0.00144 558
1707502041132 0.00144 559
1707502050816 0.00143 560
1707502059683 0.00143 561
1707502068310 0.00143 562
1707502075895 0.00142 563
1707502085071 0.00142 564
1707502094167 0.00142 565
1707502101620 0.00142 566
1707502110566 0.00141 567
1707502117706 0.00141 568
1707502125725 0.00141 569
1707502133814 0.0014 570
1707502141398 0.0014 571
1707502148784 0.0014 572
1707502160986 0.00139 573
1707502170536 0.00139 574
1707502179343 0.00139 575
1707502183850 0.00139 576
1707502192083 0.00138 577
1707502200302 0.00138 578
1707502209797 0.00138 579
1707502218940 0.00137 580
1707502227636 0.00137 581
1707502240890 0.00137 582
1707502245397 0.00137 583
1707502253288 0.00136 584
1707502262343 0.00136 585
1707502272815 0.00136 586
1707502282620 0.00135 587
1707502289501 0.00135 588
1707502300014 0.00135 589
1707502309793 0.00134 590
1707502316692 0.00134 591
1707502324375 0.00134 592
1707502332204 0.00134 593
1707502341873 0.00133 594
1707502349805 0.00133 595
1707502358742 0.00133 596
1707502368497 0.00132 597
1707502377100 0.00132 598
1707502384680 0.00132 599
1707502397107 0.00132 600
1707502401626 0.00131 601
1707502409700 0.00131 602
1707502418212 0.00131 603
1707502426589 0.0013 604
1707502436115 0.0013 605
1707502444988 0.0013 606
1707502452201 0.00129 607
1707502462045 0.00129 608
1707502469066 0.00129 609
1707502477917 0.00129 610
1707502487233 0.00128 611
1707502497675 0.00128 612
1707502506731 0.00128 613
1707502515660 0.00127 614
1707502523496 0.00127 615
1707502531252 0.00127 616
1707502538640 0.00126 617
1707502547611 0.00126 618
1707502557944 0.00126 619
1707502565747 0.00126 620
1707502574152 0.00125 621
1707502584070 0.00125 622
1707502590829 0.00125 623
1707502599819 0.00124 624
1707502609924 0.00124 625
1707502618316 0.00124 626
1707502626514 0.00123 627
1707502635344 0.00123 628
1707502644734 0.00123 629
1707502653349 0.00123 630
1707502661107 0.00122 631
1707502668311 0.00122 632
1707502676936 0.00122 633
1707502684708 0.00121 634
1707502693953 0.00121 635
1707502701136 0.00121 636
1707502710488 0.00121 637
1707502717812 0.0012 638
1707502726681 0.0012 639
1707502734907 0.0012 640
1707502742826 0.00119 641
1707502750699 0.00119 642
1707502759557 0.00119 643
1707502768672 0.00118 644
1707502775648 0.00118 645
1707502784385 0.00118 646
1707502792216 0.00118 647
1707502799162 0.00117 648
1707502807579 0.00117 649
1707502818917 0.00117 650
1707502824420 0.00116 651
1707502833427 0.00116 652
1707502841192 0.00116 653
1707502850388 0.00115 654
1707502857987 0.00115 655
1707502868237 0.00115 656
1707502876830 0.00115 657
1707502885728 0.00114 658
1707502893957 0.00114 659
1707502902039 0.00114 660
1707502909405 0.00113 661
1707502918186 0.00113 662
1707502929123 0.00113 663
1707502936486 0.00112 664
1707502945225 0.00112 665
1707502952219 0.00112 666
1707502960582 0.00112 667
1707502970214 0.00111 668
1707502978675 0.00111 669
1707502988343 0.00111 670
1707502999785 0.0011 671
1707503010079 0.0011 672
1707503019283 0.0011 673
1707503028192 0.00109 674
1707503034567 0.00109 675
1707503043123 0.00109 676
1707503051285 0.00108 677
1707503059692 0.00108 678
1707503066783 0.00108 679
1707503073958 0.00108 680
1707503083819 0.00107 681
1707503093139 0.00107 682
1707503100582 0.00107 683
1707503107285 0.00106 684
1707503116680 0.00106 685
1707503124985 0.00106 686
1707503134547 0.00105 687
1707503142732 0.00105 688
1707503150117 0.00105 689
1707503161260 0.00105 690
1707503168822 0.00104 691
1707503176642 0.00104 692
1707503187222 0.00104 693
1707503195123 0.00103 694
1707503204502 0.00103 695
1707503211612 0.00103 696
1707503221432 0.00102 697
1707503229223 0.00102 698
1707503237615 0.00102 699
1707503250446 0.00102 700
1707503255156 0.00101 701
1707503264222 0.00101 702
1707503273609 0.00101 703
1707503281932 0.001 704
1707503288935 0.001 705
1707503299247 0.001 706
1707503308476 0.00099 707
1707503318793 0.00099 708
1707503326637 0.00099 709
1707503335329 0.00098 710
1707503343587 0.00098 711
1707503352393 0.00098 712
1707503360201 0.00098 713
1707503369864 0.00097 714
1707503378417 0.00097 715
1707503388231 0.00097 716
1707503397615 0.00096 717
1707503406136 0.00096 718
1707503414418 0.00096 719
1707503422907 0.00095 720
1707503431797 0.00095 721
1707503440654 0.00095 722
1707503449761 0.00094 723
1707503457426 0.00094 724
1707503465656 0.00094 725
1707503474049 0.00094 726
1707503481056 0.00093 727
1707503488881 0.00093 728
1707503496459 0.00093 729
1707503506120 0.00092 730
1707503515285 0.00092 731
1707503523829 0.00092 732
1707503533428 0.00091 733
1707503542852 0.00091 734
1707503549384 0.00091 735
1707503559049 0.0009 736
1707503567012 0.0009 737
1707503575051 0.0009 738
1707503587286 0.0009 739
1707503591814 0.00089 740
1707503602862 0.00089 741
1707503611584 0.00089 742
1707503620910 0.00088 743
1707503628913 0.00088 744
1707503637185 0.00088 745
1707503644417 0.00087 746
1707503653036 0.00087 747
1707503662087 0.00087 748
1707503674331 0.00086 749
1707503688637 0.00086 750
1707503697267 0.00086 751
1707503705953 0.00086 752
1707503714656 0.00085 753
1707503719182 0.00085 754
1707503725255 0.00085 755
1707503733611 0.00084 756
1707503741018 0.00084 757
1707503749714 0.00084 758
1707503758207 0.00083 759
1707503766445 0.00083 760
1707503776923 0.00083 761
1707503783572 0.00082 762
1707503794397 0.00082 763
1707503802280 0.00082 764
1707503809676 0.00081 765
1707503818547 0.00081 766
1707503828748 0.00081 767
1707503836691 0.00081 768
1707503845779 0.0008 769
1707503854634 0.0008 770
1707503863558 0.0008 771
1707503871189 0.00079 772
1707503879111 0.00079 773
1707503889899 0.00079 774
1707503897665 0.00078 775
1707503905885 0.00078 776
1707503914566 0.00078 777
1707503924659 0.00077 778
1707503931935 0.00077 779
1707503940259 0.00077 780
1707503948983 0.00076 781
1707503956065 0.00076 782
1707503965256 0.00076 783
1707503972756 0.00076 784
1707503981383 0.00075 785
1707503988411 0.00075 786
1707503998135 0.00075 787
1707504006167 0.00074 788
1707504015082 0.00074 789
1707504022989 0.00074 790
1707504031793 0.00073 791
1707504041401 0.00073 792
1707504049597 0.00073 793
1707504057207 0.00072 794
1707504066086 0.00072 795
1707504076063 0.00072 796
1707504084636 0.00071 797
1707504091079 0.00071 798
1707504100340 0.00071 799
1707504111466 0.0007 800
1707504117006 0.0007 801
1707504124698 0.0007 802
1707504133258 0.0007 803
1707504143116 0.00069 804
1707504151167 0.00069 805
1707504162383 0.00069 806
1707504171830 0.00068 807
1707504180399 0.00068 808
1707504188857 0.00068 809
1707504200528 0.00067 810
1707504207821 0.00067 811
1707504220058 0.00067 812
1707504224596 0.00066 813
1707504231543 0.00066 814
1707504240318 0.00066 815
1707504250038 0.00065 816
1707504258734 0.00065 817
1707504267209 0.00065 818
1707504277083 0.00064 819
1707504290806 0.00064 820
1707504295618 0.00064 821
1707504304622 0.00063 822
1707504317514 0.00063 823
1707504326462 0.00063 824
1707504336238 0.00062 825
1707504341807 0.00062 826
1707504348708 0.00062 827
1707504359424 0.00062 828
1707504368308 0.00061 829
1707504376111 0.00061 830
1707504384921 0.00061 831
1707504393572 0.0006 832
1707504400611 0.0006 833
1707504409817 0.0006 834
1707504418355 0.00059 835
1707504425843 0.00059 836
1707504436163 0.00059 837
1707504444244 0.00058 838
1707504452710 0.00058 839
1707504461231 0.00058 840
1707504469735 0.00057 841
1707504477321 0.00057 842
1707504489200 0.00057 843
1707504494258 0.00056 844
1707504506258 0.00056 845
1707504516030 0.00056 846
1707504520544 0.00055 847
1707504527621 0.00055 848
1707504535688 0.00055 849
1707504547270 0.00054 850
1707504551780 0.00054 851
1707504559611 0.00054 852
1707504569347 0.00053 853
1707504576465 0.00053 854
1707504585017 0.00053 855
1707504593087 0.00052 856
1707504600725 0.00052 857
1707504608000 0.00052 858
1707504616812 0.00051 859
1707504624754 0.00051 860
1707504631365 0.00051 861
1707504639135 0.0005 862
1707504648126 0.0005 863
1707504657868 0.0005 864
1707504667459 0.00049 865
1707504675296 0.00049 866
1707504682483 0.00049 867
1707504691923 0.00048 868
1707504701057 0.00048 869
1707504710324 0.00048 870
1707504716708 0.00047 871
1707504724581 0.00047 872
1707504732432 0.00047 873
1707504739541 0.00047 874
1707504747614 0.00046 875
1707504754908 0.00046 876
1707504762692 0.00046 877
1707504771344 0.00045 878
1707504779497 0.00045 879
1707504789718 0.00045 880
1707504797770 0.00044 881
1707504806715 0.00044 882
1707504816442 0.00043 883
1707504825480 0.00043 884
1707504835162 0.00043 885
1707504843559 0.00042 886
1707504853162 0.00042 887
1707504860539 0.00042 888
1707504869043 0.00041 889
1707504877190 0.00041 890
1707504884830 0.00041 891
1707504892391 0.0004 892
1707504900095 0.0004 893
1707504908351 0.0004 894
1707504916181 0.00039 895
1707504924304 0.00039 896
1707504932877 0.00039 897
1707504941850 0.00038 898
1707504949770 0.00038 899
1707504961443 0.00038 900
1707504965959 0.00037 901
1707504975774 0.00037 902
1707504987388 0.00037 903
1707504995371 0.00036 904
1707505003418 0.00036 905
1707505012271 0.00036 906
1707505020415 0.00035 907
1707505029273 0.00035 908
1707505038449 0.00035 909
1707505048003 0.00034 910
1707505055278 0.00034 911
1707505063669 0.00034 912
1707505072340 0.00033 913
1707505081864 0.00033 914
1707505090523 0.00033 915
1707505098804 0.00032 916
1707505107144 0.00032 917
1707505116711 0.00032 918
1707505124909 0.00031 919
1707505130632 0.00031 920
1707505139469 0.00031 921
1707505147189 0.0003 922
1707505155682 0.0003 923
1707505163419 0.0003 924
1707505171054 0.00029 925
1707505180890 0.00029 926
1707505189364 0.00028 927
1707505196933 0.00028 928
1707505204594 0.00028 929
1707505213331 0.00027 930
1707505221734 0.00027 931
1707505231371 0.00027 932
1707505239669 0.00026 933
1707505248167 0.00026 934
1707505255332 0.00026 935
1707505263424 0.00025 936
1707505272199 0.00025 937
1707505279482 0.00025 938
1707505288348 0.00024 939
1707505295775 0.00024 940
1707505304271 0.00023 941
1707505312136 0.00023 942
1707505322483 0.00023 943
1707505328223 0.00022 944
1707505336853 0.00022 945
1707505345757 0.00022 946
1707505355034 0.00021 947
1707505365438 0.00021 948
1707505373070 0.00021 949
1707505387027 0.0002 950
1707505391788 0.0002 951
1707505400922 0.0002 952
1707505409803 0.00019 953
1707505417607 0.00019 954
1707505426829 0.00018 955
1707505434940 0.00018 956
1707505442730 0.00018 957
1707505451396 0.00017 958
1707505458381 0.00017 959
1707505466382 0.00017 960
1707505474417 0.00016 961
1707505483283 0.00016 962
1707505492500 0.00015 963
1707505501069 0.00015 964
1707505508111 0.00015 965
1707505515428 0.00014 966
1707505523727 0.00014 967
1707505532431 0.00014 968
1707505541362 0.00013 969
1707505549544 0.00013 970
1707505560663 0.00012 971
1707505569305 0.00012 972
1707505578819 0.00012 973
1707505587682 0.00011 974
1707505596505 0.00011 975
1707505605736 0.0001 976
1707505613953 0.0001 977
1707505623423 0.0001 978
1707505630367 9e-05 979
1707505639343 9e-05 980
1707505647331 8e-05 981
1707505653419 8e-05 982
1707505662709 8e-05 983
1707505672509 7e-05 984
1707505683914 7e-05 985
1707505688462 6e-05 986
1707505696197 6e-05 987
1707505704649 6e-05 988
1707505713145 5e-05 989
1707505720967 5e-05 990
1707505729506 4e-05 991
1707505738554 4e-05 992
1707505745343 3e-05 993
1707505754964 3e-05 994
1707505763754 3e-05 995
1707505773277 2e-05 996
1707505781405 2e-05 997
1707505790095 1e-05 998
1707505797982 1e-05 999
