1712808467299 419.85 0
1712808744362 230.3 0
1712809079122 273.36 0
1712809399949 264.97 0
1712809717100 301.57 0
1712809999844 280.28 0
1712810347355 285.96 0
1712810656750 275.92 0
1712810993689 308.84 0
1712811292247 282.34 0
1712811605543 284.16 0
1712811925071 292.94 0
1712812243312 292.45 0
1712812568555 293.24 0
1712812863246 268.75 0
1712813181081 277.47 0
1712813498116 265.56 0
1712813816346 275.09 0
1712814106913 262.24 0
1712814428709 258.77 0
1712814731550 281.96 0
1712815022905 265.36 0
1712815340165 274.64 0
1712815631908 263.45 0
1712815929439 260.03 0
1712816229044 284.73 0
1712816566886 311.24 0
1712816861219 241.56 0
1712817171847 284.17 0
1712817471386 275.1 0
1712817818954 327.58 0
1712818136156 291.33 0
1712818442744 270.95 0
1712818774214 285.58 0
1712819063690 266.6 0
1712819379770 280.42 0
1712819710275 315.51 0
1712820009045 260.77 0
1712820304179 292.39 0
1712820622674 285.37 0
1712820930667 276.11 0
1712821235116 301.91 0
1712821551947 292.08 0
1712821873944 277.2 0
1712822169864 265.97 0
1712822494758 294.06 0
1712822809285 290.26 0
1712823136228 302.04 0
1712823444200 251.41 0
1712823780418 263.19 0
1712824084305 255.5 0
1712824402255 284.13 0
1712824706988 283.47 0
1712825036457 248.01 0
1712825359127 287.73 0
1712825668755 265.63 0
1712826000083 304.5 0
1712826321713 250.67 0
1712826652121 249.98 0
1712826994002 311.77 0
1712827292441 269.57 0
1712827594505 269.82 0
1712827901266 304.4 0
1712828223048 294.42 0
1712828533366 275.11 0
1712828851289 315.14 0
1712829150877 296.89 0
1712829472146 284.32 0
1712829805772 255.25 0
1712830119913 304.45 0
