1712808047412 0.002 0
1712808514051 0.002 1
1712808805541 0.00199 2
1712809134959 0.00199 3
1712809415341 0.00198 4
1712809719498 0.00198 5
1712810060953 0.00197 6
1712810380814 0.00196 7
1712810684648 0.00196 8
1712811009886 0.00195 9
1712811322396 0.00195 10
1712811632042 0.00194 11
1712811949861 0.00193 12
1712812274987 0.00193 13
1712812594477 0.00192 14
1712812903449 0.00192 15
1712813232321 0.00191 16
1712813541071 0.0019 17
1712813844224 0.0019 18
1712814169907 0.00189 19
1712814449570 0.00189 20
1712814757515 0.00188 21
1712815065173 0.00187 22
1712815368195 0.00187 23
1712815669140 0.00186 24
1712815944213 0.00186 25
1712816254602 0.00185 26
1712816619626 0.00184 27
1712816887656 0.00184 28
1712817196183 0.00183 29
1712817491200 0.00183 30
1712817843385 0.00182 31
1712818170993 0.00181 32
1712818488167 0.00181 33
1712818794161 0.0018 34
1712819099254 0.00179 35
1712819394407 0.00179 36
1712819748253 0.00178 37
1712820011675 0.00178 38
1712820335033 0.00177 39
1712820653280 0.00176 40
1712820933182 0.00176 41
1712821259240 0.00175 42
1712821596726 0.00175 43
1712821903829 0.00174 44
1712822200672 0.00173 45
1712822518676 0.00173 46
1712822833840 0.00172 47
1712823192737 0.00172 48
1712823516689 0.00171 49
1712823828758 0.0017 50
1712824118093 0.0017 51
1712824423228 0.00169 52
1712824788209 0.00169 53
1712825070965 0.00168 54
1712825402148 0.00167 55
1712825693730 0.00167 56
1712826070956 0.00166 57
1712826401582 0.00165 58
1712826682222 0.00165 59
1712827022659 0.00164 60
1712827324669 0.00164 61
1712827596857 0.00163 62
1712827928609 0.00162 63
1712828258250 0.00162 64
1712828535744 0.00161 65
1712828853970 0.00161 66
1712829187968 0.0016 67
1712829549659 0.00159 68
1712829815453 0.00159 69
1712830122400 0.00158 70
