1712808464888 3.426813872499398e-05 0
1712808744198 0.005585010021511587 1
1712809078547 0.04155660245918798 2
1712809399722 0.028347463680634063 3
1712809716380 0.0 4
1712809998631 0.03572441308321151 5
1712810346767 0.041717519718816945 6
1712810656671 0.02583392696141556 7
1712810992350 0.03463148036876575 8
1712811290790 0.03490539747387557 9
1712811604978 0.02630289482064146 10
1712811922160 0.04045971326930318 11
1712812241224 0.03618104190710529 12
1712812567415 0.04292297219905597 13
1712812861980 0.03596506566602913 14
1712813180126 0.03343384261952707 15
1712813497648 0.03885034214188866 16
1712813815965 0.0359611289460859 17
1712814106386 0.041334894040534045 18
1712814427829 0.04749494254655145 19
1712814731451 0.04591084945877318 20
1712815022842 0.034579128236828606 21
1712815339767 0.06700769426851987 22
1712815631593 0.07395539221646007 23
1712815929123 0.055069332744433735 24
1712816228750 0.09112939232059324 25
1712816565138 0.1137105329636042 26
1712816861126 0.06040248002765013 27
1712817171439 0.09241089507585418 28
1712817471249 0.0847229759738395 29
1712817818243 0.07057192846697988 30
1712818134594 0.12013466848390597 31
1712818441910 0.10743982037161667 32
1712818773708 0.09559029942185407 33
1712819060651 0.09594422159588055 34
1712819379582 0.10294160386750342 35
1712819709007 0.09208430494121597 36
1712820008602 0.07355907792173168 37
1712820303730 0.09456972106949404 38
1712820619400 0.08960436034782505 39
1712820928684 0.06604937484683061 40
1712821232211 0.10671317903173813 41
1712821550768 0.1113112484028656 42
1712821873895 0.08846523747065696 43
1712822168729 0.0965819047033773 44
1712822494619 0.10223301205301082 45
1712822807182 0.1436535979930423 46
1712823135800 0.12981494343344446 47
1712823444071 0.12228327672864364 48
1712823778550 0.11723295009116798 49
1712824084195 0.14121438287168087 50
1712824401945 0.14624982941384082 51
1712824706647 0.16602391213083828 52
1712825035175 0.17052203399105384 53
1712825358570 0.14316200227149609 54
1712825667547 0.18751910313963552 55
1712825998029 0.21375744285050108 56
1712826321596 0.17242276271457654 57
1712826651542 0.17992187543614746 58
1712826992670 0.1827381813635625 59
1712827292201 0.1533598249851112 60
1712827594464 0.14913716314564934 61
1712827901232 0.16670010257505144 62
1712828222992 0.22507327556946663 63
1712828533325 0.10938294584178042 64
1712828850849 0.1819790131130832 65
1712829150824 0.19629025492805616 66
1712829472111 0.23979809339783983 67
1712829804876 0.14131192111749255 68
1712830119879 0.17656526982173232 69
