1717411368241 494.95 0
1717411654723 278.95 0
1717411984131 297.52 0
1717412390800 349.22 0
1717412700449 278.77 0
1717413067853 364.82 0
1717413427344 321.23 0
1717413790664 344.28 0
1717414118877 325.86 0
1717414500882 379.6 0
1717414851340 266.29 0
1717415214729 295.3 0
1717415557036 301.88 0
1717415894262 317.94 0
1717416255102 330.6 0
1717416588039 286.2 0
1717416939671 331.75 0
1717417299425 349.97 0
1717417631792 306.42 0
1717417970258 293.51 0
1717418319455 346.67 0
1717418682201 360.29 0
1717419043770 359.25 0
1717419383676 337.45 0
1717419734683 340.43 0
1717420125103 331.97 0
1717420496638 338.35 0
1717420829709 328.84 0
1717421200518 368.47 0
1717421545742 297.27 0
1717421878775 294.28 0
1717422262180 348.52 0
1717422626519 274.83 0
1717422985219 314.05 0
1717423299219 311.56 0
1717423668257 324.7 0
1717424062104 353.28 0
1717424403992 296.33 0
1717424749712 309.4 0
1717425094257 316.78 0
1717425470972 349.13 0
1717425819392 327.62 0
1717426196171 335.52 0
1717426569377 242.28 0
1717426941275 324.54 0
1717427288246 311.96 0
1717427649293 289.53 0
1717427997583 295.55 0
1717428347613 321.75 0
1717428728791 340.51 0
1717429103241 289.4 0
1717429460167 330.88 0
1717429814465 351.91 0
1717430186917 284.38 0
1717430578159 310.27 0
1717430917310 303.67 0
1717431268610 322.66 0
1717431632013 311.84 0
1717432011322 342.95 0
1717432363470 312.36 0
1717432755024 373.12 0
1717433090566 270.08 0
1717433461636 327.6 0
1717433828780 322.67 0
1717434170062 315.53 0
1717434522828 306.52 0
1717434901660 345.9 0
1717435243529 317.29 0
1717435616823 332.35 0
1717435986885 358.94 0
1717436334700 345.37 0
1717436668797 302.51 0
1717437044301 335.75 0
1717437377108 309.24 0
1717437750312 346.82 0
1717438136964 345.33 0
1717438510959 299.5 0
1717438860213 346.73 0
1717439214447 331.19 0
1717439577245 344.3 0
1717439923287 316.01 0
1717440320218 315.16 0
1717440661872 316.13 0
1717441027756 363.47 0
1717441376666 307.01 0
1717441735638 356.5 0
1717442121866 354.77 0
1717442474210 318.4 0
1717442821194 344.58 0
1717443172929 296.08 0
1717443534594 358.39 0
1717443895032 306.25 0
1717444256879 324.41 0
1717444597840 338.6 0
1717444966819 342.78 0
1717445343015 349.19 0
1717445699909 291.13 0
1717446072046 331.51 0
1717446419552 258.36 0
1717446776602 323.34 0
1717447119700 282.35 0
1717447464970 342.88 0
1717447792808 282.12 0
1717448173082 342.68 0
1717448524185 333.76 0
1717448865956 339.33 0
1717449211255 299.65 0
1717449562340 348.7 0
1717449894862 304.04 0
1717450277443 328.66 0
1717450624513 319.25 0
1717450978559 323.54 0
1717451352242 336.85 0
1717451689822 310.91 0
1717452000244 271.72 0
1717452349523 346.91 0
1717452735459 336.04 0
1717453077474 311.52 0
1717453443645 332.51 0
1717453805976 326.01 0
1717454167286 356.86 0
1717454501512 331.73 0
1717454828987 323.27 0
1717455180265 317.47 0
1717455496464 288.12 0
1717455851178 331.79 0
1717456194225 340.33 0
1717456534935 336.75 0
1717456861768 324.25 0
1717457205369 306.99 0
1717457596352 351.83 0
1717457938848 310.97 0
1717458299558 307.22 0
1717458658721 300.21 0
1717458986871 325.66 0
1717459295055 305.73 0
1717459640554 295.47 0
1717460025118 331.52 0
1717460346779 294.11 0
1717460748828 303.69 0
1717461075317 301.9 0
1717461431429 323.39 0
1717461789662 316.74 0
1717462155498 324.23 0
1717462510564 335.83 0
1717462849248 312.72 0
1717463219306 342.9 0
1717463548704 326.97 0
1717463878133 288.52 0
1717464230358 337.43 0
1717464580034 277.77 0
1717464942204 359.7 0
1717465277982 332.72 0
1717465634368 326.04 0
1717465980711 268.65 0
1717466328173 276.62 0
1717466702690 298.0 0
1717467038480 292.15 0
1717467376258 335.11 0
1717467726343 346.54 0
1717468105759 328.29 0
1717468446975 338.36 0
1717468783609 334.14 0
1717469132819 344.95 0
1717469462168 326.84 0
1717469851137 341.57 0
1717470162141 308.62 0
1717470509411 344.84 0
1717470874475 320.6 0
1717471219695 294.94 0
1717471584860 341.41 0
1717471919294 317.56 0
1717472248173 325.64 0
1717472594782 344.16 0
1717472937103 303.52 0
1717473293154 317.9 0
1717473661683 328.87 0
1717474012620 348.44 0
1717474331902 288.95 0
1717474674498 318.94 0
1717475032673 326.11 0
1717475402691 349.9 0
1717475753684 339.77 0
1717476058085 301.94 0
1717476418959 337.21 0
1717476773961 352.49 0
1717477134960 318.77 0
1717477455549 317.99 0
1717477831436 373.31 0
1717478154366 318.88 0
1717478496202 339.33 0
1717478844371 283.09 0
1717479233999 295.88 0
1717479575877 339.29 0
1717479947209 360.31 0
1717480275214 303.36 0
1717480594896 317.03 0
1717480991269 360.5 0
1717481371638 297.83 0
1717481729525 343.32 0
1717482066874 279.58 0
1717482423303 353.89 0
1717482779020 353.15 0
1717483108683 326.95 0
1717483448078 336.72 0
1717483811643 360.37 0
1717484170389 347.71 0
1717484570780 398.0 0
1717484902606 329.37 0
1717485246594 288.99 0
1717485601501 352.49 0
1717485985482 314.92 0
1717486356816 326.37 0
1717486707696 311.44 0
1717487049865 313.74 0
1717487384504 332.23 0
1717487741787 313.45 0
1717488114872 332.15 0
1717488457552 339.99 0
1717488820744 360.7 0
1717489118604 295.42 0
1717489483102 361.88 0
1717489806645 321.08 0
1717490175364 366.31 0
1717490538958 361.01 0
1717490904723 363.39 0
1717491217723 300.77 0
1717491562260 302.67 0
1717491938223 338.22 0
1717492292769 352.05 0
1717492610993 315.72 0
1717492984082 370.62 0
1717493340786 354.21 0
1717493669640 317.36 0
1717494012521 340.54 0
1717494383244 368.33 0
1717494742073 356.38 0
1717495092304 347.81 0
1717495451438 356.65 0
1717495815789 361.92 0
1717496158210 339.98 0
1717496501350 331.31 0
1717496846135 342.36 0
1717497186556 338.0 0
1717497531810 342.85 0
1717497895553 251.45 0
1717498262379 293.51 0
1717498660256 340.25 0
1717498985255 296.12 0
1717499351611 341.14 0
1717499724602 328.62 0
1717500039813 311.8 0
1717500385189 342.6 0
1717500722530 334.92 0
1717501054590 329.67 0
1717501393819 336.75 0
1717501738697 306.95 0
1717502112560 366.75 0
1717502427915 312.79 0
1717502753729 323.38 0
1717503096389 331.8 0
1717503433652 334.89 0
1717503774296 337.78 0
1717504114734 337.86 0
1717504467671 350.46 0
1717504828809 333.83 0
1717505196104 364.89 0
1717505496596 289.11 0
1717505867686 337.11 0
1717506224578 339.3 0
1717506576917 333.72 0
1717506902270 304.62 0
1717507316122 411.34 0
1717507656973 298.59 0
1717507990262 282.84 0
1717508341686 307.2 0
1717508695279 350.68 0
1717509049551 351.77 0
1717509383605 283.81 0
1717509758501 371.4 0
1717510115629 354.64 0
1717510472613 354.41 0
1717510813925 332.29 0
1717511165840 349.3 0
1717511520412 314.58 0
1717511859554 313.05 0
1717512231155 330.87 0
1717512600375 249.12 0
1717512952598 349.81 0
1717513298348 343.23 0
1717513657093 356.28 0
1717514021795 362.13 0
1717514383764 359.47 0
1717514723927 329.33 0
1717515070665 293.93 0
1717515434580 361.13 0
1717515772138 335.09 0
1717516112922 337.21 0
1717516464243 348.79 0
1717516839228 322.65 0
1717517228431 305.76 0
1717517540563 309.63 0
1717517890945 347.9 0
1717518241866 348.38 0
1717518572375 327.29 0
1717518918395 343.25 0
1717519254885 333.85 0
1717519613588 346.92 0
1717519986871 370.78 0
1717520300807 311.46 0
1717520683643 328.53 0
1717521012855 305.13 0
1717521363806 348.35 0
1717521728111 329.78 0
1717522101335 349.23 0
1717522434839 330.95 0
1717522753652 315.41 0
1717523103511 347.21 0
1717523454918 348.86 0
1717523798721 341.27 0
1717524163630 360.0 0
1717524483556 317.37 0
1717524825349 339.28 0
1717525191713 363.86 0
1717525571397 325.15 0
1717525951471 376.42 0
1717526268343 314.14 0
1717526638116 365.92 0
1717526982323 335.75 0
1717527306652 321.86 0
1717527692689 383.47 0
1717528014832 319.19 0
1717528362090 260.81 0
1717528739627 332.63 0
1717529076792 334.67 0
1717529428090 348.57 0
1717529735553 303.42 0
1717530117618 379.49 0
1717530462220 342.04 0
1717530806621 339.38 0
1717531159295 350.08 0
1717531496953 317.64 0
1717531840671 341.22 0
1717532216512 373.3 0
1717532519987 300.9 0
1717532882473 359.86 0
1717533207783 322.71 0
1717533561728 305.96 0
1717533902235 295.99 0
1717534256587 326.25 0
1717534635188 297.99 0
1717534961599 323.87 0
1717535319520 355.06 0
1717535654285 332.16 0
1717535987803 320.95 0
1717536361120 369.97 0
1717536690248 325.76 0
1717537022243 329.4 0
1717537391508 366.55 0
1717537720753 326.66 0
1717538101122 377.76 0
1717538397721 284.01 0
1717538749084 348.85 0
1717539079307 327.75 0
1717539413246 329.81 0
1717539746151 329.96 0
1717540114709 365.93 0
1717540472515 355.22 0
1717540798072 320.92 0
1717541163840 352.86 0
1717541501211 334.73 0
1717541833844 330.01 0
1717542191486 352.49 0
1717542505413 311.29 0
1717542854625 346.6 0
1717543196485 339.23 0
1717543525313 326.16 0
1717543859441 331.65 0
1717544208067 344.26 0
1717544547684 337.05 0
1717544874137 322.66 0
1717545212793 336.08 0
1717545575263 359.82 0
1717545954746 324.64 0
1717546300642 343.27 0
1717546655687 318.39 0
1717547020213 271.4 0
1717547376199 300.57 0
1717547785791 326.1 0
1717548134950 344.51 0
1717548434086 296.49 0
1717548779063 342.33 0
1717549119774 338.03 0
1717549458190 335.71 0
1717549789948 329.08 0
1717550151425 348.77 0
1717550466546 312.44 0
1717550801975 332.86 0
1717551138279 333.61 0
1717551503664 340.18 0
1717551856171 304.68 0
1717552222634 363.76 0
1717552591290 356.19 0
1717552961950 308.73 0
1717553301260 336.65 0
1717553639125 334.67 0
1717554008878 367.04 0
1717554315180 303.48 0
1717554660711 342.82 0
1717554972749 308.71 0
1717555308448 333.13 0
1717555663814 308.04 0
1717556001095 334.42 0
1717556310415 305.95 0
1717556656356 343.18 0
1717557016187 357.34 0
1717557342589 312.5 0
1717557687738 342.68 0
1717558019418 328.95 0
1717558361407 339.11 0
1717558747900 333.75 0
1717559091409 341.0 0
1717559430651 336.45 0
1717559791411 348.94 0
1717560115633 321.76 0
1717560468270 350.15 0
1717560836513 365.62 0
1717561187327 348.07 0
1717561529799 339.96 0
1717561861014 328.61 0
1717562209288 345.77 0
1717562562782 341.66 0
1717562901203 335.8 0
1717563247304 343.46 0
1717563561616 311.07 0
1717563895038 330.92 0
1717564258998 361.43 0
1717564589856 328.26 0
1717564955613 363.24 0
1717565300640 332.59 0
1717565631731 298.08 0
1717566000649 296.78 0
1717566342417 339.08 0
1717566689617 310.14 0
1717567046215 326.63 0
1717567367327 283.93 0
1717567717499 347.74 0
1717568074945 297.06 0
1717568401844 324.51 0
1717568740334 335.73 0
1717569096317 295.83 0
1717569433426 325.43 0
1717569773358 337.22 0
1717570132830 356.98 0
1717570481263 345.92 0
1717570811363 327.58 0
1717571159869 345.98 0
1717571499707 335.1 0
1717571859970 357.66 0
1717572199901 327.64 0
1717572573399 345.49 0
1717572916752 340.89 0
1717573264264 345.09 0
1717573593430 326.59 0
1717573938490 341.51 0
1717574297058 356.04 0
1717574652474 352.95 0
1717575047650 383.41 0
1717575374135 323.97 0
1717575733907 355.58 0
1717576061508 321.42 0
1717576406892 342.88 0
1717576771230 331.57 0
1717577128782 355.09 0
1717577456894 325.56 0
1717577793292 324.48 0
1717578146224 350.51 0
1717578523488 313.05 0
1717578891781 325.36 0
1717579225010 328.31 0
1717579571830 344.36 0
1717579928947 354.58 0
1717580289699 321.21 0
1717580645817 353.67 0
1717581001867 297.74 0
1717581338889 314.16 0
1717581686574 310.56 0
1717582040912 351.9 0
1717582366481 323.06 0
1717582689316 320.23 0
1717583046777 354.89 0
1717583381533 330.71 0
1717583739224 315.59 0
1717584058264 316.62 0
1717584429844 369.1 0
1717584788196 343.73 0
1717585120778 329.65 0
1717585485683 362.45 0
1717585849993 361.72 0
1717586160956 308.07 0
1717586533648 325.2 0
1717586883627 317.68 0
1717587244651 348.93 0
1717587609457 362.27 0
1717587971915 359.92 0
1717588287578 313.12 0
1717588647851 357.74 0
1717588982729 301.26 0
1717589313240 297.72 0
1717589636067 311.03 0
1717589987449 348.48 0
1717590321035 331.13 0
1717590668653 345.09 0
1717591023234 350.7 0
1717591382616 311.15 0
1717591708069 322.98 0
1717592080974 324.6 0
1717592421265 295.01 0
1717592774707 350.98 0
1717593142881 364.92 0
1717593485437 338.55 0
1717593801203 313.14 0
1717594140026 336.24 0
1717594492489 349.93 0
1717594852830 317.27 0
1717595200784 345.19 0
1717595554748 351.46 0
1717595929321 370.53 0
1717596268551 336.66 0
1717596623019 351.22 0
1717596979546 353.06 0
1717597352679 360.25 0
1717597691330 336.07 0
1717598080600 386.66 0
1717598418614 335.21 0
1717598754907 333.64 0
1717599092921 335.49 0
1717599431606 336.1 0
1717599786520 352.46 0
1717600153375 309.45 0
1717600495476 339.63 0
1717600838117 340.15 0
1717601174165 333.58 0
1717601496654 320.0 0
1717601865951 335.33 0
1717602193317 324.55 0
1717602551353 309.2 0
1717602867465 313.33 0
1717603228957 358.96 0
1717603547839 316.35 0
1717603888075 312.26 0
1717604235843 316.21 0
1717604568698 329.8 0
1717604927803 356.65 0
1717605272891 316.94 0
1717605634359 359.01 0
1717605947724 310.54 0
1717606297250 347.05 0
1717606602042 301.54 0
1717606951998 347.29 0
1717607308585 344.91 0
1717607665480 328.77 0
1717608011285 343.29 0
1717608357003 314.59 0
1717608696451 336.56 0
1717609022570 323.52 0
1717609363099 337.87 0
1717609684577 318.16 0
1717610073360 386.34 0
1717610398165 322.33 0
1717610745174 344.27 0
1717611077311 329.58 0
1717611420199 340.37 0
1717611754134 331.29 0
1717612105117 348.26 0
1717612454328 337.64 0
1717612778523 321.71 0
1717613112387 331.3 0
1717613473687 358.73 0
1717613788427 312.01 0
1717614154312 363.28 0
1717614483702 326.52 0
1717614841877 355.66 0
1717615204766 360.43 0
