1717411368224 2.9416 0
1717411654696 0.9201 0
1717411984100 0.623 0
1717412390776 0.5153 0
1717412700433 0.4906 0
1717413067828 0.4602 0
1717413427325 0.4309 0
1717413790633 0.4361 0
1717414118859 0.4308 0
1717414500855 0.4226 0
1717414851307 0.414 0
1717415214714 0.461 0
1717415557020 0.4499 0
1717415894234 0.458 0
1717416255072 0.4228 0
1717416588025 0.3943 0
1717416939640 0.4187 0
1717417299405 0.4236 0
1717417631760 0.3945 0
1717417970238 0.4127 0
1717418319430 0.3711 0
1717418682188 0.382 0
1717419043757 0.3461 0
1717419383651 0.3513 0
1717419734658 0.3889 0
1717420125044 0.3578 0
1717420496619 0.3898 0
1717420829682 0.3978 0
1717421200490 0.3451 0
1717421545718 0.3397 0
1717421878758 0.373 0
1717422262155 0.3582 0
1717422626499 0.3479 0
1717422985189 0.3548 0
1717423299205 0.3236 0
1717423668242 0.3387 0
1717424061897 0.324 0
1717424403970 0.3225 0
1717424749687 0.3042 0
1717425094234 0.3073 0
1717425470957 0.3364 0
1717425819366 0.2883 0
1717426196143 0.3466 0
1717426569358 0.2767 0
1717426941223 0.3095 0
1717427288224 0.3091 0
1717427649278 0.3212 0
1717427997553 0.2483 0
1717428347584 0.3086 0
1717428728776 0.2951 0
1717429103218 0.2414 0
1717429460136 0.2478 0
1717429814446 0.2847 0
1717430186875 0.2849 0
1717430578135 0.244 0
1717430917289 0.2844 0
1717431268594 0.2169 0
1717431631981 0.2584 0
1717432011303 0.2047 0
1717432363443 0.2438 0
1717432754996 0.218 0
1717433090548 0.2027 0
1717433461608 0.2407 0
1717433828765 0.2093 0
1717434170036 0.2154 0
1717434522802 0.2129 0
1717434901634 0.179 0
1717435243515 0.2029 0
1717435616794 0.2025 0
1717435986858 0.1703 0
1717436334676 0.1752 0
1717436668780 0.1675 0
1717437044268 0.1592 0
1717437377091 0.1486 0
1717437750286 0.1636 0
1717438136944 0.1562 0
1717438510946 0.1368 0
1717438860182 0.1311 0
1717439214419 0.1501 0
1717439577216 0.0997 0
1717439923270 0.1464 0
1717440320192 0.1348 0
1717440661855 0.1715 0
1717441027729 0.1211 0
1717441376638 0.1052 0
1717441735609 0.086 0
1717442121837 0.1031 0
1717442474188 0.0994 0
1717442821160 0.1071 0
1717443172916 0.1075 0
1717443534568 0.1016 0
1717443895001 0.0946 0
1717444256848 0.0635 0
1717444597826 0.0894 0
1717444966805 0.084 0
1717445342984 0.0505 0
1717445699895 0.0367 0
1717446072018 0.0841 0
1717446419533 0.0445 0
1717446776582 0.054 0
1717447119676 0.0642 0
1717447464953 0.0966 0
1717447792780 0.0683 0
1717448173060 0.0425 0
1717448524128 0.0163 0
1717448865942 0.0275 0
1717449211241 0.0199 0
1717449562301 0.0726 0
1717449894841 0.0113 0
1717450277414 -0.0134 0
1717450624495 0.0266 0
1717450978534 0.0107 0
1717451352226 0.0189 0
1717451689796 -0.0083 0
1717452000222 -0.0027 0
1717452349501 -0.0342 0
1717452735432 -0.0069 0
1717453077461 0.0041 0
1717453443615 -0.0155 0
1717453805954 -0.0003 0
1717454167270 -0.0019 0
1717454501461 -0.0497 0
1717454828970 -0.0526 0
1717455180222 -0.0399 0
1717455496449 -0.0231 0
1717455851164 -0.0602 0
1717456194193 -0.0369 0
1717456534918 -0.0803 0
1717456861738 -0.0649 0
1717457205350 -0.028 0
1717457596326 -0.0166 0
1717457938823 -0.0559 0
1717458299526 -0.0727 0
1717458658704 -0.0437 0
1717458986856 -0.0979 0
1717459295036 -0.0532 0
1717459640528 -0.0928 0
1717460025100 -0.0365 0
1717460346752 -0.0692 0
1717460748815 -0.0762 0
1717461075288 -0.0993 0
1717461431404 -0.108 0
1717461789624 -0.0739 0
1717462155471 -0.105 0
1717462510551 -0.1067 0
1717462849230 -0.1168 0
1717463219276 -0.1299 0
1717463548685 -0.142 0
1717463878100 -0.037 0
1717464230330 -0.1363 0
1717464580017 -0.1021 0
1717464942177 -0.1274 0
1717465277966 -0.0761 0
1717465634340 -0.0843 0
1717465980698 -0.1396 0
1717466328151 -0.1165 0
1717466702660 -0.1167 0
1717467038460 -0.1189 0
1717467376238 -0.1251 0
1717467726313 -0.1535 0
1717468105728 -0.1495 0
1717468446961 -0.1516 0
1717468783593 -0.1525 0
1717469132787 -0.1253 0
1717469462152 -0.1738 0
1717469851107 -0.1612 0
1717470162129 -0.2305 0
1717470509385 -0.1824 0
1717470874445 -0.1947 0
1717471219679 -0.1981 0
1717471584834 -0.1889 0
1717471919275 -0.1424 0
1717472248144 -0.1604 0
1717472594768 -0.1531 0
1717472937088 -0.1889 0
1717473293140 -0.2224 0
1717473661658 -0.222 0
1717474012603 -0.2167 0
1717474331876 -0.1923 0
1717474674471 -0.231 0
1717475032658 -0.1911 0
1717475402659 -0.1657 0
1717475753669 -0.1639 0
1717476058066 -0.1851 0
1717476418928 -0.1842 0
1717476773942 -0.2106 0
1717477134940 -0.1879 0
1717477455532 -0.2493 0
1717477831408 -0.1815 0
1717478154341 -0.2628 0
1717478496182 -0.2231 0
1717478844342 -0.2193 0
1717479233982 -0.17 0
1717479575855 -0.2153 0
1717479947175 -0.2149 0
1717480275191 -0.2184 0
1717480594881 -0.1919 0
1717480991255 -0.2432 0
1717481371619 -0.2364 0
1717481729508 -0.2099 0
1717482066847 -0.1958 0
1717482423285 -0.2595 0
1717482778992 -0.2119 0
1717483108651 -0.2213 0
1717483448060 -0.2058 0
1717483811626 -0.2794 0
1717484170364 -0.2287 0
1717484570752 -0.2363 0
1717484902574 -0.2561 0
1717485246573 -0.258 0
1717485601469 -0.2303 0
1717485985466 -0.2104 0
1717486356785 -0.2339 0
1717486707673 -0.2407 0
1717487049837 -0.2129 0
1717487384478 -0.2575 0
1717487741758 -0.2648 0
1717488114836 -0.2606 0
1717488457528 -0.2422 0
1717488820730 -0.2526 0
1717489118590 -0.2515 0
1717489483074 -0.2561 0
1717489806630 -0.2218 0
1717490175344 -0.26 0
1717490538938 -0.2582 0
1717490904708 -0.2551 0
1717491217709 -0.2458 0
1717491562230 -0.2362 0
1717491938186 -0.2651 0
1717492292749 -0.2771 0
1717492610962 -0.293 0
1717492984063 -0.294 0
1717493340765 -0.3044 0
1717493669623 -0.2483 0
1717494012505 -0.2584 0
1717494383223 -0.2754 0
1717494742060 -0.2833 0
1717495092286 -0.2576 0
1717495451415 -0.2576 0
1717495815775 -0.2763 0
1717496158186 -0.2543 0
1717496501328 -0.2788 0
1717496846117 -0.2795 0
1717497186541 -0.2851 0
1717497531789 -0.2891 0
1717497895537 -0.2881 0
1717498262364 -0.2872 0
1717498660230 -0.3066 0
1717498985237 -0.3159 0
1717499351574 -0.2898 0
1717499724514 -0.2735 0
1717500039797 -0.2632 0
1717500385163 -0.2475 0
1717500722517 -0.268 0
1717501054575 -0.297 0
1717501393801 -0.2923 0
1717501738684 -0.3088 0
1717502112539 -0.3084 0
1717502427901 -0.2925 0
1717502753703 -0.2507 0
1717503096371 -0.3062 0
1717503433638 -0.2901 0
1717503774276 -0.2894 0
1717504114719 -0.2998 0
1717504467650 -0.3009 0
1717504828791 -0.3098 0
1717505196086 -0.3266 0
1717505496577 -0.3463 0
1717505867660 -0.2733 0
1717506224562 -0.3264 0
1717506576889 -0.2924 0
1717506902253 -0.3229 0
1717507316106 -0.2908 0
1717507656958 -0.3214 0
1717507990243 -0.2735 0
1717508341646 -0.2783 0
1717508695265 -0.3331 0
1717509049536 -0.3 0
1717509383578 -0.3351 0
1717509758485 -0.3158 0
1717510115613 -0.3374 0
1717510472564 -0.3464 0
1717510813895 -0.354 0
1717511165816 -0.3243 0
1717511520396 -0.3326 0
1717511859524 -0.2849 0
1717512231129 -0.3421 0
1717512600346 -0.2964 0
1717512952584 -0.3137 0
1717513298321 -0.3327 0
1717513657071 -0.3502 0
1717514021772 -0.3211 0
1717514383747 -0.2973 0
1717514723906 -0.3492 0
1717515070651 -0.3521 0
1717515434557 -0.3189 0
1717515772122 -0.3442 0
1717516112896 -0.317 0
1717516464226 -0.3231 0
1717516839208 -0.3395 0
1717517228402 -0.3515 0
1717517540544 -0.3022 0
1717517890924 -0.3326 0
1717518241847 -0.324 0
1717518572347 -0.3162 0
1717518918382 -0.366 0
1717519254868 -0.3324 0
1717519613567 -0.3459 0
1717519986845 -0.3416 0
1717520300794 -0.3488 0
1717520683617 -0.3371 0
1717521012830 -0.3487 0
1717521363777 -0.3453 0
1717521728086 -0.3337 0
1717522101308 -0.3275 0
1717522434797 -0.3277 0
1717522753627 -0.3237 0
1717523103498 -0.3515 0
1717523454902 -0.3012 0
1717523798701 -0.2845 0
1717524163617 -0.342 0
1717524483528 -0.3382 0
1717524825323 -0.33 0
1717525191692 -0.346 0
1717525571365 -0.364 0
1717525951441 -0.3091 0
1717526268306 -0.3342 0
1717526638021 -0.3735 0
1717526982299 -0.3613 0
1717527306629 -0.3421 0
1717527692649 -0.3123 0
1717528014803 -0.3927 0
1717528362066 -0.3726 0
1717528739614 -0.3575 0
1717529076769 -0.3443 0
1717529428064 -0.3164 0
1717529735540 -0.3999 0
1717530117596 -0.362 0
1717530462206 -0.3973 0
1717530806599 -0.3435 0
1717531159271 -0.3965 0
1717531496939 -0.4095 0
1717531840658 -0.3791 0
1717532216497 -0.348 0
1717532519964 -0.372 0
1717532882447 -0.3837 0
1717533207767 -0.3718 0
1717533561715 -0.3544 0
1717533902205 -0.4026 0
1717534256557 -0.3533 0
1717534635169 -0.33 0
1717534961576 -0.3517 0
1717535319488 -0.367 0
1717535654265 -0.3394 0
1717535987775 -0.3699 0
1717536361089 -0.3549 0
1717536690232 -0.3567 0
1717537022227 -0.3959 0
1717537391479 -0.3715 0
1717537720739 -0.367 0
1717538101105 -0.3874 0
1717538397697 -0.3948 0
1717538749059 -0.3731 0
1717539079294 -0.357 0
1717539413221 -0.3415 0
1717539746129 -0.4185 0
1717540114687 -0.3633 0
1717540472500 -0.3773 0
1717540798059 -0.3532 0
1717541163821 -0.4114 0
1717541501198 -0.4147 0
1717541833822 -0.3951 0
1717542191471 -0.4184 0
1717542505389 -0.3682 0
1717542854608 -0.3942 0
1717543196463 -0.4181 0
1717543525298 -0.4077 0
1717543859424 -0.3671 0
1717544208052 -0.3048 0
1717544547660 -0.3194 0
1717544874118 -0.4109 0
1717545212777 -0.3846 0
1717545575249 -0.3687 0
1717545954714 -0.347 0
1717546300614 -0.4187 0
1717546655654 -0.3843 0
1717547020175 -0.4064 0
1717547376185 -0.4271 0
1717547785767 -0.4076 0
1717548134920 -0.4019 0
1717548434062 -0.4247 0
1717548779050 -0.3701 0
1717549119755 -0.4085 0
1717549458176 -0.4115 0
1717549789932 -0.3686 0
1717550151398 -0.3643 0
1717550466528 -0.4078 0
1717550801957 -0.4052 0
1717551138254 -0.3778 0
1717551503636 -0.3927 0
1717551856154 -0.3504 0
1717552222617 -0.3724 0
1717552591277 -0.4294 0
1717552961919 -0.4266 0
1717553301239 -0.3656 0
1717553639090 -0.4146 0
1717554008862 -0.3502 0
1717554315164 -0.3897 0
1717554660689 -0.4105 0
1717554972731 -0.3359 0
1717555308435 -0.4179 0
1717555663791 -0.3667 0
1717556001073 -0.3931 0
1717556310389 -0.3657 0
1717556656337 -0.3961 0
1717557016166 -0.4325 0
1717557342561 -0.4344 0
1717557687713 -0.4204 0
1717558019368 -0.4269 0
1717558361393 -0.3866 0
1717558747870 -0.3891 0
1717559091394 -0.3906 0
1717559430625 -0.2928 0
1717559791397 -0.3694 0
1717560115606 -0.4459 0
1717560468245 -0.4336 0
1717560836482 -0.4094 0
1717561187301 -0.4074 0
1717561529772 -0.4328 0
1717561860985 -0.4138 0
1717562209271 -0.3783 0
1717562562762 -0.3811 0
1717562901187 -0.3649 0
1717563247282 -0.4126 0
1717563561589 -0.38 0
1717563895024 -0.4217 0
1717564258977 -0.3884 0
1717564589818 -0.3762 0
1717564955597 -0.4141 0
1717565300615 -0.4247 0
1717565631705 -0.3971 0
1717566000634 -0.424 0
1717566342391 -0.4135 0
1717566689585 -0.3531 0
1717567046191 -0.4087 0
1717567367308 -0.3833 0
1717567717475 -0.426 0
1717568074929 -0.4347 0
1717568401831 -0.3811 0
1717568740308 -0.4019 0
1717569096290 -0.4418 0
1717569433406 -0.4124 0
1717569773326 -0.4038 0
1717570132816 -0.3577 0
1717570481247 -0.4334 0
1717570811349 -0.3953 0
1717571159818 -0.4498 0
1717571499687 -0.4104 0
1717571859933 -0.4231 0
1717572199864 -0.4053 0
1717572573378 -0.3921 0
1717572916732 -0.3966 0
1717573264244 -0.4218 0
1717573593415 -0.406 0
1717573938471 -0.4656 0
1717574297044 -0.3973 0
1717574652447 -0.4517 0
1717575047624 -0.4275 0
1717575374094 -0.3666 0
1717575733421 -0.4203 0
1717576061495 -0.464 0
1717576406873 -0.4389 0
1717576771203 -0.4142 0
1717577128750 -0.4113 0
1717577456876 -0.4217 0
1717577793272 -0.4086 0
1717578146207 -0.4122 0
1717578523461 -0.4324 0
1717578891760 -0.4588 0
1717579224981 -0.3879 0
1717579571817 -0.4164 0
1717579928927 -0.451 0
1717580289672 -0.4274 0
1717580645802 -0.4201 0
1717581001838 -0.4084 0
1717581338869 -0.4339 0
1717581686561 -0.447 0
1717582040889 -0.4201 0
1717582366468 -0.4907 0
1717582689286 -0.4208 0
1717583046762 -0.4322 0
1717583381508 -0.4555 0
1717583739210 -0.4239 0
1717584058250 -0.4274 0
1717584429812 -0.4615 0
1717584788167 -0.3966 0
1717585120763 -0.3908 0
1717585485657 -0.4181 0
1717585849956 -0.4104 0
1717586160928 -0.4446 0
1717586533630 -0.4405 0
1717586883602 -0.423 0
1717587244637 -0.4696 0
1717587609434 -0.4176 0
1717587971881 -0.4488 0
1717588287553 -0.4623 0
1717588647835 -0.4395 0
1717588982702 -0.4569 0
1717589313215 -0.4393 0
1717589636052 -0.3815 0
1717589987422 -0.4173 0
1717590321010 -0.4292 0
1717590668624 -0.4473 0
1717591023221 -0.4578 0
1717591382591 -0.4197 0
1717591708054 -0.4582 0
1717592080946 -0.4811 0
1717592421252 -0.431 0
1717592774683 -0.4209 0
1717593142855 -0.4649 0
1717593485417 -0.4326 0
1717593801183 -0.475 0
1717594140004 -0.4914 0
1717594492463 -0.4449 0
1717594852816 -0.4685 0
1717595200760 -0.4655 0
1717595554715 -0.4288 0
1717595929296 -0.446 0
1717596268535 -0.4647 0
1717596622988 -0.4406 0
1717596979520 -0.442 0
1717597352645 -0.4404 0
1717597691312 -0.4506 0
1717598080583 -0.4423 0
1717598418587 -0.4259 0
1717598754892 -0.4732 0
1717599092894 -0.4644 0
1717599431590 -0.449 0
1717599786497 -0.4568 0
1717600153348 -0.4534 0
1717600495461 -0.4425 0
1717600838086 -0.4857 0
1717601174146 -0.4368 0
1717601496626 -0.4513 0
1717601865927 -0.45 0
1717602193303 -0.4467 0
1717602551328 -0.4748 0
1717602867432 -0.4734 0
1717603228929 -0.4544 0
1717603547825 -0.4863 0
1717603888045 -0.4475 0
1717604235818 -0.483 0
1717604568669 -0.4257 0
1717604927787 -0.4724 0
1717605272864 -0.4483 0
1717605634329 -0.4726 0
1717605947704 -0.4152 0
1717606297234 -0.4627 0
1717606602015 -0.4293 0
1717606951970 -0.4751 0
1717607308572 -0.4881 0
1717607665455 -0.4362 0
1717608011270 -0.4719 0
1717608356975 -0.4786 0
1717608696436 -0.4556 0
1717609022539 -0.4736 0
1717609363062 -0.4652 0
1717609684564 -0.4594 0
1717610073343 -0.463 0
1717610398152 -0.4923 0
1717610745150 -0.407 0
1717611077283 -0.4377 0
1717611420169 -0.4265 0
1717611754106 -0.4642 0
1717612105090 -0.4582 0
1717612454301 -0.4685 0
1717612778506 -0.4685 0
1717613112369 -0.4713 0
1717613473674 -0.4519 0
1717613788400 -0.4422 0
1717614154290 -0.5015 0
1717614483680 -0.4712 0
1717614841849 -0.4181 0
1717615204750 -0.4621 0
