1707756105030 14.47 0
1707756111792 3.32 0
1707756118417 3.31 0
1707756125205 3.31 0
1707756132058 3.31 0
1707756138915 3.31 0
1707756145741 3.31 0
1707756152697 3.31 0
1707756159395 3.31 0
1707756163301 3.31 0
1707756167286 3.31 0
1707756174079 3.31 0
1707756180854 3.32 0
1707756187536 3.31 0
1707756194340 3.32 0
1707756201114 3.31 0
1707756207958 3.31 0
1707756214864 3.31 0
1707756221644 3.32 0
1707756225540 3.31 0
1707756232470 3.31 0
1707756239277 3.31 0
1707756246039 3.32 0
1707756249926 3.31 0
1707756256725 3.32 0
1707756260639 3.32 0
1707756264529 3.31 0
1707756268423 3.31 0
1707756272458 3.32 0
1707756276341 3.31 0
1707756280239 3.32 0
1707756284138 3.31 0
1707756291189 3.32 0
1707756298271 3.31 0
1707756302172 3.31 0
1707756306203 3.31 0
1707756313151 3.31 0
1707756317071 3.31 0
1707756320984 3.31 0
1707756324901 3.32 0
1707756328833 3.31 0
1707756332761 3.31 0
1707756336650 3.31 0
1707756340679 3.32 0
1707756344571 3.32 0
1707756348464 3.31 0
1707756355390 3.32 0
1707756362175 3.31 0
1707756369015 3.32 0
1707756375811 3.31 0
1707756380050 3.31 0
1707756386867 3.31 0
1707756390764 3.31 0
1707756397582 3.35 0
1707756401478 3.31 0
1707756408151 3.32 0
1707756418025 3.31 0
1707756424855 3.31 0
1707756428750 3.31 0
1707756435658 3.31 0
1707756439591 3.31 0
1707756443504 3.31 0
1707756447416 3.31 0
1707756451318 3.31 0
1707756455223 3.31 0
1707756459124 3.31 0
1707756463025 3.31 0
1707756467062 3.32 0
1707756470975 3.31 0
1707756474892 3.31 0
1707756478805 3.31 0
1707756482716 3.31 0
1707756486632 3.32 0
1707756490562 3.32 0
1707756494485 3.32 0
1707756498534 3.31 0
1707756502456 3.32 0
1707756506379 3.32 0
1707756510304 3.32 0
1707756514227 3.31 0
1707756518149 3.31 0
1707756522084 3.32 0
1707756526012 3.32 0
1707756530052 3.31 0
1707756534141 3.51 0
1707756538038 3.31 0
1707756541930 3.31 0
1707756545829 3.32 0
1707756549728 3.31 0
1707756553637 3.32 0
1707756557529 3.31 0
1707756561690 3.58 0
1707756565935 3.52 0
1707756571279 4.77 0
1707756575174 3.31 0
1707756579074 3.32 0
1707756582970 3.32 0
1707756586879 3.31 0
1707756590780 3.31 0
1707756594995 3.63 0
1707756601779 3.32 0
1707756605683 3.31 0
1707756609594 3.31 0
1707756613507 3.31 0
1707756617418 3.32 0
1707756621316 3.31 0
1707756625218 3.31 0
1707756629265 3.31 0
1707756633174 3.31 0
1707756637078 3.32 0
1707756640995 3.32 0
1707756644906 3.31 0
1707756651711 3.32 0
1707756658512 3.32 0
1707756665384 3.31 0
1707756672208 3.31 0
1707756679121 3.31 0
1707756685927 3.32 0
1707756692813 3.31 0
1707756696730 3.31 0
1707756700650 3.32 0
1707756704561 3.31 0
1707756708480 3.32 0
1707756712391 3.32 0
1707756716301 3.31 0
1707756720269 3.38 0
1707756724184 3.31 0
1707756728095 3.31 0
1707756732012 3.31 0
1707756735942 3.32 0
1707756742720 3.32 0
1707756749332 3.31 0
1707756753367 3.31 0
1707756757283 3.32 0
1707756761189 3.31 0
1707756767879 3.32 0
1707756774714 3.32 0
1707756778629 3.31 0
1707756782542 3.31 0
1707756786598 3.32 0
1707756790514 3.31 0
1707756794433 3.32 0
1707756798352 3.32 0
1707756802264 3.31 0
1707756808966 3.31 0
1707756812941 3.37 0
1707756816857 3.31 0
1707756820785 3.32 0
1707756824702 3.31 0
1707756831436 3.32 0
1707756838204 3.32 0
1707756842119 3.31 0
1707756846163 3.31 0
1707756850074 3.32 0
1707756853999 3.31 0
1707756857919 3.32 0
1707756864837 3.32 0
1707756868760 3.31 0
1707756872680 3.31 0
1707756876665 3.37 0
1707756880586 3.31 0
1707756884513 3.31 0
1707756891457 3.32 0
1707756898177 3.31 0
1707756905030 3.32 0
1707756911990 3.31 0
1707756918668 3.31 0
1707756925421 3.31 0
1707756932229 3.31 0
1707756936137 3.31 0
1707756943072 3.31 0
1707756949838 3.31 0
1707756956628 3.32 0
1707756963432 3.32 0
1707756970286 3.35 0
1707756977100 3.31 0
1707756983882 3.32 0
1707756990629 3.31 0
1707756994551 3.32 0
1707756998466 3.31 0
1707757002499 3.31 0
1707757006418 3.32 0
1707757013301 3.31 0
1707757017211 3.31 0
1707757021120 3.31 0
1707757025036 3.31 0
1707757028949 3.31 0
1707757033007 3.32 0
1707757036930 3.32 0
1707757040852 3.32 0
1707757047651 3.32 0
1707757051564 3.31 0
1707757058263 3.32 0
1707757065151 3.32 0
1707757072033 3.32 0
1707757078750 3.32 0
1707757082670 3.31 0
1707757089421 3.32 0
1707757096388 3.32 0
1707757100312 3.31 0
1707757107113 3.31 0
1707757111032 3.31 0
1707757114955 3.31 0
1707757118886 3.31 0
1707757122809 3.31 0
1707757129632 3.31 0
1707757136539 3.31 0
1707757140429 3.31 0
1707757144315 3.31 0
1707757148204 3.31 0
1707757152098 3.31 0
1707757155994 3.32 0
1707757160036 3.31 0
1707757163927 3.31 0
1707757167824 3.32 0
1707757171715 3.31 0
1707757175615 3.31 0
1707757179508 3.31 0
1707757183406 3.31 0
1707757187296 3.31 0
1707757191342 3.31 0
1707757195244 3.31 0
1707757199138 3.31 0
1707757205871 3.32 0
1707757212643 3.31 0
1707757219309 3.31 0
1707757226322 3.31 0
1707757230218 3.31 0
1707757237044 3.31 0
1707757243847 3.31 0
1707757250526 3.32 0
1707757257423 3.31 0
1707757261320 3.32 0
1707757268084 3.31 0
1707757274933 3.31 0
1707757278835 3.32 0
1707757285687 3.32 0
1707757292528 3.31 0
1707757296425 3.31 0
1707757300327 3.31 0
1707757304228 3.31 0
1707757310954 3.32 0
1707757314860 3.31 0
1707757318896 3.31 0
1707757325674 3.31 0
1707757329577 3.31 0
1707757333484 3.31 0
1707757337392 3.31 0
1707757341293 3.31 0
1707757345202 3.32 0
1707757352160 3.32 0
1707757358951 3.32 0
1707757365812 3.31 0
1707757372601 3.31 0
1707757379410 3.32 0
1707757386219 3.32 0
1707757393044 3.31 0
1707757399746 3.32 0
1707757403653 3.31 0
1707757407563 3.31 0
1707757411600 3.31 0
1707757418463 3.31 0
1707757422374 3.31 0
1707757426284 3.31 0
1707757430187 3.31 0
1707757437013 3.31 0
1707757443927 3.32 0
1707757450664 3.31 0
1707757457449 3.31 0
1707757461346 3.31 0
1707757468153 3.31 0
1707757472075 3.35 0
1707757478811 3.31 0
1707757482702 3.31 0
1707757489397 3.31 0
1707757496144 3.31 0
1707757503046 3.31 0
1707757506938 3.31 0
1707757513744 3.31 0
1707757517652 3.31 0
1707757521546 3.31 0
1707757528339 3.31 0
1707757535314 3.31 0
1707757539220 3.32 0
1707757543124 3.31 0
1707757547029 3.31 0
1707757550941 3.31 0
1707757554849 3.31 0
1707757558758 3.31 0
1707757562673 3.32 0
1707757569624 3.31 0
1707757576477 3.31 0
1707757580398 3.32 0
1707757584317 3.31 0
1707757588242 3.31 0
1707757592151 3.31 0
1707757598959 3.31 0
1707757605751 3.31 0
1707757609673 3.31 0
1707757613591 3.31 0
1707757620297 3.31 0
1707757624204 3.31 0
1707757628240 3.31 0
1707757632146 3.31 0
1707757636049 3.31 0
1707757639975 3.31 0
1707757643878 3.31 0
1707757647787 3.31 0
1707757651695 3.31 0
1707757655606 3.31 0
1707757659597 3.39 0
1707757663506 3.31 0
1707757667412 3.31 0
1707757671322 3.31 0
1707757675234 3.32 0
1707757679144 3.32 0
1707757683051 3.31 0
1707757686958 3.31 0
1707757690929 3.37 0
1707757694836 3.31 0
1707757698745 3.31 0
1707757702655 3.31 0
1707757706568 3.31 0
1707757710482 3.31 0
1707757714400 3.32 0
1707757718307 3.31 0
1707757722286 3.38 0
1707757729045 3.32 0
1707757735839 3.31 0
1707757742533 3.32 0
1707757746441 3.31 0
1707757750347 3.31 0
1707757754381 3.31 0
1707757758292 3.31 0
1707757762197 3.31 0
1707757766115 3.31 0
1707757772812 3.31 0
1707757776732 3.31 0
1707757780663 3.31 0
1707757784722 3.31 0
1707757788652 3.32 0
1707757792575 3.31 0
1707757796499 3.31 0
1707757800421 3.31 0
1707757804344 3.31 0
1707757808256 3.31 0
1707757812173 3.31 0
1707757816169 3.39 0
1707757820096 3.31 0
1707757826825 3.32 0
1707757836370 3.32 0
1707757840287 3.31 0
1707757844205 3.32 0
1707757848237 3.31 0
1707757852156 3.31 0
1707757856075 3.31 0
1707757859993 3.31 0
1707757863912 3.31 0
1707757867835 3.31 0
1707757874719 3.32 0
1707757878776 3.31 0
1707757882695 3.31 0
1707757886621 3.31 0
1707757890544 3.31 0
1707757894475 3.32 0
1707757898387 3.31 0
1707757902305 3.31 0
1707757906226 3.31 0
1707757910298 3.32 0
1707757914223 3.32 0
1707757918141 3.31 0
1707757922062 3.31 0
1707757928907 3.32 0
1707757932836 3.31 0
1707757936760 3.31 0
1707757940685 3.31 0
1707757944751 3.32 0
1707757948678 3.31 0
1707757952596 3.31 0
1707757959274 3.32 0
1707757966162 3.32 0
1707757973133 3.31 0
1707757979875 3.31 0
1707757986678 3.31 0
1707757990610 3.31 0
1707757994540 3.31 0
1707757998473 3.31 0
1707758002544 3.31 0
1707758006472 3.31 0
1707758010400 3.31 0
1707758014328 3.31 0
1707758018251 3.31 0
1707758022178 3.31 0
1707758026100 3.31 0
1707758030043 3.31 0
1707758034109 3.31 0
1707758038039 3.32 0
1707758044875 3.31 0
1707758048802 3.31 0
1707758052733 3.31 0
1707758059447 3.32 0
1707758063515 3.32 0
1707758067449 3.31 0
1707758071379 3.31 0
1707758075300 3.31 0
1707758079227 3.31 0
1707758086053 3.31 0
1707758089999 3.31 0
1707758097170 3.31 0
1707758101099 3.31 0
1707758105026 3.31 0
1707758108921 3.31 0
1707758112814 3.31 0
1707758116721 3.31 0
1707758120612 3.31 0
1707758124509 3.31 0
1707758128549 3.31 0
1707758135377 3.31 0
1707758139276 3.31 0
1707758143172 3.31 0
1707758147068 3.31 0
1707758150963 3.31 0
1707758154858 3.31 0
1707758158894 3.31 0
1707758162787 3.31 0
1707758169453 3.32 0
1707758173349 3.31 0
1707758177240 3.31 0
1707758181140 3.31 0
1707758185042 3.32 0
1707758189005 3.37 0
1707758192909 3.31 0
1707758196808 3.31 0
1707758200707 3.31 0
1707758204612 3.32 0
1707758208510 3.31 0
1707758212411 3.31 0
1707758216304 3.31 0
1707758220269 3.38 0
1707758224162 3.31 0
1707758228063 3.31 0
1707758231963 3.31 0
1707758238753 3.32 0
1707758245489 3.31 0
1707758252324 3.31 0
1707758259181 3.31 0
1707758265973 3.31 0
1707758269882 3.31 0
1707758273784 3.31 0
1707758277684 3.31 0
1707758284589 3.31 0
1707758288486 3.3 0
1707758295354 3.31 0
1707758299253 3.31 0
1707758306106 3.31 0
1707758312919 3.31 0
1707758316948 3.32 0
1707758320849 3.31 0
1707758324747 3.31 0
1707758328649 3.32 0
1707758335485 3.31 0
1707758342231 3.31 0
1707758346114 3.31 0
1707758350145 3.31 0
1707758354038 3.31 0
1707758357937 3.31 0
1707758361845 3.31 0
1707758365751 3.31 0
1707758369668 3.31 0
1707758373575 3.32 0
1707758380332 3.38 0
1707758384227 3.31 0
1707758388122 3.31 0
1707758392018 3.31 0
1707758395919 3.31 0
1707758399819 3.32 0
1707758403717 3.31 0
1707758407625 3.32 0
1707758411545 3.32 0
1707758418524 3.31 0
1707758422437 3.31 0
1707758426349 3.31 0
1707758430256 3.31 0
1707758434167 3.31 0
1707758438075 3.31 0
1707758441991 3.32 0
1707758446039 3.31 0
1707758449962 3.31 0
1707758453867 3.31 0
1707758457776 3.31 0
1707758461692 3.31 0
1707758465602 3.31 0
1707758469518 3.31 0
1707758473427 3.31 0
1707758480261 3.32 0
1707758484167 3.31 0
1707758490893 3.31 0
1707758497718 3.32 0
1707758504593 3.31 0
1707758508621 3.31 0
1707758515456 3.31 0
1707758519363 3.31 0
1707758523279 3.31 0
1707758529980 3.31 0
1707758536829 3.32 0
1707758540866 3.3 0
1707758547688 3.32 0
1707758554513 3.31 0
1707758558422 3.31 0
1707758562347 3.31 0
1707758566258 3.31 0
1707758570317 3.31 0
1707758574229 3.31 0
1707758578143 3.31 0
1707758582051 3.31 0
1707758585962 3.31 0
1707758589867 3.31 0
1707758593773 3.31 0
1707758597681 3.31 0
1707758601658 3.38 0
1707758608474 3.31 0
1707758615305 3.31 0
1707758619206 3.31 0
1707758623109 3.31 0
1707758627020 3.31 0
1707758630912 3.31 0
1707758634935 3.31 0
1707758638836 3.31 0
1707758642741 3.31 0
1707758646648 3.31 0
1707758650559 3.32 0
1707758654462 3.31 0
1707758658362 3.31 0
1707758662262 3.31 0
1707758666237 3.39 0
1707758670141 3.31 0
1707758674044 3.31 0
1707758680780 3.31 0
1707758684691 3.31 0
1707758688596 3.31 0
1707758692502 3.31 0
1707758696411 3.31 0
1707758700446 3.31 0
1707758704347 3.31 0
1707758708249 3.31 0
1707758712148 3.31 0
1707758716053 3.31 0
1707758722896 3.32 0
1707758729845 3.32 0
1707758736590 3.31 0
1707758746202 3.31 0
1707758750126 3.31 0
1707758754035 3.31 0
1707758757939 3.31 0
1707758761966 3.31 0
1707758765875 3.31 0
1707758769781 3.31 0
1707758773694 3.31 0
1707758777609 3.31 0
1707758781516 3.31 0
1707758785419 3.31 0
1707758789323 3.31 0
1707758793306 3.38 0
1707758797212 3.31 0
1707758804061 3.32 0
1707758810780 3.31 0
1707758814690 3.31 0
1707758818594 3.31 0
1707758822507 3.31 0
1707758826536 3.3 0
1707758830439 3.31 0
1707758834347 3.31 0
1707758838255 3.31 0
1707758842172 3.31 0
1707758846085 3.31 0
1707758849996 3.31 0
1707758853905 3.31 0
1707758857958 3.31 0
1707758864837 3.32 0
1707758868759 3.31 0
1707758872679 3.31 0
1707758879485 3.31 0
1707758883406 3.31 0
1707758890240 3.31 0
1707758894160 3.31 0
1707758898074 3.31 0
1707758904867 3.31 0
1707758908792 3.31 0
1707758912708 3.31 0
1707758916620 3.31 0
1707758920670 3.31 0
1707758927676 3.31 0
1707758931595 3.31 0
1707758938423 3.32 0
1707758942334 3.3 0
1707758946241 3.31 0
1707758950279 3.31 0
1707758954192 3.31 0
1707758958110 3.31 0
1707758962018 3.31 0
1707758971629 3.32 0
1707758975547 3.31 0
1707758979458 3.31 0
1707758986406 3.32 0
1707758993237 3.31 0
1707758997147 3.31 0
1707759003940 3.31 0
1707759010818 3.31 0
1707759014723 3.3 0
1707759018637 3.31 0
1707759022556 3.31 0
1707759026465 3.31 0
1707759030373 3.31 0
1707759034285 3.31 0
1707759038192 3.31 0
1707759042101 3.31 0
1707759046160 3.31 0
1707759050079 3.3 0
1707759053993 3.31 0
1707759057910 3.31 0
1707759061825 3.31 0
1707759065740 3.31 0
1707759069659 3.31 0
1707759073570 3.31 0
1707759077640 3.31 0
1707759081558 3.31 0
1707759085478 3.31 0
1707759089404 3.32 0
1707759093315 3.31 0
1707759097222 3.31 0
1707759101372 3.55 0
1707759105283 3.31 0
1707759109342 3.31 0
1707759113254 3.31 0
1707759117171 3.32 0
1707759121230 3.45 0
1707759125142 3.31 0
1707759129052 3.31 0
1707759133451 3.8 0
1707759137853 3.8 0
1707759141898 3.31 0
1707759146229 3.73 0
1707759150526 3.69 0
1707759154449 3.31 0
1707759158370 3.31 0
1707759162285 3.31 0
1707759167503 4.61 0
1707759171487 3.38 0
1707759176363 4.28 0
1707759180283 3.31 0
1707759187145 3.31 0
1707759193947 3.31 0
1707759197867 3.31 0
1707759204864 3.32 0
1707759208777 3.31 0
1707759215655 3.31 0
1707759222376 3.31 0
1707759229217 3.31 0
1707759236355 3.31 0
1707759243090 3.32 0
1707759249933 3.31 0
1707759253848 3.31 0
1707759257760 3.31 0
1707759261668 3.31 0
1707759265572 3.3 0
1707759269617 3.31 0
1707759273540 3.31 0
1707759277459 3.31 0
1707759281378 3.31 0
1707759285304 3.31 0
1707759289226 3.31 0
1707759293147 3.31 0
1707759297067 3.31 0
1707759301085 3.4 0
1707759305010 3.31 0
1707759308939 3.32 0
1707759312865 3.31 0
1707759316794 3.31 0
1707759320717 3.31 0
1707759324640 3.31 0
1707759328571 3.32 0
1707759332629 3.31 0
1707759336555 3.31 0
1707759340480 3.31 0
1707759344401 3.31 0
1707759348328 3.31 0
1707759352246 3.31 0
1707759359121 3.31 0
1707759366052 3.32 0
1707759369977 3.31 0
1707759373895 3.31 0
1707759377814 3.31 0
1707759381748 3.32 0
1707759385674 3.31 0
1707759389601 3.31 0
1707759393584 3.37 0
1707759397512 3.31 0
1707759401435 3.31 0
1707759405362 3.31 0
1707759409291 3.31 0
1707759416151 3.32 0
1707759420083 3.31 0
1707759424066 3.37 0
1707759427995 3.31 0
1707759431923 3.31 0
1707759435845 3.31 0
1707759439773 3.32 0
1707759443704 3.31 0
1707759447632 3.31 0
1707759451570 3.31 0
1707759455622 3.31 0
1707759459555 3.31 0
1707759463486 3.31 0
1707759467416 3.31 0
1707759471341 3.31 0
1707759475264 3.31 0
1707759481990 3.32 0
1707759489019 3.32 0
1707759495812 3.32 0
1707759499741 3.31 0
1707759503671 3.31 0
1707759507600 3.31 0
1707759511532 3.31 0
1707759515461 3.31 0
1707759519527 3.31 0
1707759523454 3.31 0
1707759527378 3.31 0
1707759531308 3.31 0
1707759535230 3.31 0
1707759539153 3.31 0
1707759543073 3.31 0
1707759547074 3.39 0
1707759550998 3.31 0
1707759554922 3.31 0
1707759558848 3.31 0
1707759562776 3.31 0
1707759566704 3.31 0
1707759570633 3.31 0
1707759574567 3.31 0
1707759578550 3.37 0
1707759582471 3.31 0
1707759586392 3.31 0
1707759590331 3.31 0
1707759594258 3.31 0
1707759598184 3.31 0
1707759602106 3.31 0
1707759606027 3.31 0
1707759610084 3.31 0
1707759614011 3.31 0
1707759617939 3.31 0
1707759624865 3.31 0
1707759628789 3.31 0
1707759632714 3.31 0
1707759636644 3.31 0
1707759640708 3.31 0
1707759644650 3.31 0
1707759648577 3.31 0
1707759652518 3.32 0
1707759656444 3.31 0
1707759660373 3.31 0
1707759664304 3.31 0
1707759668232 3.31 0
1707759672245 3.39 0
1707759676178 3.31 0
1707759680130 3.31 0
1707759684066 3.31 0
1707759688001 3.31 0
1707759691936 3.31 0
1707759695872 3.31 0
1707759699803 3.31 0
1707759703885 3.32 0
1707759707823 3.31 0
1707759711756 3.31 0
1707759715694 3.31 0
1707759719627 3.31 0
1707759723557 3.3 0
1707759727490 3.31 0
1707759731429 3.31 0
1707759735504 3.31 0
1707759742225 3.31 0
1707759746163 3.31 0
1707759750094 3.31 0
1707759754028 3.31 0
1707759757967 3.31 0
1707759761905 3.31 0
1707759765988 3.31 0
1707759769929 3.31 0
1707759773864 3.31 0
1707759777794 3.31 0
1707759781736 3.31 0
1707759785682 3.31 0
1707759792436 3.31 0
1707759796503 3.31 0
1707759800466 3.31 0
1707759807182 3.31 0
1707759813931 3.31 0
1707759820760 3.31 0
1707759824815 3.31 0
1707759828748 3.3 0
1707759832687 3.31 0
1707759839550 3.31 0
1707759843495 3.31 0
1707759847416 3.31 0
1707759854400 3.31 0
1707759861219 3.31 0
1707759868050 3.31 0
1707759871978 3.31 0
1707759875913 3.31 0
1707759879844 3.31 0
1707759883906 3.31 0
1707759887841 3.31 0
1707759891773 3.31 0
1707759895710 3.31 0
1707759899642 3.31 0
1707759903583 3.31 0
1707759907520 3.31 0
1707759911457 3.31 0
1707759915529 3.3 0
1707759919464 3.31 0
1707759923407 3.31 0
1707759927310 3.31 0
1707759931204 3.31 0
1707759935107 3.31 0
1707759939010 3.31 0
1707759942915 3.31 0
1707759946964 3.32 0
1707759950864 3.31 0
1707759954772 3.31 0
1707759958670 3.31 0
1707759962573 3.31 0
1707759966479 3.31 0
1707759970377 3.31 0
1707759974277 3.31 0
1707759978179 3.31 0
1707759982224 3.31 0
1707759986130 3.31 0
1707759990039 3.31 0
1707759993944 3.31 0
1707759997851 3.31 0
1707760001749 3.3 0
1707760005659 3.31 0
1707760009577 3.32 0
1707760013636 3.31 0
1707760017550 3.31 0
1707760024367 3.31 0
1707760031228 3.32 0
1707760037953 3.31 0
1707760044920 3.32 0
1707760051632 3.31 0
1707760058481 3.31 0
1707760065300 3.31 0
1707760069208 3.31 0
1707760073159 3.35 0
1707760077071 3.31 0
1707760080971 3.31 0
1707760084876 3.31 0
1707760088788 3.31 0
1707760095563 3.31 0
1707760102316 3.32 0
1707760106348 3.31 0
1707760113087 3.31 0
1707760116997 3.31 0
1707760120902 3.31 0
1707760124807 3.31 0
1707760128718 3.31 0
1707760132630 3.31 0
1707760136532 3.3 0
1707760140580 3.31 0
1707760144484 3.3 0
1707760148395 3.31 0
1707760152301 3.31 0
1707760156203 3.31 0
1707760160126 3.32 0
1707760164025 3.31 0
1707760167927 3.31 0
1707760171973 3.31 0
1707760175887 3.31 0
1707760179806 3.31 0
1707760183712 3.31 0
1707760187620 3.31 0
1707760191536 3.31 0
1707760195453 3.32 0
1707760199356 3.31 0
1707760203265 3.31 0
1707760207317 3.31 0
1707760211215 3.31 0
1707760215124 3.31 0
1707760219036 3.31 0
1707760222941 3.31 0
1707760226857 3.32 0
1707760230776 3.31 0
1707760234681 3.31 0
1707760238733 3.31 0
1707760242651 3.31 0
1707760246567 3.31 0
1707760250499 3.31 0
1707760254409 3.31 0
1707760258319 3.31 0
1707760262221 3.31 0
1707760266124 3.31 0
1707760273012 3.32 0
1707760276933 3.32 0
1707760280846 3.31 0
1707760284754 3.31 0
1707760288671 3.31 0
1707760292584 3.32 0
1707760296495 3.31 0
1707760300395 3.31 0
1707760304440 3.31 0
1707760308357 3.31 0
1707760312273 3.32 0
1707760316180 3.31 0
1707760320092 3.31 0
1707760323999 3.31 0
1707760327912 3.32 0
1707760331832 3.31 0
1707760335869 3.31 0
1707760339776 3.31 0
1707760343683 3.31 0
1707760347594 3.31 0
1707760351505 3.31 0
1707760355427 3.32 0
1707760359336 3.31 0
1707760363249 3.31 0
1707760367150 3.31 0
1707760374079 6.19 0
1707760377996 3.31 0
1707760381902 3.31 0
1707760385814 3.32 0
1707760389719 3.31 0
1707760393626 3.31 0
1707760399294 5.06 0
1707760403212 3.31 0
1707760407259 3.32 0
1707760412077 4.22 0
1707760415987 3.31 0
1707760419896 3.31 0
1707760423804 3.31 0
1707760428925 4.52 0
1707760432838 3.31 0
1707760436748 3.31 0
1707760440720 3.37 0
1707760444636 3.31 0
1707760448556 3.31 0
1707760452475 3.31 0
1707760456394 3.31 0
1707760460331 3.31 0
1707760464247 3.31 0
1707760468158 3.31 0
1707760472146 3.39 0
1707760479013 3.31 0
1707760482928 3.31 0
1707760486840 3.31 0
1707760490766 3.31 0
1707760497830 3.32 0
1707760504694 3.31 0
1707760508618 3.31 0
1707760515330 3.32 0
1707760522056 3.31 0
1707760525970 3.31 0
1707760529887 3.31 0
1707760533807 3.31 0
1707760537862 3.31 0
1707760541782 3.31 0
1707760545704 3.31 0
1707760549628 3.31 0
1707760553553 3.31 0
1707760557478 3.31 0
1707760561401 3.31 0
1707760565321 3.31 0
1707760569389 3.31 0
1707760573314 3.31 0
1707760577236 3.31 0
1707760581153 3.31 0
1707760585072 3.31 0
1707760588997 3.31 0
1707760592915 3.31 0
1707760596836 3.31 0
1707760600892 3.31 0
1707760604829 3.31 0
1707760608762 3.32 0
1707760612676 3.31 0
1707760616590 3.31 0
1707760620518 3.31 0
1707760624444 3.31 0
1707760628367 3.31 0
1707760632433 3.31 0
1707760639180 3.32 0
1707760643108 3.31 0
1707760647029 3.31 0
1707760653758 3.31 0
1707760657682 3.31 0
1707760661606 3.31 0
1707760665663 3.31 0
1707760669594 3.31 0
1707760673516 3.31 0
1707760677447 3.31 0
1707760681367 3.31 0
1707760685293 3.31 0
1707760689216 3.31 0
1707760696048 3.31 0
1707760699960 3.3 0
1707760703888 3.31 0
1707760707815 3.31 0
1707760711734 3.31 0
1707760715654 3.31 0
1707760719575 3.31 0
1707760723496 3.31 0
1707760727573 3.32 0
1707760731498 3.31 0
1707760735421 3.31 0
1707760739345 3.31 0
1707760743264 3.31 0
1707760747194 3.31 0
1707760753926 3.31 0
1707760761000 3.31 0
1707760764925 3.31 0
1707760768857 3.31 0
1707760772782 3.31 0
1707760776714 3.31 0
1707760780638 3.31 0
1707760784564 3.31 0
1707760788484 3.31 0
1707760792549 3.3 0
1707760796478 3.31 0
1707760800401 3.31 0
1707760804320 3.31 0
1707760811150 3.32 0
1707760815071 3.31 0
1707760821979 3.31 0
1707760828970 3.31 0
1707760835828 3.31 0
1707760842532 3.31 0
1707760846459 3.31 0
1707760850387 3.31 0
1707760854312 3.31 0
1707760858356 3.31 0
1707760862282 3.31 0
1707760866198 3.31 0
1707760870122 3.31 0
1707760874045 3.31 0
1707760877967 3.31 0
1707760881885 3.31 0
1707760885805 3.31 0
1707760889865 3.31 0
1707760893783 3.3 0
1707760897707 3.31 0
1707760901633 3.31 0
1707760905552 3.31 0
1707760909478 3.31 0
1707760916212 3.32 0
1707760920134 3.31 0
1707760924198 3.31 0
1707760928120 3.31 0
1707760932039 3.31 0
1707760935961 3.31 0
1707760939887 3.31 0
1707760943806 3.31 0
1707760947730 3.31 0
1707760951653 3.31 0
1707760955726 3.31 0
1707760959650 3.31 0
1707760963581 3.31 0
1707760967512 3.31 0
1707760971437 3.31 0
1707760975365 3.32 0
1707760979288 3.31 0
1707760983200 3.31 0
1707760987268 3.31 0
1707760991192 3.31 0
1707760995120 3.31 0
1707760999046 3.31 0
1707761002968 3.31 0
1707761006891 3.31 0
1707761010806 3.3 0
1707761014730 3.31 0
1707761018724 3.37 0
1707761023587 4.25 0
1707761030597 3.31 0
1707761034529 3.31 0
1707761038459 3.31 0
1707761042383 3.31 0
1707761046313 3.32 0
1707761050233 3.31 0
1707761054296 3.31 0
1707761058221 3.31 0
1707761062150 3.31 0
1707761066075 3.31 0
1707761071082 4.39 0
1707761075650 3.95 0
1707761079582 3.31 0
1707761083574 3.37 0
1707761088483 4.3 0
1707761092568 3.47 0
1707761099447 3.31 0
1707761106419 3.31 0
1707761113123 3.31 0
1707761120133 3.31 0
1707761124061 3.31 0
1707761130878 3.31 0
1707761137730 3.31 0
1707761141656 3.31 0
1707761145581 3.31 0
1707761149642 3.31 0
1707761153574 3.31 0
1707761157502 3.31 0
1707761161432 3.31 0
1707761165358 3.31 0
1707761169281 3.3 0
1707761173208 3.31 0
1707761177205 3.39 0
1707761181134 3.31 0
1707761185060 3.31 0
1707761188992 3.31 0
1707761192915 3.31 0
1707761196832 3.31 0
1707761200756 3.31 0
1707761204686 3.31 0
1707761208686 3.38 0
1707761212617 3.31 0
1707761216548 3.31 0
1707761220476 3.31 0
1707761224396 3.31 0
1707761228328 3.31 0
1707761232248 3.31 0
1707761236177 3.31 0
1707761240250 3.31 0
1707761244173 3.3 0
1707761248107 3.31 0
1707761252036 3.31 0
1707761255961 3.31 0
1707761259887 3.31 0
1707761263819 3.31 0
1707761267748 3.31 0
1707761272057 3.69 0
1707761276451 3.77 0
1707761280656 3.59 0
1707761285626 4.35 0
1707761290061 3.81 0
1707761293986 3.31 0
1707761297914 3.31 0
1707761301840 3.31 0
1707761307317 4.86 0
1707761311249 3.31 0
1707761315190 3.31 0
1707761319130 3.31 0
1707761323063 3.31 0
1707761327002 3.31 0
1707761331284 3.65 0
1707761335221 3.31 0
1707761342274 3.31 0
1707761346211 3.31 0
1707761350147 3.31 0
1707761354088 3.31 0
1707761358025 3.31 0
1707761361965 3.31 0
1707761365912 3.31 0
1707761369983 3.31 0
1707761373926 3.31 0
1707761377860 3.31 0
1707761381796 3.31 0
1707761385732 3.31 0
1707761389814 3.45 0
1707761393743 3.31 0
1707761398368 3.99 0
1707761403249 4.11 0
1707761410204 3.31 0
1707761416981 3.31 0
1707761423762 3.31 0
1707761430524 3.31 0
1707761437504 3.31 0
1707761441440 3.31 0
1707761445365 3.31 0
1707761449294 3.31 0
1707761453223 3.31 0
1707761457159 3.31 0
1707761461142 3.36 0
1707761465077 3.31 0
1707761469012 3.31 0
1707761472937 3.31 0
1707761476864 3.31 0
1707761480812 3.31 0
1707761484743 3.31 0
1707761488674 3.31 0
1707761492751 3.31 0
1707761496683 3.31 0
1707761500612 3.31 0
1707761504549 3.31 0
1707761508487 3.31 0
1707761512421 3.31 0
1707761516351 3.31 0
1707761520289 3.31 0
1707761524360 3.31 0
1707761528291 3.31 0
1707761532228 3.31 0
1707761536162 3.31 0
1707761540096 3.31 0
1707761544028 3.31 0
1707761547965 3.31 0
1707761551899 3.31 0
1707761558908 3.31 0
1707761562842 3.31 0
1707761566779 3.31 0
1707761570732 3.31 0
1707761574672 3.31 0
1707761578605 3.3 0
1707761582543 3.31 0
1707761586610 3.31 0
1707761590549 3.31 0
1707761594490 3.31 0
1707761601370 3.32 0
1707761605308 3.32 0
1707761609241 3.31 0
1707761613168 3.3 0
1707761617164 3.37 0
1707761621097 3.31 0
1707761625036 3.31 0
1707761628966 3.31 0
1707761632897 3.31 0
1707761636835 3.31 0
1707761640775 3.31 0
1707761644718 3.31 0
1707761648792 3.31 0
1707761652723 3.31 0
1707761656667 3.31 0
1707761660621 3.31 0
1707761664565 3.31 0
1707761668504 3.31 0
1707761672448 3.31 0
1707761676387 3.31 0
1707761680474 3.31 0
1707761684409 3.31 0
1707761688345 3.31 0
1707761692275 3.31 0
1707761696203 3.31 0
1707761700275 3.45 0
1707761704206 3.31 0
1707761708945 4.12 0
1707761713027 3.31 0
1707761717611 3.96 0
1707761721608 3.37 0
1707761725553 3.31 0
1707761729500 3.31 0
1707761733655 3.53 0
1707761737593 3.31 0
1707761743353 5.13 0
1707761747434 3.32 0
1707761751367 3.31 0
1707761755302 3.31 0
1707761760503 4.57 0
1707761767459 3.32 0
1707761771394 3.31 0
1707761775332 3.31 0
1707761779404 3.31 0
1707761783338 3.31 0
1707761788456 4.5 0
1707761792386 3.31 0
1707761796822 3.81 0
1707761800750 3.31 0
1707761804685 3.31 0
1707761809302 3.99 0
1707761813386 3.31 0
1707761817324 3.31 0
1707761821261 3.31 0
1707761825789 3.9 0
1707761829729 3.31 0
1707761833710 3.35 0
1707761837647 3.31 0
1707761841583 3.31 0
1707761845661 3.31 0
1707761849601 3.31 0
1707761854847 4.62 0
1707761858787 3.31 0
1707761863270 3.85 0
1707761867212 3.31 0
1707761871146 3.31 0
1707761875077 3.31 0
1707761879160 3.31 0
1707761883095 3.31 0
1707761887033 3.31 0
1707761890971 3.31 0
1707761894902 3.3 0
1707761898836 3.31 0
1707761902778 3.31 0
1707761906716 3.31 0
1707761910813 3.31 0
1707761914752 3.31 0
1707761918688 3.31 0
1707761922641 3.31 0
1707761926843 3.57 0
1707761930805 3.31 0
1707761934740 3.31 0
1707761938677 3.31 0
1707761942754 3.31 0
1707761946700 3.31 0
1707761950642 3.31 0
1707761954586 3.31 0
1707761958524 3.31 0
1707761962889 3.73 0
1707761966829 3.31 0
1707761973746 3.32 0
1707761977682 3.31 0
1707761981630 3.31 0
1707761985569 3.31 0
1707761989508 3.31 0
1707761993446 3.31 0
1707761997382 3.31 0
1707762001322 3.31 0
1707762005399 3.31 0
1707762009332 3.3 0
1707762013270 3.31 0
1707762017210 3.31 0
1707762021148 3.31 0
1707762025074 3.31 0
1707762029018 3.31 0
1707762032955 3.31 0
1707762037026 3.31 0
1707762040962 3.31 0
1707762044906 3.31 0
1707762048838 3.31 0
1707762052784 3.31 0
1707762056722 3.31 0
1707762060652 3.31 0
1707762064592 3.31 0
1707762068677 3.31 0
1707762072622 3.31 0
1707762076566 3.31 0
1707762080526 3.31 0
1707762084474 3.31 0
1707762088415 3.31 0
1707762092355 3.31 0
1707762096301 3.31 0
1707762100383 3.31 0
1707762104320 3.31 0
1707762108268 3.32 0
1707762112210 3.31 0
1707762116157 3.31 0
1707762120115 3.31 0
1707762124061 3.31 0
1707762128010 3.31 0
1707762132104 3.31 0
1707762136046 3.3 0
1707762140019 3.31 0
1707762143972 3.31 0
1707762147925 3.31 0
1707762151874 3.31 0
1707762155824 3.31 0
1707762159778 3.31 0
1707762163878 3.31 0
1707762167833 3.31 0
1707762174605 3.31 0
1707762178562 3.31 0
1707762182512 3.31 0
1707762186477 3.31 0
1707762190417 3.3 0
1707762194506 3.31 0
1707762198461 3.31 0
1707762202417 3.31 0
1707762206530 3.47 0
1707762210478 3.31 0
1707762214805 3.69 0
1707762220796 5.36 0
1707762226065 4.63 0
1707762232134 5.3 0
1707762236547 3.78 0
1707762240503 3.31 0
1707762244462 3.31 0
1707762248410 3.31 0
1707762252357 3.31 0
1707762256302 3.31 0
1707762260246 3.31 0
1707762264333 3.31 0
1707762268283 3.31 0
1707762272240 3.31 0
1707762276189 3.31 0
1707762280138 3.31 0
1707762284082 3.31 0
1707762288032 3.31 0
1707762295069 3.31 0
1707762299023 3.31 0
1707762305790 3.31 0
1707762312759 3.31 0
1707762316715 3.32 0
1707762320675 3.31 0
1707762324763 3.31 0
1707762328716 3.31 0
1707762332659 3.31 0
1707762336607 3.31 0
1707762340565 3.31 0
1707762344510 3.31 0
1707762348462 3.31 0
1707762352407 3.31 0
1707762356496 3.31 0
1707762360444 3.31 0
1707762364399 3.31 0
1707762368358 3.31 0
1707762372310 3.31 0
1707762376258 3.31 0
1707762380206 3.31 0
1707762384307 3.31 0
1707762391046 3.31 0
1707762394994 3.31 0
1707762398949 3.31 0
1707762404036 4.45 0
1707762407992 3.31 0
1707762411935 3.31 0
1707762415959 3.38 0
1707762420348 3.75 0
1707762424323 3.33 0
1707762428275 3.31 0
1707762432221 3.31 0
1707762436792 3.93 0
1707762440760 3.31 0
1707762447298 5.9 0
1707762451382 3.31 0
1707762455343 3.31 0
1707762459881 3.89 0
1707762463834 3.31 0
1707762467794 3.31 0
1707762471755 3.31 0
1707762475706 3.3 0
1707762479659 3.31 0
1707762483756 3.31 0
1707762488386 3.99 0
1707762492343 3.31 0
1707762496300 3.31 0
1707762500329 3.39 0
1707762507092 3.31 0
1707762514160 3.31 0
1707762518108 3.31 0
1707762522054 3.31 0
1707762526007 3.31 0
1707762529967 3.32 0
1707762533920 3.31 0
1707762537877 3.31 0
1707762541822 3.31 0
1707762545926 3.31 0
1707762549870 3.31 0
1707762553825 3.31 0
1707762557775 3.31 0
1707762561725 3.31 0
1707762565685 3.31 0
1707762570313 3.99 0
1707762574270 3.31 0
1707762578361 3.31 0
1707762582309 3.31 0
1707762586261 3.31 0
1707762590198 3.31 0
1707762594145 3.31 0
1707762598092 3.31 0
1707762607899 3.31 0
1707762611841 3.31 0
1707762615784 3.31 0
1707762619738 3.31 0
1707762623690 3.31 0
1707762630475 3.31 0
1707762634415 3.31 0
1707762638413 3.37 0
1707762642365 3.31 0
1707762646308 3.31 0
1707762650251 3.31 0
1707762654196 3.31 0
1707762658147 3.31 0
1707762662087 3.31 0
1707762666029 3.31 0
1707762670113 3.31 0
1707762674060 3.31 0
1707762678002 3.31 0
1707762681950 3.31 0
1707762685897 3.31 0
1707762689852 3.31 0
1707762693794 3.31 0
1707762697741 3.31 0
1707762701844 3.31 0
1707762705787 3.31 0
1707762709737 3.31 0
1707762713682 3.31 0
1707762717638 3.31 0
1707762721605 3.31 0
1707762725552 3.31 0
1707762729504 3.31 0
1707762733599 3.31 0
1707762737543 3.31 0
1707762741501 3.31 0
1707762745461 3.31 0
1707762749412 3.31 0
1707762753357 3.31 0
1707762758153 4.16 0
1707762762102 3.31 0
1707762766307 3.43 0
1707762770298 3.35 0
1707762774709 3.77 0
1707762778656 3.31 0
1707762785441 3.31 0
1707762792431 3.32 0
1707762799350 3.31 0
1707762806149 3.31 0
1707762810088 3.31 0
1707762814030 3.31 0
1707762817976 3.31 0
1707762824913 3.31 0
1707762831937 3.31 0
1707762835881 3.31 0
1707762839830 3.31 0
1707762843773 3.31 0
1707762847718 3.3 0
1707762851668 3.31 0
1707762855606 3.3 0
1707762859625 3.38 0
1707762863571 3.31 0
1707762867520 3.31 0
1707762871466 3.31 0
1707762875416 3.31 0
1707762879368 3.31 0
1707762883311 3.31 0
1707762887259 3.31 0
1707762891340 3.31 0
1707762895293 3.31 0
1707762899244 3.31 0
1707762903186 3.31 0
1707762907134 3.31 0
1707762911079 3.31 0
1707762915026 3.31 0
1707762918976 3.31 0
1707762923073 3.31 0
1707762927028 3.31 0
1707762930988 3.31 0
1707762934944 3.31 0
1707762938906 3.31 0
1707762942863 3.31 0
1707762946823 3.31 0
1707762950788 3.31 0
1707762954879 3.31 0
1707762958841 3.31 0
1707762962798 3.31 0
1707762966758 3.31 0
1707762970746 3.32 0
1707762974711 3.31 0
1707762978671 3.31 0
1707762982632 3.31 0
1707762986747 3.32 0
1707762990711 3.31 0
1707762994674 3.31 0
1707762998629 3.31 0
1707763002598 3.31 0
1707763006562 3.31 0
1707763010523 3.31 0
1707763014606 3.31 0
1707763019278 4.01 0
1707763023956 4.03 0
1707763030890 3.32 0
1707763034850 3.31 0
1707763038814 3.31 0
1707763043361 3.9 0
1707763047457 3.31 0
1707763051416 3.31 0
1707763055377 3.31 0
1707763059328 3.3 0
1707763065220 5.24 0
1707763069182 3.31 0
1707763073165 3.31 0
1707763077120 3.31 0
1707763081219 3.31 0
1707763085301 3.43 0
1707763089259 3.31 0
1707763093647 3.74 0
1707763097600 3.31 0
1707763101553 3.3 0
1707763108327 3.31 0
1707763115303 3.31 0
1707763119262 3.31 0
1707763123218 3.31 0
1707763127165 3.31 0
1707763131138 3.31 0
1707763135095 3.31 0
1707763139046 3.31 0
1707763143131 3.31 0
1707763147093 3.31 0
1707763151047 3.31 0
1707763155011 3.31 0
1707763158968 3.31 0
1707763163040 3.43 0
1707763168098 4.41 0
1707763172049 3.31 0
1707763176148 3.31 0
1707763180102 3.31 0
1707763186025 5.28 0
1707763189980 3.31 0
1707763193967 3.33 0
1707763197921 3.31 0
1707763201880 3.31 0
1707763205831 3.31 0
1707763210033 3.41 0
1707763214592 3.91 0
1707763220282 5.04 0
1707763224233 3.31 0
1707763228184 3.31 0
1707763232138 3.31 0
1707763236096 3.31 0
1707763240048 3.31 0
1707763246955 3.31 0
1707763250929 3.31 0
1707763254886 3.31 0
1707763258836 3.3 0
1707763263297 3.82 0
1707763267457 3.51 0
1707763271411 3.31 0
1707763275515 3.31 0
1707763279474 3.31 0
1707763284276 4.15 0
1707763289157 4.23 0
1707763293116 3.31 0
1707763297074 3.31 0
1707763302676 4.96 0
1707763306760 3.31 0
1707763310730 3.31 0
1707763314832 3.45 0
1707763318794 3.31 0
1707763323185 3.73 0
1707763327137 3.31 0
1707763331941 4.15 0
1707763336598 4.01 0
1707763340977 3.57 0
1707763344939 3.31 0
1707763349590 3.99 0
1707763354432 4.19 0
1707763358392 3.31 0
1707763362353 3.31 0
1707763366313 3.31 0
1707763370575 3.62 0
1707763374677 3.31 0
1707763378642 3.31 0
1707763382627 3.32 0
1707763386597 3.31 0
1707763390564 3.32 0
1707763394517 3.31 0
1707763398474 3.31 0
1707763402427 3.31 0
1707763406523 3.31 0
1707763410461 3.31 0
1707763414405 3.31 0
1707763418348 3.31 0
1707763422303 3.31 0
1707763426467 3.49 0
1707763431911 4.82 0
1707763435858 3.31 0
1707763439941 3.31 0
1707763443878 3.31 0
1707763448357 3.84 0
1707763452303 3.31 0
1707763459379 3.32 0
1707763463318 3.31 0
1707763467263 3.31 0
1707763471342 3.31 0
1707763475281 3.31 0
1707763479230 3.31 0
1707763483183 3.31 0
1707763487127 3.31 0
1707763491085 3.31 0
1707763495034 3.31 0
1707763498973 3.31 0
1707763503510 3.91 0
1707763507959 3.81 0
1707763513073 4.48 0
1707763517036 3.33 0
1707763522157 4.47 0
1707763528155 5.36 0
1707763532093 3.3 0
1707763536045 3.31 0
1707763540119 3.31 0
1707763544068 3.31 0
1707763548031 3.31 0
1707763551978 3.31 0
1707763556896 4.27 0
1707763560849 3.31 0
1707763564805 3.31 0
1707763568753 3.3 0
1707763572847 3.31 0
1707763576801 3.31 0
1707763580770 3.31 0
1707763584733 3.31 0
1707763588690 3.31 0
1707763592646 3.31 0
1707763596601 3.31 0
1707763600551 3.31 0
1707763604650 3.31 0
1707763608614 3.31 0
1707763612569 3.31 0
1707763616542 3.31 0
1707763620499 3.31 0
1707763624456 3.31 0
1707763628408 3.31 0
1707763632370 3.31 0
1707763636474 3.32 0
1707763640425 3.31 0
1707763644377 3.31 0
1707763648336 3.31 0
1707763652510 3.53 0
1707763657530 4.38 0
1707763661478 3.31 0
1707763668690 3.31 0
1707763672653 3.31 0
1707763676615 3.31 0
1707763680573 3.31 0
1707763684533 3.31 0
1707763688493 3.31 0
1707763692673 3.53 0
1707763696867 3.55 0
1707763702389 4.72 0
1707763706814 3.78 0
1707763710774 3.31 0
1707763714731 3.31 0
1707763718690 3.31 0
1707763722648 3.31 0
1707763727210 3.92 0
1707763731293 3.41 0
1707763735398 3.31 0
1707763739351 3.31 0
1707763743312 3.31 0
1707763747269 3.31 0
1707763751220 3.31 0
1707763755172 3.31 0
1707763759124 3.31 0
1707763763073 3.31 0
1707763767174 3.31 0
1707763771128 3.31 0
1707763775077 3.3 0
1707763781839 3.31 0
1707763785791 3.31 0
1707763789755 3.32 0
1707763796630 3.31 0
1707763800582 3.31 0
1707763804538 3.31 0
1707763808502 3.31 0
1707763812459 3.31 0
1707763816416 3.31 0
1707763820374 3.31 0
1707763824333 3.31 0
1707763828468 3.31 0
1707763832431 3.31 0
1707763836391 3.31 0
1707763843623 3.31 0
1707763850437 3.31 0
1707763857360 3.32 0
1707763861317 3.31 0
1707763865280 3.31 0
1707763872113 3.31 0
1707763878889 3.31 0
1707763885837 3.36 0
1707763892745 3.31 0
1707763902404 3.31 0
1707763909188 3.31 0
1707763913139 3.31 0
1707763917207 3.31 0
1707763921168 3.31 0
1707763925119 3.31 0
1707763929052 3.3 0
1707763932999 3.3 0
1707763936949 3.31 0
1707763940917 3.31 0
1707763944865 3.31 0
1707763948980 3.31 0
1707763952932 3.31 0
1707763956890 3.31 0
1707763960847 3.31 0
1707763964805 3.31 0
1707763968762 3.31 0
1707763972722 3.31 0
1707763976676 3.31 0
1707763980776 3.31 0
1707763984733 3.31 0
1707763988697 3.31 0
1707763992652 3.31 0
1707763996608 3.31 0
1707764000572 3.32 0
1707764004533 3.31 0
1707764008502 3.32 0
1707764012612 3.31 0
1707764016573 3.31 0
1707764020539 3.31 0
1707764024502 3.31 0
1707764028459 3.31 0
1707764032413 3.31 0
1707764036368 3.31 0
1707764040463 3.31 0
1707764044418 3.31 0
1707764048376 3.31 0
1707764052336 3.31 0
1707764056299 3.31 0
1707764060261 3.31 0
1707764064223 3.31 0
1707764068177 3.31 0
1707764072271 3.31 0
1707764076228 3.31 0
1707764080181 3.31 0
1707764084138 3.31 0
1707764088098 3.31 0
1707764092051 3.31 0
1707764096006 3.31 0
1707764099962 3.31 0
1707764106860 3.31 0
1707764110816 3.31 0
1707764114774 3.31 0
1707764118733 3.31 0
1707764122688 3.31 0
1707764127128 3.79 0
1707764131083 3.31 0
1707764135177 3.31 0
1707764139133 3.31 0
1707764143089 3.31 0
1707764147048 3.31 0
1707764151862 4.16 0
1707764156884 4.37 0
1707764160846 3.31 0
1707764166410 4.92 0
1707764170520 3.31 0
1707764174474 3.31 0
1707764179087 3.96 0
1707764183105 3.37 0
1707764187782 4.03 0
1707764191736 3.31 0
1707764196401 4.01 0
1707764201524 4.48 0
1707764205613 3.31 0
1707764209578 3.31 0
1707764214511 4.28 0
1707764218541 3.39 0
1707764223226 4.04 0
1707764227181 3.31 0
1707764231141 3.31 0
1707764235101 3.31 0
1707764239202 3.31 0
1707764243160 3.31 0
1707764247111 3.31 0
1707764251061 3.31 0
1707764255861 4.15 0
1707764260347 3.83 0
1707764264364 3.37 0
1707764268514 3.49 0
1707764273232 3.91 0
1707764277191 3.31 0
1707764281399 3.55 0
1707764285356 3.31 0
1707764289307 3.31 0
1707764293260 3.31 0
1707764297227 3.31 0
1707764301367 3.33 0
1707764305320 3.3 0
1707764309386 3.41 0
1707764313343 3.31 0
1707764320104 3.31 0
1707764324055 3.31 0
1707764328007 3.31 0
1707764332024 3.37 0
1707764335974 3.31 0
1707764339929 3.31 0
1707764343890 3.31 0
1707764347843 3.31 0
1707764351799 3.31 0
1707764355755 3.31 0
1707764359706 3.31 0
1707764363819 3.32 0
1707764367780 3.31 0
1707764371740 3.31 0
1707764375702 3.31 0
1707764380268 3.91 0
1707764384234 3.31 0
1707764389121 4.23 0
1707764393545 3.77 0
1707764397646 3.31 0
1707764401600 3.3 0
1707764406263 4.01 0
1707764410804 3.89 0
1707764415197 3.75 0
1707764419149 3.31 0
1707764424994 5.2 0
1707764428947 3.31 0
1707764433052 3.31 0
1707764437008 3.31 0
1707764440971 3.31 0
1707764444924 3.31 0
1707764448944 3.37 0
1707764453788 4.2 0
1707764459161 4.72 0
1707764463119 3.3 0
1707764467662 3.75 0
1707764471619 3.31 0
1707764476561 4.29 0
1707764482254 5.05 0
1707764487446 4.54 0
1707764491746 3.65 0
1707764495884 3.49 0
1707764500836 4.29 0
1707764504950 3.3 0
1707764508904 3.31 0
1707764515638 6.09 0
1707764519595 3.31 0
1707764523939 3.69 0
1707764528339 3.75 0
1707764532301 3.31 0
1707764539357 3.31 0
1707764543315 3.31 0
1707764547273 3.31 0
1707764551237 3.31 0
1707764555195 3.31 0
1707764559156 3.31 0
1707764563122 3.31 0
1707764567089 3.31 0
1707764571220 3.31 0
1707764575828 3.95 0
1707764580159 3.67 0
1707764584329 3.51 0
1707764590025 5.04 0
1707764593996 3.31 0
1707764597964 3.31 0
1707764602073 3.31 0
1707764606037 3.31 0
1707764610009 3.31 0
1707764613980 3.31 0
1707764617946 3.31 0
1707764621921 3.31 0
1707764625889 3.31 0
1707764631244 4.7 0
1707764635740 3.69 0
1707764641219 4.82 0
1707764646010 4.13 0
1707764650259 3.59 0
1707764654218 3.31 0
1707764659672 4.8 0
1707764664068 3.74 0
1707764668111 3.38 0
1707764672079 3.31 0
1707764676048 3.31 0
1707764680028 3.31 0
1707764684000 3.31 0
1707764688549 3.89 0
1707764694211 5.0 0
1707764698324 3.45 0
1707764703313 4.2 0
1707764707296 3.31 0
1707764711259 3.31 0
1707764715226 3.31 0
1707764719203 3.32 0
1707764723318 3.45 0
1707764729525 5.55 0
1707764733554 3.37 0
1707764737526 3.31 0
1707764741501 3.31 0
1707764745481 3.31 0
1707764750510 4.37 0
1707764757380 3.31 0
1707764761343 3.31 0
1707764765440 3.31 0
1707764769413 3.31 0
1707764773394 3.32 0
1707764777368 3.31 0
1707764781363 3.31 0
1707764785333 3.31 0
1707764789299 3.31 0
1707764793266 3.31 0
1707764797378 3.31 0
1707764801344 3.31 0
1707764805319 3.31 0
1707764809292 3.31 0
1707764813264 3.31 0
1707764817230 3.31 0
1707764821195 3.3 0
1707764825164 3.31 0
1707764829280 3.31 0
1707764833254 3.31 0
1707764837240 3.31 0
1707764841236 3.31 0
1707764845204 3.31 0
1707764849190 3.31 0
1707764853168 3.31 0
1707764857272 3.31 0
1707764861241 3.31 0
1707764865219 3.31 0
1707764869207 3.31 0
1707764873184 3.31 0
1707764877154 3.31 0
1707764881119 3.31 0
1707764885162 3.37 0
1707764889131 3.31 0
1707764893103 3.31 0
1707764897074 3.31 0
1707764901063 3.31 0
1707764905032 3.31 0
1707764910745 5.05 0
1707764914723 3.31 0
1707764918910 3.37 0
1707764922883 3.31 0
1707764927531 3.99 0
1707764932867 4.66 0
1707764937261 3.74 0
1707764941230 3.31 0
1707764945198 3.31 0
1707764949799 3.94 0
1707764953778 3.31 0
1707764958419 3.97 0
