1707756105024 3.6269 0
1707756111788 1.4872 0
1707756118413 1.1671 0
1707756125201 1.0661 0
1707756132054 1.0088 0
1707756138911 0.936 0
1707756145737 0.8774 0
1707756152693 0.8464 0
1707756159390 0.9033 0
1707756163297 0.7851 0
1707756167282 0.7762 0
1707756174074 0.7873 0
1707756180850 0.7532 0
1707756187531 0.7367 0
1707756194336 0.8408 0
1707756201110 0.7614 0
1707756207953 0.7778 0
1707756214860 0.7675 0
1707756221640 0.7577 0
1707756225536 0.7385 0
1707756232466 0.7778 0
1707756239273 0.7229 0
1707756246034 0.7409 0
1707756249922 0.7123 0
1707756256721 0.7504 0
1707756260635 0.6866 0
1707756264525 0.6653 0
1707756268419 0.7442 0
1707756272454 0.7639 0
1707756276337 0.702 0
1707756280235 0.6948 0
1707756284134 0.7016 0
1707756291185 0.7414 0
1707756298266 0.7119 0
1707756302167 0.7706 0
1707756306199 0.7026 0
1707756313147 0.6731 0
1707756317067 0.7236 0
1707756320980 0.7979 0
1707756324897 0.7571 0
1707756328829 0.7079 0
1707756332756 0.6654 0
1707756336645 0.7136 0
1707756340676 0.7425 0
1707756344566 0.7143 0
1707756348460 0.6598 0
1707756355386 0.7021 0
1707756362171 0.7493 0
1707756369010 0.7169 0
1707756375806 0.6855 0
1707756380046 0.6663 0
1707756386862 0.726 0
1707756390760 0.6418 0
1707756397578 0.678 0
1707756401474 0.677 0
1707756408147 0.6433 0
1707756418021 0.7506 0
1707756424851 0.7561 0
1707756428745 0.7058 0
1707756435654 0.7133 0
1707756439586 0.6854 0
1707756443500 0.6803 0
1707756447412 0.7741 0
1707756451314 0.687 0
1707756455219 0.6638 0
1707756459120 0.6514 0
1707756463021 0.6758 0
1707756467058 0.717 0
1707756470971 0.7125 0
1707756474887 0.6531 0
1707756478801 0.6865 0
1707756482711 0.6979 0
1707756486628 0.7019 0
1707756490557 0.7265 0
1707756494481 0.8307 0
1707756498530 0.7543 0
1707756502452 0.6998 0
1707756506374 0.7063 0
1707756510300 0.66 0
1707756514223 0.6711 0
1707756518146 0.7317 0
1707756522080 0.692 0
1707756526008 0.6633 0
1707756530048 0.7109 0
1707756534136 0.701 0
1707756538033 0.7597 0
1707756541926 0.7338 0
1707756545825 0.6722 0
1707756549723 0.7027 0
1707756553632 0.6861 0
1707756557525 0.6903 0
1707756561686 0.7076 0
1707756565931 0.674 0
1707756571275 0.6777 0
1707756575170 0.6753 0
1707756579070 0.6896 0
1707756582966 0.7072 0
1707756586874 0.6979 0
1707756590776 0.6731 0
1707756594991 0.6734 0
1707756601775 0.6701 0
1707756605679 0.7044 0
1707756609590 0.6583 0
1707756613503 0.7016 0
1707756617414 0.6823 0
1707756621312 0.6481 0
1707756625214 0.6936 0
1707756629261 0.6363 0
1707756633170 0.6786 0
1707756637074 0.6636 0
1707756640991 0.7216 0
1707756644902 0.6751 0
1707756651707 0.6883 0
1707756658508 0.6554 0
1707756665380 0.6415 0
1707756672204 0.6812 0
1707756679117 0.6913 0
1707756685923 0.6571 0
1707756692808 0.6789 0
1707756696726 0.6076 0
1707756700645 0.6672 0
1707756704557 0.6406 0
1707756708476 0.639 0
1707756712387 0.6499 0
1707756716297 0.6468 0
1707756720266 0.6216 0
1707756724180 0.6539 0
1707756728091 0.6493 0
1707756732008 0.6788 0
1707756735935 0.6236 0
1707756742716 0.6827 0
1707756749328 0.7105 0
1707756753363 0.6773 0
1707756757279 0.6275 0
1707756761185 0.6545 0
1707756767874 0.7049 0
1707756774711 0.6286 0
1707756778624 0.6752 0
1707756782538 0.6516 0
1707756786593 0.6033 0
1707756790509 0.7024 0
1707756794430 0.6424 0
1707756798348 0.696 0
1707756802261 0.6427 0
1707756808962 0.6411 0
1707756812937 0.6499 0
1707756816853 0.6427 0
1707756820780 0.6113 0
1707756824698 0.6885 0
1707756831432 0.6661 0
1707756838200 0.6434 0
1707756842114 0.6629 0
1707756846159 0.5943 0
1707756850070 0.6105 0
1707756853994 0.6684 0
1707756857915 0.6742 0
1707756864833 0.7217 0
1707756868756 0.6946 0
1707756872675 0.6521 0
1707756876661 0.6616 0
1707756880582 0.6633 0
1707756884508 0.6636 0
1707756891452 0.6751 0
1707756898173 0.6194 0
1707756905025 0.7175 0
1707756911986 0.7098 0
1707756918664 0.6541 0
1707756925417 0.6752 0
1707756932225 0.7447 0
1707756936133 0.7089 0
1707756943068 0.6684 0
1707756949834 0.6341 0
1707756956623 0.7134 0
1707756963428 0.6589 0
1707756970282 0.6631 0
1707756977096 0.6568 0
1707756983877 0.693 0
1707756990624 0.6929 0
1707756994547 0.6472 0
1707756998462 0.6898 0
1707757002495 0.6574 0
1707757006414 0.6625 0
1707757013296 0.6908 0
1707757017207 0.6143 0
1707757021116 0.6341 0
1707757025033 0.6934 0
1707757028944 0.6245 0
1707757033002 0.6268 0
1707757036926 0.6498 0
1707757040848 0.7216 0
1707757047646 0.6467 0
1707757051560 0.6404 0
1707757058258 0.6247 0
1707757065147 0.6275 0
1707757072029 0.641 0
1707757078746 0.6265 0
1707757082666 0.6337 0
1707757089417 0.6954 0
1707757096384 0.6399 0
1707757100309 0.6486 0
1707757107109 0.6439 0
1707757111028 0.762 0
1707757114951 0.6724 0
1707757118882 0.6404 0
1707757122805 0.6666 0
1707757129628 0.6837 0
1707757136535 0.6963 0
1707757140425 0.6251 0
1707757144312 0.6617 0
1707757148200 0.6827 0
1707757152094 0.6655 0
1707757155990 0.6763 0
1707757160032 0.6736 0
1707757163923 0.6465 0
1707757167820 0.6547 0
1707757171711 0.638 0
1707757175611 0.6195 0
1707757179504 0.5835 0
1707757183402 0.6565 0
1707757187292 0.7032 0
1707757191338 0.6474 0
1707757195239 0.621 0
1707757199134 0.5931 0
1707757205867 0.6631 0
1707757212639 0.6547 0
1707757219305 0.6281 0
1707757226318 0.7222 0
1707757230213 0.6304 0
1707757237040 0.6386 0
1707757243842 0.7103 0
1707757250522 0.6541 0
1707757257420 0.6531 0
1707757261316 0.6125 0
1707757268080 0.6343 0
1707757274929 0.6829 0
1707757278831 0.6474 0
1707757285683 0.6842 0
1707757292524 0.6309 0
1707757296421 0.6468 0
1707757300322 0.6283 0
1707757304224 0.717 0
1707757310950 0.652 0
1707757314856 0.5779 0
1707757318891 0.6815 0
1707757325670 0.6538 0
1707757329573 0.6531 0
1707757333480 0.6604 0
1707757337388 0.6759 0
1707757341289 0.6339 0
1707757345197 0.6585 0
1707757352156 0.6231 0
1707757358946 0.6355 0
1707757365807 0.6452 0
1707757372597 0.6621 0
1707757379406 0.6192 0
1707757386215 0.6262 0
1707757393039 0.646 0
1707757399742 0.6654 0
1707757403649 0.655 0
1707757407559 0.6565 0
1707757411596 0.6384 0
1707757418458 0.6691 0
1707757422370 0.578 0
1707757426279 0.6498 0
1707757430183 0.6138 0
1707757437009 0.6536 0
1707757443923 0.641 0
1707757450660 0.6345 0
1707757457445 0.6134 0
1707757461342 0.6677 0
1707757468149 0.6588 0
1707757472071 0.6215 0
1707757478807 0.6489 0
1707757482697 0.6521 0
1707757489393 0.6281 0
1707757496140 0.6798 0
1707757503042 0.6512 0
1707757506934 0.6682 0
1707757513739 0.6334 0
1707757517648 0.6369 0
1707757521542 0.617 0
1707757528335 0.6653 0
1707757535311 0.6261 0
1707757539216 0.5734 0
1707757543120 0.6467 0
1707757547025 0.6517 0
1707757550937 0.6656 0
1707757554845 0.606 0
1707757558754 0.6748 0
1707757562669 0.5918 0
1707757569620 0.6504 0
1707757576473 0.7 0
1707757580394 0.5927 0
1707757584312 0.6432 0
1707757588237 0.6622 0
1707757592147 0.6443 0
1707757598955 0.6726 0
1707757605747 0.6244 0
1707757609669 0.6135 0
1707757613587 0.6225 0
1707757620292 0.6633 0
1707757624200 0.6767 0
1707757628236 0.6475 0
1707757632142 0.655 0
1707757636045 0.61 0
1707757639971 0.6394 0
1707757643874 0.6187 0
1707757647783 0.6644 0
1707757651691 0.6181 0
1707757655602 0.639 0
1707757659593 0.6267 0
1707757663502 0.5673 0
1707757667409 0.6235 0
1707757671318 0.5935 0
1707757675230 0.6326 0
1707757679140 0.5974 0
1707757683047 0.6053 0
1707757686954 0.643 0
1707757690925 0.645 0
1707757694832 0.6216 0
1707757698741 0.682 0
1707757702650 0.6568 0
1707757706564 0.6081 0
1707757710478 0.5714 0
1707757714396 0.6427 0
1707757718303 0.6154 0
1707757722282 0.7034 0
1707757729040 0.6339 0
1707757735835 0.6202 0
1707757742529 0.6663 0
1707757746436 0.6522 0
1707757750343 0.5924 0
1707757754376 0.6879 0
1707757758288 0.5804 0
1707757762193 0.661 0
1707757766111 0.6643 0
1707757772808 0.6523 0
1707757776728 0.5928 0
1707757780658 0.6441 0
1707757784717 0.6101 0
1707757788647 0.5834 0
1707757792571 0.6703 0
1707757796495 0.668 0
1707757800416 0.6613 0
1707757804339 0.6245 0
1707757808252 0.5974 0
1707757812169 0.6136 0
1707757816164 0.5948 0
1707757820092 0.6028 0
1707757826821 0.6654 0
1707757836366 0.6795 0
1707757840283 0.6477 0
1707757844200 0.5813 0
1707757848232 0.6224 0
1707757852152 0.6451 0
1707757856071 0.6541 0
1707757859989 0.624 0
1707757863908 0.6644 0
1707757867831 0.631 0
1707757874715 0.6203 0
1707757878771 0.6034 0
1707757882690 0.6051 0
1707757886617 0.623 0
1707757890539 0.6251 0
1707757894471 0.6259 0
1707757898383 0.6052 0
1707757902300 0.6051 0
1707757906218 0.6929 0
1707757910294 0.614 0
1707757914219 0.6046 0
1707757918137 0.6369 0
1707757922058 0.6817 0
1707757928903 0.6087 0
1707757932832 0.6192 0
1707757936756 0.654 0
1707757940682 0.6421 0
1707757944746 0.6436 0
1707757948674 0.6345 0
1707757952591 0.6182 0
1707757959270 0.6274 0
1707757966157 0.59 0
1707757973129 0.6881 0
1707757979870 0.6071 0
1707757986674 0.6402 0
1707757990605 0.5732 0
1707757994536 0.6095 0
1707757998469 0.692 0
1707758002540 0.6296 0
1707758006468 0.6931 0
1707758010396 0.5884 0
1707758014324 0.6013 0
1707758018247 0.6235 0
1707758022173 0.5743 0
1707758026096 0.5963 0
1707758030039 0.612 0
1707758034105 0.6611 0
1707758038035 0.6644 0
1707758044870 0.6654 0
1707758048798 0.6729 0
1707758052729 0.599 0
1707758059443 0.5883 0
1707758063511 0.6073 0
1707758067445 0.6419 0
1707758071375 0.6006 0
1707758075296 0.5773 0
1707758079223 0.6528 0
1707758086048 0.6547 0
1707758089995 0.597 0
1707758097166 0.664 0
1707758101095 0.6079 0
1707758105021 0.5487 0
1707758108917 0.5826 0
1707758112810 0.6423 0
1707758116717 0.5784 0
1707758120607 0.6526 0
1707758124505 0.6905 0
1707758128545 0.6268 0
1707758135373 0.7077 0
1707758139273 0.599 0
1707758143168 0.6056 0
1707758147064 0.618 0
1707758150958 0.5869 0
1707758154854 0.606 0
1707758158889 0.6571 0
1707758162783 0.6538 0
1707758169449 0.675 0
1707758173345 0.6729 0
1707758177236 0.5757 0
1707758181136 0.5819 0
1707758185038 0.6094 0
1707758189001 0.5608 0
1707758192905 0.5962 0
1707758196804 0.5791 0
1707758200702 0.6507 0
1707758204608 0.6549 0
1707758208506 0.677 0
1707758212406 0.6214 0
1707758216300 0.5753 0
1707758220265 0.5563 0
1707758224158 0.6262 0
1707758228059 0.6026 0
1707758231958 0.6228 0
1707758238749 0.6156 0
1707758245485 0.6088 0
1707758252319 0.6346 0
1707758259178 0.5967 0
1707758265969 0.6142 0
1707758269878 0.5964 0
1707758273780 0.5744 0
1707758277679 0.6249 0
1707758284585 0.691 0
1707758288481 0.6095 0
1707758295350 0.6153 0
1707758299249 0.6549 0
1707758306103 0.6316 0
1707758312915 0.6203 0
1707758316944 0.598 0
1707758320845 0.6397 0
1707758324743 0.5935 0
1707758328645 0.576 0
1707758335481 0.6938 0
1707758342227 0.6552 0
1707758346110 0.5764 0
1707758350141 0.6337 0
1707758354034 0.5833 0
1707758357933 0.6111 0
1707758361841 0.6281 0
1707758365747 0.5886 0
1707758369664 0.6386 0
1707758373570 0.6853 0
1707758380328 0.6327 0
1707758384223 0.5891 0
1707758388118 0.6574 0
1707758392013 0.6564 0
1707758395915 0.5689 0
1707758399815 0.6013 0
1707758403713 0.5932 0
1707758407621 0.598 0
1707758411540 0.6829 0
1707758418520 0.6602 0
1707758422433 0.6019 0
1707758426345 0.5936 0
1707758430252 0.5906 0
1707758434163 0.5777 0
1707758438070 0.6293 0
1707758441987 0.6749 0
1707758446035 0.6508 0
1707758449957 0.5821 0
1707758453863 0.6265 0
1707758457771 0.6014 0
1707758461688 0.6417 0
1707758465599 0.5981 0
1707758469514 0.6333 0
1707758473423 0.5856 0
1707758480257 0.6823 0
1707758484163 0.5472 0
1707758490889 0.6268 0
1707758497715 0.5824 0
1707758504589 0.7039 0
1707758508617 0.5728 0
1707758515451 0.5956 0
1707758519359 0.6661 0
1707758523275 0.6201 0
1707758529976 0.6154 0
1707758536825 0.6914 0
1707758540862 0.6089 0
1707758547684 0.6695 0
1707758554509 0.6089 0
1707758558417 0.6692 0
1707758562342 0.6156 0
1707758566254 0.5528 0
1707758570313 0.6819 0
1707758574225 0.5253 0
1707758578139 0.5393 0
1707758582047 0.5916 0
1707758585957 0.5748 0
1707758589863 0.6346 0
1707758593769 0.6197 0
1707758597677 0.628 0
1707758601654 0.5968 0
1707758608470 0.6981 0
1707758615301 0.6374 0
1707758619201 0.5631 0
1707758623105 0.591 0
1707758627015 0.6442 0
1707758630908 0.5931 0
1707758634930 0.5984 0
1707758638832 0.5878 0
1707758642737 0.5758 0
1707758646644 0.6812 0
1707758650555 0.5689 0
1707758654458 0.6632 0
1707758658357 0.7104 0
1707758662258 0.6749 0
1707758666233 0.5567 0
1707758670137 0.6283 0
1707758674040 0.6759 0
1707758680776 0.6846 0
1707758684687 0.6477 0
1707758688592 0.5879 0
1707758692498 0.5493 0
1707758696407 0.5755 0
1707758700442 0.5907 0
1707758704343 0.5343 0
1707758708245 0.5647 0
1707758712144 0.6449 0
1707758716049 0.6142 0
1707758722892 0.6664 0
1707758729840 0.685 0
1707758736586 0.6089 0
1707758746198 0.6158 0
1707758750122 0.6933 0
1707758754031 0.6096 0
1707758757935 0.5723 0
1707758761961 0.6339 0
1707758765871 0.6066 0
1707758769777 0.6349 0
1707758773690 0.5592 0
1707758777605 0.6269 0
1707758781512 0.639 0
1707758785415 0.6095 0
1707758789319 0.6281 0
1707758793302 0.6494 0
1707758797207 0.6661 0
1707758804057 0.6161 0
1707758810776 0.6377 0
1707758814686 0.5706 0
1707758818590 0.6402 0
1707758822503 0.6587 0
1707758826531 0.6525 0
1707758830435 0.6007 0
1707758834343 0.5985 0
1707758838251 0.654 0
1707758842167 0.5996 0
1707758846081 0.6681 0
1707758849992 0.6256 0
1707758853901 0.6386 0
1707758857953 0.6457 0
1707758864833 0.7041 0
1707758868755 0.5618 0
1707758872675 0.6727 0
1707758879481 0.6716 0
1707758883402 0.657 0
1707758890236 0.6119 0
1707758894155 0.5562 0
1707758898069 0.6472 0
1707758904863 0.6575 0
1707758908788 0.547 0
1707758912704 0.6321 0
1707758916616 0.5993 0
1707758920665 0.581 0
1707758927672 0.7164 0
1707758931591 0.5872 0
1707758938419 0.6764 0
1707758942329 0.6219 0
1707758946237 0.5864 0
1707758950274 0.6299 0
1707758954188 0.5691 0
1707758958106 0.639 0
1707758962013 0.6851 0
1707758971625 0.5997 0
1707758975543 0.6078 0
1707758979454 0.5925 0
1707758986401 0.627 0
1707758993233 0.6708 0
1707758997143 0.6027 0
1707759003936 0.6536 0
1707759010813 0.6547 0
1707759014719 0.5829 0
1707759018633 0.6692 0
1707759022551 0.5317 0
1707759026461 0.6683 0
1707759030369 0.5923 0
1707759034281 0.6655 0
1707759038188 0.6015 0
1707759042097 0.656 0
1707759046156 0.6055 0
1707759050075 0.6635 0
1707759053989 0.7343 0
1707759057906 0.6274 0
1707759061821 0.629 0
1707759065736 0.6091 0
1707759069654 0.5886 0
1707759073566 0.644 0
1707759077636 0.5811 0
1707759081553 0.6159 0
1707759085473 0.6065 0
1707759089400 0.6898 0
1707759093311 0.6512 0
1707759097218 0.5895 0
1707759101368 0.5775 0
1707759105279 0.6838 0
1707759109338 0.6987 0
1707759113250 0.5684 0
1707759117166 0.6196 0
1707759121226 0.6728 0
1707759125138 0.6959 0
1707759129048 0.6219 0
1707759133447 0.5431 0
1707759137849 0.6343 0
1707759141893 0.6609 0
1707759146226 0.6783 0
1707759150522 0.5592 0
1707759154444 0.652 0
1707759158366 0.6245 0
1707759162281 0.7449 0
1707759167499 0.6774 0
1707759171483 0.5943 0
1707759176359 0.6798 0
1707759180279 0.6369 0
1707759187141 0.6981 0
1707759193943 0.6353 0
1707759197863 0.6292 0
1707759204860 0.6963 0
1707759208773 0.6018 0
1707759215651 0.6621 0
1707759222371 0.6321 0
1707759229213 0.6363 0
1707759236351 0.6363 0
1707759243086 0.6303 0
1707759249929 0.73 0
1707759253844 0.513 0
1707759257756 0.5988 0
1707759261663 0.6079 0
1707759265568 0.7097 0
1707759269613 0.6372 0
1707759273536 0.58 0
1707759277455 0.6696 0
1707759281374 0.6282 0
1707759285300 0.6121 0
1707759289222 0.5616 0
1707759293143 0.6201 0
1707759297063 0.6485 0
1707759301081 0.6833 0
1707759305005 0.6158 0
1707759308934 0.572 0
1707759312861 0.6149 0
1707759316790 0.6587 0
1707759320713 0.6746 0
1707759324635 0.6859 0
1707759328567 0.6908 0
1707759332625 0.6027 0
1707759336551 0.6126 0
1707759340476 0.6523 0
1707759344397 0.6275 0
1707759348324 0.6542 0
1707759352242 0.6326 0
1707759359117 0.7056 0
1707759366048 0.717 0
1707759369972 0.5354 0
1707759373891 0.598 0
1707759377810 0.5775 0
1707759381744 0.6743 0
1707759385670 0.6233 0
1707759389596 0.6281 0
1707759393581 0.6885 0
1707759397508 0.6267 0
1707759401431 0.5682 0
1707759405358 0.6191 0
1707759409287 0.6535 0
1707759416147 0.678 0
1707759420079 0.6171 0
1707759424062 0.7205 0
1707759427991 0.6373 0
1707759431918 0.7248 0
1707759435840 0.5426 0
1707759439769 0.6375 0
1707759443700 0.6759 0
1707759447628 0.688 0
1707759451566 0.5908 0
1707759455618 0.6601 0
1707759459550 0.6257 0
1707759463482 0.6988 0
1707759467412 0.6338 0
1707759471337 0.612 0
1707759475260 0.6733 0
1707759481986 0.6954 0
1707759489015 0.6723 0
1707759495808 0.7258 0
1707759499737 0.6817 0
1707759503667 0.5225 0
1707759507596 0.5598 0
1707759511528 0.6491 0
1707759515457 0.6287 0
1707759519523 0.6475 0
1707759523450 0.6221 0
1707759527373 0.6529 0
1707759531303 0.536 0
1707759535226 0.7228 0
1707759539149 0.6634 0
1707759543069 0.6336 0
1707759547070 0.6315 0
1707759550994 0.6371 0
1707759554918 0.6986 0
1707759558844 0.6086 0
1707759562771 0.5998 0
1707759566700 0.5553 0
1707759570629 0.698 0
1707759574563 0.6958 0
1707759578545 0.741 0
1707759582467 0.6727 0
1707759586388 0.6177 0
1707759590327 0.6051 0
1707759594254 0.6671 0
1707759598180 0.6302 0
1707759602102 0.6127 0
1707759606023 0.6153 0
1707759610080 0.6765 0
1707759614007 0.6916 0
1707759617934 0.6215 0
1707759624861 0.5875 0
1707759628785 0.6136 0
1707759632710 0.5998 0
1707759636640 0.6617 0
1707759640704 0.7669 0
1707759644646 0.5429 0
1707759648573 0.5351 0
1707759652513 0.6046 0
1707759656440 0.6594 0
1707759660369 0.6969 0
1707759664300 0.7604 0
1707759668228 0.6053 0
1707759672241 0.6158 0
1707759676174 0.6571 0
1707759680126 0.6248 0
1707759684061 0.6522 0
1707759687997 0.5994 0
1707759691932 0.5208 0
1707759695868 0.6489 0
1707759699798 0.6092 0
1707759703881 0.5671 0
1707759707818 0.6924 0
1707759711752 0.6713 0
1707759715690 0.5818 0
1707759719623 0.6915 0
1707759723553 0.6103 0
1707759727485 0.6365 0
1707759731425 0.6048 0
1707759735500 0.6233 0
1707759742221 0.6704 0
1707759746159 0.6314 0
1707759750090 0.5573 0
1707759754024 0.6077 0
1707759757962 0.6103 0
1707759761901 0.648 0
1707759765984 0.6425 0
1707759769925 0.6103 0
1707759773860 0.6845 0
1707759777789 0.6023 0
1707759781732 0.5969 0
1707759785677 0.7129 0
1707759792432 0.6997 0
1707759796499 0.5274 0
1707759800462 0.6908 0
1707759807178 0.713 0
1707759813927 0.6337 0
1707759820755 0.6482 0
1707759824811 0.6498 0
1707759828744 0.6611 0
1707759832683 0.609 0
1707759839546 0.6451 0
1707759843491 0.6888 0
1707759847412 0.6011 0
1707759854396 0.7128 0
1707759861215 0.6129 0
1707759868046 0.6014 0
1707759871973 0.611 0
1707759875908 0.611 0
1707759879840 0.5795 0
1707759883902 0.6834 0
1707759887836 0.5851 0
1707759891768 0.6379 0
1707759895705 0.7236 0
1707759899637 0.6854 0
1707759903579 0.7253 0
1707759907516 0.6491 0
1707759911453 0.5777 0
1707759915525 0.6641 0
1707759919460 0.6497 0
1707759923403 0.6537 0
1707759927306 0.6213 0
1707759931200 0.73 0
1707759935103 0.5245 0
1707759939006 0.6986 0
1707759942911 0.6435 0
1707759946960 0.5562 0
1707759950860 0.6906 0
1707759954768 0.6899 0
1707759958666 0.6808 0
1707759962569 0.6003 0
1707759966474 0.5883 0
1707759970373 0.6006 0
1707759974272 0.6778 0
1707759978175 0.5141 0
1707759982219 0.6689 0
1707759986126 0.7159 0
1707759990034 0.7268 0
1707759993940 0.582 0
1707759997847 0.5677 0
1707760001745 0.7186 0
1707760005655 0.5838 0
1707760009573 0.6459 0
1707760013631 0.6558 0
1707760017546 0.6097 0
1707760024363 0.7195 0
1707760031223 0.6746 0
1707760037948 0.7015 0
1707760044916 0.6598 0
1707760051628 0.6326 0
1707760058477 0.5561 0
1707760065296 0.584 0
1707760069203 0.6198 0
1707760073155 0.5974 0
1707760077067 0.6482 0
1707760080967 0.6609 0
1707760084872 0.6016 0
1707760088784 0.7358 0
1707760095558 0.6332 0
1707760102312 0.6564 0
1707760106344 0.6947 0
1707760113083 0.6718 0
1707760116992 0.6768 0
1707760120897 0.5647 0
1707760124803 0.7722 0
1707760128713 0.6585 0
1707760132626 0.6754 0
1707760136527 0.7319 0
1707760140575 0.5768 0
1707760144480 0.7138 0
1707760148391 0.6392 0
1707760152297 0.7147 0
1707760156199 0.7407 0
1707760160121 0.5909 0
1707760164021 0.6004 0
1707760167923 0.6081 0
1707760171969 0.6542 0
1707760175883 0.6627 0
1707760179801 0.6378 0
1707760183708 0.5794 0
1707760187616 0.7268 0
1707760191531 0.6512 0
1707760195449 0.5744 0
1707760199353 0.6234 0
1707760203262 0.6869 0
1707760207313 0.6179 0
1707760211211 0.7361 0
1707760215120 0.5723 0
1707760219032 0.6306 0
1707760222937 0.7566 0
1707760226853 0.6626 0
1707760230772 0.7095 0
1707760234677 0.587 0
1707760238729 0.5743 0
1707760242647 0.5441 0
1707760246563 0.6769 0
1707760250495 0.6574 0
1707760254405 0.6604 0
1707760258315 0.6726 0
1707760262217 0.6242 0
1707760266120 0.5518 0
1707760273009 0.606 0
1707760276929 0.6254 0
1707760280842 0.6698 0
1707760284750 0.6295 0
1707760288667 0.721 0
1707760292580 0.6045 0
1707760296491 0.6753 0
1707760300390 0.7004 0
1707760304436 0.6393 0
1707760308352 0.6166 0
1707760312269 0.5941 0
1707760316176 0.5254 0
1707760320088 0.6365 0
1707760323994 0.6286 0
1707760327908 0.6155 0
1707760331828 0.7198 0
1707760335865 0.6579 0
1707760339772 0.6127 0
1707760343679 0.6189 0
1707760347590 0.5609 0
1707760351501 0.647 0
1707760355423 0.6711 0
1707760359332 0.6989 0
1707760363245 0.5963 0
1707760367146 0.5456 0
1707760374075 0.6507 0
1707760377992 0.6638 0
1707760381898 0.6605 0
1707760385810 0.6405 0
1707760389715 0.7103 0
1707760393622 0.7146 0
1707760399290 0.6026 0
1707760403209 0.601 0
1707760407255 0.6443 0
1707760412073 0.7044 0
1707760415983 0.6514 0
1707760419892 0.6207 0
1707760423800 0.6081 0
1707760428920 0.6049 0
1707760432834 0.665 0
1707760436744 0.6395 0
1707760440716 0.5842 0
1707760444632 0.5683 0
1707760448552 0.6257 0
1707760452470 0.6858 0
1707760456390 0.6199 0
1707760460326 0.6733 0
1707760464243 0.688 0
1707760468154 0.6015 0
1707760472142 0.5998 0
1707760479009 0.6115 0
1707760482923 0.6922 0
1707760486836 0.7118 0
1707760490760 0.7193 0
1707760497825 0.7158 0
1707760504690 0.6616 0
1707760508614 0.6668 0
1707760515326 0.6134 0
1707760522051 0.667 0
1707760525966 0.5946 0
1707760529882 0.6486 0
1707760533803 0.6474 0
1707760537858 0.6344 0
1707760541778 0.6196 0
1707760545699 0.7095 0
1707760549624 0.6675 0
1707760553549 0.703 0
1707760557474 0.5596 0
1707760561397 0.7029 0
1707760565317 0.5742 0
1707760569385 0.634 0
1707760573310 0.616 0
1707760577232 0.65 0
1707760581149 0.6334 0
1707760585067 0.5958 0
1707760588993 0.5948 0
1707760592911 0.6931 0
1707760596831 0.5487 0
1707760600888 0.5798 0
1707760604825 0.705 0
1707760608758 0.6316 0
1707760612671 0.6202 0
1707760616587 0.5768 0
1707760620514 0.6522 0
1707760624440 0.6707 0
1707760628363 0.5699 0
1707760632429 0.7109 0
1707760639176 0.7298 0
1707760643104 0.5402 0
1707760647025 0.6596 0
1707760653754 0.7432 0
1707760657677 0.6339 0
1707760661601 0.6019 0
1707760665659 0.6004 0
1707760669590 0.6881 0
1707760673512 0.7357 0
1707760677442 0.6003 0
1707760681363 0.7154 0
1707760685289 0.6659 0
1707760689212 0.5156 0
1707760696043 0.7168 0
1707760699956 0.5703 0
1707760703884 0.6626 0
1707760707811 0.6362 0
1707760711730 0.6807 0
1707760715650 0.7694 0
1707760719571 0.5802 0
1707760723492 0.6853 0
1707760727568 0.6444 0
1707760731494 0.7022 0
1707760735417 0.639 0
1707760739340 0.6847 0
1707760743260 0.6136 0
1707760747189 0.6839 0
1707760753921 0.6377 0
1707760760996 0.6734 0
1707760764921 0.6369 0
1707760768853 0.668 0
1707760772777 0.6271 0
1707760776710 0.6727 0
1707760780633 0.7189 0
1707760784559 0.6369 0
1707760788480 0.7224 0
1707760792545 0.7228 0
1707760796474 0.6097 0
1707760800397 0.7181 0
1707760804316 0.5906 0
1707760811145 0.6708 0
1707760815067 0.5973 0
1707760821974 0.6928 0
1707760828966 0.6357 0
1707760835824 0.7663 0
1707760842528 0.6741 0
1707760846454 0.6909 0
1707760850383 0.6669 0
1707760854308 0.5733 0
1707760858352 0.6979 0
1707760862278 0.6302 0
1707760866194 0.5791 0
1707760870118 0.5674 0
1707760874041 0.5458 0
1707760877963 0.6387 0
1707760881881 0.6027 0
1707760885800 0.6576 0
1707760889861 0.6718 0
1707760893779 0.6723 0
1707760897702 0.5577 0
1707760901629 0.5997 0
1707760905548 0.6937 0
1707760909474 0.6389 0
1707760916208 0.6111 0
1707760920130 0.5633 0
1707760924194 0.6362 0
1707760928116 0.6239 0
1707760932035 0.6255 0
1707760935957 0.6084 0
1707760939883 0.67 0
1707760943802 0.6599 0
1707760947725 0.6474 0
1707760951649 0.6446 0
1707760955721 0.6866 0
1707760959646 0.6063 0
1707760963577 0.628 0
1707760967508 0.56 0
1707760971433 0.6669 0
1707760975361 0.6747 0
1707760979284 0.5789 0
1707760983195 0.6356 0
1707760987264 0.701 0
1707760991188 0.6244 0
1707760995115 0.5593 0
1707760999042 0.5958 0
1707761002964 0.6341 0
1707761006886 0.6256 0
1707761010801 0.6661 0
1707761014726 0.7003 0
1707761018719 0.6699 0
1707761023583 0.692 0
1707761030593 0.6602 0
1707761034525 0.6062 0
1707761038455 0.6775 0
1707761042379 0.6734 0
1707761046308 0.7108 0
1707761050229 0.6243 0
1707761054292 0.5823 0
1707761058218 0.6026 0
1707761062146 0.5862 0
1707761066071 0.7101 0
1707761071078 0.6159 0
1707761075646 0.6227 0
1707761079577 0.6861 0
1707761083568 0.6392 0
1707761088479 0.7177 0
1707761092564 0.5773 0
1707761099443 0.6934 0
1707761106415 0.6339 0
1707761113119 0.7305 0
1707761120129 0.7131 0
1707761124057 0.6279 0
1707761130874 0.6829 0
1707761137726 0.5654 0
1707761141651 0.5699 0
1707761145577 0.576 0
1707761149638 0.5461 0
1707761153569 0.661 0
1707761157498 0.6443 0
1707761161428 0.5971 0
1707761165354 0.6738 0
1707761169277 0.6512 0
1707761173204 0.6991 0
1707761177201 0.5944 0
1707761181130 0.6516 0
1707761185056 0.6744 0
1707761188988 0.5677 0
1707761192911 0.6669 0
1707761196828 0.6155 0
1707761200752 0.5794 0
1707761204682 0.6108 0
1707761208682 0.644 0
1707761212613 0.5255 0
1707761216544 0.7046 0
1707761220471 0.6825 0
1707761224392 0.58 0
1707761228323 0.6124 0
1707761232243 0.6695 0
1707761236172 0.5548 0
1707761240246 0.5944 0
1707761244169 0.6549 0
1707761248104 0.6072 0
1707761252032 0.548 0
1707761255957 0.5315 0
1707761259882 0.6046 0
1707761263814 0.6332 0
1707761267744 0.5429 0
1707761272054 0.6433 0
1707761276447 0.6472 0
1707761280652 0.6436 0
1707761285622 0.6287 0
1707761290057 0.6686 0
1707761293982 0.7267 0
1707761297910 0.6491 0
1707761301835 0.5496 0
1707761307313 0.6681 0
1707761311245 0.5943 0
1707761315186 0.5925 0
1707761319126 0.5546 0
1707761323059 0.6915 0
1707761326997 0.6655 0
1707761331280 0.5874 0
1707761335216 0.7737 0
1707761342270 0.6162 0
1707761346207 0.6654 0
1707761350143 0.6272 0
1707761354084 0.6146 0
1707761358021 0.6734 0
1707761361961 0.6751 0
1707761365907 0.6495 0
1707761369979 0.6278 0
1707761373922 0.6633 0
1707761377856 0.5861 0
1707761381792 0.6816 0
1707761385728 0.648 0
1707761389810 0.6527 0
1707761393739 0.5529 0
1707761398364 0.6032 0
1707761403245 0.6838 0
1707761410200 0.7447 0
1707761416977 0.7241 0
1707761423757 0.5964 0
1707761430520 0.6892 0
1707761437500 0.5941 0
1707761441436 0.6492 0
1707761445361 0.645 0
1707761449290 0.655 0
1707761453219 0.5515 0
1707761457155 0.6912 0
1707761461138 0.5927 0
1707761465072 0.6944 0
1707761469008 0.5809 0
1707761472933 0.6067 0
1707761476859 0.5126 0
1707761480807 0.6222 0
1707761484739 0.6433 0
1707761488670 0.6495 0
1707761492747 0.5579 0
1707761496679 0.7394 0
1707761500608 0.6463 0
1707761504545 0.6358 0
1707761508483 0.6388 0
1707761512417 0.6531 0
1707761516347 0.6069 0
1707761520285 0.6363 0
1707761524356 0.664 0
1707761528286 0.587 0
1707761532223 0.6749 0
1707761536158 0.6146 0
1707761540092 0.6372 0
1707761544024 0.5686 0
1707761547960 0.7091 0
1707761551895 0.7216 0
1707761558904 0.6699 0
1707761562837 0.61 0
1707761566775 0.6446 0
1707761570728 0.6242 0
1707761574668 0.6152 0
1707761578601 0.573 0
1707761582539 0.6853 0
1707761586606 0.6375 0
1707761590545 0.7481 0
1707761594486 0.72 0
1707761601366 0.6827 0
1707761605304 0.6472 0
1707761609237 0.7007 0
1707761613164 0.6833 0
1707761617159 0.7238 0
1707761621093 0.6551 0
1707761625031 0.583 0
1707761628962 0.6515 0
1707761632893 0.6337 0
1707761636831 0.6039 0
1707761640771 0.7329 0
1707761644713 0.6238 0
1707761648788 0.5711 0
1707761652719 0.5849 0
1707761656662 0.602 0
1707761660617 0.661 0
1707761664561 0.6505 0
1707761668500 0.5855 0
1707761672444 0.4777 0
1707761676382 0.6509 0
1707761680470 0.6461 0
1707761684405 0.6418 0
1707761688341 0.4772 0
1707761692271 0.6933 0
1707761696199 0.6044 0
1707761700271 0.6231 0
1707761704202 0.572 0
1707761708941 0.6661 0
1707761713023 0.5758 0
1707761717607 0.6302 0
1707761721604 0.631 0
1707761725549 0.5947 0
1707761729496 0.52 0
1707761733651 0.6233 0
1707761737589 0.5968 0
1707761743349 0.6129 0
1707761747430 0.6397 0
1707761751363 0.668 0
1707761755298 0.7341 0
1707761760499 0.634 0
1707761767455 0.5769 0
1707761771390 0.6124 0
1707761775328 0.5983 0
1707761779400 0.6456 0
1707761783334 0.6284 0
1707761788452 0.6188 0
1707761792382 0.6834 0
1707761796817 0.572 0
1707761800746 0.5761 0
1707761804681 0.6654 0
1707761809298 0.543 0
1707761813382 0.7088 0
1707761817320 0.5635 0
1707761821257 0.8133 0
1707761825784 0.6064 0
1707761829725 0.6576 0
1707761833706 0.5454 0
1707761837643 0.6588 0
1707761841579 0.5814 0
1707761845657 0.7038 0
1707761849597 0.6217 0
1707761854843 0.5236 0
1707761858783 0.674 0
1707761863267 0.5312 0
1707761867208 0.4988 0
1707761871142 0.6645 0
1707761875072 0.5251 0
1707761879156 0.5573 0
1707761883091 0.6222 0
1707761887029 0.6412 0
1707761890967 0.5996 0
1707761894898 0.5545 0
1707761898832 0.5499 0
1707761902774 0.6137 0
1707761906712 0.6064 0
1707761910808 0.6074 0
1707761914748 0.5341 0
1707761918684 0.6295 0
1707761922637 0.6809 0
1707761926839 0.6819 0
1707761930801 0.5953 0
1707761934735 0.5774 0
1707761938673 0.6343 0
1707761942750 0.5757 0
1707761946696 0.5329 0
1707761950638 0.6957 0
1707761954582 0.6126 0
1707761958520 0.6013 0
1707761962885 0.6303 0
1707761966825 0.6006 0
1707761973742 0.5919 0
1707761977678 0.6752 0
1707761981626 0.6269 0
1707761985565 0.6523 0
1707761989504 0.5717 0
1707761993442 0.693 0
1707761997379 0.6098 0
1707762001318 0.5918 0
1707762005395 0.5651 0
1707762009328 0.6973 0
1707762013265 0.654 0
1707762017206 0.6116 0
1707762021144 0.5259 0
1707762025070 0.5763 0
1707762029014 0.5452 0
1707762032951 0.5496 0
1707762037022 0.5917 0
1707762040958 0.6703 0
1707762044902 0.6283 0
1707762048834 0.5946 0
1707762052780 0.6991 0
1707762056718 0.6116 0
1707762060647 0.663 0
1707762064588 0.6413 0
1707762068673 0.6578 0
1707762072618 0.6248 0
1707762076562 0.6388 0
1707762080522 0.6546 0
1707762084470 0.4914 0
1707762088411 0.544 0
1707762092351 0.7311 0
1707762096297 0.6402 0
1707762100379 0.5771 0
1707762104316 0.643 0
1707762108264 0.6742 0
1707762112206 0.6081 0
1707762116152 0.6458 0
1707762120111 0.6376 0
1707762124057 0.681 0
1707762128005 0.5669 0
1707762132099 0.6977 0
1707762136042 0.632 0
1707762140015 0.6019 0
1707762143967 0.5715 0
1707762147921 0.562 0
1707762151870 0.597 0
1707762155820 0.7333 0
1707762159775 0.6255 0
1707762163874 0.5513 0
1707762167829 0.7782 0
1707762174601 0.5257 0
1707762178559 0.7042 0
1707762182508 0.5912 0
1707762186473 0.6073 0
1707762190413 0.5684 0
1707762194501 0.5879 0
1707762198456 0.5663 0
1707762202412 0.5351 0
1707762206526 0.6764 0
1707762210474 0.6668 0
1707762214801 0.6901 0
1707762220792 0.5988 0
1707762226061 0.5872 0
1707762232130 0.6766 0
1707762236543 0.5383 0
1707762240499 0.68 0
1707762244458 0.6574 0
1707762248405 0.6427 0
1707762252353 0.5474 0
1707762256298 0.7267 0
1707762260242 0.5294 0
1707762264329 0.6945 0
1707762268279 0.6958 0
1707762272236 0.618 0
1707762276185 0.5851 0
1707762280134 0.6055 0
1707762284078 0.7125 0
1707762288027 0.5352 0
1707762295065 0.6939 0
1707762299019 0.5951 0
1707762305786 0.5949 0
1707762312756 0.655 0
1707762316710 0.594 0
1707762320671 0.6836 0
1707762324759 0.618 0
1707762328711 0.57 0
1707762332654 0.5707 0
1707762336603 0.5764 0
1707762340561 0.5486 0
1707762344506 0.5534 0
1707762348458 0.6607 0
1707762352403 0.7283 0
1707762356492 0.5047 0
1707762360440 0.6608 0
1707762364395 0.5579 0
1707762368354 0.5915 0
1707762372306 0.5722 0
1707762376254 0.585 0
1707762380202 0.7055 0
1707762384302 0.5793 0
1707762391042 0.6474 0
1707762394990 0.6609 0
1707762398946 0.5491 0
1707762404032 0.6385 0
1707762407987 0.6553 0
1707762411931 0.5446 0
1707762415955 0.627 0
1707762420344 0.5586 0
1707762424318 0.5756 0
1707762428271 0.5487 0
1707762432217 0.6137 0
1707762436788 0.7814 0
1707762440756 0.6269 0
1707762447294 0.6458 0
1707762451378 0.6198 0
1707762455339 0.5723 0
1707762459877 0.6756 0
1707762463830 0.6499 0
1707762467790 0.56 0
1707762471751 0.4854 0
1707762475702 0.6664 0
1707762479655 0.5853 0
1707762483752 0.6314 0
1707762488382 0.7009 0
1707762492339 0.6018 0
1707762496296 0.6412 0
1707762500325 0.6841 0
1707762507088 0.6738 0
1707762514156 0.5505 0
1707762518104 0.6464 0
1707762522050 0.6517 0
1707762526002 0.6806 0
1707762529963 0.581 0
1707762533916 0.6633 0
1707762537873 0.625 0
1707762541818 0.6094 0
1707762545922 0.6674 0
1707762549866 0.685 0
1707762553821 0.6536 0
1707762557771 0.5399 0
1707762561721 0.6897 0
1707762565681 0.5167 0
1707762570309 0.6526 0
1707762574266 0.563 0
1707762578357 0.6704 0
1707762582305 0.6949 0
1707762586257 0.6606 0
1707762590194 0.5894 0
1707762594140 0.6262 0
1707762598088 0.5799 0
1707762607895 0.6152 0
1707762611837 0.5247 0
1707762615779 0.5982 0
1707762619734 0.6233 0
1707762623686 0.659 0
1707762630471 0.6265 0
1707762634411 0.617 0
1707762638409 0.6832 0
1707762642361 0.5292 0
1707762646304 0.6589 0
1707762650247 0.6796 0
1707762654192 0.6802 0
1707762658143 0.6692 0
1707762662082 0.6445 0
1707762666025 0.6136 0
1707762670109 0.6419 0
1707762674056 0.6731 0
1707762677997 0.5964 0
1707762681946 0.5677 0
1707762685893 0.6709 0
1707762689848 0.6049 0
1707762693790 0.5653 0
1707762697737 0.6353 0
1707762701839 0.7676 0
1707762705783 0.6279 0
1707762709733 0.5813 0
1707762713678 0.5338 0
1707762717634 0.5823 0
1707762721601 0.6588 0
1707762725548 0.6057 0
1707762729500 0.6487 0
1707762733595 0.4526 0
1707762737539 0.6795 0
1707762741497 0.5909 0
1707762745457 0.5327 0
1707762749408 0.6672 0
1707762753353 0.623 0
1707762758149 0.6803 0
1707762762098 0.6259 0
1707762766303 0.629 0
1707762770294 0.7344 0
1707762774705 0.6881 0
1707762778652 0.6813 0
1707762785437 0.6574 0
1707762792427 0.6012 0
1707762799346 0.5753 0
1707762806145 0.6401 0
1707762810084 0.5188 0
1707762814027 0.6029 0
1707762817972 0.5994 0
1707762824909 0.6304 0
1707762831933 0.6693 0
1707762835877 0.5567 0
1707762839825 0.6103 0
1707762843768 0.5592 0
1707762847714 0.5721 0
1707762851664 0.5208 0
1707762855602 0.5876 0
1707762859620 0.7361 0
1707762863567 0.6676 0
1707762867516 0.6406 0
1707762871462 0.575 0
1707762875412 0.6002 0
1707762879364 0.5514 0
1707762883307 0.5718 0
1707762887255 0.5488 0
1707762891336 0.6248 0
1707762895288 0.5969 0
1707762899240 0.4829 0
1707762903182 0.5208 0
1707762907130 0.5792 0
1707762911075 0.6047 0
1707762915022 0.6025 0
1707762918972 0.5889 0
1707762923069 0.7038 0
1707762927024 0.5561 0
1707762930984 0.5704 0
1707762934940 0.5841 0
1707762938902 0.6581 0
1707762942859 0.6603 0
1707762946819 0.546 0
1707762950783 0.5686 0
1707762954875 0.512 0
1707762958837 0.6054 0
1707762962793 0.5654 0
1707762966754 0.5654 0
1707762970742 0.5268 0
1707762974707 0.5751 0
1707762978667 0.6008 0
1707762982628 0.6624 0
1707762986742 0.6119 0
1707762990707 0.5115 0
1707762994670 0.551 0
1707762998625 0.6471 0
1707763002594 0.684 0
1707763006558 0.6065 0
1707763010518 0.6549 0
1707763014602 0.6831 0
1707763019274 0.6447 0
1707763023951 0.5502 0
1707763030886 0.6315 0
1707763034846 0.6229 0
1707763038810 0.5352 0
1707763043356 0.7221 0
1707763047452 0.5667 0
1707763051412 0.6293 0
1707763055373 0.6592 0
1707763059323 0.6889 0
1707763065216 0.603 0
1707763069178 0.5205 0
1707763073161 0.5887 0
1707763077116 0.5242 0
1707763081215 0.6058 0
1707763085297 0.6488 0
1707763089255 0.6414 0
1707763093642 0.6236 0
1707763097596 0.7037 0
1707763101549 0.5647 0
1707763108323 0.6656 0
1707763115299 0.6698 0
1707763119258 0.6489 0
1707763123213 0.5281 0
1707763127161 0.5843 0
1707763131134 0.6904 0
1707763135090 0.7706 0
1707763139042 0.5982 0
1707763143127 0.6814 0
1707763147089 0.4959 0
1707763151043 0.6763 0
1707763155007 0.5871 0
1707763158964 0.5807 0
1707763163036 0.5946 0
1707763168093 0.5439 0
1707763172046 0.4979 0
1707763176144 0.6408 0
1707763180098 0.5961 0
1707763186021 0.6227 0
1707763189976 0.6621 0
1707763193963 0.6395 0
1707763197917 0.5219 0
1707763201876 0.5351 0
1707763205827 0.5911 0
1707763210029 0.5155 0
1707763214588 0.6705 0
1707763220278 0.5739 0
1707763224228 0.5132 0
1707763228180 0.5471 0
1707763232134 0.6006 0
1707763236092 0.6379 0
1707763240044 0.6077 0
1707763246951 0.6911 0
1707763250925 0.6505 0
1707763254881 0.6094 0
1707763258831 0.4874 0
1707763263293 0.6394 0
1707763267453 0.6953 0
1707763271407 0.5803 0
1707763275511 0.6253 0
1707763279470 0.4862 0
1707763284272 0.6622 0
1707763289152 0.5465 0
1707763293112 0.5324 0
1707763297070 0.4598 0
1707763302672 0.6138 0
1707763306756 0.58 0
1707763310726 0.5842 0
1707763314828 0.6716 0
1707763318790 0.519 0
1707763323181 0.5824 0
1707763327132 0.6024 0
1707763331937 0.5861 0
1707763336594 0.598 0
1707763340973 0.6072 0
1707763344935 0.6233 0
1707763349586 0.5878 0
1707763354428 0.6758 0
1707763358388 0.6829 0
1707763362350 0.5851 0
1707763366309 0.6276 0
1707763370571 0.608 0
1707763374673 0.5652 0
1707763378638 0.6075 0
1707763382623 0.5438 0
1707763386593 0.6132 0
1707763390560 0.6166 0
1707763394513 0.6114 0
1707763398470 0.6478 0
1707763402423 0.5425 0
1707763406519 0.7819 0
1707763410457 0.628 0
1707763414401 0.5331 0
1707763418344 0.4918 0
1707763422298 0.6334 0
1707763426462 0.6089 0
1707763431907 0.5217 0
1707763435854 0.7413 0
1707763439937 0.5715 0
1707763443874 0.6113 0
1707763448353 0.6379 0
1707763452299 0.6233 0
1707763459375 0.6793 0
1707763463314 0.5752 0
1707763467259 0.5282 0
1707763471338 0.7288 0
1707763475277 0.6902 0
1707763479226 0.5903 0
1707763483179 0.6069 0
1707763487123 0.4723 0
1707763491081 0.6929 0
1707763495030 0.61 0
1707763498969 0.5054 0
1707763503506 0.5989 0
1707763507955 0.5607 0
1707763513069 0.5902 0
1707763517032 0.6098 0
1707763522153 0.53 0
1707763528151 0.5001 0
1707763532089 0.6098 0
1707763536041 0.7276 0
1707763540115 0.679 0
1707763544064 0.4938 0
1707763548027 0.601 0
1707763551974 0.6619 0
1707763556891 0.537 0
1707763560844 0.6467 0
1707763564801 0.6096 0
1707763568748 0.665 0
1707763572843 0.5842 0
1707763576797 0.6839 0
1707763580765 0.5974 0
1707763584729 0.6083 0
1707763588685 0.6932 0
1707763592642 0.6616 0
1707763596597 0.5067 0
1707763600547 0.5847 0
1707763604646 0.6185 0
1707763608610 0.4905 0
1707763612565 0.6877 0
1707763616538 0.5489 0
1707763620495 0.6365 0
1707763624452 0.6865 0
1707763628404 0.6354 0
1707763632366 0.4976 0
1707763636470 0.5987 0
1707763640421 0.651 0
1707763644373 0.5287 0
1707763648332 0.6373 0
1707763652506 0.5684 0
1707763657526 0.5371 0
1707763661474 0.6075 0
1707763668686 0.5323 0
1707763672649 0.5985 0
1707763676611 0.582 0
1707763680569 0.6258 0
1707763684528 0.6035 0
1707763688488 0.5288 0
1707763692668 0.5812 0
1707763696862 0.6466 0
1707763702384 0.5406 0
1707763706810 0.639 0
1707763710769 0.607 0
1707763714727 0.6216 0
1707763718686 0.6065 0
1707763722644 0.5758 0
1707763727206 0.6287 0
1707763731289 0.5894 0
1707763735394 0.5303 0
1707763739347 0.5826 0
1707763743308 0.4581 0
1707763747265 0.6593 0
1707763751216 0.7027 0
1707763755168 0.6535 0
1707763759120 0.6859 0
1707763763068 0.645 0
1707763767170 0.6915 0
1707763771124 0.5746 0
1707763775073 0.613 0
1707763781835 0.7157 0
1707763785786 0.4585 0
1707763789751 0.5331 0
1707763796626 0.6622 0
1707763800579 0.6249 0
1707763804534 0.6152 0
1707763808498 0.6778 0
1707763812454 0.6623 0
1707763816412 0.6137 0
1707763820370 0.6928 0
1707763824329 0.6216 0
1707763828464 0.555 0
1707763832427 0.6495 0
1707763836387 0.64 0
1707763843618 0.598 0
1707763850433 0.566 0
1707763857356 0.6111 0
1707763861313 0.6334 0
1707763865276 0.5853 0
1707763872109 0.7483 0
1707763878885 0.5059 0
1707763885833 0.6037 0
1707763892741 0.6509 0
1707763902400 0.6829 0
1707763909184 0.6386 0
1707763913134 0.5026 0
1707763917203 0.6405 0
1707763921164 0.6589 0
1707763925115 0.5244 0
1707763929048 0.5518 0
1707763932994 0.7077 0
1707763936945 0.5234 0
1707763940913 0.6341 0
1707763944860 0.5505 0
1707763948976 0.6253 0
1707763952928 0.6553 0
1707763956885 0.6124 0
1707763960843 0.548 0
1707763964800 0.6203 0
1707763968758 0.5265 0
1707763972718 0.5622 0
1707763976673 0.6437 0
1707763980772 0.5195 0
1707763984729 0.6469 0
1707763988693 0.6572 0
1707763992648 0.6277 0
1707763996604 0.5971 0
1707764000568 0.5631 0
1707764004529 0.6457 0
1707764008497 0.6168 0
1707764012608 0.6477 0
1707764016569 0.4895 0
1707764020534 0.613 0
1707764024498 0.5561 0
1707764028455 0.6599 0
1707764032408 0.6952 0
1707764036364 0.5269 0
1707764040459 0.7167 0
1707764044414 0.5752 0
1707764048372 0.5896 0
1707764052333 0.5147 0
1707764056294 0.6239 0
1707764060257 0.5157 0
1707764064219 0.553 0
1707764068173 0.6024 0
1707764072266 0.5712 0
1707764076224 0.5723 0
1707764080177 0.4894 0
1707764084134 0.638 0
1707764088094 0.5738 0
1707764092047 0.626 0
1707764096002 0.5326 0
1707764099958 0.6202 0
1707764106856 0.6449 0
1707764110812 0.6872 0
1707764114770 0.5543 0
1707764118729 0.6171 0
1707764122684 0.5617 0
1707764127124 0.6528 0
1707764131079 0.604 0
1707764135173 0.6412 0
1707764139129 0.5717 0
1707764143084 0.5877 0
1707764147044 0.7288 0
1707764151858 0.6307 0
1707764156880 0.6049 0
1707764160842 0.596 0
1707764166406 0.6182 0
1707764170517 0.5486 0
1707764174470 0.6569 0
1707764179083 0.5394 0
1707764183100 0.695 0
1707764187778 0.5459 0
1707764191732 0.5789 0
1707764196397 0.6266 0
1707764201520 0.6204 0
1707764205609 0.6237 0
1707764209574 0.5914 0
1707764214507 0.532 0
1707764218537 0.6754 0
1707764223222 0.6389 0
1707764227177 0.4728 0
1707764231137 0.5501 0
1707764235097 0.558 0
1707764239198 0.4928 0
1707764243156 0.5482 0
1707764247106 0.6497 0
1707764251057 0.5969 0
1707764255857 0.6031 0
1707764260343 0.6165 0
1707764264359 0.6282 0
1707764268510 0.6663 0
1707764273228 0.6485 0
1707764277186 0.6235 0
1707764281395 0.7545 0
1707764285352 0.5701 0
1707764289303 0.6357 0
1707764293256 0.6134 0
1707764297222 0.7149 0
1707764301363 0.5421 0
1707764305316 0.5718 0
1707764309382 0.6058 0
1707764313339 0.5712 0
1707764320100 0.5445 0
1707764324051 0.6557 0
1707764328003 0.6276 0
1707764332020 0.5643 0
1707764335970 0.5908 0
1707764339925 0.5682 0
1707764343886 0.638 0
1707764347839 0.6505 0
1707764351795 0.5666 0
1707764355751 0.4971 0
1707764359702 0.6616 0
1707764363815 0.574 0
1707764367776 0.5664 0
1707764371736 0.5008 0
1707764375698 0.5067 0
1707764380264 0.5284 0
1707764384230 0.6155 0
1707764389117 0.665 0
1707764393540 0.6992 0
1707764397642 0.7318 0
1707764401596 0.5706 0
1707764406259 0.6365 0
1707764410799 0.6548 0
1707764415193 0.5527 0
1707764419145 0.5932 0
1707764424990 0.6303 0
1707764428943 0.6141 0
1707764433048 0.6337 0
1707764437003 0.5838 0
1707764440966 0.7263 0
1707764444920 0.6586 0
1707764448940 0.4862 0
1707764453783 0.6573 0
1707764459157 0.649 0
1707764463115 0.6336 0
1707764467658 0.6116 0
1707764471615 0.7079 0
1707764476557 0.5932 0
1707764482250 0.6165 0
1707764487442 0.6218 0
1707764491741 0.5092 0
1707764495880 0.6735 0
1707764500832 0.5807 0
1707764504946 0.6512 0
1707764508899 0.6504 0
1707764515634 0.5566 0
1707764519590 0.6485 0
1707764523935 0.5756 0
1707764528335 0.6458 0
1707764532297 0.6148 0
1707764539353 0.5637 0
1707764543311 0.6429 0
1707764547269 0.6559 0
1707764551233 0.5417 0
1707764555191 0.694 0
1707764559152 0.5706 0
1707764563118 0.6606 0
1707764567085 0.6722 0
1707764571216 0.61 0
1707764575824 0.5447 0
1707764580155 0.5794 0
1707764584324 0.5559 0
1707764590021 0.5747 0
1707764593992 0.6309 0
1707764597960 0.5956 0
1707764602068 0.5519 0
1707764606033 0.6015 0
1707764610005 0.5688 0
1707764613976 0.5992 0
1707764617942 0.5719 0
1707764621917 0.6283 0
1707764625885 0.6526 0
1707764631239 0.5117 0
1707764635736 0.5704 0
1707764641214 0.5586 0
1707764646005 0.6108 0
1707764650255 0.6082 0
1707764654214 0.7076 0
1707764659668 0.5747 0
1707764664063 0.5864 0
1707764668106 0.5897 0
1707764672075 0.5574 0
1707764676044 0.5082 0
1707764680023 0.5464 0
1707764683996 0.6578 0
1707764688545 0.6854 0
1707764694207 0.5798 0
1707764698320 0.5636 0
1707764703309 0.623 0
1707764707292 0.6199 0
1707764711255 0.6251 0
1707764715222 0.6463 0
1707764719199 0.5797 0
1707764723314 0.5564 0
1707764729521 0.5629 0
1707764733550 0.48 0
1707764737522 0.54 0
1707764741496 0.5739 0
1707764745477 0.542 0
1707764750506 0.6533 0
1707764757376 0.5512 0
1707764761339 0.5762 0
1707764765436 0.5984 0
1707764769409 0.6209 0
1707764773389 0.5513 0
1707764777364 0.726 0
1707764781359 0.6645 0
1707764785329 0.5294 0
1707764789295 0.5365 0
1707764793261 0.6885 0
1707764797373 0.6693 0
1707764801340 0.4445 0
1707764805315 0.5698 0
1707764809288 0.6045 0
1707764813260 0.7552 0
1707764817226 0.5396 0
1707764821191 0.611 0
1707764825160 0.6629 0
1707764829275 0.6289 0
1707764833250 0.6612 0
1707764837236 0.6563 0
1707764841232 0.5378 0
1707764845200 0.5744 0
1707764849186 0.6635 0
1707764853164 0.672 0
1707764857268 0.5335 0
1707764861237 0.6108 0
1707764865215 0.6183 0
1707764869203 0.6076 0
1707764873180 0.6002 0
1707764877150 0.5495 0
1707764881115 0.614 0
1707764885158 0.6804 0
1707764889127 0.5315 0
1707764893098 0.6835 0
1707764897069 0.6639 0
1707764901059 0.617 0
1707764905028 0.5636 0
1707764910741 0.621 0
1707764914718 0.5836 0
1707764918906 0.6367 0
1707764922879 0.6132 0
1707764927528 0.6683 0
1707764932863 0.6556 0
1707764937257 0.6391 0
1707764941226 0.633 0
1707764945194 0.6185 0
1707764949795 0.7429 0
1707764953774 0.5631 0
1707764958415 0.589 0
