1716639396249 0.002 0
1716639435617 0.002 1
1716639455314 0.002 2
1716639475113 0.002 3
1716639490882 0.00199 4
1716639510936 0.00199 5
1716639530849 0.00199 6
1716639550922 0.00199 7
1716639566593 0.00199 8
1716639586327 0.00199 9
1716639606354 0.00198 10
1716639626683 0.00198 11
1716639646716 0.00198 12
1716639666917 0.00198 13
1716639687449 0.00198 14
1716639707483 0.00197 15
1716639723153 0.00197 16
1716639743128 0.00197 17
1716639764146 0.00197 18
1716639784178 0.00197 19
1716639804818 0.00197 20
1716639824946 0.00196 21
1716639845127 0.00196 22
1716639865429 0.00196 23
1716639885854 0.00196 24
1716639906099 0.00196 25
1716639926488 0.00195 26
1716639947046 0.00195 27
1716639967291 0.00195 28
1716639987761 0.00195 29
1716640008203 0.00195 30
1716640029388 0.00195 31
1716640049859 0.00194 32
1716640070130 0.00194 33
1716640090353 0.00194 34
1716640110679 0.00194 35
1716640131189 0.00194 36
1716640151293 0.00194 37
1716640172886 0.00193 38
1716640192973 0.00193 39
1716640213818 0.00193 40
1716640233819 0.00193 41
1716640253657 0.00193 42
1716640273391 0.00192 43
1716640293608 0.00192 44
1716640314995 0.00192 45
1716640334911 0.00192 46
1716640354911 0.00192 47
1716640375307 0.00192 48
1716640395707 0.00191 49
1716640417159 0.00191 50
1716640437431 0.00191 51
1716640458064 0.00191 52
1716640478428 0.00191 53
1716640499029 0.0019 54
1716640519158 0.0019 55
1716640539356 0.0019 56
1716640559724 0.0019 57
1716640580050 0.0019 58
1716640600421 0.0019 59
1716640620786 0.00189 60
1716640640990 0.00189 61
1716640661665 0.00189 62
1716640681729 0.00189 63
1716640697714 0.00189 64
1716640713167 0.00188 65
1716640733319 0.00188 66
1716640754040 0.00188 67
1716640774187 0.00188 68
1716640794733 0.00188 69
1716640814872 0.00188 70
1716640835028 0.00187 71
1716640855061 0.00187 72
1716640875376 0.00187 73
1716640897091 0.00187 74
1716640917356 0.00187 75
1716640937587 0.00186 76
1716640957664 0.00186 77
1716640973264 0.00186 78
1716640989667 0.00186 79
1716641010285 0.00186 80
1716641026939 0.00186 81
1716641047480 0.00185 82
1716641067448 0.00185 83
1716641087388 0.00185 84
1716641107610 0.00185 85
1716641127530 0.00185 86
1716641148876 0.00184 87
1716641164384 0.00184 88
1716641181465 0.00184 89
1716641197088 0.00184 90
1716641212611 0.00184 91
1716641228616 0.00184 92
1716641244243 0.00183 93
1716641260435 0.00183 94
1716641280429 0.00183 95
1716641300893 0.00183 96
1716641321006 0.00183 97
1716641341438 0.00182 98
1716641361643 0.00182 99
1716641386578 0.00182 100
1716641402221 0.00182 101
1716641422818 0.00182 102
1716641443952 0.00182 103
1716641463999 0.00181 104
1716641484097 0.00181 105
1716641504039 0.00181 106
1716641524299 0.00181 107
1716641544696 0.00181 108
1716641564880 0.0018 109
1716641580620 0.0018 110
1716641596992 0.0018 111
1716641612694 0.0018 112
1716641632387 0.0018 113
1716641652447 0.0018 114
1716641668283 0.00179 115
1716641683896 0.00179 116
1716641699454 0.00179 117
1716641720125 0.00179 118
1716641735808 0.00179 119
1716641756102 0.00178 120
1716641771635 0.00178 121
1716641787375 0.00178 122
1716641807409 0.00178 123
1716641823233 0.00178 124
1716641839071 0.00178 125
1716641855377 0.00177 126
1716641875814 0.00177 127
1716641896098 0.00177 128
1716641916584 0.00177 129
1716641937617 0.00177 130
1716641957470 0.00176 131
1716641977615 0.00176 132
1716641998120 0.00176 133
1716642018180 0.00176 134
1716642038096 0.00176 135
1716642058167 0.00176 136
1716642079268 0.00175 137
1716642099258 0.00175 138
1716642115203 0.00175 139
1716642135075 0.00175 140
1716642151495 0.00175 141
1716642171739 0.00174 142
1716642187686 0.00174 143
1716642207943 0.00174 144
1716642224127 0.00174 145
1716642239804 0.00174 146
1716642256294 0.00174 147
1716642272436 0.00173 148
1716642288117 0.00173 149
1716642312898 0.00173 150
1716642333176 0.00173 151
1716642348862 0.00173 152
1716642369463 0.00172 153
1716642389490 0.00172 154
1716642405185 0.00172 155
1716642421160 0.00172 156
1716642436961 0.00172 157
1716642452634 0.00172 158
1716642468921 0.00171 159
1716642484649 0.00171 160
1716642500319 0.00171 161
1716642516221 0.00171 162
1716642532089 0.00171 163
1716642548526 0.0017 164
1716642564198 0.0017 165
1716642580098 0.0017 166
1716642600108 0.0017 167
1716642620352 0.0017 168
1716642636145 0.00169 169
1716642653673 0.00169 170
1716642669544 0.00169 171
1716642685630 0.00169 172
1716642701587 0.00169 173
1716642717412 0.00169 174
1716642734176 0.00168 175
1716642750025 0.00168 176
1716642770303 0.00168 177
1716642790650 0.00168 178
1716642811264 0.00168 179
1716642831389 0.00167 180
1716642847390 0.00167 181
1716642863024 0.00167 182
1716642884203 0.00167 183
1716642904361 0.00167 184
1716642924737 0.00167 185
1716642940992 0.00166 186
1716642958351 0.00166 187
1716642974135 0.00166 188
1716642990282 0.00166 189
1716643005961 0.00166 190
1716643021660 0.00165 191
1716643037596 0.00165 192
1716643053457 0.00165 193
1716643069896 0.00165 194
1716643085637 0.00165 195
1716643102526 0.00165 196
1716643118394 0.00164 197
1716643139004 0.00164 198
1716643154630 0.00164 199
1716643175303 0.00164 200
1716643190977 0.00164 201
1716643207214 0.00163 202
1716643223080 0.00163 203
1716643239431 0.00163 204
1716643255212 0.00163 205
1716643270813 0.00163 206
1716643286646 0.00163 207
1716643302358 0.00162 208
1716643318082 0.00162 209
1716643335009 0.00162 210
1716643350688 0.00162 211
1716643366301 0.00162 212
1716643381973 0.00161 213
1716643397620 0.00161 214
1716643418397 0.00161 215
1716643433862 0.00161 216
1716643449671 0.00161 217
1716643466402 0.0016 218
1716643486374 0.0016 219
1716643506897 0.0016 220
1716643527254 0.0016 221
1716643547555 0.0016 222
1716643563406 0.0016 223
1716643578975 0.00159 224
1716643594688 0.00159 225
1716643610476 0.00159 226
1716643630478 0.00159 227
1716643650460 0.00159 228
1716643665994 0.00158 229
1716643681683 0.00158 230
1716643697437 0.00158 231
1716643713105 0.00158 232
1716643729404 0.00158 233
1716643745508 0.00158 234
1716643761029 0.00157 235
1716643777759 0.00157 236
1716643793394 0.00157 237
1716643809112 0.00157 238
1716643824911 0.00157 239
1716643840645 0.00156 240
1716643856579 0.00156 241
1716643872978 0.00156 242
1716643888951 0.00156 243
1716643904711 0.00156 244
1716643920243 0.00155 245
1716643940741 0.00155 246
1716643960652 0.00155 247
1716643976344 0.00155 248
1716643991923 0.00155 249
1716644013951 0.00155 250
1716644029661 0.00154 251
1716644045344 0.00154 252
1716644061199 0.00154 253
1716644076765 0.00154 254
1716644092501 0.00154 255
1716644108107 0.00153 256
1716644124055 0.00153 257
1716644140170 0.00153 258
1716644157708 0.00153 259
1716644173346 0.00153 260
1716644194596 0.00153 261
1716644214976 0.00152 262
1716644234972 0.00152 263
1716644255362 0.00152 264
1716644271491 0.00152 265
1716644291594 0.00152 266
1716644307230 0.00151 267
1716644322815 0.00151 268
1716644339573 0.00151 269
1716644355372 0.00151 270
1716644376697 0.00151 271
1716644397081 0.0015 272
1716644413531 0.0015 273
1716644429185 0.0015 274
1716644444846 0.0015 275
1716644460930 0.0015 276
1716644476637 0.0015 277
1716644492649 0.00149 278
1716644508388 0.00149 279
1716644525083 0.00149 280
1716644545703 0.00149 281
1716644566188 0.00149 282
1716644586091 0.00148 283
1716644602320 0.00148 284
1716644617947 0.00148 285
1716644634429 0.00148 286
1716644650189 0.00148 287
1716644667737 0.00148 288
1716644683545 0.00147 289
1716644699240 0.00147 290
1716644715946 0.00147 291
1716644731753 0.00147 292
1716644748595 0.00147 293
1716644764295 0.00146 294
1716644781186 0.00146 295
1716644796925 0.00146 296
1716644818983 0.00146 297
1716644834937 0.00146 298
1716644850430 0.00145 299
1716644870733 0.00145 300
1716644890659 0.00145 301
1716644906399 0.00145 302
1716644922042 0.00145 303
1716644938061 0.00145 304
1716644953674 0.00144 305
1716644971040 0.00144 306
1716644986572 0.00144 307
1716645002439 0.00144 308
1716645018424 0.00144 309
1716645034191 0.00143 310
1716645050130 0.00143 311
1716645066411 0.00143 312
1716645082131 0.00143 313
1716645097960 0.00143 314
1716645113693 0.00142 315
1716645129332 0.00142 316
1716645145070 0.00142 317
1716645160839 0.00142 318
1716645176753 0.00142 319
1716645193060 0.00142 320
1716645209094 0.00141 321
1716645225371 0.00141 322
1716645241302 0.00141 323
1716645257037 0.00141 324
1716645273615 0.00141 325
1716645289315 0.0014 326
1716645304881 0.0014 327
1716645320465 0.0014 328
1716645336842 0.0014 329
1716645352769 0.0014 330
1716645368423 0.00139 331
1716645389475 0.00139 332
1716645405281 0.00139 333
1716645425383 0.00139 334
1716645441061 0.00139 335
1716645456958 0.00139 336
1716645474696 0.00138 337
1716645490326 0.00138 338
1716645506214 0.00138 339
1716645522036 0.00138 340
1716645542311 0.00138 341
1716645558016 0.00137 342
1716645573733 0.00137 343
1716645594150 0.00137 344
1716645615023 0.00137 345
1716645635339 0.00137 346
1716645651007 0.00136 347
1716645666892 0.00136 348
1716645683855 0.00136 349
1716645708804 0.00136 350
1716645724487 0.00136 351
1716645740502 0.00136 352
1716645756170 0.00135 353
1716645771979 0.00135 354
1716645793146 0.00135 355
1716645813343 0.00135 356
1716645833911 0.00135 357
1716645850842 0.00134 358
1716645871282 0.00134 359
1716645887074 0.00134 360
1716645902816 0.00134 361
1716645918522 0.00134 362
1716645935425 0.00133 363
1716645951259 0.00133 364
1716645967493 0.00133 365
1716645983269 0.00133 366
1716645999169 0.00133 367
1716646016704 0.00133 368
1716646032812 0.00132 369
1716646048752 0.00132 370
1716646064805 0.00132 371
1716646080477 0.00132 372
1716646096655 0.00132 373
1716646112325 0.00131 374
1716646128098 0.00131 375
1716646143737 0.00131 376
1716646159592 0.00131 377
1716646175312 0.00131 378
1716646190886 0.0013 379
1716646206584 0.0013 380
1716646222852 0.0013 381
1716646238639 0.0013 382
1716646254495 0.0013 383
1716646270256 0.0013 384
1716646285985 0.00129 385
1716646301801 0.00129 386
1716646317611 0.00129 387
1716646333562 0.00129 388
1716646349837 0.00129 389
1716646365729 0.00128 390
1716646381341 0.00128 391
1716646397157 0.00128 392
1716646412925 0.00128 393
1716646428725 0.00128 394
1716646444539 0.00127 395
1716646460339 0.00127 396
1716646476580 0.00127 397
1716646492419 0.00127 398
1716646508174 0.00127 399
1716646528235 0.00126 400
1716646544040 0.00126 401
1716646559927 0.00126 402
1716646575786 0.00126 403
1716646591546 0.00126 404
1716646607791 0.00126 405
1716646623670 0.00125 406
1716646639475 0.00125 407
1716646655182 0.00125 408
1716646671074 0.00125 409
1716646686767 0.00125 410
1716646702660 0.00124 411
1716646718340 0.00124 412
1716646734561 0.00124 413
1716646750207 0.00124 414
1716646765880 0.00124 415
1716646781543 0.00123 416
1716646797305 0.00123 417
1716646812931 0.00123 418
1716646828647 0.00123 419
1716646844166 0.00123 420
1716646859881 0.00122 421
1716646876514 0.00122 422
1716646892124 0.00122 423
1716646907853 0.00122 424
1716646923513 0.00122 425
1716646939146 0.00122 426
1716646954883 0.00121 427
1716646970507 0.00121 428
1716646986205 0.00121 429
1716647002070 0.00121 430
1716647018475 0.00121 431
1716647034154 0.0012 432
1716647050048 0.0012 433
1716647065778 0.0012 434
1716647081619 0.0012 435
1716647097377 0.0012 436
1716647113071 0.00119 437
1716647128800 0.00119 438
1716647145023 0.00119 439
1716647160749 0.00119 440
1716647176432 0.00119 441
1716647192066 0.00118 442
1716647207777 0.00118 443
1716647223458 0.00118 444
1716647239108 0.00118 445
1716647254747 0.00118 446
1716647270360 0.00118 447
1716647286491 0.00117 448
1716647302050 0.00117 449
1716647321960 0.00117 450
1716647337605 0.00117 451
1716647353116 0.00117 452
1716647368703 0.00116 453
1716647384195 0.00116 454
1716647399676 0.00116 455
1716647420405 0.00116 456
1716647436087 0.00116 457
1716647451670 0.00115 458
1716647467320 0.00115 459
1716647482904 0.00115 460
1716647502780 0.00115 461
1716647522601 0.00115 462
1716647543031 0.00114 463
1716647558523 0.00114 464
1716647578891 0.00114 465
1716647599123 0.00114 466
1716647614585 0.00114 467
1716647630265 0.00114 468
1716647645965 0.00113 469
1716647661645 0.00113 470
1716647678489 0.00113 471
1716647694149 0.00113 472
1716647709664 0.00113 473
1716647725364 0.00112 474
1716647741054 0.00112 475
1716647756672 0.00112 476
1716647772322 0.00112 477
1716647788063 0.00112 478
1716647803702 0.00111 479
1716647819687 0.00111 480
1716647835313 0.00111 481
1716647850971 0.00111 482
1716647866581 0.00111 483
1716647882163 0.0011 484
1716647897715 0.0011 485
1716647914051 0.0011 486
1716647929726 0.0011 487
1716647945891 0.0011 488
1716647961847 0.00109 489
1716647977518 0.00109 490
1716647993186 0.00109 491
1716648008799 0.00109 492
1716648024496 0.00109 493
1716648040125 0.00109 494
1716648056071 0.00108 495
1716648071780 0.00108 496
1716648088031 0.00108 497
1716648103799 0.00108 498
1716648119572 0.00108 499
1716648140315 0.00107 500
1716648156096 0.00107 501
1716648171827 0.00107 502
1716648187523 0.00107 503
1716648203071 0.00107 504
1716648218943 0.00106 505
1716648234552 0.00106 506
1716648254757 0.00106 507
1716648270359 0.00106 508
1716648285975 0.00106 509
1716648301772 0.00105 510
1716648317398 0.00105 511
1716648333738 0.00105 512
1716648349665 0.00105 513
1716648365451 0.00105 514
1716648381162 0.00104 515
1716648396764 0.00104 516
1716648412551 0.00104 517
1716648428422 0.00104 518
1716648444088 0.00104 519
1716648460164 0.00104 520
1716648476554 0.00103 521
1716648492076 0.00103 522
1716648507789 0.00103 523
1716648523438 0.00103 524
1716648539260 0.00103 525
1716648555045 0.00102 526
1716648570667 0.00102 527
1716648586812 0.00102 528
1716648602357 0.00102 529
1716648618264 0.00102 530
1716648634054 0.00101 531
1716648649749 0.00101 532
1716648665527 0.00101 533
1716648681359 0.00101 534
1716648697136 0.00101 535
1716648712913 0.001 536
1716648728592 0.001 537
1716648744826 0.001 538
1716648760772 0.001 539
1716648776416 0.001 540
1716648792137 0.00099 541
1716648807661 0.00099 542
1716648823320 0.00099 543
1716648838904 0.00099 544
1716648854524 0.00099 545
1716648870194 0.00098 546
1716648885998 0.00098 547
1716648901558 0.00098 548
1716648917208 0.00098 549
1716648937441 0.00098 550
1716648953162 0.00097 551
1716648968685 0.00097 552
1716648984223 0.00097 553
1716649000336 0.00097 554
1716649016001 0.00097 555
1716649031712 0.00097 556
1716649047777 0.00096 557
1716649063277 0.00096 558
1716649078917 0.00096 559
1716649094658 0.00096 560
1716649110292 0.00096 561
1716649126144 0.00095 562
1716649142282 0.00095 563
1716649157918 0.00095 564
1716649173621 0.00095 565
1716649189313 0.00095 566
1716649204983 0.00094 567
1716649220539 0.00094 568
1716649236238 0.00094 569
1716649251924 0.00094 570
1716649268375 0.00094 571
1716649284247 0.00093 572
1716649300021 0.00093 573
1716649315774 0.00093 574
1716649331382 0.00093 575
1716649347026 0.00093 576
1716649367531 0.00092 577
1716649383457 0.00092 578
1716649399313 0.00092 579
1716649419896 0.00092 580
1716649439914 0.00092 581
1716649460196 0.00091 582
1716649475811 0.00091 583
1716649491557 0.00091 584
1716649507285 0.00091 585
1716649523419 0.00091 586
1716649539279 0.0009 587
1716649554957 0.0009 588
1716649570700 0.0009 589
1716649586486 0.0009 590
1716649602246 0.0009 591
1716649617899 0.00089 592
1716649633734 0.00089 593
1716649649662 0.00089 594
1716649666636 0.00089 595
1716649682506 0.00089 596
1716649698107 0.00088 597
1716649713853 0.00088 598
1716649734075 0.00088 599
1716649754484 0.00088 600
1716649770065 0.00088 601
1716649785740 0.00087 602
1716649801877 0.00087 603
1716649817506 0.00087 604
1716649833156 0.00087 605
1716649848824 0.00087 606
1716649864471 0.00086 607
1716649880403 0.00086 608
1716649896128 0.00086 609
1716649911768 0.00086 610
1716649933217 0.00086 611
1716649948882 0.00086 612
1716649964558 0.00085 613
1716649980405 0.00085 614
1716649996011 0.00085 615
1716650011746 0.00085 616
1716650027414 0.00085 617
1716650043112 0.00084 618
1716650059884 0.00084 619
1716650075621 0.00084 620
1716650091396 0.00084 621
1716650107017 0.00084 622
1716650122828 0.00083 623
1716650138588 0.00083 624
1716650154263 0.00083 625
1716650170033 0.00083 626
1716650186167 0.00083 627
1716650202462 0.00082 628
1716650218079 0.00082 629
1716650233766 0.00082 630
1716650249342 0.00082 631
1716650264915 0.00082 632
1716650280564 0.00081 633
1716650296274 0.00081 634
1716650312631 0.00081 635
1716650328307 0.00081 636
1716650344170 0.00081 637
1716650359816 0.0008 638
1716650375673 0.0008 639
1716650391391 0.0008 640
1716650407100 0.0008 641
1716650422708 0.0008 642
1716650438627 0.00079 643
1716650455284 0.00079 644
1716650470974 0.00079 645
1716650486642 0.00079 646
1716650506989 0.00079 647
1716650523081 0.00078 648
1716650538927 0.00078 649
1716650559604 0.00078 650
1716650575319 0.00078 651
1716650591289 0.00078 652
1716650607295 0.00077 653
1716650623094 0.00077 654
1716650638969 0.00077 655
1716650654782 0.00077 656
1716650670590 0.00077 657
1716650686377 0.00076 658
1716650702145 0.00076 659
1716650718333 0.00076 660
1716650736019 0.00076 661
1716650751854 0.00076 662
1716650767586 0.00075 663
1716650783111 0.00075 664
1716650798731 0.00075 665
1716650814326 0.00075 666
1716650829886 0.00075 667
1716650846742 0.00074 668
1716650862830 0.00074 669
1716650878440 0.00074 670
1716650894390 0.00074 671
1716650910454 0.00074 672
1716650926270 0.00073 673
1716650941979 0.00073 674
1716650957789 0.00073 675
1716650974057 0.00073 676
1716650989990 0.00073 677
1716651005636 0.00072 678
1716651021897 0.00072 679
1716651037736 0.00072 680
1716651053537 0.00072 681
1716651069571 0.00072 682
1716651085312 0.00071 683
1716651101622 0.00071 684
1716651117774 0.00071 685
1716651133427 0.00071 686
1716651149532 0.00071 687
1716651165199 0.0007 688
1716651180902 0.0007 689
1716651196661 0.0007 690
1716651212419 0.0007 691
1716651228215 0.0007 692
1716651244894 0.00069 693
1716651260737 0.00069 694
1716651276634 0.00069 695
1716651292407 0.00069 696
1716651308231 0.00068 697
1716651324015 0.00068 698
1716651340562 0.00068 699
1716651361069 0.00068 700
1716651377157 0.00068 701
1716651392916 0.00067 702
1716651408686 0.00067 703
1716651425384 0.00067 704
1716651440929 0.00067 705
1716651457008 0.00067 706
1716651472900 0.00066 707
1716651488733 0.00066 708
1716651504976 0.00066 709
1716651523099 0.00066 710
1716651538927 0.00066 711
1716651554569 0.00065 712
1716651570677 0.00065 713
1716651586492 0.00065 714
1716651602203 0.00065 715
1716651618605 0.00065 716
1716651634764 0.00064 717
1716651650517 0.00064 718
1716651666581 0.00064 719
1716651682397 0.00064 720
1716651698260 0.00064 721
1716651718647 0.00063 722
1716651734418 0.00063 723
1716651750591 0.00063 724
1716651766373 0.00063 725
1716651782172 0.00063 726
1716651797855 0.00062 727
1716651813589 0.00062 728
1716651829306 0.00062 729
1716651845085 0.00062 730
1716651860976 0.00062 731
1716651877570 0.00061 732
1716651893363 0.00061 733
1716651909124 0.00061 734
1716651924983 0.00061 735
1716651940859 0.00061 736
1716651956597 0.0006 737
1716651972420 0.0006 738
1716651988103 0.0006 739
1716652003970 0.0006 740
1716652020521 0.00059 741
1716652036281 0.00059 742
1716652052009 0.00059 743
1716652067983 0.00059 744
1716652083780 0.00059 745
1716652099799 0.00058 746
1716652115533 0.00058 747
1716652131286 0.00058 748
1716652147534 0.00058 749
1716652168564 0.00058 750
1716652184294 0.00057 751
1716652200514 0.00057 752
1716652216195 0.00057 753
1716652231995 0.00057 754
1716652247947 0.00057 755
1716652263730 0.00056 756
1716652280397 0.00056 757
1716652296080 0.00056 758
1716652311750 0.00056 759
1716652327514 0.00056 760
1716652343155 0.00055 761
1716652358963 0.00055 762
1716652379224 0.00055 763
1716652396565 0.00055 764
1716652412327 0.00055 765
1716652428021 0.00054 766
1716652444025 0.00054 767
1716652464358 0.00054 768
1716652480416 0.00054 769
1716652496231 0.00053 770
1716652512013 0.00053 771
1716652529400 0.00053 772
1716652545075 0.00053 773
1716652560937 0.00053 774
1716652576701 0.00052 775
1716652592448 0.00052 776
1716652608592 0.00052 777
1716652624484 0.00052 778
1716652645211 0.00052 779
1716652660961 0.00051 780
1716652678414 0.00051 781
1716652694378 0.00051 782
1716652710008 0.00051 783
1716652725851 0.00051 784
1716652746392 0.0005 785
1716652762303 0.0005 786
1716652778489 0.0005 787
1716652794818 0.0005 788
1716652810731 0.0005 789
1716652826527 0.00049 790
1716652842251 0.00049 791
1716652857946 0.00049 792
1716652873658 0.00049 793
1716652889363 0.00048 794
1716652905596 0.00048 795
1716652921595 0.00048 796
1716652937386 0.00048 797
1716652952976 0.00048 798
1716652968629 0.00047 799
1716652989051 0.00047 800
1716653004816 0.00047 801
1716653020959 0.00047 802
1716653041883 0.00047 803
1716653057714 0.00046 804
1716653078036 0.00046 805
1716653093643 0.00046 806
1716653109482 0.00046 807
1716653125109 0.00046 808
1716653141308 0.00045 809
1716653157990 0.00045 810
1716653173976 0.00045 811
1716653189773 0.00045 812
1716653205629 0.00044 813
1716653221457 0.00044 814
1716653237399 0.00044 815
1716653253313 0.00044 816
1716653269876 0.00044 817
1716653285751 0.00043 818
1716653301637 0.00043 819
1716653317345 0.00043 820
1716653333104 0.00043 821
1716653348811 0.00043 822
1716653364764 0.00042 823
1716653380508 0.00042 824
1716653396210 0.00042 825
1716653412863 0.00042 826
1716653428509 0.00041 827
1716653444195 0.00041 828
1716653459915 0.00041 829
1716653475635 0.00041 830
1716653491226 0.00041 831
1716653506998 0.0004 832
1716653522704 0.0004 833
1716653538799 0.0004 834
1716653554491 0.0004 835
1716653569955 0.0004 836
1716653585732 0.00039 837
1716653601413 0.00039 838
1716653617064 0.00039 839
1716653632676 0.00039 840
1716653648804 0.00038 841
1716653664459 0.00038 842
1716653680834 0.00038 843
1716653696831 0.00038 844
1716653712331 0.00038 845
1716653728081 0.00037 846
1716653744383 0.00037 847
1716653760119 0.00037 848
1716653775837 0.00037 849
1716653796162 0.00036 850
1716653812930 0.00036 851
1716653828793 0.00036 852
1716653844438 0.00036 853
1716653860594 0.00036 854
1716653876248 0.00035 855
1716653892433 0.00035 856
1716653908000 0.00035 857
1716653923660 0.00035 858
1716653939361 0.00035 859
1716653955543 0.00034 860
1716653971285 0.00034 861
1716653986853 0.00034 862
1716654002517 0.00034 863
1716654018383 0.00033 864
1716654034071 0.00033 865
1716654049643 0.00033 866
1716654065543 0.00033 867
1716654081748 0.00033 868
1716654098138 0.00032 869
1716654113806 0.00032 870
1716654129502 0.00032 871
1716654145425 0.00032 872
1716654161108 0.00031 873
1716654176621 0.00031 874
1716654192411 0.00031 875
1716654208144 0.00031 876
1716654224731 0.00031 877
1716654240502 0.0003 878
1716654256508 0.0003 879
1716654272244 0.0003 880
1716654287928 0.0003 881
1716654303743 0.00029 882
1716654319567 0.00029 883
1716654335567 0.00029 884
1716654351254 0.00029 885
1716654367374 0.00029 886
1716654382976 0.00028 887
1716654398725 0.00028 888
1716654414305 0.00028 889
1716654430105 0.00028 890
1716654445761 0.00027 891
1716654462080 0.00027 892
1716654477614 0.00027 893
1716654493274 0.00027 894
1716654509446 0.00027 895
1716654525085 0.00026 896
1716654541416 0.00026 897
1716654557357 0.00026 898
1716654573097 0.00026 899
1716654593602 0.00025 900
1716654609349 0.00025 901
1716654625048 0.00025 902
1716654641024 0.00025 903
1716654656790 0.00024 904
1716654672578 0.00024 905
1716654688318 0.00024 906
1716654703929 0.00024 907
1716654719843 0.00024 908
1716654735509 0.00023 909
1716654751021 0.00023 910
1716654766678 0.00023 911
1716654782742 0.00023 912
1716654798803 0.00022 913
1716654814460 0.00022 914
1716654830135 0.00022 915
1716654845804 0.00022 916
1716654861297 0.00022 917
1716654877309 0.00021 918
1716654892980 0.00021 919
1716654908944 0.00021 920
1716654924667 0.00021 921
1716654940430 0.0002 922
1716654956002 0.0002 923
1716654972029 0.0002 924
1716654987737 0.0002 925
1716655003351 0.00019 926
1716655018939 0.00019 927
1716655034615 0.00019 928
1716655051152 0.00019 929
1716655066766 0.00018 930
1716655082464 0.00018 931
1716655098183 0.00018 932
1716655114264 0.00018 933
1716655129808 0.00018 934
1716655145474 0.00017 935
1716655161079 0.00017 936
1716655176819 0.00017 937
1716655192827 0.00017 938
1716655208636 0.00016 939
1716655224295 0.00016 940
1716655239824 0.00016 941
1716655255785 0.00016 942
1716655271463 0.00015 943
1716655287326 0.00015 944
1716655303103 0.00015 945
1716655318857 0.00015 946
1716655334697 0.00014 947
1716655350486 0.00014 948
1716655366520 0.00014 949
1716655386852 0.00014 950
1716655402451 0.00013 951
1716655418451 0.00013 952
1716655434425 0.00013 953
1716655450378 0.00013 954
1716655466065 0.00013 955
1716655481739 0.00012 956
1716655497395 0.00012 957
1716655513127 0.00012 958
1716655528735 0.00012 959
1716655544593 0.00011 960
1716655560277 0.00011 961
1716655575866 0.00011 962
1716655592445 0.00011 963
1716655608154 0.0001 964
1716655623753 0.0001 965
1716655639448 0.0001 966
1716655654973 0.0001 967
1716655670850 9e-05 968
1716655686436 9e-05 969
1716655702160 9e-05 970
1716655717825 9e-05 971
1716655734636 8e-05 972
1716655750302 8e-05 973
1716655766108 8e-05 974
1716655781789 7e-05 975
1716655797682 7e-05 976
1716655813615 7e-05 977
1716655829387 7e-05 978
1716655845281 6e-05 979
1716655860953 6e-05 980
1716655877194 6e-05 981
1716655897498 6e-05 982
1716655918404 5e-05 983
1716655934179 5e-05 984
1716655950048 5e-05 985
1716655965835 5e-05 986
1716655981458 4e-05 987
1716655998556 4e-05 988
1716656014259 4e-05 989
1716656029936 3e-05 990
1716656045805 3e-05 991
1716656061588 3e-05 992
1716656077620 3e-05 993
1716656093352 2e-05 994
1716656108918 2e-05 995
1716656125209 2e-05 996
1716656140899 1e-05 997
1716656156844 1e-05 998
1716656172527 1e-05 999
