1716639430799 1.0613 0
1716639448582 0.3631 0
1716639468357 0.2079 0
1716639488121 0.1334 0
1716639504099 0.0451 0
1716639524055 -0.0449 0
1716639543933 -0.1667 0
1716639564107 -0.2108 0
1716639579837 -0.2598 0
1716639599520 -0.2905 0
1716639619535 -0.3343 0
1716639640066 -0.3923 0
1716639659890 -0.4146 0
1716639680154 -0.4657 0
1716639700653 -0.4479 0
1716639720735 -0.4908 0
1716639736503 -0.523 0
1716639756468 -0.5331 0
1716639777254 -0.5545 0
1716639797413 -0.542 0
1716639818016 -0.5724 0
1716639838130 -0.6205 0
1716639858452 -0.6093 0
1716639878806 -0.6526 0
1716639899306 -0.6551 0
1716639919572 -0.6591 0
1716639939856 -0.6547 0
1716639960394 -0.6691 0
1716639980769 -0.666 0
1716640001338 -0.6987 0
1716640021630 -0.6751 0
1716640042940 -0.6885 0
1716640063235 -0.7073 0
1716640083391 -0.718 0
1716640103843 -0.6925 0
1716640123992 -0.712 0
1716640144458 -0.7323 0
1716640164516 -0.7162 0
1716640186062 -0.7443 0
1716640206102 -0.721 0
1716640226950 -0.7206 0
1716640246906 -0.7532 0
1716640266719 -0.7564 0
1716640286733 -0.7379 0
1716640306888 -0.7639 0
1716640328180 -0.7696 0
1716640347971 -0.7864 0
1716640368046 -0.7796 0
1716640388594 -0.7721 0
1716640408896 -0.781 0
1716640430320 -0.7879 0
1716640450612 -0.77 0
1716640471294 -0.7835 0
1716640491732 -0.8024 0
1716640512420 -0.7662 0
1716640532441 -0.7621 0
1716640552711 -0.7791 0
1716640573203 -0.7935 0
1716640593355 -0.7958 0
1716640613826 -0.8016 0
1716640634177 -0.8074 0
1716640654210 -0.7999 0
1716640674809 -0.7956 0
1716640694978 -0.7963 0
1716640710815 -0.7988 0
1716640726373 -0.8007 0
1716640746621 -0.8176 0
1716640767188 -0.8067 0
1716640787278 -0.8132 0
1716640807923 -0.8131 0
1716640828176 -0.8213 0
1716640848338 -0.8211 0
1716640868338 -0.8219 0
1716640888701 -0.8179 0
1716640910287 -0.8193 0
1716640930746 -0.8226 0
1716640950753 -0.8178 0
1716640970813 -0.8253 0
1716640986544 -0.8201 0
1716641002967 -0.8246 0
1716641023424 -0.8206 0
1716641040234 -0.817 0
1716641060801 -0.8216 0
1716641080674 -0.8151 0
1716641100801 -0.8236 0
1716641120848 -0.8358 0
1716641140815 -0.814 0
1716641162078 -0.7908 0
1716641177632 -0.8034 0
1716641194759 -0.8072 0
1716641210319 -0.8212 0
1716641226284 -0.8281 0
1716641241828 -0.8403 0
1716641257634 -0.8379 0
1716641273793 -0.845 0
1716641293600 -0.8426 0
1716641314286 -0.8468 0
1716641334422 -0.8336 0
1716641354799 -0.843 0
1716641374952 -0.8314 0
1716641399780 -0.8293 0
1716641415600 -0.8288 0
1716641436236 -0.8498 0
1716641457311 -0.8507 0
1716641477453 -0.8487 0
1716641497463 -0.8505 0
1716641517480 -0.8567 0
1716641537739 -0.8563 0
1716641558101 -0.8552 0
1716641578218 -0.8414 0
1716641594053 -0.8488 0
1716641610328 -0.86 0
1716641625977 -0.8617 0
1716641645634 -0.8594 0
1716641665839 -0.855 0
1716641681493 -0.8568 0
1716641697115 -0.8488 0
1716641712747 -0.855 0
1716641733329 -0.8557 0
1716641749257 -0.8435 0
1716641769236 -0.8435 0
1716641784918 -0.8352 0
1716641800613 -0.8397 0
1716641820707 -0.8412 0
1716641836691 -0.8405 0
1716641852343 -0.8551 0
1716641868890 -0.86 0
1716641889152 -0.8617 0
1716641909630 -0.864 0
1716641929807 -0.8638 0
1716641950799 -0.8633 0
1716641970793 -0.8605 0
1716641990929 -0.8671 0
1716642011367 -0.8631 0
1716642031343 -0.8588 0
1716642051333 -0.8565 0
1716642071458 -0.8651 0
1716642092522 -0.8703 0
1716642112610 -0.8597 0
1716642128484 -0.8611 0
1716642148527 -0.8714 0
1716642164757 -0.8705 0
1716642185219 -0.8732 0
1716642200985 -0.8718 0
1716642221651 -0.8652 0
1716642237352 -0.8589 0
1716642253144 -0.8538 0
1716642269465 -0.8619 0
1716642285674 -0.866 0
1716642301586 -0.865 0
1716642326275 -0.8713 0
1716642346376 -0.8673 0
1716642362026 -0.8606 0
1716642382634 -0.8674 0
1716642402726 -0.8707 0
1716642418278 -0.8725 0
1716642434336 -0.8702 0
1716642450225 -0.8718 0
1716642465762 -0.8691 0
1716642482173 -0.8666 0
1716642497859 -0.8657 0
1716642513713 -0.8679 0
1716642529492 -0.8762 0
1716642545534 -0.8634 0
1716642561777 -0.8699 0
1716642577695 -0.8636 0
1716642593298 -0.8777 0
1716642613544 -0.875 0
1716642633695 -0.8668 0
1716642649429 -0.8729 0
1716642667101 -0.8745 0
1716642682784 -0.8734 0
1716642699226 -0.8701 0
1716642714947 -0.881 0
1716642730951 -0.8805 0
1716642747556 -0.8768 0
1716642763451 -0.8723 0
1716642783496 -0.8828 0
1716642804002 -0.8824 0
1716642824462 -0.8803 0
1716642844988 -0.8741 0
1716642860649 -0.8786 0
1716642876529 -0.8773 0
1716642897548 -0.8843 0
1716642917917 -0.8793 0
1716642938055 -0.8798 0
1716642954849 -0.8805 0
1716642971631 -0.8768 0
1716642987516 -0.8733 0
1716643003540 -0.8678 0
1716643019197 -0.8703 0
1716643035067 -0.8779 0
1716643050912 -0.8816 0
1716643066969 -0.8811 0
1716643083157 -0.8791 0
1716643099265 -0.8838 0
1716643115935 -0.8808 0
1716643131666 -0.8838 0
1716643152169 -0.8663 0
1716643168013 -0.8679 0
1716643188507 -0.876 0
1716643204191 -0.8797 0
1716643220484 -0.8797 0
1716643236483 -0.8792 0
1716643252769 -0.8846 0
1716643268472 -0.8857 0
1716643284121 -0.879 0
1716643299946 -0.8796 0
1716643315678 -0.8753 0
1716643331456 -0.8709 0
1716643348398 -0.8832 0
1716643363982 -0.8832 0
1716643379677 -0.8876 0
1716643395299 -0.8842 0
1716643411019 -0.8897 0
1716643431563 -0.8869 0
1716643447324 -0.888 0
1716643462990 -0.8791 0
1716643479586 -0.8856 0
1716643499739 -0.8868 0
1716643520193 -0.8923 0
1716643540430 -0.8879 0
1716643561026 -0.8885 0
1716643576587 -0.8892 0
1716643592295 -0.8908 0
1716643608122 -0.8851 0
1716643623708 -0.8877 0
1716643643778 -0.8896 0
1716643663624 -0.8903 0
1716643679340 -0.8862 0
1716643695070 -0.8859 0
1716643710790 -0.884 0
1716643726519 -0.8825 0
1716643743208 -0.8919 0
1716643758724 -0.8881 0
1716643774415 -0.8883 0
1716643791079 -0.888 0
1716643806750 -0.8898 0
1716643822559 -0.8955 0
1716643838322 -0.8834 0
1716643854153 -0.8945 0
1716643869942 -0.8953 0
1716643886609 -0.8872 0
1716643902374 -0.8894 0
1716643917908 -0.8931 0
1716643933796 -0.8888 0
1716643953996 -0.891 0
1716643973955 -0.8958 0
1716643989573 -0.8932 0
1716644005167 -0.8934 0
1716644027337 -0.8904 0
1716644042974 -0.8899 0
1716644058815 -0.8941 0
1716644074418 -0.8895 0
1716644090151 -0.8961 0
1716644105801 -0.8931 0
1716644121758 -0.8945 0
1716644137414 -0.8943 0
1716644153508 -0.8932 0
1716644170977 -0.8958 0
1716644186649 -0.8979 0
1716644208169 -0.8947 0
1716644228222 -0.8959 0
1716644248590 -0.892 0
1716644268490 -0.8886 0
1716644284803 -0.8868 0
1716644304893 -0.8874 0
1716644320466 -0.8826 0
1716644336290 -0.8887 0
1716644352961 -0.8899 0
1716644368685 -0.8951 0
1716644390074 -0.8898 0
1716644410323 -0.8912 0
1716644426822 -0.8856 0
1716644442509 -0.8921 0
1716644458493 -0.8954 0
1716644474151 -0.8952 0
1716644490242 -0.8958 0
1716644505984 -0.8914 0
1716644521691 -0.8958 0
1716644538489 -0.8975 0
1716644559242 -0.8948 0
1716644579391 -0.8962 0
1716644599919 -0.896 0
1716644615584 -0.8909 0
1716644631603 -0.899 0
1716644647742 -0.8916 0
1716644663499 -0.8984 0
1716644681186 -0.8927 0
1716644696900 -0.8957 0
1716644712661 -0.8904 0
1716644729375 -0.8958 0
1716644745083 -0.8909 0
1716644761894 -0.8948 0
1716644777546 -0.8987 0
1716644794439 -0.8939 0
1716644810362 -0.893 0
1716644832231 -0.8928 0
1716644848088 -0.8896 0
1716644863901 -0.8851 0
1716644883858 -0.8898 0
1716644903941 -0.8954 0
1716644919650 -0.9028 0
1716644935303 -0.9004 0
1716644951314 -0.893 0
1716644967162 -0.8973 0
1716644984171 -0.8954 0
1716644999969 -0.8988 0
1716645016062 -0.8979 0
1716645031799 -0.8996 0
1716645047756 -0.8981 0
1716645063462 -0.9027 0
1716645079693 -0.9053 0
1716645095489 -0.8984 0
1716645111318 -0.8989 0
1716645126859 -0.8991 0
1716645142666 -0.8967 0
1716645158378 -0.9031 0
1716645174350 -0.8993 0
1716645190133 -0.8981 0
1716645206735 -0.9003 0
1716645222769 -0.9039 0
1716645238913 -0.9025 0
1716645254564 -0.9016 0
1716645270445 -0.9025 0
1716645286809 -0.9 0
1716645302537 -0.9005 0
1716645318092 -0.9026 0
1716645333847 -0.9063 0
1716645350301 -0.9044 0
1716645365967 -0.9025 0
1716645381789 -0.9051 0
1716645402851 -0.9021 0
1716645418532 -0.8997 0
1716645438628 -0.9029 0
1716645454469 -0.8996 0
1716645470400 -0.8992 0
1716645487851 -0.9045 0
1716645503738 -0.9051 0
1716645519584 -0.9038 0
1716645535548 -0.9029 0
1716645555541 -0.9029 0
1716645571276 -0.9033 0
1716645587082 -0.9022 0
1716645607853 -0.9047 0
1716645628235 -0.9055 0
1716645648615 -0.9033 0
1716645664171 -0.9027 0
1716645680359 -0.9049 0
1716645697194 -0.8992 0
1716645721979 -0.9047 0
1716645737970 -0.9015 0
1716645753719 -0.904 0
1716645769551 -0.9083 0
1716645785361 -0.904 0
1716645806370 -0.9059 0
1716645826575 -0.9056 0
1716645847742 -0.9016 0
1716645864228 -0.9071 0
1716645884597 -0.9079 0
1716645900366 -0.9066 0
1716645916111 -0.9045 0
1716645931900 -0.9065 0
1716645948791 -0.9037 0
1716645964413 -0.9091 0
1716645980757 -0.9061 0
1716645996635 -0.9086 0
1716646012585 -0.9056 0
1716646030343 -0.9007 0
1716646046112 -0.905 0
1716646062320 -0.9043 0
1716646077996 -0.9091 0
1716646093741 -0.9045 0
1716646109893 -0.9068 0
1716646125551 -0.9018 0
1716646141347 -0.9052 0
1716646156997 -0.9114 0
1716646172886 -0.9043 0
1716646188478 -0.9072 0
1716646204193 -0.9014 0
1716646219987 -0.9085 0
1716646236223 -0.9062 0
1716646252042 -0.9049 0
1716646267810 -0.9058 0
1716646283452 -0.9095 0
1716646299352 -0.9025 0
1716646315132 -0.9052 0
1716646330921 -0.9029 0
1716646346840 -0.897 0
1716646363282 -0.8972 0
1716646378874 -0.9015 0
1716646394649 -0.901 0
1716646410406 -0.9027 0
1716646426241 -0.9068 0
1716646442087 -0.899 0
1716646457765 -0.8985 0
1716646473650 -0.901 0
1716646489913 -0.8987 0
1716646505712 -0.898 0
1716646521362 -0.908 0
1716646541588 -0.9071 0
1716646557495 -0.9041 0
1716646573302 -0.9031 0
1716646589064 -0.9072 0
1716646604932 -0.9086 0
1716646621186 -0.9036 0
1716646637003 -0.907 0
1716646652719 -0.9104 0
1716646668601 -0.9062 0
1716646684318 -0.9058 0
1716646700278 -0.9029 0
1716646715909 -0.9026 0
1716646731819 -0.9012 0
1716646747910 -0.9099 0
1716646763532 -0.9077 0
1716646779212 -0.9056 0
1716646794771 -0.9083 0
1716646810570 -0.9104 0
1716646826212 -0.9086 0
1716646841823 -0.9064 0
1716646857488 -0.9061 0
1716646873188 -0.9023 0
1716646889750 -0.9113 0
1716646905504 -0.9011 0
1716646921157 -0.9068 0
1716646936760 -0.9045 0
1716646952577 -0.9085 0
1716646968161 -0.9008 0
1716646983920 -0.9049 0
1716646999696 -0.9087 0
1716647015378 -0.9106 0
1716647031828 -0.9113 0
1716647047649 -0.9084 0
1716647063406 -0.9088 0
1716647079257 -0.9099 0
1716647095001 -0.9088 0
1716647110748 -0.9103 0
1716647126478 -0.9097 0
1716647141969 -0.9089 0
1716647158374 -0.9084 0
1716647174029 -0.911 0
1716647189700 -0.9129 0
1716647205390 -0.9126 0
1716647221111 -0.9124 0
1716647236827 -0.9117 0
1716647252459 -0.9109 0
1716647268093 -0.9134 0
1716647283646 -0.9134 0
1716647299745 -0.9119 0
1716647315212 -0.9108 0
1716647335256 -0.9135 0
1716647350842 -0.9095 0
1716647366378 -0.9095 0
1716647381900 -0.91 0
1716647397392 -0.9141 0
1716647413001 -0.9088 0
1716647433739 -0.9076 0
1716647449359 -0.91 0
1716647464906 -0.9098 0
1716647480629 -0.9099 0
1716647496147 -0.9131 0
1716647516005 -0.9131 0
1716647535802 -0.9143 0
1716647556248 -0.9112 0
1716647571769 -0.913 0
1716647592067 -0.9113 0
1716647612303 -0.9098 0
1716647627903 -0.9107 0
1716647643662 -0.9117 0
1716647659256 -0.9114 0
1716647675146 -0.9102 0
1716647691754 -0.9075 0
1716647707370 -0.908 0
1716647723100 -0.9151 0
1716647738696 -0.9165 0
1716647754381 -0.9094 0
1716647770022 -0.9128 0
1716647785661 -0.9122 0
1716647801342 -0.9097 0
1716647817341 -0.9135 0
1716647832981 -0.914 0
1716647848639 -0.9122 0
1716647864236 -0.913 0
1716647879830 -0.9128 0
1716647895288 -0.9123 0
1716647911046 -0.9107 0
1716647927329 -0.9134 0
1716647943016 -0.9107 0
1716647959062 -0.9124 0
1716647975099 -0.9154 0
1716647990752 -0.9093 0
1716648006489 -0.9105 0
1716648022120 -0.9129 0
1716648037833 -0.9092 0
1716648053587 -0.9132 0
1716648069437 -0.9112 0
1716648085184 -0.9137 0
1716648101419 -0.9106 0
1716648117227 -0.9144 0
1716648132856 -0.9119 0
1716648153768 -0.9125 0
1716648169397 -0.9142 0
1716648185170 -0.9133 0
1716648200724 -0.9143 0
1716648216658 -0.9142 0
1716648232215 -0.9172 0
1716648247962 -0.9119 0
1716648267953 -0.9114 0
1716648283606 -0.9165 0
1716648299337 -0.9129 0
1716648315055 -0.9149 0
1716648330752 -0.91 0
1716648347301 -0.8832 0
1716648363139 -0.8989 0
1716648378809 -0.9034 0
1716648394461 -0.9049 0
1716648410179 -0.9112 0
1716648425954 -0.9138 0
1716648441682 -0.9084 0
1716648457371 -0.9101 0
1716648473444 -0.9124 0
1716648489733 -0.9116 0
1716648505450 -0.9149 0
1716648521069 -0.9112 0
1716648536694 -0.9127 0
1716648552647 -0.9132 0
1716648568313 -0.9134 0
1716648584030 -0.9125 0
1716648600036 -0.9122 0
1716648615921 -0.9125 0
1716648631732 -0.9153 0
1716648647366 -0.9146 0
1716648663166 -0.915 0
1716648679034 -0.9124 0
1716648694810 -0.9095 0
1716648710490 -0.9106 0
1716648726252 -0.9138 0
1716648741839 -0.9152 0
1716648758322 -0.9139 0
1716648774076 -0.9104 0
1716648789768 -0.9149 0
1716648805360 -0.9174 0
1716648820945 -0.915 0
1716648836565 -0.9163 0
1716648852173 -0.9116 0
1716648867863 -0.9152 0
1716648883662 -0.9168 0
1716648899258 -0.9147 0
1716648914893 -0.9166 0
1716648930723 -0.9185 0
1716648950737 -0.9144 0
1716648966380 -0.9159 0
1716648981875 -0.9172 0
1716648997473 -0.919 0
1716649013661 -0.9146 0
1716649029407 -0.9175 0
1716649045078 -0.9149 0
1716649060927 -0.9149 0
1716649076605 -0.9183 0
1716649092292 -0.9139 0
1716649107979 -0.917 0
1716649123728 -0.9146 0
1716649139447 -0.9163 0
1716649155485 -0.9163 0
1716649171270 -0.9148 0
1716649187011 -0.9155 0
1716649202586 -0.9145 0
1716649218189 -0.9157 0
1716649233872 -0.9162 0
1716649249576 -0.9177 0
1716649265208 -0.9176 0
1716649281749 -0.9194 0
1716649297641 -0.917 0
1716649313385 -0.9165 0
1716649328931 -0.9206 0
1716649344576 -0.9172 0
1716649360271 -0.9146 0
1716649380751 -0.9184 0
1716649396797 -0.9175 0
1716649413077 -0.9172 0
1716649433163 -0.9172 0
1716649453347 -0.9194 0
1716649473452 -0.9196 0
1716649489174 -0.9173 0
1716649504845 -0.9202 0
1716649520559 -0.919 0
1716649536904 -0.9175 0
1716649552569 -0.9182 0
1716649568356 -0.9188 0
1716649584092 -0.9193 0
1716649599820 -0.9201 0
1716649615521 -0.9184 0
1716649631270 -0.9194 0
1716649647260 -0.9187 0
1716649662859 -0.9184 0
1716649680039 -0.9176 0
1716649695735 -0.9209 0
1716649711464 -0.9217 0
1716649727129 -0.919 0
1716649747430 -0.9169 0
1716649767689 -0.9204 0
1716649783357 -0.9153 0
1716649799004 -0.9189 0
1716649815130 -0.9156 0
1716649830710 -0.9191 0
1716649846456 -0.9173 0
1716649862070 -0.9161 0
1716649877737 -0.9198 0
1716649893784 -0.918 0
1716649909365 -0.9156 0
1716649925074 -0.9174 0
1716649946413 -0.9178 0
1716649962176 -0.9191 0
1716649978006 -0.9178 0
1716649993499 -0.9187 0
1716650009321 -0.9184 0
1716650024995 -0.9172 0
1716650040663 -0.9179 0
1716650056468 -0.9172 0
1716650073236 -0.9171 0
1716650088954 -0.9105 0
1716650104671 -0.9174 0
1716650120409 -0.9192 0
1716650136147 -0.9156 0
1716650151898 -0.9201 0
1716650167629 -0.9209 0
1716650183352 -0.9189 0
1716650199595 -0.92 0
1716650215671 -0.9154 0
1716650231334 -0.9203 0
1716650246984 -0.9195 0
1716650262538 -0.9209 0
1716650278197 -0.9167 0
1716650293907 -0.9196 0
1716650309564 -0.9186 0
1716650325885 -0.9199 0
1716650341697 -0.9203 0
1716650357430 -0.9188 0
1716650373240 -0.9172 0
1716650389011 -0.9177 0
1716650404684 -0.9187 0
1716650420329 -0.9192 0
1716650435931 -0.9188 0
1716650451945 -0.918 0
1716650468591 -0.9203 0
1716650484291 -0.9181 0
1716650500017 -0.9195 0
1716650520295 -0.9206 0
1716650536462 -0.917 0
1716650552298 -0.919 0
1716650572922 -0.9194 0
1716650588920 -0.9172 0
1716650604757 -0.9215 0
1716650620706 -0.9212 0
1716650636522 -0.9195 0
1716650652427 -0.9182 0
1716650668186 -0.9212 0
1716650683993 -0.915 0
1716650699774 -0.9202 0
1716650715423 -0.921 0
1716650731776 -0.9224 0
1716650749414 -0.9207 0
1716650765153 -0.9195 0
1716650780691 -0.9225 0
1716650796351 -0.9219 0
1716650811887 -0.9193 0
1716650827468 -0.9199 0
1716650843359 -0.9203 0
1716650860315 -0.9213 0
1716650876063 -0.9207 0
1716650891899 -0.9203 0
1716650907989 -0.9213 0
1716650923843 -0.9217 0
1716650939563 -0.9198 0
1716650955385 -0.9208 0
1716650971092 -0.9205 0
1716650987573 -0.9217 0
1716651003168 -0.9208 0
1716651018952 -0.9225 0
1716651035222 -0.9199 0
1716651050937 -0.9221 0
1716651066997 -0.9183 0
1716651082931 -0.9254 0
1716651098644 -0.9227 0
1716651115126 -0.9231 0
1716651130987 -0.9208 0
1716651146750 -0.9227 0
1716651162795 -0.9204 0
1716651178476 -0.923 0
1716651194207 -0.9218 0
1716651209978 -0.922 0
1716651225779 -0.922 0
1716651241538 -0.9229 0
1716651258287 -0.9226 0
1716651274167 -0.9236 0
1716651289950 -0.9202 0
1716651305621 -0.9236 0
1716651321561 -0.9224 0
1716651337348 -0.9221 0
1716651353911 -0.9196 0
1716651374744 -0.9172 0
1716651390465 -0.9161 0
1716651406253 -0.9222 0
1716651422259 -0.9239 0
1716651438521 -0.9218 0
1716651454164 -0.9212 0
1716651470417 -0.9221 0
1716651486306 -0.9226 0
1716651502023 -0.9198 0
1716651518429 -0.9222 0
1716651536495 -0.9213 0
1716651552150 -0.9223 0
1716651568116 -0.9229 0
1716651583992 -0.9224 0
1716651599700 -0.9231 0
1716651615572 -0.9251 0
1716651632308 -0.9245 0
1716651648068 -0.9234 0
1716651664197 -0.9212 0
1716651679899 -0.9248 0
1716651695841 -0.9228 0
1716651711679 -0.9217 0
1716651731922 -0.9201 0
1716651747732 -0.9199 0
1716651763902 -0.9227 0
1716651779727 -0.9215 0
1716651795446 -0.9245 0
1716651811190 -0.9213 0
1716651826918 -0.9217 0
1716651842646 -0.9241 0
1716651858561 -0.9211 0
1716651874294 -0.9262 0
1716651890876 -0.9221 0
1716651906726 -0.9229 0
1716651922522 -0.9221 0
1716651938386 -0.9233 0
1716651954172 -0.9237 0
1716651969939 -0.922 0
1716651985708 -0.9238 0
1716652001475 -0.919 0
1716652017333 -0.9245 0
1716652033741 -0.919 0
1716652049542 -0.9232 0
1716652065440 -0.9225 0
1716652081385 -0.9187 0
1716652097185 -0.921 0
1716652113076 -0.9215 0
1716652128844 -0.9251 0
1716652144630 -0.9236 0
1716652160713 -0.9216 0
1716652181846 -0.9206 0
1716652197469 -0.9235 0
1716652213723 -0.9223 0
1716652229565 -0.9218 0
1716652245549 -0.922 0
1716652261290 -0.9218 0
1716652277235 -0.9219 0
1716652293687 -0.923 0
1716652309344 -0.9252 0
1716652325067 -0.9234 0
1716652340737 -0.9239 0
1716652356457 -0.9242 0
1716652372174 -0.9248 0
1716652392526 -0.9245 0
1716652409860 -0.9241 0
1716652425528 -0.925 0
1716652441547 -0.9232 0
1716652457341 -0.9216 0
1716652477848 -0.924 0
1716652493780 -0.9184 0
1716652509542 -0.9217 0
1716652525203 -0.9223 0
1716652542631 -0.9212 0
1716652558488 -0.9249 0
1716652574267 -0.9224 0
1716652589982 -0.9234 0
1716652605855 -0.9267 0
1716652622015 -0.9247 0
1716652637772 -0.9236 0
1716652658496 -0.9254 0
1716652674580 -0.9247 0
1716652691854 -0.9253 0
1716652707577 -0.9244 0
1716652723403 -0.9214 0
1716652739172 -0.9269 0
1716652759786 -0.9259 0
1716652775575 -0.9236 0
1716652792233 -0.9239 0
1716652808239 -0.9223 0
1716652824064 -0.924 0
1716652839787 -0.9253 0
1716652855486 -0.9245 0
1716652871201 -0.9225 0
1716652886925 -0.926 0
1716652902652 -0.925 0
1716652919151 -0.9204 0
1716652934947 -0.9234 0
1716652950493 -0.9239 0
1716652966206 -0.9221 0
1716652982069 -0.9257 0
1716653002312 -0.9224 0
1716653018113 -0.9239 0
1716653034276 -0.9218 0
1716653055276 -0.9288 0
1716653070958 -0.9247 0
1716653091199 -0.9255 0
1716653107066 -0.9246 0
1716653122630 -0.9229 0
1716653138432 -0.9241 0
1716653154714 -0.9243 0
1716653171471 -0.9248 0
1716653187297 -0.925 0
1716653203190 -0.9256 0
1716653219023 -0.9253 0
1716653234934 -0.9261 0
1716653250851 -0.9247 0
1716653266711 -0.9259 0
1716653283261 -0.9278 0
1716653299125 -0.9253 0
1716653315026 -0.923 0
1716653330783 -0.9252 0
1716653346478 -0.9257 0
1716653362239 -0.9264 0
1716653378132 -0.9271 0
1716653393823 -0.9235 0
1716653409478 -0.9258 0
1716653426099 -0.9266 0
1716653441740 -0.9256 0
1716653457569 -0.9269 0
1716653473270 -0.9236 0
1716653488821 -0.9238 0
1716653504634 -0.9233 0
1716653520398 -0.9214 0
1716653535836 -0.9205 0
1716653552112 -0.9281 0
1716653567640 -0.9247 0
1716653583348 -0.9266 0
1716653599045 -0.9254 0
1716653614701 -0.9263 0
1716653630279 -0.9273 0
1716653645910 -0.9273 0
1716653662064 -0.9225 0
1716653677794 -0.9248 0
1716653694072 -0.9274 0
1716653710021 -0.9265 0
1716653725631 -0.9232 0
1716653741503 -0.9233 0
1716653757755 -0.9236 0
1716653773379 -0.9258 0
1716653789344 -0.9246 0
1716653809401 -0.9263 0
1716653826486 -0.9249 0
1716653842103 -0.9268 0
1716653857894 -0.9246 0
1716653873944 -0.9263 0
1716653889610 -0.9257 0
1716653905731 -0.9243 0
1716653921361 -0.9273 0
1716653937026 -0.9251 0
1716653952761 -0.9268 0
1716653968936 -0.9281 0
1716653984582 -0.9278 0
1716654000168 -0.9262 0
1716654015871 -0.9264 0
1716654031728 -0.9243 0
1716654047328 -0.9255 0
1716654063230 -0.9278 0
1716654078849 -0.9268 0
1716654095099 -0.9265 0
1716654111499 -0.9238 0
1716654127157 -0.9285 0
1716654143044 -0.926 0
1716654158692 -0.9259 0
1716654174308 -0.9274 0
1716654190078 -0.928 0
1716654205801 -0.9256 0
1716654221627 -0.9264 0
1716654238178 -0.9261 0
1716654253887 -0.9243 0
1716654269927 -0.9266 0
1716654285647 -0.929 0
1716654301422 -0.9268 0
1716654317201 -0.9273 0
1716654333240 -0.9233 0
1716654348932 -0.9268 0
1716654364554 -0.9267 0
1716654380681 -0.926 0
1716654396434 -0.9285 0
1716654411987 -0.9266 0
1716654427790 -0.9258 0
1716654443440 -0.9256 0
1716654459166 -0.9276 0
1716654475337 -0.9253 0
1716654490961 -0.9269 0
1716654506732 -0.926 0
1716654522806 -0.9259 0
1716654538684 -0.9276 0
1716654555022 -0.9268 0
1716654570746 -0.9277 0
1716654586726 -0.9261 0
1716654607034 -0.9253 0
1716654622710 -0.9258 0
1716654638302 -0.9252 0
1716654654502 -0.9248 0
1716654670241 -0.926 0
1716654686013 -0.9278 0
1716654701642 -0.927 0
1716654717363 -0.9247 0
1716654733171 -0.9258 0
1716654748737 -0.9287 0
1716654764373 -0.9279 0
1716654779997 -0.9274 0
1716654795962 -0.9276 0
1716654812146 -0.9282 0
1716654827793 -0.9264 0
1716654843444 -0.9268 0
1716654859020 -0.9274 0
1716654874579 -0.9238 0
1716654890673 -0.9284 0
1716654906200 -0.9268 0
1716654922351 -0.9256 0
1716654938124 -0.9264 0
1716654953708 -0.9271 0
1716654969470 -0.9291 0
1716654985401 -0.9258 0
1716655000992 -0.9268 0
1716655016651 -0.9271 0
1716655032284 -0.9297 0
1716655047963 -0.9274 0
1716655064467 -0.9267 0
1716655080181 -0.9253 0
1716655095911 -0.9271 0
1716655111840 -0.9278 0
1716655127516 -0.9267 0
1716655143152 -0.9263 0
1716655158751 -0.9262 0
1716655174462 -0.927 0
1716655190084 -0.9262 0
1716655206328 -0.926 0
1716655222000 -0.9282 0
1716655237536 -0.9279 0
1716655253156 -0.9285 0
1716655269082 -0.9271 0
1716655284950 -0.9287 0
1716655300752 -0.928 0
1716655316497 -0.9308 0
1716655332397 -0.9253 0
1716655348180 -0.9283 0
1716655363872 -0.9265 0
1716655379876 -0.9246 0
1716655400090 -0.9286 0
1716655415809 -0.9269 0
1716655431809 -0.9276 0
1716655447684 -0.9272 0
1716655463686 -0.9293 0
1716655479391 -0.9262 0
1716655495098 -0.9292 0
1716655510759 -0.9291 0
1716655526411 -0.9268 0
1716655542211 -0.927 0
1716655557960 -0.9292 0
1716655573533 -0.926 0
1716655589091 -0.9303 0
1716655605826 -0.9299 0
1716655621341 -0.9298 0
1716655637141 -0.9254 0
1716655652652 -0.929 0
1716655668501 -0.9269 0
1716655684120 -0.9293 0
1716655699846 -0.9284 0
1716655715483 -0.9275 0
1716655731107 -0.9248 0
1716655747979 -0.929 0
1716655763677 -0.9234 0
1716655779402 -0.9255 0
1716655795321 -0.9262 0
1716655811233 -0.9262 0
1716655827042 -0.9251 0
1716655842828 -0.9273 0
1716655858593 -0.9284 0
1716655874385 -0.928 0
1716655890553 -0.9256 0
1716655910838 -0.9267 0
1716655931846 -0.9265 0
1716655947613 -0.9279 0
1716655963461 -0.9269 0
1716655979091 -0.929 0
1716655994802 -0.9288 0
1716656011878 -0.9274 0
1716656027633 -0.9266 0
1716656043415 -0.927 0
1716656059255 -0.9267 0
1716656074976 -0.9288 0
1716656090980 -0.9274 0
1716656106593 -0.9274 0
1716656122378 -0.9286 0
1716656138544 -0.9268 0
1716656154241 -0.9255 0
1716656170107 -0.9259 0
1716656185825 -0.9292 0
