1716106073368 0.016669707476333145 0
1716106092011 0.014811949779015931 1
1716106106070 0.12332448472291728 2
1716106124952 0.11384480290265996 3
1716106142687 0.1426008078905416 4
1716106161320 0.15932442354324033 5
1716106178910 0.3671780594434302 6
1716106197532 0.21674517838876795 7
1716106215506 0.32295195617025657 8
1716106234181 0.49078210802163696 9
1716106251922 0.5073739995597725 10
1716106270533 0.5653955062757078 11
1716106288459 0.6116228691469968 12
1716106307046 0.6271532087140579 13
1716106325322 0.7027642104716264 14
1716106345002 0.704407689433482 15
1716106363605 0.7445305117284059 16
1716106381788 0.6389926733725368 17
1716106399480 0.7480695347853613 18
1716106417459 0.7497110124544598 19
1716106435379 0.685680856013342 20
1716106453455 0.689677428188582 21
1716106471554 0.7651964095683649 22
1716106489417 0.7597712097847089 23
1716106507886 0.7935606405383809 24
1716106525700 0.7846642449574056 25
1716106543469 0.7908038450619784 26
1716106561126 0.7828935965602218 27
1716106580325 0.8362634171294644 28
1716106597975 0.772525912210554 29
1716106615820 0.7594971809394568 30
1716106633803 0.7530911591578264 31
1716106652074 0.7974062145084448 32
1716106670051 0.7944986635674133 33
1716106688200 0.8106270210009182 34
1716106707605 0.8129276690438131 35
1716106725583 0.8085225787904321 36
1716106744544 0.8216519530237001 37
1716106762868 0.7838017781880954 38
1716106780978 0.806786500933984 39
1716106798797 0.8179703529664243 40
1716106817361 0.8561526476886113 41
1716106835152 0.8228029769371344 42
1716106853112 0.8366742763695632 43
1716106871204 0.8537912717201582 44
1716106889864 0.830908785069207 45
1716106908342 0.8115839993794416 46
1716106926550 0.8408101209054264 47
1716106944230 0.8543602412478681 48
1716106962826 0.8725681634727573 49
1716106982327 0.8693650013108641 50
1716107000300 0.8503463362584016 51
1716107018060 0.8799638443167034 52
1716107036995 0.8684967097143788 53
1716107055589 0.8404452515601536 54
1716107073467 0.8500686186835077 55
1716107091846 0.8534984635958539 56
1716107109794 0.8810796210379781 57
1716107127599 0.8783028354771965 58
1716107145661 0.8734654088782087 59
1716107163568 0.873286941043487 60
1716107182116 0.8737287985624568 61
1716107199858 0.8196841985739876 62
1716107214806 0.8099191772328359 63
1716107229201 0.8699163352819589 64
1716107243615 0.886935329745003 65
1716107258057 0.8787901789143326 66
1716107276393 0.8894785251181835 67
1716107294104 0.8929093414282571 68
1716107312078 0.8885406852743493 69
1716107330012 0.8636020560931356 70
1716107344564 0.884126165707869 71
1716107362918 0.8891822863531781 72
1716107381275 0.8777909091980781 73
1716107399470 0.8674680423239689 74
1716107413848 0.8761561728784786 75
1716107431642 0.8532266734226165 76
1716107446459 0.8700492454694065 77
1716107461428 0.8847339083678166 78
1716107479340 0.8880838770718812 79
1716107498151 0.8829374489987712 80
1716107515846 0.8937120222947409 81
1716107533702 0.8822794725229136 82
1716107552067 0.8975215601609565 83
1716107569748 0.85147279954036 84
1716107583955 0.8972446354386182 85
1716107599328 0.8974880254767527 86
1716107617715 0.8933600278652598 87
1716107635449 0.8927540781216061 88
1716107653149 0.8892351198862519 89
1716107672152 0.898824465967369 90
1716107690020 0.8827077831898968 91
1716107704764 0.8939314303093479 92
1716107723669 0.8945875578940966 93
1716107741832 0.8942199138021273 94
1716107759934 0.8706078841788093 95
1716107774613 0.8880556115888277 96
1716107788937 0.8813559923880877 97
1716107803557 0.8847631187743371 98
1716107818299 0.8934507025976313 99
1716107836964 0.8915222991249919 100
1716107851332 0.8932726236258534 101
1716107869400 0.9042540502691049 102
1716107887181 0.8991458035437082 103
1716107906255 0.8725273131907599 104
1716107920751 0.9031407294233985 105
1716107936504 0.8681422329812772 106
1716107950969 0.879169068192887 107
1716107965380 0.8862226687034648 108
1716107980024 0.9025982744634709 109
1716107994570 0.9007521246475462 110
1716108009048 0.9066009201516841 111
1716108027499 0.9083809177385079 112
1716108045652 0.8976543982032973 113
1716108064303 0.9016577706360779 114
1716108082626 0.9031772523997739 115
1716108101329 0.9045470486569727 116
1716108119915 0.8972216234123813 117
1716108137666 0.9033246146905523 118
1716108155452 0.9035612131492851 119
1716108173324 0.8969042921073701 120
1716108188109 0.9034319753233837 121
1716108205844 0.8825288034512129 122
1716108220200 0.8644568933345419 123
1716108234573 0.9067252831692959 124
1716108249109 0.8983058498867506 125
1716108263596 0.90786409184477 126
1716108278025 0.9110195626761888 127
1716108293785 0.8907131843650821 128
1716108308186 0.9036152292445117 129
1716108322711 0.9137801486788254 130
1716108341247 0.9090532600004094 131
1716108358874 0.8960083426585425 132
1716108373196 0.8976425802041135 133
1716108387332 0.9074021481561295 134
1716108405174 0.8900631467517828 135
1716108420490 0.8989200436273584 136
1716108434717 0.8932124110857237 137
1716108449243 0.889000623188609 138
1716108463962 0.9145227127645906 139
1716108478350 0.869734389164043 140
1716108492734 0.8960641795744101 141
1716108507051 0.8956767558011078 142
1716108521489 0.8899753246397913 143
1716108537336 0.9038189382320324 144
1716108551705 0.9038349247708762 145
1716108566456 0.9072305854040529 146
1716108580865 0.8993747281445347 147
1716108595302 0.9169861334934256 148
1716108610668 0.9073393476723957 149
1716108632569 0.903947794553189 150
1716108651765 0.9101067470256187 151
1716108670083 0.906392889043568 152
1716108688438 0.9134946599163829 153
1716108706153 0.9121331137194191 154
1716108724223 0.9088434745672668 155
1716108742650 0.9184782125518834 156
1716108761381 0.9020702172919363 157
1716108776805 0.9155087812983962 158
1716108795035 0.8969560400586526 159
1716108810553 0.895820370508147 160
1716108825073 0.905143344262663 161
1716108839722 0.9165276028136162 162
1716108854079 0.9180516018616992 163
1716108872058 0.9144646830524534 164
1716108890425 0.9089238337461357 165
1716108908623 0.9162452011944545 166
1716108926546 0.89533172320769 167
1716108941195 0.9019337523721124 168
1716108955672 0.8999492673331648 169
1716108970917 0.8952513437106213 170
1716108985466 0.9175088661114894 171
1716108999844 0.9050199607403409 172
1716109014328 0.9098640386025818 173
1716109029009 0.9172665213723379 174
1716109043291 0.9082364581184282 175
1716109057638 0.9119793299582307 176
1716109072161 0.909244455871307 177
1716109086687 0.9107514838743974 178
1716109101670 0.9131889953461346 179
1716109119645 0.9107159652294737 180
1716109137443 0.9147005608900475 181
1716109155719 0.9113030173837101 182
1716109173501 0.9045268910908116 183
1716109187928 0.9122080501644291 184
1716109202273 0.9185321574839501 185
1716109220358 0.9110096461878917 186
1716109238652 0.9200498395577096 187
1716109256542 0.9069648035945294 188
1716109270925 0.8728795016891574 189
1716109285279 0.9080955492594119 190
1716109299977 0.9156409756169986 191
1716109314262 0.9189103425275817 192
1716109329340 0.9119474441392253 193
1716109344357 0.9246934868069543 194
1716109359263 0.9105502358862331 195
1716109374022 0.9112413919665973 196
1716109388929 0.9216488774080794 197
1716109407700 0.9134255419728733 198
1716109426011 0.9038926826574554 199
1716109444759 0.8970293867975293 200
1716109459274 0.9122986720594954 201
1716109474294 0.9141686559968036 202
1716109488800 0.9040525689128738 203
1716109503888 0.9045654293904342 204
1716109518319 0.90926130481378 205
1716109532725 0.9032996239306038 206
1716109547199 0.9079136976487835 207
1716109562535 0.90141723364738 208
1716109577034 0.9000367235100564 209
1716109591566 0.9079412303448128 210
1716109605956 0.8904441811800895 211
1716109620448 0.906747031484023 212
1716109634821 0.9130546023032878 213
1716109649262 0.9070611634274194 214
1716109663786 0.8849968808020513 215
1716109679804 0.8807246978482692 216
1716109694248 0.9134302249657922 217
1716109708686 0.9137888712486811 218
1716109723112 0.916010516116662 219
1716109737354 0.9083852867948171 220
1716109751566 0.9170246606353394 221
1716109765740 0.9140219940736788 222
1716109779942 0.9109773052022098 223
1716109794775 0.9220048814328891 224
1716109809031 0.9217073166211248 225
1716109823803 0.9148590181981775 226
1716109838219 0.9215722956034136 227
1716109852499 0.911781342528673 228
1716109866885 0.9195189212276462 229
1716109884506 0.921061371616657 230
1716109902339 0.9123809165276916 231
1716109917187 0.8933974129802268 232
1716109931395 0.9115646669050207 233
1716109945546 0.9165410972514461 234
1716109960166 0.9207438058973518 235
1716109974956 0.9204658834151683 236
1716109992873 0.9199052091094778 237
1716110010897 0.9141778070526981 238
1716110025761 0.9201845584478524 239
1716110043946 0.9176721652618797 240
1716110062259 0.9208926692407494 241
1716110080319 0.9212813656770756 242
1716110098225 0.9219021776858481 243
1716110115968 0.920637905976989 244
1716110135265 0.9220822550453588 245
1716110152943 0.924259567475001 246
1716110170727 0.919684344379679 247
1716110188281 0.92639029384393 248
1716110206641 0.919945054755977 249
1716110227926 0.9212160844896159 250
1716110246468 0.921748239945353 251
1716110264909 0.9162090691294124 252
1716110279748 0.9163282142181893 253
1716110294152 0.9036105630374149 254
1716110308547 0.9153566033346218 255
1716110322937 0.9138154346044347 256
1716110337496 0.9223481956608283 257
1716110351983 0.9254388075717291 258
1716110368337 0.9242838532007603 259
1716110382494 0.9198400738322747 260
1716110397066 0.9191430077844528 261
1716110411436 0.9229755605054947 262
1716110425831 0.9253131149577328 263
1716110445557 0.9237905107927871 264
1716110463696 0.9220959067943664 265
1716110482162 0.9188267470415026 266
1716110496788 0.9215473948587137 267
1716110511210 0.922577256386255 268
1716110529164 0.921590102153581 269
1716110547143 0.9184071301901264 270
1716110561424 0.9229210589810791 271
1716110575669 0.915065975743675 272
1716110590032 0.9220462951273651 273
1716110604840 0.9199565361120098 274
1716110619605 0.9183175831779936 275
1716110634187 0.9163347705388007 276
1716110648468 0.9254787652191973 277
1716110662779 0.920912047886714 278
1716110677743 0.9150581494251039 279
1716110692072 0.9229317378182428 280
1716110706519 0.917647679724931 281
1716110720845 0.9227088854054406 282
1716110736520 0.9277104089108512 283
1716110754834 0.9197939459716915 284
1716110769053 0.9268743947501176 285
1716110787330 0.927941082162299 286
1716110805328 0.9260379243157552 287
1716110823828 0.9222674374777129 288
1716110838377 0.9235171950882934 289
1716110856514 0.9176921722110464 290
1716110870851 0.918971792326645 291
1716110885169 0.9280381847576487 292
1716110899325 0.9184919771610905 293
1716110913618 0.9248660038516135 294
1716110927975 0.9221364731236399 295
1716110942346 0.9263794990667099 296
1716110960995 0.9227693013515471 297
1716110979117 0.9253356771516481 298
1716110997158 0.9242943154608815 299
1716111018989 0.9223347199115141 300
1716111033173 0.9249893272305951 301
1716111051772 0.9193403763019186 302
1716111066172 0.9187620915860407 303
1716111080651 0.9183250237754489 304
1716111095118 0.9235819868443528 305
1716111109461 0.9230224381959061 306
1716111123702 0.927451466085357 307
1716111138054 0.9229822915629962 308
1716111152518 0.9212931561624381 309
1716111167222 0.9294871966930254 310
1716111185609 0.9210293878363757 311
1716111199970 0.9277369829230002 312
1716111217394 0.9230916933068269 313
1716111231627 0.9221495799878664 314
1716111246047 0.9237173428313024 315
1716111260467 0.922415540051914 316
1716111275088 0.9234332109335668 317
1716111289336 0.924920315861779 318
1716111303661 0.9259257680587273 319
1716111321426 0.9285356076171732 320
1716111339781 0.9273905534486314 321
1716111358173 0.9324270688976961 322
1716111376481 0.9239316618164874 323
1716111390806 0.9217775180216655 324
1716111405218 0.9255665935612319 325
1716111419641 0.9247784115210242 326
1716111434499 0.9276061865932803 327
1716111448842 0.9232970181216169 328
1716111463650 0.9293488840698654 329
1716111481110 0.9237502547927391 330
1716111496432 0.9263557449313451 331
1716111510881 0.9242528649658839 332
1716111526047 0.9297302614926085 333
1716111544323 0.9249949311334822 334
1716111558645 0.9216095812641458 335
1716111573936 0.923079329088333 336
1716111588281 0.9242928789181439 337
1716111603147 0.9155259918297985 338
1716111617812 0.9299431372319259 339
1716111632329 0.9239411206273417 340
1716111647088 0.9273975614003832 341
1716111661503 0.9248815097863675 342
1716111676011 0.9263892801897313 343
1716111690296 0.9250952650925734 344
1716111704716 0.9247553040049513 345
1716111720525 0.9192489743946123 346
1716111735021 0.9197989571282422 347
1716111749608 0.92591571994059 348
1716111764197 0.9246070131330398 349
1716111782259 0.9269586695985086 350
1716111797193 0.9244868433491171 351
1716111811629 0.9212313907648659 352
1716111826676 0.9260803368302905 353
1716111841880 0.9259931785499402 354
1716111856377 0.9211188806667909 355
1716111870958 0.9279983617013224 356
1716111885638 0.9230213774364656 357
1716111900243 0.925485728237347 358
1716111914887 0.9224348931375616 359
1716111930051 0.9138687653583406 360
1716111944472 0.9153349431331049 361
1716111959365 0.9208966173822318 362
1716111973714 0.9065734944121671 363
1716111988168 0.9156254038696603 364
1716112003107 0.922893768537446 365
1716112017503 0.9219612336681154 366
1716112031876 0.9177497511988865 367
1716112046243 0.9199124329368774 368
1716112060743 0.92201735903151 369
1716112075551 0.9247110493220639 370
1716112089839 0.9220297196856388 371
1716112104724 0.9222226909880713 372
1716112119294 0.925639041746425 373
1716112133589 0.9265357278850196 374
1716112148333 0.9312410514706079 375
1716112162717 0.9196630111875576 376
1716112177395 0.921193486741872 377
1716112191793 0.9236819658786152 378
1716112206362 0.9233457428277528 379
1716112221482 0.919694835420513 380
1716112236082 0.9157165975522638 381
1716112250811 0.9205000259373062 382
1716112265584 0.9173273416544628 383
1716112280001 0.9187570136790689 384
1716112295110 0.9265129964978686 385
1716112310350 0.9311746811211975 386
1716112324840 0.9226696459906796 387
1716112339146 0.9245935515192402 388
1716112353602 0.9218949495164345 389
1716112367976 0.9137210930298844 390
1716112382781 0.9232926533184201 391
1716112397386 0.9260423069295179 392
1716112413327 0.9250667599125296 393
1716112428013 0.9310084656204154 394
1716112442585 0.9260025747126516 395
1716112457009 0.9264211543489661 396
1716112471531 0.931571839662534 397
1716112487082 0.9265203234051134 398
1716112501829 0.9261655520551929 399
1716112520504 0.9236600990275372 400
1716112535126 0.9215637357876666 401
1716112549695 0.9275502725813891 402
1716112564116 0.9271522256126881 403
1716112578610 0.924480407861421 404
1716112593083 0.9243230293879948 405
1716112608099 0.9213376161160615 406
1716112622604 0.9238531729567594 407
1716112637351 0.9253128589671201 408
1716112651899 0.9250437863308213 409
1716112666379 0.9216582479439236 410
1716112680700 0.9266995435695167 411
1716112695054 0.9235410116843278 412
1716112709674 0.917273190627756 413
1716112723829 0.923855849515943 414
1716112738443 0.9224088723179843 415
1716112753059 0.9237889188615265 416
1716112767774 0.928288244101862 417
1716112782649 0.9288990870519404 418
1716112797880 0.9254808756725655 419
1716112812651 0.9285986391322024 420
1716112828387 0.92064282351541 421
1716112842532 0.925141623116493 422
1716112856764 0.9311152527949677 423
1716112871611 0.9249336913081846 424
1716112886423 0.9229472882215507 425
1716112901532 0.9259977655073736 426
1716112916696 0.9292015654831204 427
1716112931017 0.9225867891313387 428
1716112945365 0.9269463783528892 429
1716112959943 0.9137618924761687 430
1716112974762 0.925128953379363 431
1716112989454 0.927518422027136 432
1716113003981 0.9244788370890733 433
1716113018385 0.9227489726414725 434
1716113032851 0.925104657810239 435
1716113048268 0.9270243332740469 436
1716113062472 0.9252617336463893 437
1716113076707 0.9284321195680422 438
1716113090925 0.9242245892623094 439
1716113105738 0.9281599645502925 440
1716113120128 0.9200371890138035 441
1716113134476 0.9218883990362121 442
1716113148931 0.9160203536166088 443
1716113163242 0.9209573778686914 444
1716113177598 0.9274336567366605 445
1716113191973 0.9276554219013713 446
1716113206820 0.9235759123094861 447
1716113221071 0.9238317231649064 448
1716113236274 0.9256115777071457 449
1716113254198 0.9296314147098026 450
1716113268892 0.9286041056586413 451
1716113283179 0.9230194725332991 452
1716113297943 0.9253031952389171 453
1716113312116 0.9234305513376619 454
1716113326382 0.9295190447322232 455
1716113341577 0.9220464469544223 456
1716113355952 0.9233090319835219 457
1716113370209 0.9232253950710797 458
1716113384488 0.923249192492122 459
1716113399057 0.9232847633033098 460
1716113413663 0.9194642623731633 461
1716113427880 0.921609023159632 462
1716113442327 0.9202225188434291 463
1716113456710 0.9285852521787019 464
1716113471513 0.9244851102876114 465
1716113486013 0.9261673015121764 466
1716113500242 0.9262419472449591 467
1716113514739 0.9290721024759109 468
1716113529117 0.9303981623945368 469
1716113543864 0.9256818796843884 470
1716113558123 0.928653321611601 471
1716113577448 0.9233117294709166 472
1716113591746 0.9194020298571992 473
1716113606313 0.9270833253822368 474
1716113621187 0.9260748493267905 475
1716113636519 0.9317513479691328 476
1716113654383 0.9234724242449882 477
1716113669376 0.9258994719501498 478
1716113684336 0.9286065717637846 479
1716113702546 0.9273796794399778 480
1716113720605 0.9272088373024253 481
1716113738430 0.9256637476780466 482
1716113752813 0.9281413355264543 483
1716113771105 0.9259617705224122 484
1716113785647 0.919878356359432 485
1716113800091 0.9319134521174616 486
1716113814366 0.9268265661095406 487
1716113828917 0.9247583209556295 488
1716113843436 0.9191316301324521 489
1716113858011 0.9297500503847062 490
1716113872535 0.9230100518529216 491
1716113886930 0.9282017720809406 492
1716113901259 0.9282527077921742 493
1716113915842 0.925636783729549 494
1716113930270 0.9301886269321452 495
1716113948195 0.929523337428989 496
1716113966333 0.9248569094429664 497
1716113981367 0.9291039959630901 498
1716113999290 0.9251572614170304 499
1716114017576 0.9256684585959102 500
1716114032173 0.9259874114517604 501
1716114046934 0.9192396868506315 502
1716114061383 0.927884176790076 503
1716114076867 0.9288640127882086 504
1716114091325 0.9290426452045586 505
1716114105608 0.9274858956454805 506
1716114120310 0.925780757874194 507
1716114135064 0.9255225539842105 508
1716114150419 0.9265879628304674 509
1716114165140 0.9300051990523729 510
1716114179362 0.9283067682077721 511
1716114197547 0.9230568608310051 512
1716114211877 0.9303824053543869 513
1716114226205 0.92665419153098 514
1716114240451 0.9269501371273673 515
1716114255232 0.9287360277751056 516
1716114273602 0.9265554468403093 517
1716114288233 0.9271996409701887 518
1716114302768 0.9304152524901421 519
1716114321038 0.9253104642898325 520
1716114335424 0.9315229271563652 521
1716114353890 0.9212259186081831 522
1716114368284 0.9163261856400079 523
1716114383091 0.9273613123861524 524
1716114397526 0.9285739370855689 525
1716114412256 0.9279983780117069 526
1716114426542 0.9252120610717024 527
1716114440957 0.9231093843647783 528
1716114455520 0.9257781448020649 529
1716114469983 0.9247099694201921 530
1716114484651 0.9268482163310763 531
1716114499541 0.9174082036017751 532
1716114514009 0.922376200587335 533
1716114528780 0.9275023025805283 534
1716114543149 0.9223196620499227 535
1716114557508 0.9291742028445982 536
1716114572399 0.9296692812031049 537
1716114587109 0.9223167616061637 538
1716114601469 0.9294680473984029 539
1716114615813 0.9283721706736543 540
1716114630411 0.9269089879603092 541
1716114644890 0.9280349582174431 542
1716114659172 0.9244493550351601 543
1716114673733 0.9300787708719239 544
1716114687955 0.9264015933161098 545
1716114703411 0.9283547363933148 546
1716114717890 0.9277430789219392 547
1716114732177 0.9310957590467476 548
1716114746439 0.9259378807774438 549
1716114764556 0.9256297593056942 550
1716114779026 0.9350620605379526 551
1716114797066 0.9206239844327535 552
1716114811995 0.9302119542777771 553
1716114826488 0.9324012147522526 554
1716114844858 0.9302134367663083 555
1716114862792 0.9254256365926822 556
1716114877301 0.9295375301409128 557
1716114891857 0.9215271403300694 558
1716114906428 0.9261040389918765 559
1716114921464 0.9254082235146872 560
1716114935918 0.9276933334556404 561
1716114950420 0.9293078144069313 562
1716114964773 0.9281753006628931 563
1716114979313 0.931372963736376 564
1716114994057 0.9251474619963435 565
1716115008311 0.9307043919865431 566
1716115022651 0.9290141980661463 567
1716115036954 0.929043181735164 568
1716115051888 0.9246961076004752 569
1716115066204 0.9262972890288177 570
1716115080368 0.9252797438787934 571
1716115094951 0.9267907802231582 572
1716115109475 0.92883777923022 573
1716115123917 0.9289879509913578 574
1716115138446 0.9285039842949971 575
1716115152808 0.9325082601496155 576
1716115171273 0.9302092722903016 577
1716115189280 0.9305756704186764 578
1716115207173 0.9314615326951251 579
1716115225133 0.930068528485701 580
1716115242955 0.9309421864789783 581
1716115261230 0.9339882142685095 582
1716115279123 0.9315422100279361 583
1716115297135 0.9266568317569668 584
1716115311704 0.9336104026651647 585
1716115329919 0.9289799471910207 586
1716115344318 0.9237645394023145 587
1716115359119 0.930638475321885 588
1716115374290 0.9322463822018651 589
1716115388926 0.9254649747747878 590
1716115403299 0.9285456363997276 591
1716115417846 0.9309342870552914 592
1716115432129 0.9336296259250106 593
1716115446683 0.9235567467437664 594
1716115461084 0.9214282733255931 595
1716115477053 0.9249890449782449 596
1716115491539 0.9278021899296928 597
1716115505931 0.9238110181464494 598
1716115520406 0.9266795670002715 599
1716115539012 0.9201187425468991 600
1716115553449 0.9320935651919852 601
1716115568142 0.9262322624691164 602
1716115582614 0.929944417367477 603
1716115597657 0.9320716979208958 604
1716115611966 0.933619163745394 605
1716115626377 0.9242933735499507 606
1716115641338 0.9318701294813422 607
1716115655627 0.9271782394485776 608
1716115670206 0.9214994057392127 609
1716115684970 0.9251559344272339 610
1716115699439 0.9238618991474215 611
1716115714421 0.9329544677857697 612
1716115728802 0.9249002798838765 613
1716115743658 0.9338164006084861 614
1716115757927 0.9229314138657932 615
1716115773203 0.9341866403055376 616
1716115787769 0.9298407898241564 617
1716115802531 0.9286811318038769 618
1716115817348 0.9280761244199139 619
1716115832536 0.922938199026857 620
1716115847104 0.9272741085836754 621
1716115861947 0.925665844091586 622
1716115876437 0.9305475835848541 623
1716115891154 0.9281485847626669 624
1716115905773 0.9285262795017157 625
1716115921267 0.9274515976873282 626
1716115935661 0.9210163948418773 627
1716115950614 0.9242737062067636 628
1716115965064 0.9303566722453273 629
1716115979395 0.9276198675023463 630
1716115993850 0.9293975646746162 631
1716116008196 0.9277724799186026 632
1716116023998 0.9299531799816737 633
1716116038368 0.9275335779606735 634
1716116052948 0.9314381291198778 635
1716116068903 0.9281340813087845 636
1716116083409 0.9249472762222877 637
1716116098255 0.9305845203172328 638
1716116112497 0.932983466589226 639
1716116127152 0.928744164526956 640
1716116141673 0.9260279580231666 641
1716116156161 0.9302030344536382 642
1716116170405 0.9285895191350678 643
1716116185319 0.9289105499561644 644
1716116199757 0.929119611995438 645
1716116213959 0.932430343092924 646
1716116228590 0.9324467384136867 647
1716116242920 0.9223067385241769 648
1716116257387 0.9312480682940149 649
1716116275459 0.9288865471801097 650
1716116289968 0.932398986874975 651
1716116304840 0.9299727299843038 652
1716116319147 0.9299056417202713 653
1716116333573 0.9271345609294083 654
1716116347926 0.9280654179241866 655
1716116362308 0.9335945350863505 656
1716116377457 0.930358573067206 657
1716116391734 0.9254383043321283 658
1716116406197 0.9288316751049764 659
1716116420943 0.9291159651188258 660
1716116435489 0.9273508410712784 661
1716116450617 0.9238514340515329 662
1716116465278 0.9268108530223587 663
1716116479676 0.9231480007635003 664
1716116494204 0.9320605609275338 665
1716116508726 0.9273696195440856 666
1716116523355 0.9356274137488497 667
1716116538123 0.9236518008118336 668
1716116552915 0.9224203272995699 669
1716116567190 0.92883764359225 670
1716116581640 0.9308628126231739 671
1716116596114 0.9290053791523002 672
1716116610517 0.9288056166772402 673
1716116624808 0.9302615872340096 674
1716116639255 0.9307326160907303 675
1716116654450 0.9298429521688716 676
1716116669398 0.9302324565253136 677
1716116683892 0.9253875593451043 678
1716116699158 0.9295464944318345 679
1716116713496 0.9263131378271212 680
1716116727869 0.9312486129083833 681
1716116742047 0.9289345411310087 682
1716116756368 0.92722148185513 683
1716116771240 0.9285664913941355 684
1716116785658 0.9298994860053506 685
1716116800104 0.9277784372854437 686
1716116814334 0.9321238631533711 687
1716116828504 0.92808947674972 688
1716116843304 0.9242111566058296 689
1716116857588 0.9322328886134578 690
1716116872424 0.9308110049908578 691
1716116886827 0.9283972309157985 692
1716116901317 0.9280086390179815 693
1716116916234 0.9238903632504077 694
1716116930745 0.9251823291080875 695
1716116944919 0.9334236423602432 696
1716116959200 0.9284711565430622 697
1716116973508 0.924831666365992 698
1716116989030 0.9263862348926368 699
1716117006896 0.9375126917686218 700
1716117021784 0.9292756371223888 701
1716117037287 0.927127249980812 702
1716117051694 0.9254537242456724 703
1716117066140 0.9294772251057012 704
1716117081090 0.93479987083768 705
1716117095884 0.9264194391425603 706
1716117110463 0.9232218564328644 707
1716117124795 0.9304402392861686 708
1716117139338 0.9272089351800102 709
1716117153618 0.93127991203714 710
1716117168537 0.9307780700210814 711
1716117182778 0.9353802815222213 712
1716117197082 0.9297254108590707 713
1716117211851 0.9316810179991829 714
1716117226452 0.9296825639682487 715
1716117241453 0.9302824953327536 716
1716117255960 0.9266735899795874 717
1716117270402 0.9298099336077176 718
1716117284649 0.9223693944811244 719
1716117299040 0.9281548690544746 720
1716117313563 0.9306566425978483 721
1716117328831 0.9314602730937279 722
1716117343270 0.9300533058870136 723
1716117357932 0.9255003819059313 724
1716117372181 0.9336520784507883 725
1716117386908 0.9314919903038964 726
1716117401511 0.9275634915634106 727
1716117415883 0.9330907010525878 728
1716117430298 0.9230502659557617 729
1716117445018 0.9295492155754501 730
1716117459501 0.9305908340587802 731
1716117473919 0.9275521388035072 732
1716117488217 0.9312155753803846 733
1716117502655 0.9224087938409116 734
1716117516945 0.9332377219822371 735
1716117531406 0.9262087002565176 736
1716117545646 0.9291846543436555 737
1716117560389 0.9249361706465334 738
1716117574819 0.9301688917769074 739
1716117589201 0.9308767583814667 740
1716117604195 0.9239500708440049 741
1716117618635 0.9240131722806691 742
1716117633345 0.9315883322786407 743
1716117647560 0.9304724467659938 744
1716117662409 0.929461331410204 745
1716117677241 0.9337280483762518 746
1716117691754 0.9198396833333327 747
1716117706358 0.9233810850782215 748
1716117720727 0.9349407678412686 749
1716117738839 0.9322279689034355 750
1716117753623 0.9326374338883366 751
1716117768370 0.9297178902708199 752
1716117783037 0.9253229689209131 753
1716117797578 0.9220559051712721 754
1716117812726 0.9296228227737692 755
1716117827158 0.931342069419982 756
1716117841734 0.925432869808732 757
1716117856090 0.9303839619925022 758
1716117870520 0.9277890757470996 759
1716117885283 0.9302905820736473 760
1716117899948 0.9280904215512554 761
1716117914277 0.9304230903798846 762
1716117928641 0.9305739159894832 763
1716117943953 0.9286838453940206 764
1716117958316 0.9324443349638895 765
1716117972901 0.9271913218663482 766
1716117987329 0.9288330347577215 767
1716118003275 0.9316594175063674 768
1716118017849 0.9346011818928854 769
1716118032404 0.9304826692438423 770
1716118046571 0.9292865342514416 771
1716118061073 0.9286949535592139 772
1716118075391 0.933229099292868 773
1716118093259 0.9281138898290734 774
1716118108152 0.9311769763840173 775
1716118122562 0.9308969899827936 776
1716118140791 0.9270412397488706 777
1716118155889 0.9309510137422404 778
1716118170165 0.9340522083902604 779
1716118188629 0.9292921446039312 780
1716118203120 0.9294590891811145 781
1716118218062 0.9311849383054686 782
1716118232269 0.9291839933465594 783
1716118246830 0.9295589012055493 784
1716118261329 0.927450204016254 785
1716118276708 0.9320105205624983 786
1716118291135 0.9257255409993288 787
1716118305587 0.9323608898946615 788
1716118320406 0.9273782619608469 789
1716118336220 0.9239425612632934 790
1716118350674 0.9316911686734457 791
1716118365162 0.9309234593579044 792
1716118379536 0.9253065986616291 793
1716118394348 0.9284803209063015 794
1716118408855 0.9313795816527602 795
1716118423166 0.9325096502701276 796
1716118439305 0.9279213783696538 797
1716118453605 0.9325071801732464 798
1716118468097 0.9288455324089736 799
1716118486105 0.928438951792153 800
1716118501169 0.9267350697733153 801
1716118515816 0.9290994800770829 802
1716118530430 0.9345416408249694 803
1716118545227 0.9364692214798929 804
1716118563138 0.9266615907936536 805
1716118578107 0.9286204376662921 806
1716118592429 0.9300969058621372 807
1716118606964 0.9262550598922416 808
1716118622248 0.9294567755816336 809
1716118636673 0.933499996824195 810
1716118651191 0.9314488027190934 811
1716118666114 0.9268291912653853 812
1716118680360 0.9234401364707095 813
1716118694971 0.9307683178688828 814
1716118709827 0.9263450371355099 815
1716118724481 0.9301203931768094 816
1716118738994 0.9335827806995874 817
1716118753553 0.9237893362806086 818
1716118768669 0.9309123087649257 819
1716118783006 0.9258500861659901 820
1716118797955 0.9271623558945037 821
1716118812272 0.9279129680043527 822
1716118826544 0.9321130133447427 823
1716118840921 0.9280643297570662 824
1716118855271 0.9251995204660609 825
1716118869601 0.9350107249106294 826
1716118884349 0.9298082510727497 827
1716118898702 0.9317542893935737 828
1716118913296 0.9289914236287236 829
1716118927675 0.93387373190827 830
1716118942129 0.9282637734503192 831
1716118956338 0.9262350386221447 832
1716118970742 0.9259633550282191 833
1716118985058 0.9265389010690915 834
1716118999627 0.9270398887937272 835
1716119013998 0.9286198711689387 836
1716119028384 0.9239393253899794 837
1716119043636 0.9292187128087194 838
1716119058115 0.9243767724444759 839
1716119072481 0.9290906910383917 840
1716119087286 0.9263850922813437 841
1716119101584 0.9285691205863164 842
1716119116722 0.931472380741678 843
1716119131338 0.9305726498946831 844
1716119145686 0.9319571333994457 845
1716119159996 0.9274390797874892 846
1716119174832 0.9317067275387556 847
1716119189014 0.9223121214169835 848
1716119203444 0.9369556590029201 849
1716119221463 0.9287307962800119 850
1716119236476 0.9224433477473681 851
1716119250733 0.9261998867937041 852
1716119264869 0.9284883662727826 853
1716119279555 0.9348451984610082 854
1716119293809 0.9307597407949197 855
1716119308299 0.9261396177632703 856
1716119322594 0.9304483939167639 857
1716119336782 0.925687431134083 858
1716119351703 0.9298109740612573 859
1716119366162 0.9335270228820757 860
1716119380760 0.9260750801832337 861
1716119396098 0.9279800554194528 862
1716119410535 0.9343685220691631 863
1716119424906 0.9277891792536446 864
1716119439278 0.9329478885866677 865
1716119454259 0.9267396332796696 866
1716119468815 0.9300995250093179 867
1716119483169 0.9331052898903532 868
1716119497552 0.9321963998079582 869
1716119511921 0.9255557237639436 870
1716119526289 0.9350646158202535 871
1716119540834 0.9314547877394873 872
1716119555406 0.9316726343148943 873
1716119569561 0.930013103085912 874
1716119584175 0.9304375238829357 875
1716119599570 0.9319023576088593 876
1716119617936 0.9336658590485519 877
1716119635777 0.9272517250309563 878
1716119650093 0.9257288851042219 879
1716119664543 0.9304063506568934 880
1716119678972 0.9301943379413098 881
1716119693393 0.9295000031197356 882
1716119707920 0.932525343893467 883
1716119722127 0.9308162525393806 884
1716119736689 0.9281281045127071 885
1716119750864 0.9305110503358183 886
1716119765317 0.937757275190228 887
1716119783176 0.9309285515831851 888
1716119801318 0.9328207134681948 889
1716119819227 0.9323979369746397 890
1716119837316 0.928893452822294 891
1716119852065 0.9346667124750745 892
1716119869869 0.9306740381005646 893
1716119884222 0.9294102800324856 894
1716119898700 0.9252667034050358 895
1716119913575 0.9290208456643251 896
1716119928178 0.9317379651909053 897
1716119942637 0.9306260436527568 898
1716119957024 0.931695680415935 899
1716119974780 0.9293216919399451 900
1716119989236 0.933334299746221 901
1716120003762 0.9287589321772929 902
1716120018476 0.9284215981319989 903
1716120034138 0.926945051917451 904
1716120048464 0.9326896763532627 905
1716120063077 0.930069694680045 906
1716120077142 0.9293859297001621 907
1716120091372 0.9319644277654328 908
1716120105924 0.927689196041154 909
1716120120514 0.9346524171957867 910
1716120134844 0.9329488348193379 911
1716120150032 0.9285985240704937 912
1716120164369 0.9338816293570867 913
1716120178814 0.9253403522763164 914
1716120193559 0.9303774571834497 915
1716120207983 0.9302580475980523 916
1716120222760 0.9288150654989549 917
1716120237405 0.9342907026510122 918
1716120251938 0.9259232455344383 919
1716120266536 0.9275238127279556 920
1716120280907 0.9273064739911 921
1716120295143 0.9292051669335514 922
1716120309679 0.9289998031921254 923
1716120324148 0.9264396074570707 924
1716120338444 0.9327693821599966 925
1716120352797 0.932117765611868 926
1716120367688 0.9275522619140828 927
1716120382976 0.9268255358371881 928
1716120397632 0.927933430033626 929
1716120412004 0.9296449365266614 930
1716120426247 0.9238108231110361 931
1716120440710 0.932105649674768 932
1716120455184 0.9261543042171433 933
1716120469802 0.9294531267828386 934
1716120484080 0.9289453486821326 935
1716120498310 0.9284038198571056 936
1716120514101 0.9327203231733411 937
1716120528274 0.9302534065483038 938
1716120542673 0.9265744501093426 939
1716120557012 0.9243312466463861 940
1716120571306 0.932154126372431 941
1716120586312 0.9268544825369339 942
1716120600583 0.9341839618934115 943
1716120614880 0.9273357496772698 944
1716120630294 0.9299826820877897 945
1716120644471 0.9248503891009587 946
1716120658988 0.928749052871909 947
1716120673463 0.9285334747062021 948
1716120687820 0.9339664305886655 949
1716120705999 0.931018653850451 950
1716120720417 0.9305633559344026 951
1716120734796 0.9341973185718069 952
1716120750028 0.9358343979406447 953
1716120764402 0.9306480395012221 954
1716120778802 0.9275078413339419 955
1716120793195 0.9297095570186734 956
1716120807455 0.927346131120002 957
1716120822005 0.9297221160424867 958
1716120836314 0.9281225643037975 959
1716120850768 0.9283416878239542 960
1716120866568 0.9264276328045352 961
1716120881052 0.9267873331916386 962
1716120895506 0.9307059430595691 963
1716120909857 0.9331810586498167 964
1716120924399 0.9275412608332524 965
1716120939020 0.9292970805169712 966
1716120953380 0.9258289827698342 967
1716120967615 0.9349396462783995 968
1716120982858 0.9281209650059158 969
1716120997157 0.9262066191969831 970
1716121011418 0.9303951538264768 971
1716121025800 0.9289241382112926 972
1716121040460 0.9301441328647866 973
1716121055532 0.9354561341846375 974
1716121070025 0.9285511277887742 975
1716121084377 0.9259813447294986 976
1716121099453 0.9324941414536904 977
1716121113809 0.9324288941202054 978
1716121128442 0.9283627406183852 979
1716121142835 0.9337158032799913 980
1716121157242 0.9325163059445455 981
1716121171785 0.9280907030500319 982
1716121186255 0.9313623276739916 983
1716121200698 0.9301361330791081 984
1716121216081 0.9340501420204407 985
1716121230662 0.9259773894513934 986
1716121245114 0.9301469733535305 987
1716121259584 0.9277344575176659 988
1716121273860 0.9291181002610441 989
1716121288378 0.9291133876304666 990
1716121302782 0.9281328250569422 991
1716121317893 0.9301810271489463 992
1716121333402 0.9254901248151118 993
1716121348183 0.9333277527128144 994
1716121363047 0.9308239923295671 995
1716121377367 0.9272527163450058 996
1716121391911 0.9323327304044234 997
1716121406676 0.9317476049127659 998
1716121421216 0.927092863641661 999
