1712266753351 71.04 0
1712266819258 53.44 0
1712266880230 53.6 0
1712266946866 53.26 0
1712267007760 53.61 0
1712267073685 53.46 0
1712267134479 53.63 0
1712267195419 53.58 0
1712267261280 53.36 0
1712267322316 53.44 0
1712267383146 53.44 0
1712267448647 53.33 0
1712267509288 53.36 0
1712267570214 53.53 0
1712267631024 53.34 0
1712267692254 53.46 0
1712267747835 53.43 0
1712267808437 53.24 0
1712267874152 53.21 0
1712267929897 53.58 0
1712267995704 53.28 0
1712268056560 53.37 0
1712268116968 53.34 0
1712268172369 53.34 0
1712268238099 53.27 0
1712268298697 53.29 0
1712268364570 53.36 0
1712268430439 53.32 0
1712268496312 53.31 0
1712268556881 53.24 0
1712268617293 53.13 0
1712268677587 53.1 0
1712268737951 53.35 0
1712268798886 53.21 0
1712268859490 53.23 0
1712268914940 53.26 0
1712268970402 53.27 0
1712269026267 53.64 0
1712269081935 53.46 0
1712269142859 53.47 0
1712269203978 53.37 0
1712269269684 53.16 0
1712269325187 53.4 0
1712269385722 53.19 0
1712269446598 53.4 0
1712269507539 53.47 0
1712269568157 53.16 0
1712269634683 53.24 0
1712269695487 53.43 0
1712269761921 53.6 0
1712269819332 53.4 0
1712269880611 53.57 0
1712269941482 53.39 0
1712270002103 53.15 0
1712270062798 53.42 0
1712270118341 53.41 0
1712270174338 53.79 0
1712270230219 53.39 0
1712270291543 53.61 0
1712270352795 53.56 0
1712270413724 53.66 0
1712270475125 53.72 0
1712270536448 53.61 0
1712270592322 53.67 0
1712270653913 53.39 0
1712270720018 53.39 0
1712270780904 53.39 0
1712270836450 53.39 0
1712270892158 53.5 0
1712270947664 53.32 0
1712271003674 53.46 0
1712271059290 53.38 0
1712271115126 53.54 0
1712271170825 53.49 0
1712271226391 53.38 0
1712271282043 53.43 0
1712271342853 53.34 0
1712271404175 53.41 0
1712271460078 53.68 0
1712271515743 53.44 0
1712271571550 53.53 0
1712271627537 53.76 0
1712271688595 53.61 0
1712271749620 53.44 0
1712271811186 53.44 0
1712271871947 53.27 0
1712271932943 53.47 0
1712271993536 53.43 0
1712272049319 53.63 0
1712272104978 53.48 0
1712272160813 53.75 0
1712272216889 53.54 0
1712272277897 53.49 0
1712272338618 53.52 0
1712272399391 53.52 0
1712272455190 53.7 0
1712272511110 53.79 0
1712272566985 53.75 0
1712272623154 53.63 0
1712272678941 53.61 0
1712272739873 53.47 0
1712272795560 53.49 0
1712272851101 53.39 0
1712272906814 53.5 0
1712272962443 53.5 0
1712273018343 53.39 0
1712273074070 53.59 0
1712273129889 53.69 0
1712273190955 53.67 0
1712273246785 53.69 0
1712273307813 53.58 0
1712273369040 53.65 0
1712273430032 53.6 0
1712273491005 53.67 0
1712273551950 53.61 0
1712273612738 53.46 0
1712273673459 53.4 0
1712273734114 53.23 0
1712273794774 53.32 0
1712273855422 53.27 0
1712273910960 53.35 0
1712273966646 53.51 0
1712274022270 53.44 0
1712274078406 53.6 0
1712274139021 53.49 0
1712274200112 53.48 0
1712274261143 53.46 0
1712274321932 53.24 0
1712274377431 53.32 0
1712274433282 53.65 0
1712274488992 53.54 0
1712274544915 53.72 0
1712274600730 53.53 0
1712274656763 53.81 0
1712274712623 53.65 0
1712274768691 53.77 0
1712274825028 53.76 0
1712274880978 53.64 0
1712274941990 53.44 0
1712274997625 53.41 0
1712275058325 53.28 0
1712275114182 53.52 0
1712275180276 53.38 0
1712275236395 53.5 0
1712275302523 53.36 0
1712275358235 53.5 0
1712275419188 53.46 0
1712275475202 53.79 0
1712275531044 53.59 0
1712275586767 53.5 0
1712275648172 53.54 0
1712275704071 53.58 0
1712275759916 53.62 0
1712275815606 53.44 0
1712275871413 53.52 0
1712275927169 53.5 0
1712275982932 53.5 0
1712276039472 53.59 0
1712276095477 53.73 0
1712276151299 53.55 0
1712276207232 53.66 0
1712276268171 53.52 0
1712276329153 53.47 0
1712276385285 53.88 0
1712276441123 53.56 0
1712276496795 53.49 0
1712276557717 53.51 0
1712276618853 53.61 0
1712276674758 53.56 0
1712276741185 53.73 0
1712276802318 53.53 0
1712276858020 53.44 0
1712276924242 53.46 0
1712276985192 53.38 0
1712277046043 53.37 0
1712277107486 53.74 0
1712277163506 53.79 0
1712277219426 53.68 0
1712277280253 53.52 0
1712277336077 53.6 0
1712277391937 53.53 0
1712277448026 53.8 0
1712277503705 53.43 0
1712277559430 53.46 0
1712277615152 53.5 0
1712277671096 53.65 0
1712277727085 53.76 0
1712277783000 53.65 0
1712277839396 53.77 0
1712277895372 53.74 0
1712277951173 53.55 0
1712278007089 53.63 0
1712278068178 53.43 0
1712278129397 53.56 0
1712278190579 53.75 0
1712278246442 53.59 0
1712278307196 53.27 0
1712278362954 53.47 0
1712278418639 53.39 0
1712278474536 53.53 0
1712278535617 53.48 0
1712278591731 53.49 0
1712278652705 53.47 0
1712278713782 53.54 0
1712278769624 53.49 0
1712278825738 53.85 0
1712278881576 53.66 0
1712278937711 53.56 0
1712278993380 53.54 0
1712279049042 53.51 0
1712279104789 53.6 0
1712279160434 53.47 0
1712279216149 53.51 0
1712279271806 53.53 0
1712279327472 53.54 0
1712279383574 53.59 0
1712279444388 53.46 0
1712279499965 53.46 0
1712279555542 53.45 0
1712279611350 53.68 0
1712279666919 53.37 0
1712279722657 53.62 0
1712279783505 53.48 0
1712279844416 53.56 0
1712279900016 53.45 0
1712279960730 53.37 0
1712280016519 53.66 0
1712280072180 53.54 0
1712280128369 53.69 0
1712280194267 53.54 0
1712280255082 53.67 0
1712280310711 53.49 0
1712280366564 53.58 0
1712280422378 53.62 0
1712280478175 53.65 0
1712280534344 53.63 0
1712280590238 53.68 0
1712280646133 53.73 0
1712280701945 53.68 0
1712280757838 53.71 0
1712280813589 53.59 0
1712280869381 53.61 0
1712280925329 53.39 0
1712280980952 53.45 0
1712281036764 53.59 0
1712281092589 53.64 0
1712281148189 53.43 0
1712281203816 53.46 0
1712281259658 53.67 0
1712281315830 53.62 0
1712281376746 53.54 0
1712281432355 53.43 0
1712281488127 53.61 0
1712281543961 53.66 0
1712281599696 53.53 0
1712281655574 53.68 0
1712281711461 53.71 0
1712281767231 53.6 0
1712281822909 53.5 0
1712281878542 53.44 0
1712281934276 53.52 0
1712281989953 53.49 0
1712282045869 53.67 0
1712282101669 53.63 0
1712282157354 53.5 0
1712282218210 53.42 0
1712282273986 53.53 0
1712282329513 53.35 0
1712282385277 53.58 0
1712282441454 53.65 0
1712282497172 53.51 0
1712282552969 53.62 0
1712282608660 53.52 0
1712282664378 53.54 0
1712282730286 53.38 0
1712282791371 53.68 0
1712282847392 53.8 0
1712282903251 53.67 0
1712282958991 53.57 0
1712283014874 53.7 0
1712283070491 53.44 0
1712283126282 53.62 0
1712283182234 53.76 0
1712283237955 53.51 0
1712283293754 53.59 0
1712283349444 53.5 0
1712283405118 53.49 0
1712283461037 53.65 0
1712283516928 53.55 0
1712283573073 53.56 0
1712283628807 53.51 0
1712283684602 53.57 0
1712283746037 53.77 0
1712283802084 53.73 0
1712283858049 53.73 0
1712283913932 53.67 0
1712283975528 53.67 0
1712284031233 53.5 0
1712284086820 53.37 0
1712284142500 53.46 0
1712284203536 53.51 0
1712284259470 53.65 0
1712284315722 53.61 0
1712284371779 53.75 0
1712284427956 53.89 0
1712284484007 53.75 0
1712284539962 53.71 0
1712284595955 53.69 0
1712284651815 53.52 0
1712284707735 53.69 0
1712284763447 53.44 0
1712284819191 53.49 0
1712284874976 53.56 0
1712284930573 53.37 0
1712284986345 53.48 0
1712285042171 53.62 0
1712285098150 53.4 0
1712285154140 53.69 0
1712285209904 53.54 0
1712285265943 53.76 0
1712285321844 53.64 0
1712285377483 53.42 0
1712285433246 53.54 0
1712285489826 53.75 0
1712285545551 53.48 0
1712285601648 53.8 0
1712285657604 53.65 0
1712285713324 53.5 0
1712285769111 53.57 0
1712285824786 53.46 0
1712285880973 53.59 0
1712285936878 53.69 0
1712285992703 53.6 0
1712286053705 53.59 0
1712286109396 53.46 0
1712286165398 53.69 0
1712286221271 53.59 0
1712286277537 53.59 0
1712286333482 53.66 0
1712286389334 53.6 0
1712286445350 53.63 0
1712286501383 53.66 0
1712286557180 53.54 0
1712286612960 53.53 0
1712286674158 53.46 0
1712286729893 53.41 0
1712286791043 53.43 0
1712286846702 53.4 0
1712286902557 53.51 0
1712286958452 53.62 0
1712287020382 53.7 0
1712287076235 53.59 0
1712287142269 53.42 0
1712287203556 53.67 0
1712287259429 53.6 0
1712287320596 53.63 0
1712287376858 53.6 0
1712287432685 53.54 0
1712287488461 53.51 0
1712287549680 53.5 0
1712287610938 53.65 0
1712287666826 53.58 0
1712287722911 53.82 0
1712287778767 53.59 0
1712287834680 53.62 0
1712287890648 53.64 0
1712287946522 53.57 0
1712288002385 53.56 0
1712288058345 53.69 0
1712288119540 53.28 0
1712288175251 53.42 0
1712288230833 53.31 0
1712288286537 53.36 0
1712288347415 53.34 0
1712288403163 53.48 0
1712288458895 53.47 0
1712288514583 53.43 0
1712288570573 53.58 0
1712288626486 53.61 0
1712288682434 53.65 0
1712288738549 53.73 0
1712288794540 53.71 0
1712288850704 53.5 0
1712288906759 53.66 0
1712288962735 53.67 0
1712289018736 53.64 0
1712289074707 53.61 0
1712289130752 53.69 0
1712289186563 53.46 0
1712289243079 53.59 0
1712289298938 53.55 0
1712289354855 53.59 0
1712289410880 53.71 0
1712289466846 53.66 0
1712289522717 53.56 0
1712289578700 53.56 0
1712289635179 53.7 0
1712289691158 53.66 0
1712289747115 53.63 0
1712289803177 53.75 0
1712289864151 53.52 0
1712289919960 53.51 0
1712289976334 54.06 0
1712290032270 53.63 0
1712290088147 53.57 0
1712290143997 53.55 0
1712290199921 53.54 0
1712290255797 53.57 0
1712290311640 53.52 0
1712290367838 53.49 0
1712290423711 53.55 0
1712290479655 53.77 0
1712290535520 53.69 0
1712290591354 53.58 0
1712290647086 53.57 0
1712290702799 53.55 0
1712290764123 53.59 0
1712290820074 53.78 0
1712290881087 53.59 0
1712290936870 53.6 0
1712290992689 53.64 0
1712291048457 53.6 0
1712291104151 53.52 0
1712291160297 53.49 0
1712291216129 53.63 0
1712291271800 53.44 0
1712291327475 53.51 0
1712291383239 53.59 0
1712291438991 53.58 0
1712291494781 53.63 0
1712291550764 53.74 0
1712291606517 53.55 0
1712291662316 53.57 0
1712291718158 53.68 0
1712291773860 53.53 0
1712291829650 53.62 0
1712291885479 53.67 0
1712291941336 53.68 0
1712291997055 53.55 0
1712292052897 53.68 0
1712292108557 53.5 0
1712292164214 53.48 0
1712292219999 53.6 0
1712292275571 53.39 0
1712292331535 53.67 0
1712292387123 53.42 0
1712292442847 53.54 0
1712292498612 53.59 0
1712292554338 53.56 0
1712292610166 53.63 0
1712292670945 53.44 0
1712292726878 53.4 0
1712292782646 53.59 0
1712292838254 53.42 0
1712292894090 53.66 0
1712292949879 53.56 0
1712293005794 53.68 0
1712293061582 53.52 0
1712293117675 53.89 0
1712293173333 53.47 0
1712293229114 53.6 0
1712293284912 53.61 0
1712293340569 53.45 0
1712293396325 53.58 0
1712293451831 53.33 0
1712293507638 53.64 0
1712293563352 53.55 0
1712293619177 53.59 0
1712293675058 53.69 0
1712293730998 53.7 0
1712293786770 53.55 0
1712293842538 53.59 0
1712293898374 53.65 0
1712293953985 53.44 0
1712294009801 53.64 0
1712294065523 53.54 0
1712294121527 53.73 0
1712294177350 53.61 0
1712294233206 53.64 0
1712294289055 53.62 0
1712294344911 53.64 0
1712294400812 53.68 0
1712294456603 53.55 0
1712294512544 53.73 0
1712294568314 53.57 0
1712294624122 53.54 0
1712294680035 53.7 0
1712294735838 53.57 0
1712294791552 53.51 0
1712294847283 53.52 0
1712294903035 53.53 0
1712294958819 53.57 0
1712295014671 53.64 0
1712295075999 53.51 0
1712295131732 53.52 0
1712295187373 53.43 0
1712295242977 53.4 0
1712295298652 53.39 0
1712295354291 53.41 0
1712295410009 53.51 0
1712295471480 53.41 0
1712295527272 53.51 0
1712295588455 53.61 0
1712295644305 53.61 0
1712295699986 53.48 0
1712295755876 53.67 0
1712295811700 53.61 0
1712295867428 53.51 0
1712295923116 53.47 0
1712295978854 53.52 0
1712296034501 53.43 0
1712296090345 53.59 0
1712296146239 53.61 0
1712296202294 53.43 0
1712296258033 53.52 0
1712296313954 53.64 0
1712296369678 53.44 0
1712296425376 53.48 0
1712296486225 53.39 0
1712296541873 53.42 0
1712296597906 53.42 0
1712296653550 53.38 0
1712296709410 53.65 0
1712296765063 53.44 0
1712296820903 53.59 0
1712296876692 53.57 0
1712296932483 53.57 0
1712296988766 53.68 0
1712297044612 53.62 0
1712297100506 53.62 0
1712297156566 53.73 0
1712297212353 53.56 0
1712297268233 53.56 0
1712297324164 53.72 0
1712297380361 53.53 0
1712297436236 53.58 0
1712297491965 53.51 0
1712297547709 53.52 0
1712297603543 53.58 0
1712297659568 53.69 0
1712297715274 53.46 0
1712297771194 53.7 0
1712297826988 53.51 0
1712297882698 53.5 0
1712297938491 53.51 0
1712297994321 53.6 0
1712298050132 53.57 0
1712298105905 53.56 0
1712298161909 53.78 0
1712298217626 53.5 0
1712298278527 53.29 0
1712298334155 53.4 0
1712298389771 53.4 0
1712298445530 53.54 0
1712298501198 53.46 0
1712298557378 53.6 0
1712298613312 53.71 0
1712298669100 53.52 0
1712298725017 53.63 0
1712298780772 53.54 0
1712298836518 53.53 0
1712298892430 53.67 0
1712298948580 53.55 0
1712299004232 53.43 0
1712299060066 53.51 0
1712299115838 53.55 0
1712299171557 53.41 0
1712299227313 53.53 0
1712299283185 53.66 0
1712299339145 53.74 0
1712299395111 53.66 0
1712299450818 53.49 0
1712299506609 53.56 0
1712299562370 53.49 0
1712299618170 53.55 0
1712299673950 53.44 0
1712299729884 53.67 0
1712299785916 53.67 0
1712299841820 53.62 0
1712299897755 53.61 0
1712299953548 53.54 0
1712300009432 53.61 0
1712300065420 53.73 0
1712300121336 53.64 0
1712300177170 53.57 0
1712300233003 53.5 0
1712300288843 53.58 0
1712300344602 53.43 0
1712300400486 53.63 0
1712300456357 53.62 0
1712300512438 53.8 0
1712300568296 53.57 0
1712300624237 53.68 0
1712300680134 53.64 0
1712300736087 53.7 0
1712300791959 53.62 0
1712300847735 53.52 0
1712300903925 53.5 0
1712300959623 53.44 0
1712301015382 53.48 0
