1712266753330 0.024324934144884326 0
1712266819240 0.005268052796559657 1
1712266880209 0.08155807519644447 2
1712266946844 0.07060059827857497 3
1712267007737 0.06971165960722371 4
1712267073667 0.07267241586942004 5
1712267134459 0.0611449138136788 6
1712267195399 0.14532753113984662 7
1712267261259 0.17379836146067482 8
1712267322289 0.1356871762079409 9
1712267383126 0.2159146092234413 10
1712267448625 0.15706555696945534 11
1712267509267 0.18368536576741362 12
1712267570191 0.19823137990221973 13
1712267631005 0.14959934832797406 14
1712267692233 0.10677373310948493 15
1712267747814 0.189944373002312 16
1712267808415 0.24355403474380077 17
1712267874131 0.13298779467095817 18
1712267929880 0.2310146144399336 19
1712267995684 0.19098159987648805 20
1712268056538 0.26887588191800155 21
1712268116946 0.1464325055678575 22
1712268172350 0.31548398620777207 23
1712268238080 0.17552892881771892 24
1712268298679 0.28533311459784627 25
1712268364551 0.32973842225470773 26
1712268430421 0.36861928584524417 27
1712268496291 0.30318413685108425 28
1712268556863 0.2332697390745902 29
1712268617270 0.27172030655200724 30
1712268677564 0.30663668839304686 31
1712268737931 0.2897342159676854 32
1712268798864 0.27341788757582525 33
1712268859468 0.08480215296084626 34
1712268914921 0.2893218687296968 35
1712268970372 0.31190823517088884 36
1712269026249 0.268133385614904 37
1712269081915 0.2700360446056351 38
1712269142838 0.29330864740715024 39
1712269203954 0.3704786465660941 40
1712269269661 0.23968301152546012 41
1712269325169 0.32014402280454635 42
1712269385697 0.28757350088309974 43
1712269446578 0.31509569408092264 44
1712269507521 0.3385584090224124 45
1712269568133 0.36320568323046687 46
1712269634664 0.310456077261222 47
1712269695456 0.35226555676334714 48
1712269761900 0.29681774839364866 49
1712269819312 0.30872829898916476 50
1712269880591 0.3344632077753484 51
1712269941461 0.3278313667435452 52
1712270002083 0.34277319510847487 53
1712270062776 0.25211211083863305 54
1712270118317 0.3344124890695406 55
1712270174320 0.21981365663621844 56
1712270230191 0.40113644449520325 57
1712270291519 0.32758451976443315 58
1712270352766 0.38187620561940816 59
1712270413698 0.40144681203399957 60
1712270475103 0.36210559930811936 61
1712270536426 0.27140297352047826 62
1712270592301 0.3813622673055582 63
1712270653891 0.5063392472102295 64
1712270719994 0.428294097130351 65
1712270780882 0.30986716646662416 66
1712270836431 0.3428872087574889 67
1712270892137 0.32592008412841256 68
1712270947642 0.37324118014305063 69
1712271003653 0.38115079290585 70
1712271059264 0.32364527351839967 71
1712271115105 0.3402381592087421 72
1712271170809 0.3371395350992774 73
1712271226372 0.4165732629473373 74
1712271282021 0.4070270290631162 75
1712271342831 0.4237393501473178 76
1712271404157 0.26109238262943496 77
1712271460057 0.3815623073704052 78
1712271515721 0.3447569391710723 79
1712271571526 0.3940854800417078 80
1712271627515 0.478693251085867 81
1712271688564 0.37788039946248375 82
1712271749597 0.3806556239223247 83
1712271811164 0.3828173757914277 84
1712271871925 0.4212799397949404 85
1712271932924 0.3937529380695917 86
1712271993513 0.3267763442509385 87
1712272049295 0.3720447191243681 88
1712272104957 0.39221271463907076 89
1712272160793 0.37848768877857375 90
1712272216872 0.49513933878227817 91
1712272277882 0.5099603398513447 92
1712272338598 0.43335892315667734 93
1712272399368 0.3926409955951702 94
1712272455170 0.3634780393261068 95
1712272511092 0.37399763443647993 96
1712272566964 0.32602526952342875 97
1712272623129 0.39275058843219257 98
1712272678923 0.3223957530395645 99
1712272739852 0.2682974883518529 100
1712272795541 0.4168109120296053 101
1712272851080 0.4430782805257456 102
1712272906794 0.30247477733584927 103
1712272962423 0.3618960391198074 104
1712273018320 0.445266302956851 105
1712273074048 0.3310609023092237 106
1712273129870 0.5906535104046293 107
1712273190932 0.4329766270011054 108
1712273246766 0.5077444060363437 109
1712273307793 0.4577307629672651 110
1712273369021 0.4178030788366851 111
1712273430009 0.44552037101463127 112
1712273490984 0.43897377437772706 113
1712273551922 0.4282347977491682 114
1712273612711 0.45131837830024524 115
1712273673438 0.49751906247414823 116
1712273734096 0.4529105504667902 117
1712273794753 0.4993473261908463 118
1712273855404 0.29264460462187647 119
1712273910939 0.4621008367435444 120
1712273966624 0.4616558612726869 121
1712274022249 0.48057042759888713 122
1712274078387 0.5213520139492845 123
1712274138996 0.4511652943605778 124
1712274200083 0.46754857535409594 125
1712274261116 0.4665804462959215 126
1712274321909 0.4019742356920299 127
1712274377409 0.47504101174081076 128
1712274433260 0.41750493406118516 129
1712274488974 0.37889800925450345 130
1712274544886 0.5012455668654949 131
1712274600706 0.4666790798869007 132
1712274656741 0.3712322052311274 133
1712274712600 0.47052465963533174 134
1712274768670 0.5048693858936919 135
1712274825008 0.4529620833509401 136
1712274880955 0.4706210874551655 137
1712274941970 0.44567655615087337 138
1712274997593 0.4963201135165424 139
1712275058294 0.40723843426266265 140
1712275114149 0.5667549165349348 141
1712275180254 0.45167756551203475 142
1712275236377 0.505059438781847 143
1712275302502 0.4099907131505982 144
1712275358217 0.5222311962454085 145
1712275419170 0.4061663324479277 146
1712275475180 0.42874058076308175 147
1712275531023 0.5453192590986613 148
1712275586735 0.35701604547957005 149
1712275648151 0.4496793692830007 150
1712275704052 0.40528356814542343 151
1712275759892 0.3754755799182541 152
1712275815588 0.4631762532291999 153
1712275871390 0.4595545484805469 154
1712275927151 0.529692229240863 155
1712275982907 0.5416655792013797 156
1712276039451 0.47085869595150215 157
1712276095457 0.44513894300589346 158
1712276151269 0.49194381214641847 159
1712276207210 0.5131738738935632 160
1712276268149 0.4723831319761023 161
1712276329131 0.43146977917187357 162
1712276385266 0.42697685864839097 163
1712276441102 0.4824064125306425 164
1712276496775 0.5247443744315907 165
1712276557695 0.4706373642886419 166
1712276618830 0.43241260064876286 167
1712276674737 0.5506490186266395 168
1712276741158 0.49586019668753584 169
1712276802288 0.4435410704850289 170
1712276857992 0.537724810188678 171
1712276924221 0.53055797830314 172
1712276985171 0.5276924595871672 173
1712277046023 0.5475358732265032 174
1712277107471 0.47807542141448917 175
1712277163476 0.47025996885176513 176
1712277219404 0.5592659986503183 177
1712277280230 0.48239861404209505 178
1712277336058 0.47329036768864663 179
1712277391912 0.4806980606083404 180
1712277448008 0.4437383071577483 181
1712277503679 0.460945945810792 182
1712277559406 0.4771958341287334 183
1712277615130 0.4287221775069281 184
1712277671077 0.4909913244164351 185
1712277727066 0.5811678042843966 186
1712277782977 0.5492884216719921 187
1712277839378 0.41282598274607857 188
1712277895350 0.4844081052670558 189
1712277951144 0.555202078344783 190
1712278007070 0.5354416682419273 191
1712278068157 0.5187469076673752 192
1712278129375 0.5079633813613509 193
1712278190560 0.42509475782246975 194
1712278246422 0.5738628158617604 195
1712278307174 0.47144918483945353 196
1712278362932 0.5101357353380658 197
1712278418607 0.4288993955377254 198
1712278474511 0.5190931599577098 199
1712278535598 0.4989814359412671 200
1712278591709 0.5581470231160628 201
1712278652683 0.5413027526514959 202
1712278713760 0.40544943403758205 203
1712278769605 0.4417625827363181 204
1712278825716 0.48345704945651224 205
1712278881554 0.46060786985059265 206
1712278937691 0.42408703819825144 207
1712278993362 0.41934357129519145 208
1712279049021 0.5239425777748198 209
1712279104769 0.4256680551458216 210
1712279160408 0.5062016025968438 211
1712279216129 0.5428811573155987 212
1712279271784 0.465801321284964 213
1712279327454 0.5271454473045653 214
1712279383555 0.6569751054531092 215
1712279444370 0.4989923421711861 216
1712279499943 0.4470678016123124 217
1712279555519 0.5556158435475502 218
1712279611317 0.46805727728586327 219
1712279666901 0.5150556952789863 220
1712279722637 0.5817011405588768 221
1712279783483 0.514791799547085 222
1712279844389 0.443947616086621 223
1712279899999 0.5845167031385932 224
1712279960706 0.46605443390165247 225
1712280016499 0.43188524056915023 226
1712280072157 0.5669670397302381 227
1712280128347 0.6242239893607635 228
1712280194230 0.5798266871916677 229
1712280255060 0.47677661115806214 230
1712280310685 0.5269039084366143 231
1712280366538 0.517142850100757 232
1712280422359 0.4791457823249351 233
1712280478155 0.44543509922875635 234
1712280534320 0.48800994893320926 235
1712280590211 0.6138420446419734 236
1712280646113 0.5258089880741807 237
1712280701927 0.4622269119172776 238
1712280757817 0.542878577649944 239
1712280813570 0.5220370351672946 240
1712280869360 0.5050227393859312 241
1712280925306 0.5081356020553848 242
1712280980923 0.5098229684811765 243
1712281036742 0.474221247026958 244
1712281092571 0.5053205035735493 245
1712281148166 0.576657393972851 246
1712281203797 0.5043295468551193 247
1712281259637 0.4870631450894092 248
1712281315812 0.5395049740060567 249
1712281376724 0.6002401242838643 250
1712281432332 0.5022808785281695 251
1712281488108 0.4486961405663327 252
1712281543937 0.4545937364355832 253
1712281599673 0.4865101423159733 254
1712281655551 0.5337462957113622 255
1712281711439 0.5689905609432264 256
1712281767211 0.5358220817281504 257
1712281822885 0.35940695346024026 258
1712281878516 0.5823912198172583 259
1712281934253 0.5057315283669456 260
1712281989926 0.5656671141925265 261
1712282045850 0.49651038525546975 262
1712282101646 0.5048394138467827 263
1712282157333 0.5667775066588931 264
1712282218191 0.41326717317372585 265
1712282273965 0.5768928869348157 266
1712282329489 0.49743730772282124 267
1712282385256 0.5241010557035974 268
1712282441430 0.47779169311720354 269
1712282497150 0.5746385976433492 270
1712282552949 0.5027239260043836 271
1712282608641 0.5654088854619248 272
1712282664350 0.6256023302909712 273
1712282730268 0.6035252573851456 274
1712282791342 0.5206483970031263 275
1712282847370 0.5181510361421556 276
1712282903230 0.5390486163590795 277
1712282958968 0.5055409766883456 278
1712283014858 0.4382077231837579 279
1712283070472 0.5527485790374378 280
1712283126261 0.5628754342264226 281
1712283182207 0.5125301835649326 282
1712283237933 0.49603054026256227 283
1712283293733 0.5359805386504839 284
1712283349425 0.555273988110774 285
1712283405094 0.5097446380980171 286
1712283461008 0.5120018039363864 287
1712283516904 0.5582614199705693 288
1712283573056 0.5246453827171563 289
1712283628784 0.5344806252287442 290
1712283684579 0.6229524298955791 291
1712283746007 0.5108670471906949 292
1712283802065 0.41502219985047883 293
1712283858030 0.6473975776437702 294
1712283913911 0.6649185709577594 295
1712283975507 0.45752257624297976 296
1712284031213 0.5495687044782958 297
1712284086801 0.6112801619903223 298
1712284142470 0.5365697925357817 299
1712284203516 0.5185678161637497 300
1712284259447 0.5478298258055071 301
1712284315690 0.42289138034541507 302
1712284371755 0.5172287558608503 303
1712284427930 0.4981131070180077 304
1712284483988 0.4933827986098337 305
1712284539939 0.5443551911758687 306
1712284595926 0.6433648498079765 307
1712284651797 0.5327616629545838 308
1712284707714 0.5321773200485155 309
1712284763415 0.5405755897973827 310
1712284819170 0.5083417445292842 311
1712284874955 0.5776186783239012 312
1712284930543 0.516311169528041 313
1712284986323 0.535840541572246 314
1712285042151 0.5243549989315341 315
1712285098118 0.5359272489113447 316
1712285154118 0.5062150113996483 317
1712285209885 0.46809905685174436 318
1712285265921 0.6164693212224434 319
1712285321826 0.5488927576887337 320
1712285377462 0.4755809176391189 321
1712285433223 0.5743300754812837 322
1712285489804 0.48384605802633973 323
1712285545533 0.5105160845193215 324
1712285601630 0.5594255081859506 325
1712285657587 0.42378953388381474 326
1712285713303 0.49573139335187544 327
1712285769093 0.5041757253214272 328
1712285824765 0.5268797890987363 329
1712285880952 0.476486061511612 330
1712285936859 0.5026973999019547 331
1712285992681 0.6438220413127138 332
1712286053684 0.5356237526679102 333
1712286109369 0.5066915502600691 334
1712286165376 0.40837718217989144 335
1712286221249 0.473849690423648 336
1712286277518 0.559930531481255 337
1712286333462 0.6515862927401974 338
1712286389311 0.597185495674425 339
1712286445327 0.5972375170120019 340
1712286501363 0.5326301473630722 341
1712286557162 0.5742952893109529 342
1712286612936 0.6008630699929262 343
1712286674137 0.544196963116543 344
1712286729872 0.6078447211246418 345
1712286791025 0.49898922408716395 346
1712286846677 0.5422021028660912 347
1712286902539 0.5762557856209982 348
1712286958434 0.5692306564019113 349
1712287020360 0.48843579289288275 350
1712287076213 0.6958365591179031 351
1712287142247 0.5980970065767142 352
1712287203533 0.5574619305387729 353
1712287259407 0.600754076071665 354
1712287320577 0.3858438101626232 355
1712287376839 0.5277116638367637 356
1712287432665 0.6638694574055083 357
1712287488441 0.6648639480181143 358
1712287549659 0.6305470013799455 359
1712287610917 0.5525059714222524 360
1712287666797 0.4736360938128419 361
1712287722889 0.5549322862612709 362
1712287778745 0.6411008809607217 363
1712287834658 0.5590454513595398 364
1712287890630 0.4841138631823505 365
1712287946499 0.6518235765628649 366
1712288002364 0.6189879586057949 367
1712288058322 0.6469018806051936 368
1712288119518 0.5271431897757454 369
1712288175230 0.5761976853005445 370
1712288230813 0.6175787925279522 371
1712288286519 0.6297839115371805 372
1712288347387 0.49394495418237916 373
1712288403142 0.5581387660895736 374
1712288458877 0.6269108431977873 375
1712288514559 0.5776975450710842 376
1712288570542 0.5202206558060145 377
1712288626463 0.5844828468981793 378
1712288682412 0.44551771581682165 379
1712288738515 0.4967808247580802 380
1712288794519 0.5844624499855239 381
1712288850686 0.5173527620515808 382
1712288906738 0.6367229891167572 383
1712288962711 0.4420047476466117 384
1712289018716 0.47560078415110507 385
1712289074681 0.5974276683532346 386
1712289130724 0.5261817990742793 387
1712289186536 0.6402463442753952 388
1712289243059 0.49901942361654306 389
1712289298916 0.4972795832262613 390
1712289354834 0.45593636169662655 391
1712289410859 0.48918852618316633 392
1712289466824 0.5472988803669525 393
1712289522694 0.5293308363116908 394
1712289578678 0.5209249995359415 395
1712289635157 0.5984279339553191 396
1712289691139 0.5953983067216809 397
1712289747095 0.5368347360419722 398
1712289803157 0.6338728395583519 399
1712289864131 0.5532261069945994 400
1712289919939 0.5448664758953065 401
1712289976312 0.472488177418898 402
1712290032249 0.5038352679500774 403
1712290088125 0.620952378228705 404
1712290143975 0.578397396554163 405
1712290199901 0.6163003879105831 406
1712290255776 0.5237384041567584 407
1712290311618 0.6028299740863597 408
1712290367820 0.5737907332337888 409
1712290423691 0.562327956648246 410
1712290479634 0.5720030784371746 411
1712290535498 0.65256650159136 412
1712290591332 0.6007446319622912 413
1712290647065 0.4805756252111849 414
1712290702777 0.7125289836406155 415
1712290764105 0.624232934954305 416
1712290820053 0.6524331466720423 417
1712290881067 0.4962617905178093 418
1712290936853 0.457595583780574 419
1712290992667 0.5201871442637729 420
1712291048437 0.5563867976056185 421
1712291104126 0.6166607641013805 422
1712291160275 0.4621850989113203 423
1712291216106 0.5907457052591631 424
1712291271780 0.6115388432174981 425
1712291327452 0.4887242458267872 426
1712291383220 0.5458279642780542 427
1712291438972 0.5721713018117438 428
1712291494762 0.5941171994604182 429
1712291550745 0.6317989810010187 430
1712291606495 0.621870789505929 431
1712291662296 0.5388003015213101 432
1712291718136 0.634297912098261 433
1712291773836 0.6348727128262988 434
1712291829629 0.5979402728390271 435
1712291885459 0.5832746886558166 436
1712291941316 0.5365186454130066 437
1712291997037 0.68188959728067 438
1712292052879 0.5900363068873228 439
1712292108536 0.5295472626076576 440
1712292164189 0.6041173433666158 441
1712292219977 0.498240772295673 442
1712292275549 0.49810539250403885 443
1712292331514 0.5853851821202212 444
1712292387100 0.5645297457041234 445
1712292442819 0.45507008201955534 446
1712292498591 0.42609319607667706 447
1712292554319 0.5679464272093524 448
1712292610144 0.5628679541170436 449
1712292670922 0.5334262397418614 450
1712292726859 0.598321960961212 451
1712292782625 0.6381310417962213 452
1712292838232 0.5769748787954678 453
1712292894068 0.5484652503991361 454
1712292949853 0.5478877413240739 455
1712293005767 0.5530782807136896 456
1712293061561 0.509211892991719 457
1712293117654 0.47824770079726303 458
1712293173308 0.5195384205611052 459
1712293229096 0.5618671607048911 460
1712293284877 0.5509617002298418 461
1712293340546 0.5638446626808242 462
1712293396306 0.5489648279323784 463
1712293451808 0.5884495823264937 464
1712293507617 0.475800176795183 465
1712293563333 0.5384730145451252 466
1712293619154 0.6156821432602749 467
1712293675040 0.5738076284562509 468
1712293730974 0.4852992702760655 469
1712293786749 0.515522628260807 470
1712293842520 0.5414315331092119 471
1712293898355 0.6259775887833352 472
1712293953966 0.5771623626097426 473
1712294009783 0.4342043130019159 474
1712294065502 0.6145733850907622 475
1712294121499 0.5010273462016832 476
1712294177330 0.6544098586347841 477
1712294233183 0.6711671954692131 478
1712294289037 0.599873161102052 479
1712294344890 0.587702321898966 480
1712294400793 0.6167460072659425 481
1712294456582 0.5459682016212896 482
1712294512524 0.551763167200286 483
1712294568295 0.5833592801208386 484
1712294624103 0.534316842717138 485
1712294680014 0.6343341947435971 486
1712294735820 0.5325099504921577 487
1712294791534 0.6540533766189537 488
1712294847263 0.5745157076826859 489
1712294903016 0.6221279543014259 490
1712294958797 0.6534951407814131 491
1712295014650 0.5952353221233704 492
1712295075978 0.47740217291810394 493
1712295131714 0.5762820689579757 494
1712295187356 0.6494906645070944 495
1712295242958 0.5806157167111557 496
1712295298630 0.5622098178211248 497
1712295354271 0.60110393455053 498
1712295409984 0.5340895373701349 499
1712295471460 0.6448431642687963 500
1712295527248 0.6741834242019884 501
1712295588432 0.567222950714416 502
1712295644283 0.5204041664323952 503
1712295699967 0.5818106016681499 504
1712295755854 0.5987516142221398 505
1712295811680 0.4324739272345792 506
1712295867407 0.5410687260290197 507
1712295923097 0.46417274901507344 508
1712295978832 0.5875088729764207 509
1712296034476 0.5947831928647471 510
1712296090324 0.4982534385224914 511
1712296146221 0.4397196663967168 512
1712296202268 0.6005954335759693 513
1712296258011 0.5545527987935602 514
1712296313932 0.55243171043032 515
1712296369657 0.5735373815570372 516
1712296425353 0.7104212772096463 517
1712296486203 0.48174527011645896 518
1712296541840 0.49009042202004893 519
1712296597884 0.5233667237883907 520
1712296653531 0.6704033649153093 521
1712296709390 0.5505790071976892 522
1712296765041 0.471384761406045 523
1712296820885 0.5842640963995342 524
1712296876673 0.5465274292084612 525
1712296932465 0.6272728476163996 526
1712296988745 0.5493239905028104 527
1712297044585 0.5642861903606338 528
1712297100480 0.5227872966969397 529
1712297156542 0.5212201114944166 530
1712297212333 0.6276162941081664 531
1712297268214 0.6193501280423586 532
1712297324140 0.528528063664816 533
1712297380339 0.5074078252930756 534
1712297436214 0.42520169090295956 535
1712297491947 0.4918217397005834 536
1712297547680 0.6081206202385865 537
1712297603515 0.5470795668468664 538
1712297659547 0.475788549716617 539
1712297715253 0.6158811392819012 540
1712297771172 0.6182618978043608 541
1712297826967 0.6667224054275727 542
1712297882675 0.48164863111529743 543
1712297938470 0.5351945652931261 544
1712297994302 0.6414441265433923 545
1712298050113 0.6275117570017286 546
1712298105884 0.5598682144798967 547
1712298161890 0.49203850581036024 548
1712298217604 0.6328118135115822 549
1712298278506 0.6046240033676223 550
1712298334133 0.5415352697713353 551
1712298389751 0.6272094339533363 552
1712298445508 0.547470558947788 553
1712298501177 0.6465375534530509 554
1712298557356 0.5637063802124822 555
1712298613291 0.4925022489698066 556
1712298669080 0.5410447571167867 557
1712298724998 0.59439794411838 558
1712298780753 0.49795487532411453 559
1712298836498 0.5903495547030201 560
1712298892408 0.5152010200026454 561
1712298948559 0.7420071740715157 562
1712299004204 0.5045942939936823 563
1712299060044 0.47567173732028944 564
1712299115817 0.5140982546212377 565
1712299171525 0.5191424101510693 566
1712299227292 0.49500034843090085 567
1712299283166 0.5401321476170267 568
1712299339118 0.5643424771834032 569
1712299395088 0.6039392076862626 570
1712299450796 0.679831512214585 571
1712299506587 0.7041120569478656 572
1712299562351 0.5619318023370456 573
1712299618148 0.7007338590397328 574
1712299673930 0.4912782092370237 575
1712299729854 0.48168058205893016 576
1712299785896 0.5895883831248492 577
1712299841800 0.5926309656127313 578
1712299897736 0.6516115641062368 579
1712299953531 0.46782881521468833 580
1712300009410 0.5962213986682795 581
1712300065402 0.5436960924882406 582
1712300121301 0.5630257894106717 583
1712300177149 0.6203711058239378 584
1712300232983 0.5406005321839233 585
1712300288820 0.6316770423510667 586
1712300344582 0.5873856073621764 587
1712300400465 0.5952725682785696 588
1712300456337 0.5380999863751602 589
1712300512414 0.5336088362848965 590
1712300568278 0.5423617319712699 591
1712300624217 0.5814172878084192 592
1712300680114 0.5859575239706714 593
1712300736068 0.6718535435229073 594
1712300791938 0.5935207538447598 595
1712300847715 0.5121279913038923 596
1712300903905 0.5977766512477216 597
1712300959605 0.628862787974055 598
1712301015348 0.6087183029589723 599
