1712266753340 0.5526 0
1712266819248 0.0895 0
1712266880217 0.0574 0
1712266946851 0.0016 0
1712267007744 -0.0271 0
1712267073674 -0.024 0
1712267134466 -0.0397 0
1712267195408 -0.0355 0
1712267261268 -0.0727 0
1712267322298 -0.0808 0
1712267383134 -0.0816 0
1712267448633 -0.0898 0
1712267509275 -0.1129 0
1712267570199 -0.1181 0
1712267631012 -0.1252 0
1712267692241 -0.0923 0
1712267747822 -0.0935 0
1712267808423 -0.1074 0
1712267874139 -0.1121 0
1712267929887 -0.1414 0
1712267995692 -0.1251 0
1712268056547 -0.1561 0
1712268116954 -0.1634 0
1712268172358 -0.1227 0
1712268238087 -0.1474 0
1712268298686 -0.1595 0
1712268364558 -0.1648 0
1712268430428 -0.1514 0
1712268496299 -0.1681 0
1712268556871 -0.1723 0
1712268617278 -0.1794 0
1712268677573 -0.1785 0
1712268737938 -0.1751 0
1712268798872 -0.199 0
1712268859476 -0.2055 0
1712268914929 -0.2519 0
1712268970383 -0.1874 0
1712269026256 -0.2081 0
1712269081922 -0.2102 0
1712269142847 -0.202 0
1712269203963 -0.2472 0
1712269269670 -0.2453 0
1712269325177 -0.2116 0
1712269385711 -0.1886 0
1712269446586 -0.191 0
1712269507528 -0.2286 0
1712269568141 -0.244 0
1712269634671 -0.2357 0
1712269695468 -0.2284 0
1712269761908 -0.2615 0
1712269819320 -0.2553 0
1712269880598 -0.24 0
1712269941469 -0.2364 0
1712270002090 -0.2707 0
1712270062784 -0.2431 0
1712270118325 -0.2805 0
1712270174327 -0.243 0
1712270230199 -0.279 0
1712270291528 -0.2485 0
1712270352775 -0.2861 0
1712270413708 -0.275 0
1712270475111 -0.2791 0
1712270536434 -0.2967 0
1712270592309 -0.2769 0
1712270653899 -0.2557 0
1712270720003 -0.284 0
1712270780890 -0.2817 0
1712270836439 -0.2759 0
1712270892144 -0.2957 0
1712270947650 -0.3007 0
1712271003661 -0.2959 0
1712271059272 -0.3134 0
1712271115113 -0.2898 0
1712271170816 -0.3169 0
1712271226379 -0.3077 0
1712271282029 -0.3173 0
1712271342838 -0.3012 0
1712271404165 -0.2875 0
1712271460065 -0.3251 0
1712271515729 -0.292 0
1712271571534 -0.2785 0
1712271627523 -0.3272 0
1712271688574 -0.2965 0
1712271749606 -0.315 0
1712271811172 -0.2726 0
1712271871933 -0.3151 0
1712271932932 -0.3408 0
1712271993521 -0.3274 0
1712272049303 -0.3294 0
1712272104964 -0.3205 0
1712272160801 -0.3288 0
1712272216879 -0.3439 0
1712272277888 -0.3178 0
1712272338604 -0.3207 0
1712272399376 -0.3365 0
1712272455177 -0.2988 0
1712272511099 -0.3288 0
1712272566973 -0.3291 0
1712272623137 -0.2927 0
1712272678930 -0.3357 0
1712272739861 -0.3175 0
1712272795549 -0.3338 0
1712272851088 -0.3319 0
1712272906802 -0.3569 0
1712272962431 -0.3145 0
1712273018328 -0.3574 0
1712273074056 -0.338 0
1712273129878 -0.3519 0
1712273190941 -0.3809 0
1712273246774 -0.3635 0
1712273307801 -0.3585 0
1712273369029 -0.3392 0
1712273430017 -0.3541 0
1712273490991 -0.3382 0
1712273551934 -0.3664 0
1712273612723 -0.3661 0
1712273673446 -0.3629 0
1712273734103 -0.3768 0
1712273794761 -0.353 0
1712273855411 -0.3237 0
1712273910946 -0.3766 0
1712273966632 -0.3878 0
1712274022256 -0.3545 0
1712274078395 -0.3755 0
1712274139006 -0.3452 0
1712274200092 -0.3705 0
1712274261127 -0.3795 0
1712274321917 -0.3983 0
1712274377417 -0.3786 0
1712274433268 -0.364 0
1712274488981 -0.4067 0
1712274544900 -0.4221 0
1712274600716 -0.387 0
1712274656748 -0.3732 0
1712274712609 -0.4031 0
1712274768679 -0.3913 0
1712274825017 -0.4036 0
1712274880963 -0.3775 0
1712274941977 -0.3896 0
1712274997604 -0.3881 0
1712275058305 -0.4021 0
1712275114164 -0.4188 0
1712275180262 -0.4225 0
1712275236384 -0.3806 0
1712275302510 -0.3878 0
1712275358224 -0.3732 0
1712275419177 -0.3776 0
1712275475188 -0.421 0
1712275531030 -0.4166 0
1712275586748 -0.3851 0
1712275648159 -0.4233 0
1712275704059 -0.4277 0
1712275759899 -0.2963 0
1712275815595 -0.3686 0
1712275871398 -0.3887 0
1712275927158 -0.4335 0
1712275982916 -0.3826 0
1712276039458 -0.424 0
1712276095465 -0.415 0
1712276151282 -0.3568 0
1712276207218 -0.4163 0
1712276268159 -0.409 0
1712276329139 -0.396 0
1712276385273 -0.3957 0
1712276441110 -0.4158 0
1712276496783 -0.3841 0
1712276557702 -0.4605 0
1712276618838 -0.3851 0
1712276674745 -0.4037 0
1712276741169 -0.4286 0
1712276802300 -0.4467 0
1712276858001 -0.4506 0
1712276924229 -0.4155 0
1712276985179 -0.4306 0
1712277046030 -0.3885 0
1712277107477 -0.4284 0
1712277163486 -0.4433 0
1712277219411 -0.4133 0
1712277280239 -0.4085 0
1712277336065 -0.4208 0
1712277391920 -0.4454 0
1712277448015 -0.4171 0
1712277503686 -0.3973 0
1712277559414 -0.4043 0
1712277615138 -0.4335 0
1712277671084 -0.4453 0
1712277727073 -0.4346 0
1712277782984 -0.4171 0
1712277839385 -0.4058 0
1712277895358 -0.4217 0
1712277951155 -0.435 0
1712278007076 -0.4272 0
1712278068166 -0.4223 0
1712278129383 -0.393 0
1712278190567 -0.4231 0
1712278246430 -0.4171 0
1712278307182 -0.4531 0
1712278362940 -0.4725 0
1712278418619 -0.4487 0
1712278474524 -0.4808 0
1712278535605 -0.4788 0
1712278591717 -0.4201 0
1712278652692 -0.4215 0
1712278713768 -0.4207 0
1712278769613 -0.4512 0
1712278825724 -0.4714 0
1712278881565 -0.4487 0
1712278937698 -0.4354 0
1712278993369 -0.4589 0
1712279049028 -0.4785 0
1712279104777 -0.4774 0
1712279160415 -0.4425 0
1712279216138 -0.4771 0
1712279271792 -0.4689 0
1712279327461 -0.4375 0
1712279383563 -0.459 0
1712279444377 -0.4665 0
1712279499950 -0.4539 0
1712279555527 -0.461 0
1712279611329 -0.4164 0
1712279666908 -0.4349 0
1712279722644 -0.4632 0
1712279783491 -0.4413 0
1712279844401 -0.4413 0
1712279900005 -0.4988 0
1712279960715 -0.4575 0
1712280016506 -0.4609 0
1712280072165 -0.4671 0
1712280128354 -0.4592 0
1712280194244 -0.4858 0
1712280255068 -0.4862 0
1712280310695 -0.4589 0
1712280366550 -0.4939 0
1712280422367 -0.4989 0
1712280478164 -0.4784 0
1712280534328 -0.5087 0
1712280590218 -0.4415 0
1712280646121 -0.5054 0
1712280701934 -0.464 0
1712280757824 -0.5196 0
1712280813578 -0.5155 0
1712280869367 -0.5068 0
1712280925314 -0.473 0
1712280980935 -0.4711 0
1712281036750 -0.4798 0
1712281092578 -0.4852 0
1712281148175 -0.4527 0
1712281203805 -0.4771 0
1712281259645 -0.4788 0
1712281315819 -0.4865 0
1712281376732 -0.4709 0
1712281432340 -0.4739 0
1712281488115 -0.4998 0
1712281543944 -0.4508 0
1712281599681 -0.4628 0
1712281655559 -0.5054 0
1712281711447 -0.4754 0
1712281767219 -0.4877 0
1712281822894 -0.4773 0
1712281878527 -0.5046 0
1712281934262 -0.5013 0
1712281989934 -0.4647 0
1712282045857 -0.4819 0
1712282101655 -0.5096 0
1712282157343 -0.459 0
1712282218199 -0.4891 0
1712282273973 -0.5018 0
1712282329500 -0.5006 0
1712282385264 -0.5034 0
1712282441439 -0.5042 0
1712282497158 -0.4746 0
1712282552956 -0.5347 0
1712282608648 -0.502 0
1712282664363 -0.4499 0
1712282730275 -0.5156 0
1712282791351 -0.4734 0
1712282847378 -0.4846 0
1712282903238 -0.5153 0
1712282958976 -0.499 0
1712283014864 -0.4844 0
1712283070480 -0.4865 0
1712283126269 -0.512 0
1712283182215 -0.5234 0
1712283237940 -0.4817 0
1712283293740 -0.4701 0
1712283349433 -0.4862 0
1712283405104 -0.5061 0
1712283461018 -0.4536 0
1712283516913 -0.5055 0
1712283573063 -0.5169 0
1712283628792 -0.5092 0
1712283684587 -0.4806 0
1712283746019 -0.5063 0
1712283802072 -0.527 0
1712283858037 -0.5137 0
1712283913919 -0.5361 0
1712283975515 -0.5218 0
1712284031221 -0.4848 0
1712284086808 -0.5192 0
1712284142478 -0.5203 0
1712284203526 -0.5077 0
1712284259455 -0.491 0
1712284315704 -0.5096 0
1712284371764 -0.5167 0
1712284427941 -0.5531 0
1712284483996 -0.4942 0
1712284539948 -0.5084 0
1712284595939 -0.4669 0
1712284651804 -0.4951 0
1712284707722 -0.5254 0
1712284763426 -0.5078 0
1712284819178 -0.5301 0
1712284874963 -0.5228 0
1712284930555 -0.5179 0
1712284986331 -0.4799 0
1712285042158 -0.5241 0
1712285098132 -0.5304 0
1712285154126 -0.4751 0
1712285209893 -0.4991 0
1712285265929 -0.487 0
1712285321833 -0.4989 0
1712285377470 -0.5071 0
1712285433231 -0.5223 0
1712285489812 -0.4919 0
1712285545540 -0.5151 0
1712285601638 -0.5188 0
1712285657593 -0.5338 0
1712285713311 -0.4765 0
1712285769100 -0.493 0
1712285824774 -0.5781 0
1712285880959 -0.4819 0
1712285936866 -0.5058 0
1712285992689 -0.5354 0
1712286053692 -0.5093 0
1712286109379 -0.544 0
1712286165383 -0.5194 0
1712286221257 -0.4882 0
1712286277526 -0.5234 0
1712286333470 -0.519 0
1712286389320 -0.5016 0
1712286445335 -0.5245 0
1712286501371 -0.5332 0
1712286557169 -0.5146 0
1712286612948 -0.5145 0
1712286674144 -0.5432 0
1712286729880 -0.558 0
1712286791032 -0.528 0
1712286846689 -0.5612 0
1712286902546 -0.5322 0
1712286958440 -0.5492 0
1712287020368 -0.5057 0
1712287076221 -0.5432 0
1712287142255 -0.4775 0
1712287203542 -0.5025 0
1712287259414 -0.5359 0
1712287320585 -0.4879 0
1712287376847 -0.4684 0
1712287432672 -0.5286 0
1712287488448 -0.5081 0
1712287549667 -0.5012 0
1712287610924 -0.5526 0
1712287666807 -0.4959 0
1712287722896 -0.5247 0
1712287778752 -0.5346 0
1712287834667 -0.5553 0
1712287890637 -0.5299 0
1712287946507 -0.4791 0
1712288002372 -0.5851 0
1712288058330 -0.5184 0
1712288119526 -0.567 0
1712288175238 -0.5385 0
1712288230821 -0.5293 0
1712288286526 -0.5396 0
1712288347399 -0.5235 0
1712288403150 -0.499 0
1712288458884 -0.5374 0
1712288514569 -0.5244 0
1712288570553 -0.544 0
1712288626472 -0.5542 0
1712288682419 -0.5323 0
1712288738525 -0.49 0
1712288794527 -0.519 0
1712288850693 -0.5411 0
1712288906746 -0.5619 0
1712288962719 -0.5327 0
1712289018725 -0.5371 0
1712289074693 -0.5322 0
1712289130737 -0.4984 0
1712289186549 -0.5388 0
1712289243067 -0.5522 0
1712289298923 -0.5037 0
1712289354842 -0.5402 0
1712289410866 -0.5584 0
1712289466831 -0.5144 0
1712289522702 -0.4972 0
1712289578686 -0.4879 0
1712289635165 -0.5304 0
1712289691147 -0.5136 0
1712289747102 -0.5411 0
1712289803164 -0.5529 0
1712289864139 -0.5518 0
1712289919946 -0.5527 0
1712289976319 -0.5276 0
1712290032257 -0.5449 0
1712290088133 -0.5047 0
1712290143983 -0.5313 0
1712290199909 -0.5225 0
1712290255784 -0.5609 0
1712290311626 -0.5316 0
1712290367827 -0.5484 0
1712290423699 -0.5085 0
1712290479642 -0.5417 0
1712290535506 -0.5919 0
1712290591340 -0.5362 0
1712290647073 -0.5024 0
1712290702784 -0.5542 0
1712290764112 -0.5595 0
1712290820060 -0.5345 0
1712290881074 -0.5412 0
1712290936860 -0.5326 0
1712290992675 -0.5485 0
1712291048444 -0.5163 0
1712291104138 -0.5316 0
1712291160283 -0.5506 0
1712291216114 -0.5333 0
1712291271787 -0.516 0
1712291327460 -0.4998 0
1712291383227 -0.5495 0
1712291438979 -0.5542 0
1712291494769 -0.554 0
1712291550753 -0.5455 0
1712291606503 -0.5507 0
1712291662304 -0.5786 0
1712291718143 -0.5653 0
1712291773844 -0.5522 0
1712291829636 -0.576 0
1712291885466 -0.5695 0
1712291941323 -0.5324 0
1712291997045 -0.5471 0
1712292052886 -0.5767 0
1712292108544 -0.5563 0
1712292164198 -0.5535 0
1712292219985 -0.5303 0
1712292275557 -0.5248 0
1712292331522 -0.5252 0
1712292387108 -0.5414 0
1712292442833 -0.5138 0
1712292498599 -0.5564 0
1712292554326 -0.5634 0
1712292610151 -0.5587 0
1712292670930 -0.561 0
1712292726867 -0.5098 0
1712292782633 -0.5322 0
1712292838239 -0.5346 0
1712292894076 -0.5358 0
1712292949865 -0.5513 0
1712293005780 -0.576 0
1712293061570 -0.5604 0
1712293117662 -0.5622 0
1712293173317 -0.5054 0
1712293229103 -0.5817 0
1712293284888 -0.5369 0
1712293340555 -0.5761 0
1712293396314 -0.5603 0
1712293451816 -0.5403 0
1712293507625 -0.5457 0
1712293563341 -0.5152 0
1712293619163 -0.5732 0
1712293675048 -0.5704 0
1712293730984 -0.5652 0
1712293786757 -0.5621 0
1712293842527 -0.5348 0
1712293898362 -0.513 0
1712293953973 -0.5481 0
1712294009790 -0.5601 0
1712294065511 -0.5417 0
1712294121507 -0.5051 0
1712294177338 -0.5052 0
1712294233192 -0.5874 0
1712294289044 -0.5298 0
1712294344898 -0.5607 0
1712294400801 -0.5827 0
1712294456590 -0.5694 0
1712294512532 -0.5788 0
1712294568303 -0.5811 0
1712294624111 -0.5828 0
1712294680022 -0.5695 0
1712294735827 -0.5697 0
1712294791542 -0.5575 0
1712294847271 -0.5512 0
1712294903024 -0.5843 0
1712294958804 -0.5744 0
1712295014658 -0.5831 0
1712295075985 -0.5703 0
1712295131721 -0.5816 0
1712295187364 -0.5118 0
1712295242966 -0.5298 0
1712295298638 -0.5496 0
1712295354278 -0.5664 0
1712295409991 -0.5345 0
1712295471468 -0.569 0
1712295527258 -0.5758 0
1712295588441 -0.5837 0
1712295644291 -0.5659 0
1712295699974 -0.5276 0
1712295755861 -0.5577 0
1712295811688 -0.6147 0
1712295867415 -0.5441 0
1712295923104 -0.5627 0
1712295978840 -0.5683 0
1712296034487 -0.5458 0
1712296090332 -0.5358 0
1712296146228 -0.5498 0
1712296202275 -0.5237 0
1712296258021 -0.565 0
1712296313940 -0.571 0
1712296369664 -0.5614 0
1712296425361 -0.5253 0
1712296486211 -0.5564 0
1712296541848 -0.596 0
1712296597894 -0.5575 0
1712296653538 -0.5756 0
1712296709398 -0.5581 0
1712296765048 -0.5761 0
1712296820892 -0.6061 0
1712296876680 -0.5771 0
1712296932472 -0.5634 0
1712296988752 -0.5631 0
1712297044593 -0.5184 0
1712297100490 -0.5439 0
1712297156551 -0.6016 0
1712297212340 -0.5377 0
1712297268221 -0.5835 0
1712297324150 -0.5743 0
1712297380347 -0.5697 0
1712297436222 -0.542 0
1712297491954 -0.5471 0
1712297547691 -0.5566 0
1712297603523 -0.5524 0
1712297659554 -0.5167 0
1712297715260 -0.5866 0
1712297771179 -0.5797 0
1712297826975 -0.5346 0
1712297882683 -0.5998 0
1712297938477 -0.5872 0
1712297994309 -0.5818 0
1712298050121 -0.5591 0
1712298105893 -0.5665 0
1712298161898 -0.5782 0
1712298217612 -0.5544 0
1712298278514 -0.5782 0
1712298334140 -0.5582 0
1712298389759 -0.5537 0
1712298445516 -0.572 0
1712298501184 -0.5543 0
1712298557364 -0.5712 0
1712298613299 -0.5576 0
1712298669087 -0.5522 0
1712298725005 -0.5774 0
1712298780760 -0.5527 0
1712298836506 -0.5726 0
1712298892416 -0.5974 0
1712298948568 -0.5726 0
1712299004217 -0.5814 0
1712299060052 -0.5808 0
1712299115825 -0.5718 0
1712299171538 -0.582 0
1712299227300 -0.5789 0
1712299283174 -0.5451 0
1712299339130 -0.5937 0
1712299395095 -0.564 0
1712299450804 -0.5719 0
1712299506595 -0.5775 0
1712299562358 -0.5952 0
1712299618157 -0.578 0
1712299673938 -0.5815 0
1712299729864 -0.5254 0
1712299785904 -0.5907 0
1712299841808 -0.5791 0
1712299897743 -0.5736 0
1712299953538 -0.5931 0
1712300009418 -0.5965 0
1712300065410 -0.5501 0
1712300121315 -0.5889 0
1712300177156 -0.5864 0
1712300232991 -0.5814 0
1712300288828 -0.5895 0
1712300344590 -0.5667 0
1712300400472 -0.5289 0
1712300456343 -0.5838 0
1712300512422 -0.5751 0
1712300568285 -0.5489 0
1712300624224 -0.6139 0
1712300680122 -0.6059 0
1712300736076 -0.558 0
1712300791946 -0.576 0
1712300847723 -0.5423 0
1712300903912 -0.5602 0
1712300959612 -0.5849 0
1712301015361 -0.6177 0
