1708009624035 0.003 0
1708009648533 0.003 1
1708009659315 0.003 2
1708009671667 0.00299 3
1708009686379 0.00298 4
1708009697999 0.00297 5
1708009712191 0.00296 6
1708009724438 0.00295 7
1708009730933 0.00293 8
1708009743749 0.00291 9
1708009758498 0.00289 10
1708009772004 0.00287 11
1708009783060 0.00285 12
1708009796882 0.00282 13
1708009807822 0.0028 14
1708009821653 0.00277 15
1708009832702 0.00274 16
1708009842616 0.0027 17
1708009857749 0.00267 18
1708009869038 0.00263 19
1708009880487 0.00259 20
1708009892857 0.00255 21
1708009903805 0.00251 22
1708009916651 0.00247 23
1708009928128 0.00243 24
1708009940114 0.00238 25
1708009954106 0.00234 26
1708009966290 0.00229 27
1708009979273 0.00224 28
1708009994152 0.00219 29
1708010006111 0.00214 30
1708010020295 0.00209 31
1708010032142 0.00203 32
1708010046099 0.00198 33
1708010063129 0.00193 34
1708010075102 0.00187 35
1708010089323 0.00182 36
1708010098313 0.00176 37
1708010113932 0.00171 38
1708010125177 0.00165 39
1708010137056 0.00159 40
1708010150537 0.00154 41
1708010161196 0.00148 42
1708010171866 0.00143 43
1708010183592 0.00137 44
1708010196814 0.00131 45
1708010207716 0.00126 46
1708010219409 0.0012 47
1708010233914 0.00115 48
1708010247783 0.00109 49
1708010258854 0.00104 50
1708010269820 0.00098 51
1708010282300 0.00093 52
1708010288918 0.00088 53
1708010305725 0.00083 54
1708010318596 0.00078 55
1708010330155 0.00073 56
1708010344308 0.00068 57
1708010356019 0.00063 58
1708010369664 0.00059 59
1708010380915 0.00054 60
1708010394241 0.0005 61
1708010406274 0.00046 62
1708010419152 0.00042 63
1708010431799 0.00038 64
1708010444982 0.00035 65
1708010458450 0.00031 66
1708010472669 0.00028 67
1708010484112 0.00024 68
1708010495569 0.00021 69
1708010508008 0.00019 70
1708010522037 0.00016 71
1708010533964 0.00014 72
1708010549259 0.00011 73
1708010560116 9e-05 74
1708010570722 7e-05 75
1708010583842 6e-05 76
1708010596295 4e-05 77
1708010607632 3e-05 78
1708010621001 2e-05 79
1708010630368 1e-05 80
1708010644625 1e-05 81
1708010661423 0.0 82
1708010668773 0.0 83
1708010685440 0.0 84
1708010693792 0.0 85
1708010711935 1e-05 86
1708010719002 2e-05 87
1708010734770 2e-05 88
1708010745745 4e-05 89
1708010761834 5e-05 90
1708010773955 6e-05 91
1708010780551 8e-05 92
1708010794070 0.0001 93
1708010805882 0.00012 94
1708010818916 0.00014 95
1708010829966 0.00017 96
1708010842294 0.0002 97
1708010852550 0.00022 98
1708010865300 0.00026 99
1708010883977 0.00029 100
1708010894084 0.00032 101
1708010906125 0.00036 102
1708010917573 0.00039 103
1708010935689 0.00043 104
1708010943648 0.00047 105
1708010960870 0.00052 106
1708010972810 0.00056 107
1708010983073 0.0006 108
1708010996621 0.00065 109
1708011006651 0.0007 110
1708011021608 0.00075 111
1708011034251 0.00079 112
1708011047066 0.00085 113
1708011055903 0.0009 114
1708011068539 0.00095 115
1708011084244 0.001 116
1708011096624 0.00106 117
1708011107867 0.00111 118
1708011121454 0.00116 119
1708011133411 0.00122 120
1708011145901 0.00128 121
1708011156110 0.00133 122
1708011170845 0.00139 123
1708011183680 0.00144 124
1708011193676 0.0015 125
1708011209739 0.00156 126
1708011216720 0.00161 127
1708011228804 0.00167 128
1708011241616 0.00173 129
1708011252899 0.00178 130
1708011267587 0.00184 131
1708011280441 0.00189 132
1708011294984 0.00195 133
1708011307032 0.002 134
1708011319436 0.00205 135
1708011334698 0.0021 136
1708011345266 0.00216 137
1708011359976 0.00221 138
1708011374896 0.00226 139
1708011387343 0.0023 140
1708011398929 0.00235 141
1708011411507 0.0024 142
1708011423099 0.00244 143
1708011433631 0.00249 144
1708011445812 0.00253 145
1708011457840 0.00257 146
1708011468727 0.00261 147
1708011481676 0.00264 148
1708011494235 0.00268 149
1708011509692 0.00271 150
1708011517372 0.00275 151
1708011535627 0.00278 152
1708011543152 0.00281 153
1708011554338 0.00283 154
1708011567614 0.00286 155
1708011586684 0.00288 156
1708011600785 0.0029 157
1708011611795 0.00292 158
1708011618926 0.00294 159
1708011630953 0.00295 160
1708011644184 0.00297 161
1708011659811 0.00298 162
1708011669413 0.00299 163
1708011681455 0.00299 164
1708011692788 0.003 165
1708011710557 0.003 166
1708011723558 0.003 167
1708011731902 0.003 168
1708011745675 0.00299 169
1708011755935 0.00299 170
1708011770496 0.00298 171
1708011780487 0.00297 172
1708011796993 0.00296 173
1708011816202 0.00294 174
1708011828201 0.00293 175
1708011839655 0.00291 176
1708011852029 0.00289 177
1708011865543 0.00287 178
1708011874564 0.00284 179
1708011885568 0.00281 180
1708011900254 0.00279 181
1708011913065 0.00276 182
1708011925604 0.00272 183
1708011937215 0.00269 184
1708011950867 0.00266 185
1708011965585 0.00262 186
1708011976451 0.00258 187
1708011987321 0.00254 188
1708012000207 0.0025 189
1708012013640 0.00246 190
1708012025895 0.00241 191
1708012036781 0.00237 192
1708012048152 0.00232 193
1708012061725 0.00227 194
1708012073775 0.00222 195
1708012082431 0.00217 196
1708012100156 0.00212 197
1708012106380 0.00207 198
1708012121406 0.00202 199
1708012137355 0.00196 200
1708012148105 0.00191 201
1708012158186 0.00186 202
1708012171100 0.0018 203
1708012182267 0.00174 204
1708012195794 0.00169 205
1708012206785 0.00163 206
1708012220645 0.00158 207
1708012233944 0.00152 208
1708012247846 0.00146 209
1708012260375 0.00141 210
1708012275231 0.00135 211
1708012285950 0.00129 212
1708012293749 0.00124 213
1708012310365 0.00118 214
1708012320138 0.00113 215
1708012337320 0.00107 216
1708012348120 0.00102 217
1708012362522 0.00097 218
1708012374153 0.00091 219
1708012387910 0.00086 220
1708012398458 0.00081 221
1708012412106 0.00076 222
1708012425390 0.00071 223
1708012437713 0.00067 224
1708012449103 0.00062 225
1708012463039 0.00057 226
1708012476873 0.00053 227
1708012488789 0.00049 228
1708012503403 0.00045 229
1708012516481 0.00041 230
1708012531137 0.00037 231
1708012543122 0.00033 232
1708012556166 0.0003 233
1708012567749 0.00027 234
1708012580757 0.00023 235
1708012593630 0.00021 236
1708012607604 0.00018 237
1708012614021 0.00015 238
1708012631129 0.00013 239
1708012638496 0.00011 240
1708012652006 9e-05 241
1708012668988 7e-05 242
1708012680549 5e-05 243
1708012694568 4e-05 244
1708012707214 3e-05 245
1708012717364 2e-05 246
1708012733605 1e-05 247
1708012744220 1e-05 248
1708012752840 0.0 249
1708012771156 0.0 250
1708012782268 0.0 251
1708012790953 1e-05 252
1708012807940 1e-05 253
1708012816747 2e-05 254
1708012830019 3e-05 255
1708012843841 4e-05 256
1708012857736 5e-05 257
1708012870952 7e-05 258
1708012883578 9e-05 259
1708012895682 0.00011 260
1708012909402 0.00013 261
1708012924799 0.00015 262
1708012935515 0.00018 263
1708012947829 0.00021 264
1708012960789 0.00023 265
1708012972642 0.00027 266
1708012984938 0.0003 267
1708012998520 0.00033 268
1708013014109 0.00037 269
1708013023617 0.00041 270
1708013034461 0.00045 271
1708013052906 0.00049 272
1708013069187 0.00053 273
1708013081063 0.00057 274
1708013093519 0.00062 275
1708013101575 0.00067 276
1708013114256 0.00071 277
1708013127743 0.00076 278
1708013138591 0.00081 279
1708013149228 0.00086 280
1708013160901 0.00091 281
1708013175667 0.00097 282
1708013187740 0.00102 283
1708013201242 0.00107 284
1708013215750 0.00113 285
1708013225850 0.00118 286
1708013240104 0.00124 287
1708013251668 0.00129 288
1708013267458 0.00135 289
1708013278772 0.00141 290
1708013292465 0.00146 291
1708013306328 0.00152 292
1708013317846 0.00158 293
1708013330685 0.00163 294
1708013341462 0.00169 295
1708013354184 0.00174 296
1708013366824 0.0018 297
1708013377328 0.00186 298
1708013390393 0.00191 299
1708013408603 0.00196 300
1708013415582 0.00202 301
1708013429511 0.00207 302
1708013440677 0.00212 303
1708013453867 0.00217 304
1708013466431 0.00222 305
1708013476446 0.00227 306
1708013489993 0.00232 307
1708013501638 0.00237 308
1708013512338 0.00241 309
1708013526045 0.00246 310
1708013539402 0.0025 311
1708013553171 0.00254 312
1708013564383 0.00258 313
1708013575536 0.00262 314
