1708009643388 0.01266244218801376 0
1708009654128 0.024992735904184292 1
1708009666496 0.029328343205002175 2
1708009681384 0.026138909740466194 3
1708009692804 0.029878623074589473 4
1708009707187 0.02194089533009201 5
1708009719234 0.02688224580922011 6
1708009730351 0.008746486421225151 7
1708009743157 0.0005200371860287256 8
1708009757833 0.0006159472258011488 9
1708009771439 0.00021585293634861788 10
1708009782483 0.0003134623589761919 11
1708009796305 1.616896737213257e-07 12
1708009807241 0.0 13
1708009821050 0.0001299847515381348 14
1708009832122 0.0 15
1708009841914 0.011044710526060798 16
1708009857162 0.0021182016862748886 17
1708009868450 0.0006615114983754881 18
1708009879902 3.8091948797018896e-05 19
1708009892261 0.0009284530727082434 20
1708009903248 0.00020730727288484596 21
1708009916087 0.009364130331348404 22
1708009927446 0.010605747807718264 23
1708009939538 0.015039209326718714 24
1708009953529 0.000902911618006741 25
1708009965712 0.012854785064946831 26
1708009978704 0.03575071601327565 27
1708009993577 0.029120511052018464 28
1708010005533 0.03392330379174517 29
1708010019724 0.023772341039535703 30
1708010031457 0.023696100315116195 31
1708010045519 0.03906186484722171 32
1708010057857 0.04062158473138206 33
1708010069819 0.04505842553340293 34
1708010084110 0.045749167837969645 35
1708010097735 0.024779006555206397 36
1708010108628 0.030769407097054582 37
1708010119985 0.04569392482631639 38
1708010131840 0.04220228921261186 39
1708010145391 0.045596831471688075 40
1708010156140 0.05454758675932587 41
1708010166795 0.05619822634982814 42
1708010178335 0.05656139445823058 43
1708010191460 0.0681214219366617 44
1708010202651 0.06567541379075892 45
1708010214237 0.08286707065237107 46
1708010228808 0.08827480095402121 47
1708010242651 0.06812979704315882 48
1708010253381 0.08025879425772182 49
1708010264577 0.08548682015375288 50
1708010277027 0.07891106770909095 51
1708010288230 0.055240406342196256 52
1708010300493 0.08294872907580489 53
1708010313439 0.0797277896668353 54
1708010325243 0.07870139086614202 55
1708010339167 0.07248746784753345 56
1708010351023 0.0824787041142255 57
1708010364474 0.09105179546881569 58
1708010375922 0.0939544280900835 59
1708010389030 0.10163569476424482 60
1708010401352 0.103937215924112 61
1708010414043 0.09203359963576441 62
1708010426584 0.10954871078396591 63
1708010440127 0.10280799118319597 64
1708010453435 0.09119179989784482 65
1708010467623 0.09584948175581226 66
1708010479236 0.0972154463029484 67
1708010490535 0.09959137998605622 68
1708010503237 0.09030317273117788 69
1708010517382 0.10079315522629216 70
1708010528801 0.10275219910911303 71
1708010544188 0.098079853879219 72
1708010554838 0.10197061570008326 73
1708010565723 0.09960481827395867 74
1708010578716 0.11273989308931094 75
1708010591467 0.11380407605498649 76
1708010602537 0.10049343532406357 77
1708010616198 0.11190105492170957 78
1708010629661 0.0982176828613546 79
1708010644028 0.09862143718625084 80
1708010656187 0.1147898047505765 81
1708010668210 0.10024028697597011 82
1708010680599 0.10674159959220668 83
1708010693228 0.09954773603902413 84
1708010707189 0.11094235078109647 85
1708010718440 0.10113355042027876 86
1708010734081 0.09100626790313357 87
1708010745175 0.10757551320950512 88
1708010756724 0.12231600514614958 89
1708010768984 0.10661395701248443 90
1708010779991 0.09348689732144796 91
1708010793504 0.1103828343146681 92
1708010805315 0.09133241276245745 93
1708010818224 0.10670649070954903 94
1708010829404 0.09721758213294078 95
1708010841714 0.10348974982871306 96
1708010851976 0.09899883204991372 97
1708010864735 0.10880858217418443 98
1708010878949 0.10528269091665364 99
1708010893511 0.09464535391103888 100
1708010905556 0.10502643350142936 101
1708010916872 0.11593205392390823 102
1708010930395 0.11537002793917481 103
1708010943076 0.0932408175333682 104
1708010955727 0.12408570446387242 105
1708010967812 0.11827633095623488 106
1708010978425 0.12060254595414482 107
1708010991803 0.12532861639790482 108
1708011005940 0.10618234904844 109
1708011017057 0.1311118652031873 110
1708011029196 0.14283447575113836 111
1708011042446 0.12029653683960487 112
1708011055329 0.09965877705121888 113
1708011067970 0.11347401329975448 114
1708011079492 0.13039784826835543 115
1708011091651 0.1255442949919292 116
1708011103400 0.12283484255167648 117
1708011116527 0.1255243724400518 118
1708011128823 0.12037234725469766 119
1708011140987 0.12391536067759873 120
1708011151498 0.13238155316918687 121
1708011166031 0.1250004390238839 122
1708011178855 0.12929057842067335 123
1708011193071 0.10901686106456415 124
1708011205167 0.1455667890591172 125
1708011216123 0.10130709835162778 126
1708011228221 0.05257856599693828 127
1708011241030 0.07932305187667833 128
1708011252192 0.10397402589362349 129
1708011266999 0.11625930643676304 130
1708011279855 0.10227959596923611 131
1708011294396 0.08027981294422812 132
1708011306445 0.09592243874631898 133
1708011318844 0.12062677759149473 134
1708011334103 0.10376855547835856 135
1708011344674 0.11416751079389235 136
1708011359242 0.11118713255253812 137
1708011374298 0.10302240823528694 138
1708011386743 0.11689711641776256 139
1708011398335 0.12887363598929788 140
1708011410915 0.147544110581717 141
1708011422502 0.08378591820286937 142
1708011433018 0.020204098222320818 143
1708011445092 0.16217504455679152 144
1708011457240 0.15339912287994364 145
1708011468128 0.1601066358432499 146
1708011481075 0.1090294543260175 147
1708011493638 0.008245038069069038 148
1708011504957 0.15551312743828025 149
1708011516773 0.14824607212554988 150
1708011530189 0.2064801333361833 151
1708011542555 0.0754681328944685 152
1708011553736 0.09839244551584943 153
1708011567013 0.1596360285733406 154
1708011581450 0.1701656046664674 155
1708011595562 0.2135721684511657 156
1708011606441 0.16294755390755397 157
1708011618317 0.07188195423429491 158
1708011630350 0.13549161085895586 159
1708011643584 0.1808268923000519 160
1708011654595 0.22225552125617415 161
1708011668805 0.1084659719203842 162
1708011680854 0.11066430153444767 163
1708011692078 0.14734348053348986 164
1708011705346 0.19949739974282288 165
1708011718484 0.2147468590344879 166
1708011731305 0.09284622642671564 167
1708011745078 0.016794950884997432 168
1708011755337 0.12377724482637834 169
1708011769896 0.21787422159574416 170
1708011779890 0.22339392925876378 171
1708011796266 0.16445442057941376 172
1708011810990 0.19963177921766842 173
1708011823050 0.15626157609667518 174
1708011834444 0.18905109967153572 175
1708011846738 0.22457493098723136 176
1708011860199 0.22488481510076508 177
1708011873850 0.12800470918304327 178
1708011884969 0.19906471240488888 179
1708011894982 0.21514187298181658 180
1708011907939 0.24008639526983294 181
1708011920253 0.19588385469046218 182
1708011932025 0.21368237903011192 183
1708011945457 0.2355287445286002 184
1708011960309 0.27084187834336937 185
1708011971178 0.24234465013649648 186
1708011982049 0.2538683683700093 187
1708011994858 0.27769313449129884 188
1708012008582 0.24967973322453027 189
1708012020413 0.2716723262794126 190
1708012031496 0.2594710664711585 191
1708012042797 0.29140661393662826 192
1708012056429 0.2647535218294169 193
1708012068676 0.2676122089661453 194
1708012081814 0.2313592452216749 195
1708012094676 0.2867747133426326 196
1708012105755 0.2404339233120467 197
1708012116102 0.31065613971060024 198
1708012127567 0.3197590844817054 199
1708012142959 0.30447026485649553 200
1708012153712 0.31694347031574427 201
1708012165834 0.3151010734509224 202
1708012177083 0.3486164701952467 203
1708012191274 0.3361782964175537 204
1708012201578 0.3463373637796341 205
1708012215539 0.3215514110892066 206
1708012228833 0.35121097229110404 207
1708012242419 0.3249553770311729 208
1708012255739 0.36563266687213497 209
1708012269974 0.3736482674348091 210
1708012280841 0.33989118105373917 211
1708012293160 0.31149616765877963 212
1708012305540 0.37671273316947035 213
1708012319559 0.2970268678545373 214
1708012332145 0.38743754920583473 215
1708012342915 0.3688208042162033 216
1708012357818 0.437304811331698 217
1708012369265 0.3873219361561389 218
1708012382565 0.44131431454051573 219
1708012393667 0.358576955253295 220
1708012406915 0.40234731103908306 221
1708012420132 0.3925388847479899 222
1708012432882 0.4371475437721538 223
1708012444378 0.4443376117398642 224
1708012457801 0.4255082908605608 225
1708012472012 0.4212741017112989 226
1708012484141 0.45996589168080415 227
1708012498189 0.4458649447146248 228
1708012511392 0.41529640581711197 229
1708012526486 0.41599599293129474 230
1708012537865 0.4420848650335098 231
1708012551034 0.43458093296727784 232
1708012563131 0.45903355846092625 233
1708012575378 0.4408672169103713 234
1708012588253 0.4258398768182538 235
1708012602965 0.4234351757411006 236
1708012613444 0.4029227504147364 237
1708012625890 0.45722997633107276 238
1708012637915 0.41723709653727314 239
1708012651308 0.41873444054191533 240
1708012663701 0.42740807957441 241
1708012675952 0.4247426049091301 242
1708012689410 0.42234074012741707 243
1708012701959 0.4614434566549211 244
1708012712805 0.497001345366459 245
1708012728354 0.517192698611496 246
1708012739200 0.443653225008498 247
1708012752255 0.41900475455233643 248
1708012765916 0.4438676668478123 249
1708012777693 0.4723613939265559 250
1708012790363 0.44021504545266854 251
1708012803174 0.47709755642601526 252
1708012816037 0.4351904253765604 253
1708012829435 0.423029523180942 254
1708012843234 0.45189015482746336 255
1708012857149 0.42382922274489737 256
1708012870367 0.4413296372333653 257
1708012882993 0.37268738048353095 258
1708012895099 0.4397720014558798 259
1708012908689 0.43258588242716883 260
1708012924210 0.46600581535709856 261
1708012934907 0.4457855292875641 262
1708012947241 0.4430163198167889 263
1708012960197 0.4639054648136496 264
1708012972052 0.4377199373810902 265
1708012984349 0.47230109079121113 266
1708012997931 0.45629841039349095 267
1708013009239 0.48546849579933965 268
1708013023010 0.4444430593227638 269
1708013033874 0.43867628792884467 270
1708013048333 0.46713106909281266 271
1708013064395 0.46167587540368127 272
1708013076253 0.4583090207636487 273
1708013088820 0.519047219093986 274
1708013100987 0.45091186838666086 275
1708013113662 0.4326695606555478 276
1708013127153 0.47164466429507124 277
1708013138000 0.4586948288281191 278
1708013148626 0.4028957884775658 279
1708013160310 0.3889750578910719 280
1708013174941 0.4510727008494052 281
1708013187153 0.4482595801895236 282
1708013200653 0.4613932307676931 283
1708013215155 0.4493287435196592 284
1708013225251 0.5098958671409226 285
1708013239510 0.45859989710386506 286
1708013251069 0.41166096620032505 287
1708013266866 0.4017511282046345 288
1708013278035 0.4420817224536474 289
1708013291868 0.4024008390977469 290
1708013305725 0.34022471824074935 291
1708013317253 0.35420646546876033 292
1708013330088 0.44705565061643365 293
1708013340859 0.39213748463482206 294
1708013353566 0.44562442266156316 295
1708013366099 0.31621429085846453 296
1708013376731 0.3705128186213609 297
1708013389794 0.3596810376840722 298
1708013403836 0.4698600703683795 299
1708013414987 0.4137013543012707 300
1708013428908 0.4198239017415413 301
1708013440076 0.36615304387720643 302
1708013453261 0.41697422340237866 303
1708013465707 0.4060370956956093 304
1708013475847 0.49249083223018036 305
1708013489394 0.22850556428402602 306
1708013501037 0.2871378771679117 307
1708013511731 0.4220798134663672 308
1708013525443 0.37663888685318575 309
1708013538796 0.5069816085438545 310
1708013552448 0.33905921880020684 311
1708013563777 0.3322559501013587 312
1708013574933 0.37975459174605225 313
