1711353679303 0.002 0
1711353709960 0.002 1
1711353716381 0.002 2
1711353729587 0.002 3
1711353744117 0.002 4
1711353757140 0.002 5
1711353770918 0.002 6
1711353783724 0.002 7
1711353796632 0.002 8
1711353810341 0.002 9
1711353823337 0.002 10
1711353836325 0.002 11
1711353849187 0.002 12
1711353855709 0.002 13
1711353863014 0.002 14
1711353869628 0.002 15
1711353876198 0.002 16
1711353889841 0.002 17
1711353896455 0.00199 18
1711353909306 0.00199 19
1711353922197 0.00199 20
1711353935122 0.00199 21
1711353948029 0.00199 22
1711353961150 0.00199 23
1711353974113 0.00199 24
1711353987260 0.00199 25
1711354000120 0.00199 26
1711354013104 0.00199 27
1711354026527 0.00199 28
1711354033014 0.00199 29
1711354039600 0.00199 30
1711354046147 0.00199 31
1711354052776 0.00199 32
1711354059319 0.00199 33
1711354065947 0.00199 34
1711354072752 0.00199 35
1711354079366 0.00199 36
1711354086044 0.00199 37
1711354093172 0.00199 38
1711354099874 0.00199 39
1711354106446 0.00199 40
1711354113108 0.00199 41
1711354119612 0.00199 42
1711354126093 0.00199 43
1711354132631 0.00199 44
1711354139341 0.00199 45
1711354146486 0.00199 46
1711354153114 0.00199 47
1711354159707 0.00199 48
1711354166258 0.00199 49
1711354175045 0.00199 50
1711354188033 0.00198 51
1711354201616 0.00198 52
1711354208468 0.00198 53
1711354215490 0.00198 54
1711354222163 0.00198 55
1711354228728 0.00198 56
1711354235318 0.00198 57
1711354241910 0.00198 58
1711354248554 0.00198 59
1711354255508 0.00198 60
1711354262151 0.00198 61
1711354268750 0.00198 62
1711354275829 0.00198 63
1711354282468 0.00198 64
1711354289069 0.00198 65
1711354295703 0.00198 66
1711354302355 0.00198 67
1711354309257 0.00198 68
1711354315908 0.00198 69
1711354322595 0.00198 70
1711354329622 0.00198 71
1711354336377 0.00198 72
1711354343000 0.00198 73
1711354349615 0.00198 74
1711354356362 0.00198 75
1711354363030 0.00198 76
1711354369697 0.00198 77
1711354376456 0.00198 78
1711354383294 0.00198 79
1711354390534 0.00198 80
1711354397283 0.00198 81
1711354404153 0.00198 82
1711354410712 0.00198 83
1711354417271 0.00198 84
1711354430266 0.00197 85
1711354443708 0.00197 86
1711354450387 0.00197 87
1711354457377 0.00197 88
1711354463966 0.00197 89
1711354470534 0.00197 90
1711354477133 0.00197 91
1711354490132 0.00197 92
1711354496940 0.00197 93
1711354503516 0.00197 94
1711354510072 0.00197 95
1711354516766 0.00197 96
1711354523640 0.00197 97
1711354530378 0.00197 98
1711354537098 0.00197 99
1711354550362 0.00197 100
1711354557168 0.00197 101
1711354563843 0.00197 102
1711354570469 0.00197 103
1711354577489 0.00197 104
1711354584201 0.00197 105
1711354590990 0.00197 106
1711354598015 0.00197 107
1711354604924 0.00197 108
1711354611667 0.00197 109
1711354618358 0.00197 110
1711354625099 0.00197 111
1711354632199 0.00197 112
1711354639098 0.00197 113
1711354652235 0.00197 114
1711354665439 0.00197 115
1711354678953 0.00197 116
1711354692365 0.00197 117
1711354705910 0.00196 118
1711354719029 0.00196 119
1711354732059 0.00196 120
1711354738738 0.00196 121
1711354745405 0.00196 122
1711354752056 0.00196 123
1711354759095 0.00196 124
1711354765784 0.00196 125
1711354772526 0.00196 126
1711354779181 0.00196 127
1711354791849 0.00196 128
1711354804845 0.00196 129
1711354817865 0.00196 130
1711354824963 0.00196 131
1711354831744 0.00196 132
1711354844952 0.00196 133
1711354858106 0.00196 134
1711354864908 0.00196 135
1711354871715 0.00196 136
1711354878453 0.00196 137
1711354885810 0.00196 138
1711354892649 0.00196 139
1711354899338 0.00196 140
1711354906023 0.00196 141
1711354913023 0.00196 142
1711354919997 0.00196 143
1711354927088 0.00196 144
1711354934114 0.00196 145
1711354940880 0.00196 146
1711354948020 0.00196 147
1711354954717 0.00196 148
1711354961448 0.00196 149
1711354974549 0.00196 150
1711354981319 0.00195 151
1711354988046 0.00195 152
1711354994818 0.00195 153
1711355001710 0.00195 154
1711355008713 0.00195 155
1711355015601 0.00195 156
1711355022351 0.00195 157
1711355029074 0.00195 158
1711355035784 0.00195 159
1711355042515 0.00195 160
1711355049279 0.00195 161
1711355056046 0.00195 162
1711355063246 0.00195 163
1711355070016 0.00195 164
1711355076751 0.00195 165
1711355083548 0.00195 166
1711355090228 0.00195 167
1711355096955 0.00195 168
1711355103743 0.00195 169
1711355110679 0.00195 170
1711355117580 0.00195 171
1711355124775 0.00195 172
1711355131521 0.00195 173
1711355138243 0.00195 174
1711355144945 0.00195 175
1711355151712 0.00195 176
1711355158386 0.00195 177
1711355165137 0.00195 178
1711355171897 0.00195 179
1711355179037 0.00195 180
1711355185873 0.00195 181
1711355193012 0.00195 182
1711355199868 0.00195 183
1711355206586 0.00195 184
1711355213340 0.00194 185
1711355220501 0.00194 186
1711355227522 0.00194 187
1711355234580 0.00194 188
1711355242107 0.00194 189
1711355249042 0.00194 190
1711355255856 0.00194 191
1711355262879 0.00194 192
1711355269762 0.00194 193
1711355276673 0.00194 194
1711355283473 0.00194 195
1711355290307 0.00194 196
1711355297614 0.00194 197
1711355304436 0.00194 198
1711355311707 0.00194 199
1711355325265 0.00194 200
1711355332137 0.00194 201
1711355338999 0.00194 202
1711355345790 0.00194 203
1711355352630 0.00194 204
1711355359914 0.00194 205
1711355366632 0.00194 206
1711355373295 0.00194 207
1711355380042 0.00194 208
1711355386741 0.00194 209
1711355393494 0.00194 210
1711355400491 0.00194 211
1711355407221 0.00194 212
1711355413975 0.00194 213
1711355421128 0.00194 214
1711355433793 0.00194 215
1711355440525 0.00194 216
1711355447176 0.00194 217
1711355453822 0.00193 218
1711355460447 0.00193 219
1711355467436 0.00193 220
1711355474338 0.00193 221
1711355480995 0.00193 222
1711355487806 0.00193 223
1711355500621 0.00193 224
1711355513440 0.00193 225
1711355526163 0.00193 226
1711355532860 0.00193 227
1711355546276 0.00193 228
1711355559414 0.00193 229
1711355566376 0.00193 230
1711355573069 0.00193 231
1711355579859 0.00193 232
1711355593015 0.00193 233
1711355599682 0.00193 234
1711355613152 0.00193 235
1711355619881 0.00193 236
1711355633399 0.00193 237
1711355646680 0.00193 238
1711355653355 0.00193 239
1711355660043 0.00193 240
1711355666961 0.00193 241
1711355673667 0.00193 242
1711355680772 0.00193 243
1711355687438 0.00193 244
1711355694130 0.00193 245
1711355700826 0.00193 246
1711355707562 0.00193 247
1711355714309 0.00193 248
1711355721109 0.00193 249
1711355734241 0.00193 250
1711355741428 0.00192 251
1711355748178 0.00192 252
1711355761653 0.00192 253
1711355774765 0.00192 254
1711355781512 0.00192 255
1711355788256 0.00192 256
1711355794931 0.00192 257
1711355801655 0.00192 258
1711355808384 0.00192 259
1711355815080 0.00192 260
1711355821789 0.00192 261
1711355828648 0.00192 262
1711355835405 0.00192 263
1711355842334 0.00192 264
1711355849210 0.00192 265
1711355856330 0.00192 266
1711355863336 0.00192 267
1711355870386 0.00192 268
1711355877566 0.00192 269
1711355884365 0.00192 270
1711355891147 0.00192 271
1711355897948 0.00192 272
1711355904649 0.00192 273
1711355911401 0.00192 274
1711355918630 0.00192 275
1711355925322 0.00192 276
1711355932070 0.00192 277
1711355938781 0.00192 278
1711355945615 0.00192 279
1711355952652 0.00192 280
1711355959393 0.00192 281
1711355966122 0.00192 282
1711355972841 0.00192 283
1711355979962 0.00191 284
1711355986657 0.00191 285
1711355993362 0.00191 286
1711356000135 0.00191 287
1711356007022 0.00191 288
1711356019841 0.00191 289
1711356032529 0.00191 290
1711356039620 0.00191 291
1711356046337 0.00191 292
1711356053055 0.00191 293
1711356059785 0.00191 294
1711356066531 0.00191 295
1711356073302 0.00191 296
1711356080041 0.00191 297
1711356086856 0.00191 298
1711356093697 0.00191 299
1711356107026 0.00191 300
1711356113791 0.00191 301
1711356120837 0.00191 302
1711356127664 0.00191 303
1711356140902 0.00191 304
1711356147811 0.00191 305
1711356154571 0.00191 306
1711356161249 0.00191 307
1711356167967 0.00191 308
1711356181104 0.00191 309
1711356187868 0.00191 310
1711356201220 0.00191 311
1711356214610 0.00191 312
1711356228560 0.00191 313
1711356241999 0.00191 314
1711356248776 0.00191 315
1711356255635 0.00191 316
1711356269061 0.0019 317
1711356275988 0.0019 318
1711356289130 0.0019 319
1711356302611 0.0019 320
1711356315659 0.0019 321
1711356328910 0.0019 322
1711356341961 0.0019 323
1711356354915 0.0019 324
1711356362033 0.0019 325
1711356368853 0.0019 326
1711356375857 0.0019 327
1711356382550 0.0019 328
1711356395750 0.0019 329
1711356408819 0.0019 330
1711356415507 0.0019 331
1711356429190 0.0019 332
1711356435985 0.0019 333
1711356449569 0.0019 334
1711356456252 0.0019 335
1711356463026 0.0019 336
1711356470097 0.0019 337
1711356477113 0.0019 338
1711356490929 0.0019 339
1711356504381 0.0019 340
1711356511169 0.0019 341
1711356523503 0.0019 342
1711356536674 0.0019 343
1711356550120 0.0019 344
1711356557074 0.0019 345
1711356563869 0.0019 346
1711356570650 0.0019 347
1711356584173 0.0019 348
1711356597471 0.0019 349
1711356610774 0.00189 350
1711356617678 0.00189 351
1711356624686 0.00189 352
1711356631396 0.00189 353
1711356644545 0.00189 354
1711356651254 0.00189 355
1711356658124 0.00189 356
1711356671651 0.00189 357
1711356685069 0.00189 358
1711356691757 0.00189 359
1711356698575 0.00189 360
1711356705573 0.00189 361
1711356712292 0.00189 362
1711356719038 0.00189 363
1711356725894 0.00189 364
1711356733351 0.00189 365
1711356740289 0.00189 366
1711356753334 0.00189 367
1711356766568 0.00189 368
1711356779869 0.00189 369
1711356786560 0.00189 370
1711356793675 0.00189 371
1711356800520 0.00189 372
1711356807336 0.00189 373
1711356820583 0.00189 374
1711356827356 0.00189 375
1711356834106 0.00189 376
1711356840809 0.00189 377
1711356847518 0.00189 378
1711356854603 0.00189 379
1711356861328 0.00189 380
1711356874598 0.00189 381
1711356887933 0.00189 382
1711356901301 0.00189 383
1711356914891 0.00188 384
1711356928385 0.00188 385
1711356935481 0.00188 386
1711356942263 0.00188 387
1711356949051 0.00188 388
1711356962563 0.00188 389
1711356969664 0.00188 390
1711356976972 0.00188 391
1711356990456 0.00188 392
1711357003914 0.00188 393
1711357017397 0.00188 394
1711357030491 0.00188 395
1711357044035 0.00188 396
1711357057253 0.00188 397
1711357070512 0.00188 398
1711357077268 0.00188 399
1711357090401 0.00188 400
1711357097227 0.00188 401
1711357104372 0.00188 402
1711357111196 0.00188 403
1711357117916 0.00188 404
1711357124660 0.00188 405
1711357131418 0.00188 406
1711357138180 0.00188 407
1711357151610 0.00188 408
1711357165507 0.00188 409
1711357172312 0.00188 410
1711357179052 0.00188 411
1711357185791 0.00188 412
1711357192586 0.00188 413
1711357199402 0.00188 414
1711357206348 0.00188 415
1711357213266 0.00188 416
1711357220299 0.00187 417
1711357227005 0.00187 418
1711357233746 0.00187 419
1711357240495 0.00187 420
1711357247191 0.00187 421
1711357253817 0.00187 422
1711357260481 0.00187 423
1711357267100 0.00187 424
1711357273734 0.00187 425
1711357280405 0.00187 426
1711357287256 0.00187 427
1711357293959 0.00187 428
1711357300673 0.00187 429
1711357307461 0.00187 430
1711357314104 0.00187 431
1711357320718 0.00187 432
1711357327366 0.00187 433
1711357334148 0.00187 434
1711357340959 0.00187 435
1711357347629 0.00187 436
1711357354258 0.00187 437
1711357360948 0.00187 438
1711357367874 0.00187 439
1711357374533 0.00187 440
1711357381568 0.00187 441
1711357388312 0.00187 442
1711357394971 0.00187 443
1711357402018 0.00187 444
1711357408623 0.00187 445
1711357415649 0.00187 446
1711357422351 0.00187 447
1711357429158 0.00187 448
1711357435850 0.00187 449
1711357448962 0.00186 450
1711357455609 0.00186 451
1711357462610 0.00186 452
1711357469246 0.00186 453
1711357475908 0.00186 454
1711357482586 0.00186 455
1711357489338 0.00186 456
1711357496082 0.00186 457
1711357502760 0.00186 458
1711357509473 0.00186 459
1711357516306 0.00186 460
1711357523468 0.00186 461
1711357530406 0.00186 462
1711357537242 0.00186 463
1711357550385 0.00186 464
1711357563784 0.00186 465
1711357576683 0.00186 466
1711357590127 0.00186 467
1711357602896 0.00186 468
1711357615931 0.00186 469
1711357622539 0.00186 470
1711357629246 0.00186 471
1711357635863 0.00186 472
1711357642467 0.00186 473
1711357655930 0.00186 474
1711357662487 0.00186 475
1711357669193 0.00186 476
1711357675791 0.00186 477
1711357682414 0.00186 478
1711357689032 0.00186 479
1711357695663 0.00186 480
1711357702267 0.00186 481
1711357708867 0.00186 482
1711357715918 0.00185 483
1711357722578 0.00185 484
1711357729254 0.00185 485
1711357735904 0.00185 486
1711357742629 0.00185 487
1711357749323 0.00185 488
1711357756229 0.00185 489
1711357763033 0.00185 490
1711357769772 0.00185 491
1711357777056 0.00185 492
1711357783728 0.00185 493
1711357790403 0.00185 494
1711357797115 0.00185 495
1711357804058 0.00185 496
1711357810739 0.00185 497
1711357817418 0.00185 498
1711357824205 0.00185 499
1711357837366 0.00185 500
1711357844098 0.00185 501
1711357850806 0.00185 502
1711357857676 0.00185 503
1711357870652 0.00185 504
1711357877598 0.00185 505
1711357884350 0.00185 506
1711357891410 0.00185 507
1711357903445 0.00185 508
1711357916413 0.00185 509
1711357923125 0.00185 510
1711357929981 0.00185 511
1711357936648 0.00185 512
1711357943318 0.00185 513
1711357950453 0.00185 514
1711357957145 0.00185 515
1711357963944 0.00184 516
1711357970778 0.00184 517
1711357984443 0.00184 518
1711357997493 0.00184 519
1711358010963 0.00184 520
1711358024635 0.00184 521
1711358037796 0.00184 522
1711358050950 0.00184 523
1711358057667 0.00184 524
1711358070732 0.00184 525
1711358084337 0.00184 526
1711358097592 0.00184 527
1711358104302 0.00184 528
1711358117693 0.00184 529
1711358124439 0.00184 530
1711358131094 0.00184 531
1711358137714 0.00184 532
1711358144352 0.00184 533
1711358151030 0.00184 534
1711358157660 0.00184 535
1711358164631 0.00184 536
1711358171347 0.00184 537
1711358184501 0.00184 538
1711358197887 0.00184 539
1711358204871 0.00184 540
1711358211985 0.00184 541
1711358218687 0.00184 542
1711358225360 0.00184 543
1711358232036 0.00184 544
1711358238739 0.00184 545
1711358245556 0.00184 546
1711358252320 0.00184 547
1711358259051 0.00184 548
1711358265836 0.00183 549
1711358279508 0.00183 550
1711358286149 0.00183 551
1711358292861 0.00183 552
1711358299709 0.00183 553
1711358306643 0.00183 554
1711358313779 0.00183 555
1711358320521 0.00183 556
1711358327173 0.00183 557
1711358334334 0.00183 558
1711358340979 0.00183 559
1711358347662 0.00183 560
1711358354321 0.00183 561
1711358361192 0.00183 562
1711358367881 0.00183 563
1711358374620 0.00183 564
1711358381406 0.00183 565
1711358388110 0.00183 566
1711358395255 0.00183 567
1711358401961 0.00183 568
1711358408728 0.00183 569
1711358415399 0.00183 570
1711358422153 0.00183 571
1711358428931 0.00183 572
1711358435683 0.00183 573
1711358442488 0.00183 574
1711358449376 0.00183 575
1711358456574 0.00183 576
1711358463321 0.00183 577
1711358470175 0.00183 578
1711358483331 0.00183 579
1711358490029 0.00183 580
1711358496814 0.00183 581
1711358503470 0.00182 582
1711358510328 0.00182 583
1711358524170 0.00182 584
1711358530940 0.00182 585
1711358544179 0.00182 586
1711358550846 0.00182 587
1711358557555 0.00182 588
1711358564360 0.00182 589
1711358577844 0.00182 590
1711358591532 0.00182 591
1711358598638 0.00182 592
1711358605579 0.00182 593
1711358612395 0.00182 594
1711358625637 0.00182 595
1711358638920 0.00182 596
1711358646043 0.00182 597
1711358652727 0.00182 598
1711358659448 0.00182 599
1711358672820 0.00182 600
1711358686069 0.00182 601
1711358692823 0.00182 602
1711358699541 0.00182 603
1711358706871 0.00182 604
1711358713667 0.00182 605
1711358720618 0.00182 606
1711358727337 0.00182 607
1711358734025 0.00182 608
1711358740740 0.00182 609
1711358747512 0.00182 610
1711358754274 0.00182 611
1711358761008 0.00182 612
1711358768211 0.00182 613
1711358775281 0.00182 614
1711358782131 0.00181 615
1711358789128 0.00181 616
1711358796051 0.00181 617
1711358802805 0.00181 618
1711358809467 0.00181 619
1711358816175 0.00181 620
1711358823315 0.00181 621
1711358830041 0.00181 622
1711358836988 0.00181 623
1711358843857 0.00181 624
1711358850654 0.00181 625
1711358863575 0.00181 626
1711358870317 0.00181 627
1711358877034 0.00181 628
1711358884161 0.00181 629
1711358897047 0.00181 630
1711358910079 0.00181 631
1711358916836 0.00181 632
1711358923666 0.00181 633
1711358936988 0.00181 634
1711358950551 0.00181 635
1711358963818 0.00181 636
1711358970587 0.00181 637
1711358977396 0.00181 638
1711358984399 0.00181 639
1711358991085 0.00181 640
1711359004788 0.00181 641
1711359011513 0.00181 642
1711359018233 0.00181 643
1711359024995 0.00181 644
1711359031760 0.00181 645
1711359045410 0.00181 646
1711359052251 0.00181 647
1711359058979 0.0018 648
1711359066153 0.0018 649
1711359079343 0.0018 650
1711359086079 0.0018 651
1711359092905 0.0018 652
1711359099685 0.0018 653
1711359106425 0.0018 654
1711359113150 0.0018 655
1711359119899 0.0018 656
1711359126974 0.0018 657
1711359133655 0.0018 658
1711359140373 0.0018 659
1711359147358 0.0018 660
1711359154182 0.0018 661
1711359160906 0.0018 662
1711359167620 0.0018 663
1711359174430 0.0018 664
1711359181918 0.0018 665
1711359188676 0.0018 666
1711359195413 0.0018 667
1711359202237 0.0018 668
1711359209071 0.0018 669
1711359216018 0.0018 670
1711359222823 0.0018 671
1711359229567 0.0018 672
1711359236478 0.0018 673
1711359243812 0.0018 674
1711359250598 0.0018 675
1711359257416 0.0018 676
1711359264187 0.0018 677
1711359270914 0.0018 678
1711359277636 0.0018 679
1711359284382 0.0018 680
1711359298041 0.00179 681
1711359311617 0.00179 682
1711359318416 0.00179 683
1711359331668 0.00179 684
1711359338623 0.00179 685
1711359345410 0.00179 686
1711359352117 0.00179 687
1711359359326 0.00179 688
1711359366046 0.00179 689
1711359372788 0.00179 690
1711359386004 0.00179 691
1711359399308 0.00179 692
1711359406070 0.00179 693
1711359412988 0.00179 694
1711359420607 0.00179 695
1711359433972 0.00179 696
1711359440998 0.00179 697
1711359447905 0.00179 698
1711359454609 0.00179 699
1711359468047 0.00179 700
1711359474845 0.00179 701
1711359481929 0.00179 702
1711359488696 0.00179 703
1711359495451 0.00179 704
1711359502201 0.00179 705
1711359508962 0.00179 706
1711359515840 0.00179 707
1711359522736 0.00179 708
1711359529544 0.00179 709
1711359543413 0.00179 710
1711359556829 0.00179 711
1711359563578 0.00179 712
1711359570325 0.00179 713
1711359577048 0.00178 714
1711359589983 0.00178 715
1711359603032 0.00178 716
1711359610199 0.00178 717
1711359617062 0.00178 718
1711359623790 0.00178 719
1711359630692 0.00178 720
1711359637779 0.00178 721
1711359644485 0.00178 722
1711359651208 0.00178 723
1711359657987 0.00178 724
1711359671351 0.00178 725
1711359684429 0.00178 726
1711359691137 0.00178 727
1711359698165 0.00178 728
1711359704935 0.00178 729
1711359711754 0.00178 730
1711359718756 0.00178 731
1711359726032 0.00178 732
1711359732844 0.00178 733
1711359739608 0.00178 734
1711359746475 0.00178 735
1711359753239 0.00178 736
1711359759946 0.00178 737
1711359766734 0.00178 738
1711359773446 0.00178 739
1711359780752 0.00178 740
1711359787465 0.00178 741
1711359794301 0.00178 742
1711359801110 0.00178 743
1711359807898 0.00178 744
1711359814761 0.00178 745
1711359821833 0.00178 746
1711359828590 0.00177 747
1711359835333 0.00177 748
1711359842870 0.00177 749
1711359856362 0.00177 750
1711359863089 0.00177 751
1711359869870 0.00177 752
1711359876728 0.00177 753
1711359883493 0.00177 754
1711359890272 0.00177 755
1711359896997 0.00177 756
1711359904292 0.00177 757
1711359911050 0.00177 758
1711359924155 0.00177 759
1711359937039 0.00177 760
1711359950303 0.00177 761
1711359964111 0.00177 762
1711359970878 0.00177 763
1711359977645 0.00177 764
1711359991041 0.00177 765
1711359998176 0.00177 766
1711360005220 0.00177 767
1711360012207 0.00177 768
1711360019378 0.00177 769
1711360026192 0.00177 770
1711360032989 0.00177 771
1711360039832 0.00177 772
1711360046744 0.00177 773
1711360053497 0.00177 774
1711360060439 0.00177 775
1711360067447 0.00177 776
1711360074347 0.00177 777
1711360081266 0.00177 778
1711360088005 0.00177 779
1711360094824 0.00176 780
1711360101562 0.00176 781
1711360108327 0.00176 782
1711360115162 0.00176 783
1711360122033 0.00176 784
1711360128861 0.00176 785
1711360136067 0.00176 786
1711360142859 0.00176 787
1711360149663 0.00176 788
1711360156488 0.00176 789
1711360163376 0.00176 790
1711360170166 0.00176 791
1711360177055 0.00176 792
1711360183881 0.00176 793
1711360191274 0.00176 794
1711360198161 0.00176 795
1711360205258 0.00176 796
1711360212313 0.00176 797
1711360219265 0.00176 798
1711360226137 0.00176 799
1711360239557 0.00176 800
1711360246353 0.00176 801
1711360253505 0.00176 802
1711360260257 0.00176 803
1711360267012 0.00176 804
1711360273792 0.00176 805
1711360280620 0.00176 806
1711360287651 0.00176 807
1711360294563 0.00176 808
1711360301516 0.00176 809
1711360308482 0.00176 810
1711360315740 0.00176 811
1711360322875 0.00175 812
1711360330027 0.00175 813
1711360337084 0.00175 814
1711360344215 0.00175 815
1711360357538 0.00175 816
1711360364345 0.00175 817
1711360371210 0.00175 818
1711360378446 0.00175 819
1711360385135 0.00175 820
1711360391728 0.00175 821
1711360398606 0.00175 822
1711360405278 0.00175 823
1711360411921 0.00175 824
1711360418572 0.00175 825
1711360425243 0.00175 826
1711360431932 0.00175 827
1711360438644 0.00175 828
1711360445353 0.00175 829
1711360451972 0.00175 830
1711360458622 0.00175 831
1711360465512 0.00175 832
1711360472139 0.00175 833
1711360478733 0.00175 834
1711360485425 0.00175 835
1711360499479 0.00175 836
1711360512640 0.00175 837
1711360525868 0.00175 838
1711360538967 0.00175 839
1711360552154 0.00175 840
1711360565670 0.00175 841
1711360572700 0.00175 842
1711360586127 0.00175 843
1711360599211 0.00175 844
1711360612336 0.00174 845
1711360625784 0.00174 846
1711360632706 0.00174 847
1711360639342 0.00174 848
1711360645895 0.00174 849
1711360665967 0.00174 850
1711360679138 0.00174 851
1711360685762 0.00174 852
1711360692667 0.00174 853
1711360699488 0.00174 854
1711360706153 0.00174 855
1711360712907 0.00174 856
1711360719557 0.00174 857
1711360726213 0.00174 858
1711360732856 0.00174 859
1711360739500 0.00174 860
1711360746072 0.00174 861
1711360752796 0.00174 862
1711360759910 0.00174 863
1711360766472 0.00174 864
1711360773114 0.00174 865
1711360779720 0.00174 866
1711360786325 0.00174 867
1711360792959 0.00174 868
1711360799564 0.00174 869
1711360806154 0.00174 870
1711360819123 0.00174 871
1711360826183 0.00174 872
1711360832734 0.00174 873
1711360839379 0.00174 874
1711360845995 0.00174 875
1711360859266 0.00174 876
1711360865872 0.00174 877
1711360872627 0.00173 878
1711360879303 0.00173 879
1711360886241 0.00173 880
1711360899506 0.00173 881
1711360906131 0.00173 882
1711360913003 0.00173 883
1711360919719 0.00173 884
1711360926325 0.00173 885
1711360932927 0.00173 886
1711360939539 0.00173 887
1711360946293 0.00173 888
1711360952921 0.00173 889
1711360959592 0.00173 890
1711360973011 0.00173 891
1711360979610 0.00173 892
1711360986249 0.00173 893
1711360992989 0.00173 894
1711360999659 0.00173 895
1711361006819 0.00173 896
1711361013525 0.00173 897
1711361020190 0.00173 898
1711361026789 0.00173 899
1711361039990 0.00173 900
1711361047006 0.00173 901
1711361053678 0.00173 902
1711361060316 0.00173 903
1711361067345 0.00173 904
1711361074389 0.00173 905
1711361081116 0.00173 906
1711361087976 0.00173 907
1711361094964 0.00173 908
1711361101690 0.00173 909
1711361108578 0.00173 910
1711361115314 0.00172 911
1711361122206 0.00172 912
1711361128837 0.00172 913
1711361142573 0.00172 914
1711361155792 0.00172 915
1711361169085 0.00172 916
1711361175688 0.00172 917
1711361182292 0.00172 918
1711361188886 0.00172 919
1711361195622 0.00172 920
1711361202746 0.00172 921
1711361209403 0.00172 922
1711361216015 0.00172 923
1711361222617 0.00172 924
1711361229343 0.00172 925
1711361236100 0.00172 926
1711361242761 0.00172 927
1711361249392 0.00172 928
1711361256140 0.00172 929
1711361262914 0.00172 930
1711361269775 0.00172 931
1711361276496 0.00172 932
1711361283214 0.00172 933
1711361290021 0.00172 934
1711361296681 0.00172 935
1711361303382 0.00172 936
1711361309995 0.00172 937
1711361316691 0.00172 938
1711361323343 0.00172 939
1711361330413 0.00172 940
1711361337125 0.00172 941
1711361343917 0.00172 942
1711361350701 0.00172 943
1711361357526 0.00171 944
1711361370901 0.00171 945
1711361377499 0.00171 946
1711361391183 0.00171 947
1711361397813 0.00171 948
1711361404485 0.00171 949
1711361418141 0.00171 950
1711361424842 0.00171 951
1711361437990 0.00171 952
1711361451195 0.00171 953
1711361458550 0.00171 954
1711361470502 0.00171 955
1711361483827 0.00171 956
1711361497210 0.00171 957
1711361503848 0.00171 958
1711361510718 0.00171 959
1711361517484 0.00171 960
1711361524573 0.00171 961
1711361531240 0.00171 962
1711361537990 0.00171 963
1711361544692 0.00171 964
1711361551404 0.00171 965
1711361558166 0.00171 966
1711361565160 0.00171 967
1711361571852 0.00171 968
1711361578618 0.00171 969
1711361585818 0.00171 970
1711361592483 0.00171 971
1711361599169 0.00171 972
1711361605964 0.00171 973
1711361612729 0.00171 974
1711361619460 0.00171 975
1711361626182 0.0017 976
1711361632908 0.0017 977
1711361639920 0.0017 978
1711361647293 0.0017 979
1711361653975 0.0017 980
1711361660646 0.0017 981
1711361667299 0.0017 982
1711361673931 0.0017 983
1711361680657 0.0017 984
1711361687466 0.0017 985
1711361700702 0.0017 986
1711361714634 0.0017 987
1711361728049 0.0017 988
1711361734927 0.0017 989
1711361748397 0.0017 990
1711361761883 0.0017 991
1711361775559 0.0017 992
1711361782182 0.0017 993
1711361788847 0.0017 994
1711361795836 0.0017 995
1711361802603 0.0017 996
1711361809307 0.0017 997
1711361816060 0.0017 998
1711361822778 0.0017 999
1711361836106 0.0017 1000
1711361842776 0.0017 1001
1711361849539 0.0017 1002
1711361856438 0.0017 1003
1711361863260 0.0017 1004
1711361876864 0.0017 1005
1711361889987 0.0017 1006
1711361896586 0.0017 1007
1711361903698 0.0017 1008
1711361910455 0.00169 1009
1711361917134 0.00169 1010
1711361923851 0.00169 1011
1711361930542 0.00169 1012
1711361937201 0.00169 1013
1711361943902 0.00169 1014
1711361950735 0.00169 1015
1711361964614 0.00169 1016
1711361971526 0.00169 1017
1711361978589 0.00169 1018
1711361985418 0.00169 1019
1711361992095 0.00169 1020
1711362005348 0.00169 1021
1711362012150 0.00169 1022
1711362019137 0.00169 1023
1711362026513 0.00169 1024
1711362033191 0.00169 1025
1711362039830 0.00169 1026
1711362046636 0.00169 1027
1711362053462 0.00169 1028
1711362060188 0.00169 1029
1711362067065 0.00169 1030
1711362080380 0.00169 1031
1711362087475 0.00169 1032
1711362094214 0.00169 1033
1711362100862 0.00169 1034
1711362107645 0.00169 1035
1711362114402 0.00169 1036
1711362121354 0.00169 1037
1711362128211 0.00169 1038
1711362134876 0.00169 1039
1711362141640 0.00169 1040
1711362149131 0.00169 1041
1711362162873 0.00168 1042
1711362169521 0.00168 1043
1711362176179 0.00168 1044
1711362182888 0.00168 1045
1711362189592 0.00168 1046
1711362202938 0.00168 1047
1711362209586 0.00168 1048
1711362223126 0.00168 1049
1711362243197 0.00168 1050
1711362256531 0.00168 1051
1711362270203 0.00168 1052
1711362277178 0.00168 1053
1711362283912 0.00168 1054
1711362290590 0.00168 1055
1711362297239 0.00168 1056
1711362303905 0.00168 1057
1711362310542 0.00168 1058
1711362317232 0.00168 1059
1711362323879 0.00168 1060
1711362330561 0.00168 1061
1711362337657 0.00168 1062
1711362344301 0.00168 1063
1711362350968 0.00168 1064
1711362357644 0.00168 1065
1711362364412 0.00168 1066
1711362371394 0.00168 1067
1711362378217 0.00168 1068
1711362385231 0.00168 1069
1711362391986 0.00168 1070
1711362399122 0.00168 1071
1711362405826 0.00168 1072
1711362412468 0.00168 1073
1711362419195 0.00168 1074
1711362425952 0.00167 1075
1711362432650 0.00167 1076
1711362439617 0.00167 1077
1711362446366 0.00167 1078
1711362453397 0.00167 1079
1711362460664 0.00167 1080
1711362474063 0.00167 1081
1711362480759 0.00167 1082
1711362487569 0.00167 1083
1711362494242 0.00167 1084
1711362500930 0.00167 1085
1711362507658 0.00167 1086
1711362514284 0.00167 1087
1711362521502 0.00167 1088
1711362528246 0.00167 1089
1711362534943 0.00167 1090
1711362548375 0.00167 1091
1711362555438 0.00167 1092
1711362562192 0.00167 1093
1711362568825 0.00167 1094
1711362575567 0.00167 1095
1711362582317 0.00167 1096
1711362589082 0.00167 1097
1711362596117 0.00167 1098
1711362602867 0.00167 1099
1711362616171 0.00167 1100
1711362622834 0.00167 1101
1711362629562 0.00167 1102
1711362636399 0.00167 1103
1711362643462 0.00167 1104
1711362650868 0.00167 1105
1711362657676 0.00167 1106
1711362664368 0.00166 1107
1711362671081 0.00166 1108
1711362684483 0.00166 1109
1711362691168 0.00166 1110
1711362697877 0.00166 1111
1711362705080 0.00166 1112
1711362711733 0.00166 1113
1711362718429 0.00166 1114
1711362725206 0.00166 1115
1711362738479 0.00166 1116
1711362751891 0.00166 1117
1711362758644 0.00166 1118
1711362765491 0.00166 1119
1711362772655 0.00166 1120
1711362785958 0.00166 1121
1711362792616 0.00166 1122
1711362799357 0.00166 1123
1711362806045 0.00166 1124
1711362812857 0.00166 1125
1711362819537 0.00166 1126
1711362826888 0.00166 1127
1711362833653 0.00166 1128
1711362840481 0.00166 1129
1711362847219 0.00166 1130
1711362854010 0.00166 1131
1711362860813 0.00166 1132
1711362867502 0.00166 1133
1711362880898 0.00166 1134
1711362894741 0.00166 1135
1711362908004 0.00166 1136
1711362915045 0.00166 1137
1711362921810 0.00166 1138
1711362928553 0.00166 1139
1711362935278 0.00165 1140
1711362941949 0.00165 1141
1711362948638 0.00165 1142
1711362955975 0.00165 1143
1711362962695 0.00165 1144
1711362969560 0.00165 1145
1711362976431 0.00165 1146
1711362983252 0.00165 1147
1711362989999 0.00165 1148
1711362996737 0.00165 1149
1711363010814 0.00165 1150
1711363017758 0.00165 1151
1711363024523 0.00165 1152
1711363031247 0.00165 1153
1711363038048 0.00165 1154
1711363045044 0.00165 1155
1711363051855 0.00165 1156
1711363058645 0.00165 1157
1711363065382 0.00165 1158
1711363072712 0.00165 1159
1711363079505 0.00165 1160
1711363086297 0.00165 1161
1711363093071 0.00165 1162
1711363099824 0.00165 1163
1711363113321 0.00165 1164
1711363126606 0.00165 1165
1711363140461 0.00165 1166
1711363147183 0.00165 1167
1711363154043 0.00165 1168
1711363161061 0.00165 1169
1711363167856 0.00165 1170
1711363174953 0.00165 1171
1711363181991 0.00164 1172
1711363189085 0.00164 1173
1711363196278 0.00164 1174
1711363203094 0.00164 1175
1711363209847 0.00164 1176
1711363216660 0.00164 1177
1711363223483 0.00164 1178
1711363230274 0.00164 1179
1711363237071 0.00164 1180
1711363243892 0.00164 1181
1711363250647 0.00164 1182
1711363257853 0.00164 1183
1711363264594 0.00164 1184
1711363271575 0.00164 1185
1711363278380 0.00164 1186
1711363285216 0.00164 1187
1711363292347 0.00164 1188
1711363299081 0.00164 1189
1711363305810 0.00164 1190
1711363313037 0.00164 1191
1711363319759 0.00164 1192
1711363326459 0.00164 1193
1711363333202 0.00164 1194
1711363339926 0.00164 1195
1711363346717 0.00164 1196
1711363353714 0.00164 1197
1711363360497 0.00164 1198
1711363367327 0.00164 1199
1711363381503 0.00164 1200
1711363388409 0.00164 1201
1711363395367 0.00164 1202
1711363402485 0.00164 1203
1711363409524 0.00164 1204
1711363416402 0.00163 1205
1711363423128 0.00163 1206
1711363429916 0.00163 1207
1711363437265 0.00163 1208
1711363444023 0.00163 1209
1711363450867 0.00163 1210
1711363457649 0.00163 1211
1711363464483 0.00163 1212
1711363471247 0.00163 1213
1711363478064 0.00163 1214
1711363484848 0.00163 1215
1711363498548 0.00163 1216
1711363511800 0.00163 1217
1711363518520 0.00163 1218
1711363530797 0.00163 1219
1711363544099 0.00163 1220
1711363557745 0.00163 1221
1711363564478 0.00163 1222
1711363571253 0.00163 1223
1711363577922 0.00163 1224
1711363584639 0.00163 1225
1711363598027 0.00163 1226
1711363604870 0.00163 1227
1711363611613 0.00163 1228
1711363618726 0.00163 1229
1711363625502 0.00163 1230
1711363638852 0.00163 1231
1711363645768 0.00163 1232
1711363652569 0.00163 1233
1711363659414 0.00163 1234
1711363666128 0.00163 1235
1711363672901 0.00163 1236
1711363679975 0.00163 1237
1711363686646 0.00162 1238
1711363693307 0.00162 1239
1711363700032 0.00162 1240
1711363706958 0.00162 1241
1711363713667 0.00162 1242
1711363720669 0.00162 1243
1711363727450 0.00162 1244
1711363734177 0.00162 1245
1711363747834 0.00162 1246
1711363754493 0.00162 1247
1711363761259 0.00162 1248
1711363767999 0.00162 1249
1711363781370 0.00162 1250
1711363788266 0.00162 1251
1711363794967 0.00162 1252
1711363801710 0.00162 1253
1711363808448 0.00162 1254
1711363821746 0.00162 1255
1711363835138 0.00162 1256
1711363841907 0.00162 1257
1711363848655 0.00162 1258
1711363855382 0.00162 1259
1711363862509 0.00162 1260
1711363875849 0.00162 1261
1711363882633 0.00162 1262
1711363889307 0.00162 1263
1711363896028 0.00162 1264
1711363902835 0.00162 1265
1711363909734 0.00162 1266
1711363916962 0.00162 1267
1711363923707 0.00162 1268
1711363930418 0.00162 1269
1711363937294 0.00161 1270
1711363944096 0.00161 1271
1711363950836 0.00161 1272
1711363957626 0.00161 1273
1711363964327 0.00161 1274
1711363971072 0.00161 1275
1711363978292 0.00161 1276
1711363985064 0.00161 1277
1711363991978 0.00161 1278
1711363998794 0.00161 1279
1711364005598 0.00161 1280
1711364012457 0.00161 1281
1711364019203 0.00161 1282
1711364025839 0.00161 1283
1711364033069 0.00161 1284
1711364040254 0.00161 1285
1711364047163 0.00161 1286
1711364053992 0.00161 1287
1711364060770 0.00161 1288
1711364067686 0.00161 1289
1711364074544 0.00161 1290
1711364081309 0.00161 1291
1711364088262 0.00161 1292
1711364095568 0.00161 1293
1711364102601 0.00161 1294
1711364109405 0.00161 1295
1711364116103 0.00161 1296
1711364122874 0.00161 1297
1711364136484 0.00161 1298
1711364143256 0.00161 1299
1711364157151 0.00161 1300
1711364164202 0.00161 1301
1711364171303 0.00161 1302
1711364178195 0.0016 1303
1711364184917 0.0016 1304
1711364191712 0.0016 1305
1711364198473 0.0016 1306
1711364205249 0.0016 1307
1711364212406 0.0016 1308
1711364219151 0.0016 1309
1711364225946 0.0016 1310
1711364232998 0.0016 1311
1711364239776 0.0016 1312
1711364246591 0.0016 1313
1711364253371 0.0016 1314
1711364260103 0.0016 1315
1711364266821 0.0016 1316
1711364274048 0.0016 1317
1711364280807 0.0016 1318
1711364287558 0.0016 1319
1711364294307 0.0016 1320
1711364300991 0.0016 1321
1711364307788 0.0016 1322
1711364321180 0.0016 1323
1711364334905 0.0016 1324
1711364341671 0.0016 1325
1711364348639 0.0016 1326
1711364355379 0.0016 1327
1711364362253 0.0016 1328
1711364369357 0.0016 1329
1711364376396 0.0016 1330
1711364383136 0.0016 1331
1711364390303 0.0016 1332
1711364397061 0.0016 1333
1711364403813 0.0016 1334
1711364410634 0.00159 1335
1711364417356 0.00159 1336
1711364424094 0.00159 1337
1711364430879 0.00159 1338
1711364437679 0.00159 1339
1711364444893 0.00159 1340
1711364451870 0.00159 1341
1711364458646 0.00159 1342
1711364465526 0.00159 1343
1711364472343 0.00159 1344
1711364479079 0.00159 1345
1711364485896 0.00159 1346
1711364492647 0.00159 1347
1711364499469 0.00159 1348
1711364506793 0.00159 1349
1711364520273 0.00159 1350
1711364527055 0.00159 1351
1711364533852 0.00159 1352
1711364540787 0.00159 1353
1711364547644 0.00159 1354
1711364554483 0.00159 1355
1711364561584 0.00159 1356
1711364569092 0.00159 1357
1711364575920 0.00159 1358
1711364582694 0.00159 1359
1711364589400 0.00159 1360
1711364596298 0.00159 1361
1711364603177 0.00159 1362
1711364610030 0.00159 1363
1711364617048 0.00159 1364
1711364624260 0.00159 1365
1711364631073 0.00159 1366
1711364637923 0.00159 1367
1711364644654 0.00158 1368
1711364651375 0.00158 1369
1711364658095 0.00158 1370
1711364664818 0.00158 1371
1711364671556 0.00158 1372
1711364678286 0.00158 1373
1711364685493 0.00158 1374
1711364692215 0.00158 1375
1711364698913 0.00158 1376
1711364705641 0.00158 1377
1711364712410 0.00158 1378
1711364719220 0.00158 1379
1711364726342 0.00158 1380
1711364733401 0.00158 1381
1711364740858 0.00158 1382
1711364747644 0.00158 1383
1711364754378 0.00158 1384
1711364761148 0.00158 1385
1711364767858 0.00158 1386
1711364774609 0.00158 1387
1711364781375 0.00158 1388
1711364788114 0.00158 1389
1711364795233 0.00158 1390
1711364802427 0.00158 1391
1711364809210 0.00158 1392
1711364815983 0.00158 1393
1711364822921 0.00158 1394
1711364829774 0.00158 1395
1711364836525 0.00158 1396
1711364843376 0.00158 1397
1711364850160 0.00158 1398
1711364857097 0.00158 1399
1711364870967 0.00157 1400
1711364877761 0.00157 1401
1711364884682 0.00157 1402
1711364891465 0.00157 1403
1711364898217 0.00157 1404
1711364904970 0.00157 1405
1711364911754 0.00157 1406
1711364919032 0.00157 1407
1711364932690 0.00157 1408
1711364939627 0.00157 1409
1711364946512 0.00157 1410
1711364953452 0.00157 1411
1711364960460 0.00157 1412
1711364967341 0.00157 1413
1711364974160 0.00157 1414
1711364981393 0.00157 1415
1711364988158 0.00157 1416
1711364994968 0.00157 1417
1711365001709 0.00157 1418
1711365008474 0.00157 1419
1711365015226 0.00157 1420
1711365022084 0.00157 1421
1711365028849 0.00157 1422
1711365035759 0.00157 1423
1711365043171 0.00157 1424
1711365050015 0.00157 1425
1711365056909 0.00157 1426
1711365063706 0.00157 1427
1711365070680 0.00157 1428
1711365077771 0.00157 1429
1711365084642 0.00157 1430
1711365091541 0.00157 1431
1711365105404 0.00157 1432
1711365112177 0.00156 1433
1711365118997 0.00156 1434
1711365125794 0.00156 1435
1711365132620 0.00156 1436
1711365139588 0.00156 1437
1711365146601 0.00156 1438
1711365153693 0.00156 1439
1711365167886 0.00156 1440
1711365181515 0.00156 1441
1711365188346 0.00156 1442
1711365195243 0.00156 1443
1711365202218 0.00156 1444
1711365209064 0.00156 1445
1711365215866 0.00156 1446
1711365229707 0.00156 1447
1711365243140 0.00156 1448
1711365249928 0.00156 1449
1711365263238 0.00156 1450
1711365270064 0.00156 1451
1711365277150 0.00156 1452
1711365284141 0.00156 1453
1711365291040 0.00156 1454
1711365297804 0.00156 1455
1711365304565 0.00156 1456
1711365311334 0.00156 1457
1711365318119 0.00156 1458
1711365324883 0.00156 1459
1711365331658 0.00156 1460
1711365338416 0.00156 1461
1711365345678 0.00156 1462
1711365352558 0.00156 1463
1711365359373 0.00156 1464
1711365366258 0.00155 1465
1711365373030 0.00155 1466
1711365379802 0.00155 1467
1711365393266 0.00155 1468
1711365407139 0.00155 1469
1711365414002 0.00155 1470
1711365420875 0.00155 1471
1711365427849 0.00155 1472
1711365434983 0.00155 1473
1711365441868 0.00155 1474
1711365448716 0.00155 1475
1711365455704 0.00155 1476
1711365462850 0.00155 1477
1711365470169 0.00155 1478
1711365477074 0.00155 1479
1711365484010 0.00155 1480
1711365491133 0.00155 1481
1711365498011 0.00155 1482
1711365504934 0.00155 1483
1711365511660 0.00155 1484
1711365518406 0.00155 1485
1711365532068 0.00155 1486
1711365545462 0.00155 1487
1711365559073 0.00155 1488
1711365566049 0.00155 1489
1711365573096 0.00155 1490
1711365579986 0.00155 1491
1711365586825 0.00155 1492
1711365594006 0.00155 1493
1711365600847 0.00155 1494
1711365607636 0.00155 1495
1711365614452 0.00155 1496
1711365621374 0.00155 1497
1711365628147 0.00154 1498
1711365634988 0.00154 1499
1711365648575 0.00154 1500
1711365655809 0.00154 1501
1711365662571 0.00154 1502
1711365669342 0.00154 1503
1711365676175 0.00154 1504
1711365683282 0.00154 1505
1711365690225 0.00154 1506
1711365696979 0.00154 1507
1711365703771 0.00154 1508
1711365710524 0.00154 1509
1711365717806 0.00154 1510
1711365724561 0.00154 1511
1711365731469 0.00154 1512
1711365738598 0.00154 1513
1711365745389 0.00154 1514
1711365752233 0.00154 1515
1711365759078 0.00154 1516
1711365765856 0.00154 1517
1711365773144 0.00154 1518
1711365780032 0.00154 1519
1711365786808 0.00154 1520
1711365793578 0.00154 1521
1711365800391 0.00154 1522
1711365807285 0.00154 1523
1711365814190 0.00154 1524
1711365821056 0.00154 1525
1711365827890 0.00154 1526
1711365835295 0.00154 1527
1711365842172 0.00154 1528
1711365848938 0.00154 1529
1711365855740 0.00153 1530
1711365862495 0.00153 1531
1711365869381 0.00153 1532
1711365876275 0.00153 1533
1711365883068 0.00153 1534
1711365890325 0.00153 1535
1711365897217 0.00153 1536
1711365904055 0.00153 1537
1711365910912 0.00153 1538
1711365917795 0.00153 1539
1711365924663 0.00153 1540
1711365931836 0.00153 1541
1711365938791 0.00153 1542
1711365945649 0.00153 1543
1711365952876 0.00153 1544
1711365959710 0.00153 1545
1711365966515 0.00153 1546
1711365973287 0.00153 1547
1711365980127 0.00153 1548
1711365986918 0.00153 1549
1711366000563 0.00153 1550
1711366007792 0.00153 1551
1711366014627 0.00153 1552
1711366021438 0.00153 1553
1711366028422 0.00153 1554
1711366035339 0.00153 1555
1711366042157 0.00153 1556
1711366049121 0.00153 1557
1711366055958 0.00153 1558
1711366063229 0.00153 1559
1711366070061 0.00153 1560
1711366076891 0.00153 1561
1711366083682 0.00152 1562
1711366090556 0.00152 1563
1711366097347 0.00152 1564
1711366104540 0.00152 1565
1711366111313 0.00152 1566
1711366118174 0.00152 1567
1711366125504 0.00152 1568
1711366132326 0.00152 1569
1711366139221 0.00152 1570
1711366146099 0.00152 1571
1711366152954 0.00152 1572
1711366159914 0.00152 1573
1711366166879 0.00152 1574
1711366173959 0.00152 1575
1711366181201 0.00152 1576
1711366188045 0.00152 1577
1711366194872 0.00152 1578
1711366201702 0.00152 1579
1711366208772 0.00152 1580
1711366215660 0.00152 1581
1711366222474 0.00152 1582
1711366229578 0.00152 1583
1711366236428 0.00152 1584
1711366243829 0.00152 1585
1711366250715 0.00152 1586
1711366257868 0.00152 1587
1711366264856 0.00152 1588
1711366271635 0.00152 1589
1711366278461 0.00152 1590
1711366285270 0.00152 1591
1711366292058 0.00152 1592
1711366299457 0.00152 1593
1711366306264 0.00152 1594
1711366313179 0.00151 1595
1711366319973 0.00151 1596
1711366326911 0.00151 1597
1711366333807 0.00151 1598
1711366340822 0.00151 1599
1711366354751 0.00151 1600
1711366361501 0.00151 1601
1711366368365 0.00151 1602
1711366375518 0.00151 1603
1711366382443 0.00151 1604
1711366389341 0.00151 1605
1711366396277 0.00151 1606
1711366403265 0.00151 1607
1711366410377 0.00151 1608
1711366418020 0.00151 1609
1711366424866 0.00151 1610
1711366431652 0.00151 1611
1711366438454 0.00151 1612
1711366445284 0.00151 1613
1711366452043 0.00151 1614
1711366458852 0.00151 1615
1711366465722 0.00151 1616
1711366473073 0.00151 1617
1711366479972 0.00151 1618
1711366486810 0.00151 1619
1711366493866 0.00151 1620
1711366500766 0.00151 1621
1711366507601 0.00151 1622
1711366514383 0.00151 1623
1711366527974 0.00151 1624
1711366541499 0.00151 1625
1711366554998 0.00151 1626
1711366561799 0.0015 1627
1711366568632 0.0015 1628
1711366575469 0.0015 1629
1711366582328 0.0015 1630
1711366589655 0.0015 1631
1711366596848 0.0015 1632
1711366603771 0.0015 1633
1711366610581 0.0015 1634
1711366617417 0.0015 1635
1711366624239 0.0015 1636
1711366631046 0.0015 1637
1711366637871 0.0015 1638
1711366644981 0.0015 1639
1711366651670 0.0015 1640
1711366658466 0.0015 1641
1711366665204 0.0015 1642
1711366671928 0.0015 1643
1711366678720 0.0015 1644
1711366685483 0.0015 1645
1711366692538 0.0015 1646
1711366699325 0.0015 1647
1711366713312 0.0015 1648
1711366720028 0.0015 1649
1711366733414 0.0015 1650
1711366740192 0.0015 1651
1711366747080 0.0015 1652
1711366753983 0.0015 1653
1711366760740 0.0015 1654
1711366767511 0.0015 1655
1711366774312 0.0015 1656
1711366780999 0.0015 1657
1711366787819 0.0015 1658
1711366794803 0.00149 1659
1711366801542 0.00149 1660
1711366808397 0.00149 1661
1711366815200 0.00149 1662
1711366822083 0.00149 1663
1711366829262 0.00149 1664
1711366836037 0.00149 1665
1711366842790 0.00149 1666
1711366849754 0.00149 1667
1711366856882 0.00149 1668
1711366863683 0.00149 1669
1711366870462 0.00149 1670
1711366877226 0.00149 1671
1711366884001 0.00149 1672
1711366890999 0.00149 1673
1711366897822 0.00149 1674
1711366904705 0.00149 1675
1711366911599 0.00149 1676
1711366918475 0.00149 1677
1711366925332 0.00149 1678
1711366932089 0.00149 1679
1711366938892 0.00149 1680
1711366946081 0.00149 1681
1711366952858 0.00149 1682
1711366959662 0.00149 1683
1711366966411 0.00149 1684
1711366973156 0.00149 1685
1711366979908 0.00149 1686
1711366986784 0.00149 1687
1711366993955 0.00149 1688
1711367000788 0.00149 1689
1711367008352 0.00149 1690
1711367015317 0.00148 1691
1711367022303 0.00148 1692
1711367029141 0.00148 1693
1711367035959 0.00148 1694
1711367043013 0.00148 1695
1711367050032 0.00148 1696
1711367056869 0.00148 1697
1711367064102 0.00148 1698
1711367070909 0.00148 1699
1711367084388 0.00148 1700
1711367091180 0.00148 1701
1711367097988 0.00148 1702
1711367104863 0.00148 1703
1711367111774 0.00148 1704
1711367119297 0.00148 1705
1711367126166 0.00148 1706
1711367133011 0.00148 1707
1711367139799 0.00148 1708
1711367146595 0.00148 1709
1711367153352 0.00148 1710
1711367160138 0.00148 1711
1711367166909 0.00148 1712
1711367180727 0.00148 1713
1711367187534 0.00148 1714
1711367194363 0.00148 1715
1711367201155 0.00148 1716
1711367214765 0.00148 1717
1711367221752 0.00148 1718
1711367228517 0.00148 1719
1711367235322 0.00148 1720
1711367242482 0.00148 1721
1711367249267 0.00148 1722
1711367256411 0.00148 1723
1711367263302 0.00147 1724
1711367270191 0.00147 1725
1711367276951 0.00147 1726
1711367283842 0.00147 1727
1711367290873 0.00147 1728
1711367297706 0.00147 1729
1711367304905 0.00147 1730
1711367312017 0.00147 1731
1711367319086 0.00147 1732
1711367326037 0.00147 1733
1711367332940 0.00147 1734
1711367339742 0.00147 1735
1711367346557 0.00147 1736
1711367360556 0.00147 1737
1711367374124 0.00147 1738
1711367380863 0.00147 1739
1711367387802 0.00147 1740
1711367394635 0.00147 1741
1711367401503 0.00147 1742
1711367408347 0.00147 1743
1711367415128 0.00147 1744
1711367422371 0.00147 1745
1711367429181 0.00147 1746
1711367435937 0.00147 1747
1711367442785 0.00147 1748
1711367449626 0.00147 1749
1711367463705 0.00147 1750
1711367470718 0.00147 1751
1711367478024 0.00147 1752
1711367484851 0.00147 1753
1711367491687 0.00147 1754
1711367498536 0.00147 1755
1711367505291 0.00146 1756
1711367512280 0.00146 1757
1711367519152 0.00146 1758
1711367526064 0.00146 1759
1711367533040 0.00146 1760
1711367540344 0.00146 1761
1711367547147 0.00146 1762
1711367554052 0.00146 1763
1711367561206 0.00146 1764
1711367568287 0.00146 1765
1711367575296 0.00146 1766
1711367582112 0.00146 1767
1711367588932 0.00146 1768
1711367596242 0.00146 1769
1711367603079 0.00146 1770
1711367609901 0.00146 1771
1711367616796 0.00146 1772
1711367623761 0.00146 1773
1711367630613 0.00146 1774
1711367637477 0.00146 1775
1711367644355 0.00146 1776
1711367651364 0.00146 1777
1711367658673 0.00146 1778
1711367665855 0.00146 1779
1711367672818 0.00146 1780
1711367679836 0.00146 1781
1711367686690 0.00146 1782
1711367693570 0.00146 1783
1711367700629 0.00146 1784
1711367707498 0.00146 1785
1711367714747 0.00146 1786
1711367721757 0.00146 1787
1711367728700 0.00145 1788
1711367735731 0.00145 1789
1711367742670 0.00145 1790
1711367749520 0.00145 1791
1711367763192 0.00145 1792
1711367776749 0.00145 1793
1711367783936 0.00145 1794
1711367790972 0.00145 1795
1711367797805 0.00145 1796
1711367804714 0.00145 1797
1711367811687 0.00145 1798
1711367818604 0.00145 1799
1711367832101 0.00145 1800
1711367839455 0.00145 1801
1711367846265 0.00145 1802
1711367853047 0.00145 1803
1711367859882 0.00145 1804
1711367866779 0.00145 1805
1711367873665 0.00145 1806
1711367880491 0.00145 1807
1711367887344 0.00145 1808
1711367894487 0.00145 1809
1711367901648 0.00145 1810
1711367908438 0.00145 1811
1711367915262 0.00145 1812
1711367929023 0.00145 1813
1711367936026 0.00145 1814
1711367943188 0.00145 1815
1711367950150 0.00145 1816
1711367957378 0.00145 1817
1711367970929 0.00145 1818
1711367984544 0.00145 1819
1711367991331 0.00144 1820
1711368002880 0.00144 1821
1711368009664 0.00144 1822
1711368016931 0.00144 1823
1711368023850 0.00144 1824
1711368030943 0.00144 1825
1711368038131 0.00144 1826
1711368044980 0.00144 1827
1711368052014 0.00144 1828
1711368058843 0.00144 1829
1711368065677 0.00144 1830
1711368072509 0.00144 1831
1711368079719 0.00144 1832
1711368086649 0.00144 1833
1711368093467 0.00144 1834
1711368100269 0.00144 1835
1711368107028 0.00144 1836
1711368113800 0.00144 1837
1711368120594 0.00144 1838
1711368127394 0.00144 1839
1711368134655 0.00144 1840
1711368141782 0.00144 1841
1711368148700 0.00144 1842
1711368155719 0.00144 1843
1711368162582 0.00144 1844
1711368169462 0.00144 1845
1711368176278 0.00144 1846
1711368183066 0.00144 1847
1711368189832 0.00144 1848
1711368196696 0.00144 1849
1711368210206 0.00144 1850
1711368217347 0.00144 1851
1711368224498 0.00143 1852
1711368231573 0.00143 1853
1711368238391 0.00143 1854
1711368245535 0.00143 1855
1711368252797 0.00143 1856
1711368259591 0.00143 1857
1711368266413 0.00143 1858
1711368273520 0.00143 1859
1711368280495 0.00143 1860
1711368287525 0.00143 1861
1711368294507 0.00143 1862
1711368301350 0.00143 1863
1711368308503 0.00143 1864
1711368315774 0.00143 1865
1711368322567 0.00143 1866
1711368329444 0.00143 1867
1711368336288 0.00143 1868
1711368343435 0.00143 1869
1711368350332 0.00143 1870
1711368357220 0.00143 1871
1711368364069 0.00143 1872
1711368371662 0.00143 1873
1711368378539 0.00143 1874
1711368385409 0.00143 1875
1711368392227 0.00143 1876
1711368399061 0.00143 1877
1711368405894 0.00143 1878
1711368412876 0.00143 1879
1711368419868 0.00143 1880
1711368426691 0.00143 1881
1711368433978 0.00143 1882
1711368440840 0.00143 1883
1711368447642 0.00143 1884
1711368454418 0.00142 1885
1711368467815 0.00142 1886
1711368474611 0.00142 1887
1711368481416 0.00142 1888
1711368488719 0.00142 1889
1711368495535 0.00142 1890
1711368502292 0.00142 1891
1711368509220 0.00142 1892
1711368523040 0.00142 1893
1711368530191 0.00142 1894
1711368537106 0.00142 1895
1711368544072 0.00142 1896
1711368551374 0.00142 1897
1711368558213 0.00142 1898
1711368565100 0.00142 1899
1711368578765 0.00142 1900
1711368592306 0.00142 1901
1711368605862 0.00142 1902
1711368619714 0.00142 1903
1711368626514 0.00142 1904
1711368633435 0.00142 1905
1711368640402 0.00142 1906
1711368647302 0.00142 1907
1711368654126 0.00142 1908
1711368660983 0.00142 1909
1711368667792 0.00142 1910
1711368675058 0.00142 1911
1711368681867 0.00142 1912
1711368688753 0.00142 1913
1711368695570 0.00142 1914
1711368702423 0.00142 1915
1711368709369 0.00142 1916
1711368716275 0.00141 1917
1711368723232 0.00141 1918
1711368730503 0.00141 1919
1711368737790 0.00141 1920
1711368745009 0.00141 1921
1711368752002 0.00141 1922
1711368758851 0.00141 1923
1711368765695 0.00141 1924
1711368772640 0.00141 1925
1711368779614 0.00141 1926
1711368787074 0.00141 1927
1711368794112 0.00141 1928
1711368801001 0.00141 1929
1711368808202 0.00141 1930
1711368815178 0.00141 1931
1711368822014 0.00141 1932
1711368828897 0.00141 1933
1711368835825 0.00141 1934
1711368842633 0.00141 1935
1711368849582 0.00141 1936
1711368856433 0.00141 1937
1711368863382 0.00141 1938
1711368870407 0.00141 1939
1711368877305 0.00141 1940
1711368884198 0.00141 1941
1711368891206 0.00141 1942
1711368898198 0.00141 1943
1711368905492 0.00141 1944
1711368912416 0.00141 1945
1711368919235 0.00141 1946
1711368926092 0.00141 1947
1711368932922 0.00141 1948
1711368940111 0.0014 1949
1711368953840 0.0014 1950
1711368961171 0.0014 1951
1711368968092 0.0014 1952
1711368975364 0.0014 1953
1711368982509 0.0014 1954
1711368989383 0.0014 1955
1711368996254 0.0014 1956
1711369003109 0.0014 1957
1711369010024 0.0014 1958
1711369017417 0.0014 1959
1711369024277 0.0014 1960
1711369031176 0.0014 1961
1711369038067 0.0014 1962
1711369044907 0.0014 1963
1711369051740 0.0014 1964
1711369058663 0.0014 1965
1711369065552 0.0014 1966
1711369072721 0.0014 1967
1711369080033 0.0014 1968
1711369086958 0.0014 1969
1711369093921 0.0014 1970
1711369101064 0.0014 1971
1711369108071 0.0014 1972
1711369114953 0.0014 1973
1711369121758 0.0014 1974
1711369128682 0.0014 1975
1711369135906 0.0014 1976
1711369142731 0.0014 1977
1711369149652 0.0014 1978
1711369156533 0.0014 1979
1711369163558 0.0014 1980
1711369170572 0.00139 1981
1711369177492 0.00139 1982
1711369184368 0.00139 1983
1711369191644 0.00139 1984
1711369198475 0.00139 1985
1711369205365 0.00139 1986
1711369212230 0.00139 1987
1711369219087 0.00139 1988
1711369225751 0.00139 1989
1711369232679 0.00139 1990
1711369239564 0.00139 1991
1711369246887 0.00139 1992
1711369253843 0.00139 1993
1711369260730 0.00139 1994
1711369267982 0.00139 1995
1711369274927 0.00139 1996
1711369281846 0.00139 1997
1711369289078 0.00139 1998
1711369296183 0.00139 1999
1711369310475 0.00139 2000
1711369317581 0.00139 2001
1711369324698 0.00139 2002
1711369331523 0.00139 2003
1711369338440 0.00139 2004
1711369345449 0.00139 2005
1711369352272 0.00139 2006
1711369359377 0.00139 2007
1711369366710 0.00139 2008
1711369373611 0.00139 2009
1711369380478 0.00139 2010
1711369387310 0.00139 2011
1711369394120 0.00139 2012
1711369401066 0.00138 2013
1711369407989 0.00138 2014
1711369414854 0.00138 2015
1711369421747 0.00138 2016
1711369428731 0.00138 2017
1711369435709 0.00138 2018
1711369442539 0.00138 2019
1711369449586 0.00138 2020
1711369456468 0.00138 2021
1711369463407 0.00138 2022
1711369470361 0.00138 2023
1711369477432 0.00138 2024
1711369484853 0.00138 2025
1711369491902 0.00138 2026
1711369498810 0.00138 2027
1711369505681 0.00138 2028
1711369512617 0.00138 2029
1711369519480 0.00138 2030
1711369526529 0.00138 2031
1711369533388 0.00138 2032
1711369540681 0.00138 2033
1711369547547 0.00138 2034
1711369554427 0.00138 2035
1711369561281 0.00138 2036
1711369568203 0.00138 2037
1711369575076 0.00138 2038
1711369582063 0.00138 2039
1711369589209 0.00138 2040
1711369596487 0.00138 2041
1711369603363 0.00138 2042
1711369610448 0.00138 2043
1711369617401 0.00138 2044
1711369624520 0.00137 2045
1711369631480 0.00137 2046
1711369638277 0.00137 2047
1711369644975 0.00137 2048
1711369651797 0.00137 2049
1711369665539 0.00137 2050
1711369672448 0.00137 2051
1711369679264 0.00137 2052
1711369685916 0.00137 2053
1711369692669 0.00137 2054
1711369699678 0.00137 2055
1711369706465 0.00137 2056
1711369713563 0.00137 2057
1711369720271 0.00137 2058
1711369727077 0.00137 2059
1711369733828 0.00137 2060
1711369740572 0.00137 2061
1711369747301 0.00137 2062
1711369754034 0.00137 2063
1711369760861 0.00137 2064
1711369767656 0.00137 2065
1711369774807 0.00137 2066
1711369781488 0.00137 2067
1711369788205 0.00137 2068
1711369794959 0.00137 2069
1711369801725 0.00137 2070
1711369808510 0.00137 2071
1711369815367 0.00137 2072
1711369822225 0.00137 2073
1711369829007 0.00137 2074
1711369836245 0.00137 2075
1711369842942 0.00137 2076
1711369849614 0.00136 2077
1711369856315 0.00136 2078
1711369863254 0.00136 2079
1711369870300 0.00136 2080
1711369877137 0.00136 2081
1711369884225 0.00136 2082
1711369891045 0.00136 2083
1711369898572 0.00136 2084
1711369905392 0.00136 2085
1711369912162 0.00136 2086
1711369919139 0.00136 2087
1711369925948 0.00136 2088
1711369932647 0.00136 2089
1711369939409 0.00136 2090
1711369946098 0.00136 2091
1711369952814 0.00136 2092
1711369960130 0.00136 2093
1711369966858 0.00136 2094
1711369973831 0.00136 2095
1711369980824 0.00136 2096
1711369987860 0.00136 2097
1711369994544 0.00136 2098
1711370008131 0.00136 2099
1711370028719 0.00136 2100
1711370035436 0.00136 2101
1711370042236 0.00136 2102
1711370049130 0.00136 2103
1711370055878 0.00136 2104
1711370062701 0.00136 2105
1711370069386 0.00136 2106
1711370076043 0.00136 2107
1711370083238 0.00136 2108
1711370090168 0.00135 2109
1711370097043 0.00135 2110
1711370104088 0.00135 2111
1711370110868 0.00135 2112
1711370117627 0.00135 2113
1711370124554 0.00135 2114
1711370131311 0.00135 2115
1711370138044 0.00135 2116
1711370145294 0.00135 2117
1711370151970 0.00135 2118
1711370158680 0.00135 2119
1711370165390 0.00135 2120
1711370172099 0.00135 2121
1711370178851 0.00135 2122
1711370185659 0.00135 2123
1711370192369 0.00135 2124
1711370206393 0.00135 2125
1711370213087 0.00135 2126
1711370220098 0.00135 2127
1711370226953 0.00135 2128
1711370233950 0.00135 2129
1711370240809 0.00135 2130
1711370247498 0.00135 2131
1711370254244 0.00135 2132
1711370261198 0.00135 2133
1711370268332 0.00135 2134
1711370275095 0.00135 2135
1711370281844 0.00135 2136
1711370288560 0.00135 2137
1711370295316 0.00135 2138
1711370302073 0.00135 2139
1711370308802 0.00135 2140
1711370315625 0.00134 2141
1711370322443 0.00134 2142
1711370329635 0.00134 2143
1711370336726 0.00134 2144
1711370343484 0.00134 2145
1711370350179 0.00134 2146
1711370357275 0.00134 2147
1711370364262 0.00134 2148
1711370371070 0.00134 2149
1711370384675 0.00134 2150
1711370391773 0.00134 2151
1711370398479 0.00134 2152
1711370405149 0.00134 2153
1711370411858 0.00134 2154
1711370418624 0.00134 2155
1711370425419 0.00134 2156
1711370432247 0.00134 2157
1711370438961 0.00134 2158
1711370445670 0.00134 2159
1711370452964 0.00134 2160
1711370459965 0.00134 2161
1711370466768 0.00134 2162
1711370473551 0.00134 2163
1711370480308 0.00134 2164
1711370487294 0.00134 2165
1711370494132 0.00134 2166
1711370500919 0.00134 2167
1711370507687 0.00134 2168
1711370515205 0.00134 2169
1711370522119 0.00134 2170
1711370528812 0.00134 2171
1711370535585 0.00133 2172
1711370542590 0.00133 2173
1711370549356 0.00133 2174
1711370556110 0.00133 2175
1711370563017 0.00133 2176
1711370569716 0.00133 2177
1711370576935 0.00133 2178
1711370583774 0.00133 2179
1711370590684 0.00133 2180
1711370597711 0.00133 2181
1711370604557 0.00133 2182
1711370611604 0.00133 2183
1711370618425 0.00133 2184
1711370625237 0.00133 2185
1711370631931 0.00133 2186
1711370639164 0.00133 2187
1711370646070 0.00133 2188
1711370652796 0.00133 2189
1711370659519 0.00133 2190
1711370666249 0.00133 2191
1711370673272 0.00133 2192
1711370680110 0.00133 2193
1711370687206 0.00133 2194
1711370694195 0.00133 2195
1711370701364 0.00133 2196
1711370708090 0.00133 2197
1711370714803 0.00133 2198
1711370721553 0.00133 2199
1711370734982 0.00133 2200
1711370741653 0.00133 2201
1711370748309 0.00133 2202
1711370755043 0.00133 2203
1711370762165 0.00132 2204
1711370768867 0.00132 2205
1711370775564 0.00132 2206
1711370782313 0.00132 2207
1711370789085 0.00132 2208
1711370795988 0.00132 2209
1711370802961 0.00132 2210
1711370809757 0.00132 2211
1711370816500 0.00132 2212
1711370823820 0.00132 2213
1711370830894 0.00132 2214
1711370837633 0.00132 2215
1711370844370 0.00132 2216
1711370851052 0.00132 2217
1711370857871 0.00132 2218
1711370864791 0.00132 2219
1711370871699 0.00132 2220
1711370878621 0.00132 2221
1711370885817 0.00132 2222
1711370892569 0.00132 2223
1711370899294 0.00132 2224
1711370906077 0.00132 2225
1711370912848 0.00132 2226
1711370919613 0.00132 2227
1711370926351 0.00132 2228
1711370933125 0.00132 2229
1711370940201 0.00132 2230
1711370947488 0.00132 2231
1711370954492 0.00132 2232
1711370961654 0.00132 2233
1711370968451 0.00132 2234
1711370982100 0.00132 2235
1711370995564 0.00131 2236
1711371002376 0.00131 2237
1711371009508 0.00131 2238
1711371016314 0.00131 2239
1711371023101 0.00131 2240
1711371036607 0.00131 2241
1711371043351 0.00131 2242
1711371050121 0.00131 2243
1711371056926 0.00131 2244
1711371063808 0.00131 2245
1711371070791 0.00131 2246
1711371078193 0.00131 2247
1711371084907 0.00131 2248
1711371091768 0.00131 2249
1711371105454 0.00131 2250
1711371112202 0.00131 2251
1711371118939 0.00131 2252
1711371125657 0.00131 2253
1711371132543 0.00131 2254
1711371139363 0.00131 2255
1711371146095 0.00131 2256
1711371152858 0.00131 2257
1711371159562 0.00131 2258
1711371166290 0.00131 2259
1711371172969 0.00131 2260
1711371179723 0.00131 2261
1711371186495 0.00131 2262
1711371193657 0.00131 2263
1711371200658 0.00131 2264
1711371207429 0.00131 2265
1711371214124 0.00131 2266
1711371220972 0.00131 2267
1711371227776 0.0013 2268
1711371234630 0.0013 2269
1711371241511 0.0013 2270
1711371255499 0.0013 2271
1711371262263 0.0013 2272
1711371269074 0.0013 2273
1711371275870 0.0013 2274
1711371282636 0.0013 2275
1711371289438 0.0013 2276
1711371296196 0.0013 2277
1711371303000 0.0013 2278
1711371309879 0.0013 2279
1711371317294 0.0013 2280
1711371324274 0.0013 2281
1711371331276 0.0013 2282
1711371338043 0.0013 2283
1711371345088 0.0013 2284
1711371352108 0.0013 2285
1711371358873 0.0013 2286
1711371365824 0.0013 2287
1711371372700 0.0013 2288
1711371379931 0.0013 2289
1711371386799 0.0013 2290
1711371393712 0.0013 2291
1711371400671 0.0013 2292
1711371407384 0.0013 2293
1711371414282 0.0013 2294
1711371421035 0.0013 2295
1711371427823 0.0013 2296
1711371434527 0.0013 2297
1711371441776 0.0013 2298
1711371448574 0.0013 2299
1711371462629 0.00129 2300
1711371469772 0.00129 2301
1711371476601 0.00129 2302
1711371483457 0.00129 2303
1711371490402 0.00129 2304
1711371497243 0.00129 2305
1711371504349 0.00129 2306
1711371511099 0.00129 2307
1711371517849 0.00129 2308
1711371524642 0.00129 2309
1711371531430 0.00129 2310
1711371538166 0.00129 2311
1711371544948 0.00129 2312
1711371552009 0.00129 2313
1711371558801 0.00129 2314
1711371566169 0.00129 2315
1711371572882 0.00129 2316
1711371579606 0.00129 2317
1711371586651 0.00129 2318
1711371593422 0.00129 2319
1711371600227 0.00129 2320
1711371606918 0.00129 2321
1711371613693 0.00129 2322
1711371620684 0.00129 2323
1711371627860 0.00129 2324
1711371634554 0.00129 2325
1711371641256 0.00129 2326
1711371647924 0.00129 2327
1711371654624 0.00129 2328
1711371661349 0.00129 2329
1711371668114 0.00129 2330
1711371674988 0.00128 2331
1711371681833 0.00128 2332
1711371689069 0.00128 2333
1711371702986 0.00128 2334
1711371709748 0.00128 2335
1711371716556 0.00128 2336
1711371723553 0.00128 2337
1711371730414 0.00128 2338
1711371737528 0.00128 2339
1711371751512 0.00128 2340
1711371758257 0.00128 2341
1711371765025 0.00128 2342
1711371771721 0.00128 2343
1711371778475 0.00128 2344
1711371785240 0.00128 2345
1711371792094 0.00128 2346
1711371799074 0.00128 2347
1711371805765 0.00128 2348
1711371812503 0.00128 2349
1711371826294 0.00128 2350
1711371833015 0.00128 2351
1711371839712 0.00128 2352
1711371846440 0.00128 2353
1711371853184 0.00128 2354
1711371859898 0.00128 2355
1711371866596 0.00128 2356
1711371873326 0.00128 2357
1711371880463 0.00128 2358
1711371887208 0.00128 2359
1711371894026 0.00128 2360
1711371900787 0.00128 2361
1711371907644 0.00128 2362
1711371914580 0.00127 2363
1711371921319 0.00127 2364
1711371928029 0.00127 2365
1711371935190 0.00127 2366
1711371941960 0.00127 2367
1711371948644 0.00127 2368
1711371955330 0.00127 2369
1711371962033 0.00127 2370
1711371968928 0.00127 2371
1711371975973 0.00127 2372
1711371982732 0.00127 2373
1711371989954 0.00127 2374
1711371997354 0.00127 2375
1711372004165 0.00127 2376
1711372011164 0.00127 2377
1711372017912 0.00127 2378
1711372024865 0.00127 2379
1711372031795 0.00127 2380
1711372038637 0.00127 2381
1711372045430 0.00127 2382
1711372052206 0.00127 2383
1711372059491 0.00127 2384
1711372066329 0.00127 2385
1711372073111 0.00127 2386
1711372080215 0.00127 2387
1711372087015 0.00127 2388
1711372094059 0.00127 2389
1711372100924 0.00127 2390
1711372107799 0.00127 2391
1711372114851 0.00127 2392
1711372122070 0.00127 2393
1711372128783 0.00127 2394
1711372135664 0.00126 2395
1711372142500 0.00126 2396
1711372149323 0.00126 2397
1711372156131 0.00126 2398
1711372162947 0.00126 2399
1711372176514 0.00126 2400
1711372183284 0.00126 2401
1711372190285 0.00126 2402
1711372197364 0.00126 2403
1711372204214 0.00126 2404
1711372211034 0.00126 2405
1711372217814 0.00126 2406
1711372224562 0.00126 2407
1711372231357 0.00126 2408
1711372238538 0.00126 2409
1711372245487 0.00126 2410
1711372252280 0.00126 2411
1711372259095 0.00126 2412
1711372266002 0.00126 2413
1711372272812 0.00126 2414
1711372279574 0.00126 2415
1711372286386 0.00126 2416
1711372293245 0.00126 2417
1711372300653 0.00126 2418
1711372307789 0.00126 2419
1711372314871 0.00126 2420
1711372321831 0.00126 2421
1711372328648 0.00126 2422
1711372335389 0.00126 2423
1711372342178 0.00126 2424
1711372349109 0.00126 2425
1711372355960 0.00125 2426
1711372363218 0.00125 2427
1711372369993 0.00125 2428
1711372376831 0.00125 2429
1711372383580 0.00125 2430
1711372390378 0.00125 2431
1711372397179 0.00125 2432
1711372404152 0.00125 2433
1711372411270 0.00125 2434
1711372418590 0.00125 2435
1711372425352 0.00125 2436
1711372432228 0.00125 2437
1711372439030 0.00125 2438
1711372445808 0.00125 2439
1711372452648 0.00125 2440
1711372459468 0.00125 2441
1711372466294 0.00125 2442
1711372473065 0.00125 2443
1711372479969 0.00125 2444
1711372486710 0.00125 2445
1711372493548 0.00125 2446
1711372500462 0.00125 2447
1711372507382 0.00125 2448
1711372514218 0.00125 2449
1711372527852 0.00125 2450
1711372542131 0.00125 2451
1711372549271 0.00125 2452
1711372556010 0.00125 2453
1711372562713 0.00125 2454
1711372569543 0.00125 2455
1711372576254 0.00125 2456
1711372583022 0.00125 2457
1711372589728 0.00124 2458
1711372596944 0.00124 2459
1711372603829 0.00124 2460
1711372610686 0.00124 2461
1711372617533 0.00124 2462
1711372624254 0.00124 2463
1711372630958 0.00124 2464
1711372637759 0.00124 2465
1711372644563 0.00124 2466
1711372651535 0.00124 2467
1711372658737 0.00124 2468
1711372665523 0.00124 2469
1711372672270 0.00124 2470
1711372679025 0.00124 2471
1711372685850 0.00124 2472
1711372692631 0.00124 2473
1711372699387 0.00124 2474
1711372706156 0.00124 2475
1711372712870 0.00124 2476
1711372720066 0.00124 2477
1711372726794 0.00124 2478
1711372733866 0.00124 2479
1711372740572 0.00124 2480
1711372747317 0.00124 2481
1711372754153 0.00124 2482
1711372760867 0.00124 2483
1711372767612 0.00124 2484
1711372774484 0.00124 2485
1711372781435 0.00124 2486
1711372788192 0.00124 2487
1711372795063 0.00124 2488
1711372802128 0.00124 2489
1711372808929 0.00123 2490
1711372815722 0.00123 2491
1711372822556 0.00123 2492
1711372829345 0.00123 2493
1711372836550 0.00123 2494
1711372843268 0.00123 2495
1711372850145 0.00123 2496
1711372857040 0.00123 2497
1711372863888 0.00123 2498
1711372870753 0.00123 2499
1711372884401 0.00123 2500
1711372891142 0.00123 2501
1711372898322 0.00123 2502
1711372905038 0.00123 2503
1711372918566 0.00123 2504
1711372925345 0.00123 2505
1711372932245 0.00123 2506
1711372946160 0.00123 2507
1711372960151 0.00123 2508
1711372966870 0.00123 2509
1711372973613 0.00123 2510
1711372980335 0.00123 2511
1711372987082 0.00123 2512
1711372993791 0.00123 2513
1711373000537 0.00123 2514
1711373007302 0.00123 2515
1711373014072 0.00123 2516
1711373021232 0.00123 2517
1711373028078 0.00123 2518
1711373034833 0.00123 2519
1711373041685 0.00123 2520
1711373048789 0.00122 2521
1711373055703 0.00122 2522
1711373062551 0.00122 2523
1711373069456 0.00122 2524
1711373076490 0.00122 2525
1711373083705 0.00122 2526
1711373090824 0.00122 2527
1711373097841 0.00122 2528
1711373104615 0.00122 2529
1711373111533 0.00122 2530
1711373118439 0.00122 2531
1711373125196 0.00122 2532
1711373132011 0.00122 2533
1711373139199 0.00122 2534
1711373145959 0.00122 2535
1711373152725 0.00122 2536
1711373159682 0.00122 2537
1711373166663 0.00122 2538
1711373173693 0.00122 2539
1711373180735 0.00122 2540
1711373187531 0.00122 2541
1711373194402 0.00122 2542
1711373201669 0.00122 2543
1711373208530 0.00122 2544
1711373215414 0.00122 2545
1711373222174 0.00122 2546
1711373228958 0.00122 2547
1711373235767 0.00122 2548
1711373242572 0.00122 2549
1711373256044 0.00122 2550
1711373263188 0.00122 2551
1711373270043 0.00122 2552
1711373276787 0.00121 2553
1711373283594 0.00121 2554
1711373290767 0.00121 2555
1711373297789 0.00121 2556
1711373304589 0.00121 2557
1711373311400 0.00121 2558
1711373318885 0.00121 2559
1711373325687 0.00121 2560
1711373332570 0.00121 2561
1711373339401 0.00121 2562
1711373346243 0.00121 2563
1711373360264 0.00121 2564
1711373374038 0.00121 2565
1711373380807 0.00121 2566
1711373388002 0.00121 2567
1711373394740 0.00121 2568
1711373401576 0.00121 2569
1711373415314 0.00121 2570
1711373429238 0.00121 2571
1711373443063 0.00121 2572
1711373450238 0.00121 2573
1711373457098 0.00121 2574
1711373464094 0.00121 2575
1711373471016 0.00121 2576
1711373478088 0.00121 2577
1711373485203 0.00121 2578
1711373491983 0.00121 2579
1711373498813 0.00121 2580
1711373505682 0.00121 2581
1711373512809 0.00121 2582
1711373519806 0.00121 2583
1711373526623 0.0012 2584
1711373533514 0.0012 2585
1711373540503 0.0012 2586
1711373547281 0.0012 2587
1711373554066 0.0012 2588
1711373560829 0.0012 2589
1711373568200 0.0012 2590
1711373575249 0.0012 2591
1711373582134 0.0012 2592
1711373588961 0.0012 2593
1711373595846 0.0012 2594
1711373602645 0.0012 2595
1711373609410 0.0012 2596
1711373616156 0.0012 2597
1711373623052 0.0012 2598
1711373630449 0.0012 2599
1711373644075 0.0012 2600
1711373650875 0.0012 2601
1711373657687 0.0012 2602
1711373664525 0.0012 2603
1711373671281 0.0012 2604
1711373678425 0.0012 2605
1711373685320 0.0012 2606
1711373692179 0.0012 2607
1711373698987 0.0012 2608
1711373705711 0.0012 2609
1711373712498 0.0012 2610
1711373719469 0.0012 2611
1711373726292 0.0012 2612
1711373733053 0.0012 2613
1711373740067 0.0012 2614
1711373747318 0.0012 2615
1711373754187 0.00119 2616
1711373760992 0.00119 2617
1711373767818 0.00119 2618
1711373774584 0.00119 2619
1711373781480 0.00119 2620
1711373788260 0.00119 2621
1711373795107 0.00119 2622
1711373801863 0.00119 2623
1711373809083 0.00119 2624
1711373815917 0.00119 2625
1711373822930 0.00119 2626
1711373830043 0.00119 2627
1711373836846 0.00119 2628
1711373843578 0.00119 2629
1711373850460 0.00119 2630
1711373857261 0.00119 2631
1711373864426 0.00119 2632
1711373871291 0.00119 2633
1711373878102 0.00119 2634
1711373884867 0.00119 2635
1711373891675 0.00119 2636
1711373898467 0.00119 2637
1711373905249 0.00119 2638
1711373912014 0.00119 2639
1711373918752 0.00119 2640
1711373926156 0.00119 2641
1711373932940 0.00119 2642
1711373939707 0.00119 2643
1711373946442 0.00119 2644
1711373953259 0.00119 2645
1711373959971 0.00119 2646
1711373966799 0.00118 2647
1711373973618 0.00118 2648
1711373980371 0.00118 2649
1711373994571 0.00118 2650
1711374001443 0.00118 2651
1711374008169 0.00118 2652
1711374014974 0.00118 2653
1711374021898 0.00118 2654
1711374028846 0.00118 2655
1711374035843 0.00118 2656
1711374043313 0.00118 2657
1711374050326 0.00118 2658
1711374057212 0.00118 2659
1711374063998 0.00118 2660
1711374070699 0.00118 2661
1711374077555 0.00118 2662
1711374084616 0.00118 2663
1711374091398 0.00118 2664
1711374098121 0.00118 2665
1711374105408 0.00118 2666
1711374112196 0.00118 2667
1711374119254 0.00118 2668
1711374126213 0.00118 2669
1711374133019 0.00118 2670
1711374140069 0.00118 2671
1711374147184 0.00118 2672
1711374154012 0.00118 2673
1711374160911 0.00118 2674
1711374168157 0.00118 2675
1711374174909 0.00118 2676
1711374181647 0.00118 2677
1711374188478 0.00118 2678
1711374195259 0.00117 2679
1711374202060 0.00117 2680
1711374208855 0.00117 2681
1711374215766 0.00117 2682
1711374222729 0.00117 2683
1711374230368 0.00117 2684
1711374237503 0.00117 2685
1711374244315 0.00117 2686
1711374251096 0.00117 2687
1711374257866 0.00117 2688
1711374264582 0.00117 2689
1711374271419 0.00117 2690
1711374278380 0.00117 2691
1711374285103 0.00117 2692
1711374292258 0.00117 2693
1711374299158 0.00117 2694
1711374305990 0.00117 2695
1711374312900 0.00117 2696
1711374319888 0.00117 2697
1711374326794 0.00117 2698
1711374333690 0.00117 2699
1711374347434 0.00117 2700
1711374354827 0.00117 2701
1711374361700 0.00117 2702
1711374368543 0.00117 2703
1711374375469 0.00117 2704
1711374382208 0.00117 2705
1711374389326 0.00117 2706
1711374396228 0.00117 2707
1711374402990 0.00117 2708
1711374410044 0.00117 2709
1711374417378 0.00116 2710
1711374424204 0.00116 2711
1711374430958 0.00116 2712
1711374437758 0.00116 2713
1711374444563 0.00116 2714
1711374451357 0.00116 2715
1711374458116 0.00116 2716
1711374464841 0.00116 2717
1711374471569 0.00116 2718
1711374478872 0.00116 2719
1711374485750 0.00116 2720
1711374492550 0.00116 2721
1711374499832 0.00116 2722
1711374506826 0.00116 2723
1711374513601 0.00116 2724
1711374520380 0.00116 2725
1711374527106 0.00116 2726
1711374534091 0.00116 2727
1711374541558 0.00116 2728
1711374548687 0.00116 2729
1711374555675 0.00116 2730
1711374562867 0.00116 2731
1711374569749 0.00116 2732
1711374576634 0.00116 2733
1711374583736 0.00116 2734
1711374590815 0.00116 2735
1711374597606 0.00116 2736
1711374604869 0.00116 2737
1711374611781 0.00116 2738
1711374618522 0.00116 2739
1711374625317 0.00116 2740
1711374632201 0.00116 2741
1711374639358 0.00115 2742
1711374646405 0.00115 2743
1711374653148 0.00115 2744
1711374659875 0.00115 2745
1711374667083 0.00115 2746
1711374673851 0.00115 2747
1711374680632 0.00115 2748
1711374687429 0.00115 2749
1711374701097 0.00115 2750
1711374707762 0.00115 2751
1711374714518 0.00115 2752
1711374721414 0.00115 2753
1711374728676 0.00115 2754
1711374735429 0.00115 2755
1711374742212 0.00115 2756
1711374749366 0.00115 2757
1711374756385 0.00115 2758
1711374763119 0.00115 2759
1711374769932 0.00115 2760
1711374776779 0.00115 2761
1711374783598 0.00115 2762
1711374790764 0.00115 2763
1711374797518 0.00115 2764
1711374804292 0.00115 2765
1711374811023 0.00115 2766
1711374817774 0.00115 2767
1711374824568 0.00115 2768
1711374831303 0.00115 2769
1711374838154 0.00115 2770
1711374844990 0.00115 2771
1711374852525 0.00115 2772
