1711353705436 5.7416 0
1711353714188 4.8467 0
1711353720760 4.7811 0
1711353733779 4.19 0
1711353748360 3.6433 0
1711353761416 3.2527 0
1711353775102 2.6969 0
1711353787925 2.6019 0
1711353800859 2.3415 0
1711353814578 2.216 0
1711353827603 2.1476 0
1711353840531 1.9381 0
1711353853364 1.8118 0
1711353860343 1.6896 0
1711353867236 2.1445 0
1711353873831 1.5199 0
1711353880407 1.5066 0
1711353894061 1.5857 0
1711353900661 1.5662 0
1711353913504 1.4395 0
1711353926412 1.512 0
1711353939319 1.445 0
1711353952200 1.2442 0
1711353965544 1.3229 0
1711353978546 1.611 0
1711353991484 1.23 0
1711354004369 1.1603 0
1711354017299 1.3223 0
1711354030712 1.2762 0
1711354037214 1.2003 0
1711354043817 1.1929 0
1711354050405 1.1318 0
1711354056961 1.1188 0
1711354063553 1.0344 0
1711354070366 1.1459 0
1711354076959 1.0489 0
1711354083577 0.9595 0
1711354090353 1.0542 0
1711354097472 1.0827 0
1711354104049 0.9866 0
1711354110678 1.0896 0
1711354117342 1.0191 0
1711354123820 0.8992 0
1711354130357 1.0685 0
1711354137007 1.0479 0
1711354143813 0.8855 0
1711354150824 0.8228 0
1711354157395 0.9077 0
1711354163917 0.8642 0
1711354170493 0.8711 0
1711354179270 0.9008 0
1711354192531 0.8586 0
1711354206102 0.8832 0
1711354212709 0.9347 0
1711354219778 0.7708 0
1711354226403 0.8962 0
1711354232957 0.8978 0
1711354239576 0.9044 0
1711354246140 0.7267 0
1711354253069 0.7821 0
1711354259764 0.7955 0
1711354266364 0.7561 0
1711354273037 0.8281 0
1711354280096 0.8329 0
1711354286706 0.7699 0
1711354293305 0.7689 0
1711354299974 0.758 0
1711354306751 0.673 0
1711354313481 0.663 0
1711354320169 0.6691 0
1711354326832 0.7099 0
1711354333986 0.6228 0
1711354340616 0.7244 0
1711354347227 0.7566 0
1711354353899 0.7752 0
1711354360635 0.7768 0
1711354367270 0.7027 0
1711354373952 0.589 0
1711354380847 0.7064 0
1711354387625 0.8073 0
1711354394777 0.5514 0
1711354401693 0.6212 0
1711354408412 0.6761 0
1711354414960 0.6375 0
1711354421578 0.7481 0
1711354434666 0.561 0
1711354448046 0.5901 0
1711354454675 0.4215 0
1711354461612 0.4774 0
1711354468225 0.6242 0
1711354474774 0.5924 0
1711354481397 0.6398 0
1711354494618 0.5518 0
1711354501167 0.64 0
1711354507771 0.5821 0
1711354514296 0.616 0
1711354521268 0.5774 0
1711354527950 0.5559 0
1711354534625 0.5363 0
1711354541445 0.5065 0
1711354554789 0.4918 0
1711354561427 0.692 0
1711354568078 0.5253 0
1711354574744 0.4395 0
1711354581736 0.576 0
1711354588474 0.4039 0
1711354595535 0.6578 0
1711354602555 0.6369 0
1711354609233 0.558 0
1711354615969 0.5046 0
1711354622688 0.5853 0
1711354629348 0.6398 0
1711354636727 0.4103 0
1711354643392 0.5182 0
1711354656484 0.7619 0
1711354669985 0.5299 0
1711354683473 0.5432 0
1711354696598 0.6326 0
1711354710153 0.5786 0
1711354723287 0.5645 0
1711354736296 0.5189 0
1711354742970 0.4605 0
1711354749635 0.5153 0
1711354756292 0.5483 0
1711354763330 0.7045 0
1711354770019 0.5696 0
1711354776755 0.5787 0
1711354783407 0.4126 0
1711354796093 0.4397 0
1711354809045 0.5424 0
1711354822139 0.5401 0
1711354829234 0.4893 0
1711354836004 0.5931 0
1711354849189 0.4081 0
1711354862366 0.6051 0
1711354869245 0.5553 0
1711354875981 0.4333 0
1711354882837 0.6081 0
1711354890204 0.4709 0
1711354896882 0.6453 0
1711354903576 0.5527 0
1711354910470 0.6363 0
1711354917532 0.3846 0
1711354924592 0.4472 0
1711354931659 0.5455 0
1711354938400 0.4673 0
1711354945143 0.5786 0
1711354952258 0.3744 0
1711354958989 0.606 0
1711354965710 0.4278 0
1711354978849 0.5229 0
1711354985555 0.4503 0
1711354992325 0.5696 0
1711354999084 0.4293 0
1711355006233 0.3297 0
1711355013018 0.3623 0
1711355019859 0.5001 0
1711355026573 0.5166 0
1711355033299 0.5348 0
1711355040027 0.4465 0
1711355046778 0.4546 0
1711355053495 0.4567 0
1711355060358 0.4725 0
1711355067492 0.4775 0
1711355074246 0.4727 0
1711355081035 0.429 0
1711355087794 0.457 0
1711355094463 0.3174 0
1711355101282 0.5567 0
1711355108084 0.5152 0
1711355115060 0.4896 0
1711355121812 0.4227 0
1711355129050 0.4669 0
1711355135734 0.3459 0
1711355142476 0.3168 0
1711355149211 0.3422 0
1711355155929 0.5166 0
1711355162621 0.5844 0
1711355169439 0.4471 0
1711355176115 0.4731 0
1711355183285 0.3789 0
1711355190408 0.6295 0
1711355197382 0.44 0
1711355204115 0.4328 0
1711355210830 0.6422 0
1711355217869 0.3775 0
1711355224965 0.4547 0
1711355232030 0.4699 0
1711355239099 0.4329 0
1711355246533 0.3272 0
1711355253323 0.4842 0
1711355260349 0.3696 0
1711355267177 0.4483 0
1711355274041 0.3852 0
1711355280961 0.4165 0
1711355287756 0.5009 0
1711355294615 0.5527 0
1711355301898 0.4324 0
1711355308989 0.4007 0
1711355316271 0.4592 0
1711355329548 0.3122 0
1711355336387 0.4777 0
1711355343249 0.4836 0
1711355350063 0.3839 0
1711355356922 0.4648 0
1711355364192 0.382 0
1711355370883 0.3734 0
1711355377661 0.4729 0
1711355384327 0.3706 0
1711355390980 0.4205 0
1711355398017 0.5181 0
1711355404784 0.5307 0
1711355411585 0.3276 0
1711355418280 0.357 0
1711355425374 0.4526 0
1711355438033 0.4878 0
1711355444786 0.3764 0
1711355451419 0.3436 0
1711355458054 0.4216 0
1711355464995 0.3371 0
1711355471935 0.3136 0
1711355478596 0.4188 0
1711355485357 0.481 0
1711355492068 0.4487 0
1711355505121 0.4492 0
1711355517720 0.4309 0
1711355530438 0.3308 0
1711355537133 0.3696 0
1711355550533 0.3624 0
1711355563918 0.3434 0
1711355570641 0.5493 0
1711355577434 0.4665 0
1711355584104 0.2927 0
1711355597258 0.4749 0
1711355603917 0.3284 0
1711355617445 0.5833 0
1711355624443 0.4436 0
1711355637735 0.4322 0
1711355650930 0.3781 0
1711355657586 0.4333 0
1711355664536 0.4201 0
1711355671218 0.4595 0
1711355677915 0.3968 0
1711355685003 0.4425 0
1711355691663 0.3879 0
1711355698353 0.4507 0
1711355705053 0.3495 0
1711355711844 0.4093 0
1711355718605 0.3358 0
1711355725375 0.3802 0
1711355738527 0.414 0
1711355745697 0.5234 0
1711355752562 0.3176 0
1711355765987 0.3585 0
1711355779072 0.4076 0
1711355785786 0.4706 0
1711355792478 0.3705 0
1711355799214 0.2939 0
1711355805919 0.4655 0
1711355812631 0.4336 0
1711355819333 0.3297 0
1711355826138 0.4423 0
1711355832895 0.3796 0
1711355839861 0.4483 0
1711355846752 0.4944 0
1711355853480 0.3216 0
1711355860823 0.3587 0
1711355867939 0.3471 0
1711355874985 0.4884 0
1711355881888 0.338 0
1711355888648 0.3263 0
1711355895481 0.4131 0
1711355902191 0.4376 0
1711355908911 0.405 0
1711355915737 0.4296 0
1711355922880 0.4078 0
1711355929588 0.4545 0
1711355936350 0.3313 0
1711355943102 0.3487 0
1711355950206 0.2972 0
1711355956926 0.4129 0
1711355963651 0.3992 0
1711355970382 0.5897 0
1711355977092 0.4327 0
1711355984220 0.2443 0
1711355990935 0.3705 0
1711355997622 0.4944 0
1711356004496 0.3765 0
1711356011279 0.3871 0
1711356024100 0.4841 0
1711356036776 0.3592 0
1711356043864 0.3679 0
1711356050566 0.2524 0
1711356057321 0.4519 0
1711356064062 0.4 0
1711356070844 0.4205 0
1711356077574 0.3991 0
1711356084332 0.3187 0
1711356091175 0.4553 0
1711356097981 0.306 0
1711356111268 0.3444 0
1711356118328 0.4043 0
1711356125085 0.3117 0
1711356131942 0.4233 0
1711356145352 0.3911 0
1711356152152 0.3576 0
1711356158808 0.3678 0
1711356165513 0.3323 0
1711356172193 0.3089 0
1711356185393 0.2057 0
1711356192135 0.4006 0
1711356205741 0.4272 0
1711356219120 0.2745 0
1711356232809 0.4146 0
1711356246315 0.2367 0
1711356253143 0.3614 0
1711356259891 0.3853 0
1711356273562 0.4319 0
1711356280222 0.4601 0
1711356293388 0.3495 0
1711356306805 0.3426 0
1711356319934 0.6054 0
1711356333160 0.4078 0
1711356346164 0.3216 0
1711356359134 0.2436 0
1711356366306 0.313 0
1711356373364 0.3534 0
1711356380098 0.403 0
1711356386771 0.272 0
1711356399994 0.3652 0
1711356413067 0.5601 0
1711356420054 0.3884 0
1711356433485 0.3843 0
1711356440491 0.3216 0
1711356453778 0.4764 0
1711356460513 0.3582 0
1711356467523 0.3667 0
1711356474597 0.2498 0
1711356481551 0.5051 0
1711356495473 0.2258 0
1711356508690 0.3117 0
1711356515408 0.3196 0
1711356527727 0.3117 0
1711356540888 0.2675 0
1711356554528 0.1493 0
1711356561352 0.4222 0
1711356568177 0.2898 0
1711356574938 0.4341 0
1711356588567 0.2521 0
1711356601770 0.3134 0
1711356615087 0.2565 0
1711356622175 0.1786 0
1711356628926 0.3835 0
1711356635590 0.338 0
1711356648758 0.4459 0
1711356655624 0.4369 0
1711356662421 0.314 0
1711356676010 0.342 0
1711356689294 0.3161 0
1711356696013 0.3124 0
1711356703075 0.288 0
1711356709818 0.3532 0
1711356716546 0.3552 0
1711356723403 0.2192 0
1711356730426 0.2814 0
1711356737745 0.2735 0
1711356744577 0.3716 0
1711356757694 0.1714 0
1711356770822 0.2067 0
1711356784105 0.168 0
1711356790853 0.3231 0
1711356798000 0.2197 0
1711356804784 0.4616 0
1711356811662 0.4139 0
1711356824852 0.3306 0
1711356831602 0.2298 0
1711356838349 0.3416 0
1711356845033 0.3379 0
1711356851721 0.1534 0
1711356858841 0.2389 0
1711356865570 0.3183 0
1711356878919 0.2704 0
1711356892237 0.2011 0
1711356905557 0.3772 0
1711356919162 0.2514 0
1711356932864 0.4332 0
1711356939708 0.3458 0
1711356946508 0.3345 0
1711356953402 0.4523 0
1711356967143 0.3193 0
1711356974032 0.2839 0
1711356981287 0.2649 0
1711356994745 0.1764 0
1711357008313 0.2648 0
1711357021623 0.268 0
1711357034730 0.3198 0
1711357048213 0.3599 0
1711357061496 0.1809 0
1711357074739 0.2519 0
1711357081483 0.3449 0
1711357094716 0.1967 0
1711357101468 0.3319 0
1711357108596 0.2782 0
1711357115404 0.4027 0
1711357122148 0.2284 0
1711357128905 0.3837 0
1711357135678 0.2577 0
1711357142420 0.2028 0
1711357155852 0.1936 0
1711357169714 0.2648 0
1711357176657 0.3933 0
1711357183306 0.2034 0
1711357190160 0.2409 0
1711357197027 0.3014 0
1711357203941 0.1507 0
1711357210861 0.1665 0
1711357217507 0.2537 0
1711357224610 0.254 0
1711357231358 0.3283 0
1711357238005 0.3133 0
1711357244779 0.3195 0
1711357251442 0.3067 0
1711357258085 0.2728 0
1711357264733 0.5218 0
1711357271367 0.1819 0
1711357278011 0.2048 0
1711357284886 0.2541 0
1711357291535 0.3666 0
1711357298266 0.2518 0
1711357305063 0.2181 0
1711357311712 0.226 0
1711357318355 0.3337 0
1711357324969 0.305 0
1711357331797 0.1815 0
1711357338574 0.2866 0
1711357345269 0.3066 0
1711357351880 0.3636 0
1711357358515 0.1439 0
1711357365497 0.2241 0
1711357372097 0.2888 0
1711357379130 0.3106 0
1711357385943 0.2653 0
1711357392606 0.2837 0
1711357399282 0.4438 0
1711357406250 0.3519 0
1711357413255 0.206 0
1711357419943 0.3634 0
1711357426693 0.3511 0
1711357433492 0.2946 0
1711357440087 0.3428 0
1711357453215 0.5562 0
1711357459844 0.2314 0
1711357466867 0.2371 0
1711357473516 0.2961 0
1711357480162 0.1921 0
1711357486929 0.23 0
1711357493680 0.3375 0
1711357500350 0.2176 0
1711357507052 0.2402 0
1711357513882 0.379 0
1711357520611 0.2137 0
1711357528013 0.2575 0
1711357534802 0.3244 0
1711357541525 0.2819 0
1711357554637 0.138 0
1711357568283 0.2776 0
1711357581094 0.3683 0
1711357594421 0.2838 0
1711357607289 0.2696 0
1711357620150 0.1835 0
1711357626855 0.3011 0
1711357633484 0.2931 0
1711357640128 0.2341 0
1711357646700 0.2557 0
1711357660132 0.1976 0
1711357666852 0.1965 0
1711357673441 0.254 0
1711357680028 0.1791 0
1711357686650 0.4026 0
1711357693270 0.141 0
1711357699902 0.2857 0
1711357706477 0.1861 0
1711357713114 0.3709 0
1711357720178 0.3 0
1711357726869 0.1493 0
1711357733514 0.2812 0
1711357740163 0.5535 0
1711357746926 0.2517 0
1711357753793 0.2114 0
1711357760587 0.1985 0
1711357767355 0.1204 0
1711357774188 0.2475 0
1711357781288 0.2154 0
1711357787956 0.34 0
1711357794650 0.1626 0
1711357801534 0.2019 0
1711357808316 0.2195 0
1711357815031 0.0873 0
1711357821793 0.3043 0
1711357828531 0.2131 0
1711357841643 0.1955 0
1711357848350 0.1895 0
1711357855085 0.3217 0
1711357862062 0.2811 0
1711357875155 0.1394 0
1711357881918 0.1341 0
1711357888627 0.2297 0
1711357895693 0.3315 0
1711357907704 0.2088 0
1711357920654 0.1401 0
1711357927536 0.2129 0
1711357934216 0.2338 0
1711357940921 0.1763 0
1711357947540 0.1712 0
1711357954738 0.225 0
1711357961434 0.2349 0
1711357968230 0.288 0
1711357975381 0.3593 0
1711357988757 0.1363 0
1711358001785 0.1904 0
1711358015292 0.3089 0
1711358028971 0.2609 0
1711358042013 0.2305 0
1711358055203 0.1691 0
1711358061907 0.1104 0
1711358075052 0.2084 0
1711358088579 0.135 0
1711358101893 0.3327 0
1711358108606 0.2347 0
1711358121987 0.1775 0
1711358128699 0.1338 0
1711358135322 0.2687 0
1711358141941 0.2539 0
1711358148593 0.3141 0
1711358155242 0.1924 0
1711358162085 0.2729 0
1711358168939 0.2115 0
1711358175707 0.166 0
1711358188732 0.2062 0
1711358202450 0.2593 0
1711358209181 0.2863 0
1711358216278 0.0903 0
1711358222953 0.1643 0
1711358229580 0.1961 0
1711358236265 0.2627 0
1711358243153 0.1382 0
1711358249768 0.0854 0
1711358256620 0.205 0
1711358263399 0.203 0
1711358270094 0.13 0
1711358283715 0.2039 0
1711358290394 0.2679 0
1711358297305 0.1383 0
1711358304205 0.2074 0
1711358311217 0.0915 0
1711358318064 0.1968 0
1711358324736 0.2981 0
1711358331544 0.1125 0
1711358338561 0.2808 0
1711358345214 0.415 0
1711358351903 0.2938 0
1711358358744 0.4053 0
1711358365462 0.2164 0
1711358372138 0.1562 0
1711358378993 0.1356 0
1711358385720 0.1999 0
1711358392401 0.2161 0
1711358399516 0.149 0
1711358406294 0.2319 0
1711358412985 0.0859 0
1711358419712 0.0886 0
1711358426413 0.1707 0
1711358433234 0.0714 0
1711358440018 0.1906 0
1711358446798 0.2258 0
1711358453667 0.1954 0
1711358460820 0.1147 0
1711358467644 0.1284 0
1711358474477 0.1983 0
1711358487591 0.1436 0
1711358494303 0.0737 0
1711358501040 0.1751 0
1711358507808 0.2374 0
1711358514825 0.2966 0
1711358528499 0.1792 0
1711358535169 0.1835 0
1711358548413 0.0518 0
1711358555078 0.2606 0
1711358561800 0.2815 0
1711358568811 0.1115 0
1711358582150 0.1748 0
1711358596121 0.1622 0
1711358603106 0.0839 0
1711358609932 0.2167 0
1711358616682 0.1065 0
1711358629859 0.1833 0
1711358643117 0.1264 0
1711358650297 0.1429 0
1711358657008 0.2213 0
1711358663686 0.173 0
1711358677308 0.206 0
1711358690348 0.1244 0
1711358697027 0.2186 0
1711358704037 0.1739 0
1711358711128 0.1139 0
1711358718116 0.1359 0
1711358724839 0.1277 0
1711358731569 0.1597 0
1711358738250 0.097 0
1711358745032 0.1954 0
1711358751789 0.1676 0
1711358758545 0.1356 0
1711358765675 0.1383 0
1711358772732 0.2306 0
1711358779675 0.2928 0
1711358786614 0.0536 0
1711358793599 0.1416 0
1711358800310 0.1565 0
1711358807025 0.2512 0
1711358813720 0.1437 0
1711358820416 0.2253 0
1711358827574 0.1431 0
1711358834561 0.1257 0
1711358841249 0.0436 0
1711358848169 0.0921 0
1711358854944 0.0879 0
1711358867858 0.1724 0
1711358874571 0.0108 0
1711358881279 0.3816 0
1711358888544 0.1311 0
1711358901346 0.4342 0
1711358914350 0.125 0
1711358921176 0.2033 0
1711358927982 0.1755 0
1711358941276 0.2418 0
1711358954818 0.0297 0
1711358968026 0.0876 0
1711358974888 0.3107 0
1711358981930 0.1311 0
1711358988645 0.1543 0
1711358995327 0.0617 0
1711359009036 0.0465 0
1711359015759 0.0914 0
1711359022508 0.2633 0
1711359029272 0.0815 0
1711359036311 0.0811 0
1711359049713 0.0907 0
1711359056498 0.3617 0
1711359063244 -0.0065 0
1711359070388 0.1645 0
1711359083605 0.1607 0
1711359090399 0.2483 0
1711359097161 0.0787 0
1711359103920 0.0634 0
1711359110694 0.1143 0
1711359117462 0.1944 0
1711359124111 0.0748 0
1711359131211 0.0661 0
1711359137882 0.1492 0
1711359144774 0.0491 0
1711359151691 0.0752 0
1711359158445 0.1233 0
1711359165169 -0.0504 0
1711359171855 0.177 0
1711359179002 0.241 0
1711359186199 0.0418 0
1711359192957 0.3046 0
1711359199743 0.1478 0
1711359206533 0.3077 0
1711359213485 0.0787 0
1711359220327 0.0336 0
1711359227049 0.1791 0
1711359233850 0.0405 0
1711359240742 0.1152 0
1711359248105 0.0554 0
1711359254923 0.0378 0
1711359261701 0.2194 0
1711359268420 0.0925 0
1711359275153 0.2635 0
1711359281891 0.0513 0
1711359288640 0.0709 0
1711359302592 0.1651 0
1711359315889 0.0093 0
1711359322675 0.2854 0
1711359336009 0.1122 0
1711359342892 0.1277 0
1711359349630 0.147 0
1711359356387 0.1935 0
1711359363565 0.0673 0
1711359370295 0.174 0
1711359377042 0.0641 0
1711359390209 0.1246 0
1711359403537 0.1545 0
1711359410486 0.0351 0
1711359417556 0.1592 0
1711359424922 0.0222 0
1711359438446 0.0187 0
1711359445411 0.2841 0
1711359452148 0.0701 0
1711359458850 -0.0547 0
1711359472334 0.2374 0
1711359479053 -0.0219 0
1711359486214 0.0654 0
1711359492978 0.0626 0
1711359499722 -0.0251 0
1711359506475 -0.0408 0
1711359513342 0.1243 0
1711359520236 0.1327 0
1711359527024 0.0961 0
1711359533861 0.0896 0
1711359547877 0.1112 0
1711359561106 0.0034 0
1711359567815 0.0685 0
1711359574565 0.1457 0
1711359581372 0.0844 0
1711359594221 0.0139 0
1711359607309 0.1641 0
1711359614558 0.2675 0
1711359621322 0.2269 0
1711359628082 0.0286 0
1711359635259 0.1361 0
1711359642034 0.1061 0
1711359648721 0.1608 0
1711359655462 0.192 0
1711359662317 0.0112 0
1711359675612 0.0715 0
1711359688682 -0.0865 0
1711359695645 0.0204 0
1711359702413 0.2394 0
1711359709270 -0.0468 0
1711359716137 0.1425 0
1711359723092 0.1199 0
1711359730325 -0.0173 0
1711359737106 0.14 0
1711359743960 -0.0053 0
1711359750740 0.066 0
1711359757454 0.0828 0
1711359764227 0.0427 0
1711359770983 0.0632 0
1711359777874 0.2203 0
1711359784997 0.145 0
1711359791807 0.0126 0
1711359798567 0.0884 0
1711359805353 0.0832 0
1711359812243 0.0673 0
1711359819371 0.0365 0
1711359826100 0.0681 0
1711359832865 0.0425 0
1711359839847 0.0508 0
1711359847437 0.0728 0
1711359860623 0.0984 0
1711359867394 0.1017 0
1711359874134 0.0681 0
1711359880970 0.0382 0
1711359887772 -0.0601 0
1711359894516 0.0221 0
1711359901301 0.1117 0
1711359908582 0.1024 0
1711359915468 0.0805 0
1711359928442 0.0297 0
1711359941474 0.1744 0
1711359954627 -0.0618 0
1711359968365 -0.0375 0
1711359975122 0.1437 0
1711359981881 -0.0371 0
1711359995586 0.0517 0
1711360002623 0.0188 0
1711360009649 -0.0775 0
1711360016461 0.1808 0
1711360023675 -0.0383 0
1711360030475 0.0603 0
1711360037218 -0.0322 0
1711360044223 0.1553 0
1711360050984 0.1313 0
1711360057857 0.1326 0
1711360064919 0.0831 0
1711360071747 0.0566 0
1711360078669 0.0384 0
1711360085492 0.1965 0
1711360092247 0.0006 0
1711360099064 0.0075 0
1711360105783 0.0693 0
1711360112635 0.1744 0
1711360119481 -0.0135 0
1711360126334 0.1429 0
1711360133133 0.1445 0
1711360140361 0.1898 0
1711360147137 0.0309 0
1711360153979 0.0497 0
1711360160767 0.0039 0
1711360167695 0.0063 0
1711360174522 -0.1318 0
1711360181338 0.0218 0
1711360188232 0.1035 0
1711360195620 0.1641 0
1711360202682 -0.0275 0
1711360209747 0.0498 0
1711360216740 -0.0273 0
1711360223629 0.0643 0
1711360230492 0.0353 0
1711360243819 0.1379 0
1711360250601 0.0301 0
1711360257752 -0.0253 0
1711360264503 0.0637 0
1711360271294 0.0099 0
1711360278105 0.0537 0
1711360285145 -0.0028 0
1711360291930 -0.0629 0
1711360298879 0.148 0
1711360305966 0.1029 0
1711360312754 0.0329 0
1711360320318 -0.051 0
1711360327402 0.0279 0
1711360334574 0.2539 0
1711360341628 -0.04 0
1711360348528 0.1363 0
1711360361797 0.0154 0
1711360368714 0.1058 0
1711360375470 0.0633 0
1711360382756 0.0031 0
1711360389368 0.168 0
1711360396230 -0.083 0
1711360402869 -0.0685 0
1711360409526 -0.062 0
1711360416225 0.0342 0
1711360422877 0.0402 0
1711360429547 0.0015 0
1711360436298 -0.0546 0
1711360442940 -0.1734 0
1711360449602 0.0092 0
1711360456267 0.0297 0
1711360463111 0.0135 0
1711360469772 -0.0611 0
1711360476383 -0.0992 0
1711360482982 -0.0961 0
1711360489924 -0.2129 0
1711360503701 -0.0451 0
1711360516853 -0.0501 0
1711360530085 0.0852 0
1711360543279 -0.0079 0
1711360556400 0.0525 0
1711360570234 0.0038 0
1711360577209 -0.0354 0
1711360590359 -0.0364 0
1711360603477 -0.0165 0
1711360616839 -0.0912 0
1711360630006 0.1497 0
1711360636959 0.0848 0
1711360643548 -0.1506 0
1711360650465 -0.0583 0
1711360670203 0.0498 0
1711360683367 -0.0642 0
1711360689969 0.1811 0
1711360697072 -0.0778 0
1711360703743 -0.0239 0
1711360710507 0.0016 0
1711360717182 -0.0567 0
1711360723867 -0.1112 0
1711360730517 0.0942 0
1711360737098 -0.031 0
1711360743700 -0.084 0
1711360750341 -0.0367 0
1711360757084 -0.0269 0
1711360764131 -0.0027 0
1711360770728 -0.0286 0
1711360777365 -0.1132 0
1711360783958 0.1279 0
1711360790605 -0.1023 0
1711360797205 0.0337 0
1711360803806 -0.107 0
1711360810376 0.094 0
1711360823362 -0.0973 0
1711360830408 -0.1199 0
1711360837011 0.0675 0
1711360843613 0.1048 0
1711360850238 -0.0327 0
1711360863513 -0.0495 0
1711360870290 -0.0145 0
1711360876890 0.1627 0
1711360883834 0.0233 0
1711360890524 -0.0632 0
1711360903735 0.0538 0
1711360910588 0.0015 0
1711360917359 -0.1142 0
1711360923962 -0.0718 0
1711360930576 0.018 0
1711360937191 0.0651 0
1711360943945 -0.0835 0
1711360950552 0.1669 0
1711360957230 0.0579 0
1711360963910 -0.1363 0
1711360977246 -0.0234 0
1711360983872 0.0658 0
1711360990598 -0.009 0
1711360997257 -0.1374 0
1711361004039 -0.1241 0
1711361011098 -0.1817 0
1711361017825 0.0061 0
1711361024436 -0.0573 0
1711361031047 -0.1835 0
1711361044542 -0.0976 0
1711361051255 -0.0108 0
1711361057926 -0.0732 0
1711361064562 0.0054 0
1711361071870 -0.0335 0
1711361078739 -0.0765 0
1711361085498 -0.0548 0
1711361092518 -0.098 0
1711361099274 0.0869 0
1711361106137 0.0806 0
1711361112866 0.0488 0
1711361119770 -0.0989 0
1711361126488 0.0142 0
1711361133077 -0.1097 0
1711361146824 -0.1599 0
1711361160087 0.0038 0
1711361173336 -0.0152 0
1711361179910 0.0392 0
1711361186518 0.0675 0
1711361193252 -0.0853 0
1711361199911 0.0162 0
1711361207028 -0.0457 0
1711361213630 0.006 0
1711361220271 -0.1199 0
1711361226895 0.1549 0
1711361233626 -0.1202 0
1711361240368 0.0037 0
1711361247016 -0.0807 0
1711361253642 -0.0616 0
1711361260471 0.0964 0
1711361267370 -0.0625 0
1711361274051 -0.1932 0
1711361280798 -0.042 0
1711361287604 -0.0583 0
1711361294298 -0.0724 0
1711361300994 0.1112 0
1711361307626 -0.0617 0
1711361314275 0.0469 0
1711361320955 0.1092 0
1711361327615 0.0227 0
1711361334695 0.0547 0
1711361341536 0.0092 0
1711361348307 -0.1257 0
1711361355146 -0.0128 0
1711361361867 -0.1479 0
1711361375171 -0.0465 0
1711361381818 -0.0182 0
1711361395436 -0.1797 0
1711361402050 -0.0118 0
1711361409099 -0.1542 0
1711361422435 -0.1584 0
1711361429081 0.3012 0
1711361442325 -0.0882 0
1711361455682 -0.0103 0
1711361462823 0.0939 0
1711361474774 -0.0355 0
1711361488150 -0.0841 0
1711361501438 0.0093 0
1711361508226 -0.09 0
1711361515031 -0.0613 0
1711361521765 -0.0197 0
1711361528813 -0.0689 0
1711361535523 -0.2649 0
1711361542275 -0.1633 0
1711361548969 -0.0466 0
1711361555716 0.0292 0
1711361562725 0.0664 0
1711361569397 -0.2092 0
1711361576183 0.0608 0
1711361582917 -0.08 0
1711361590049 -0.1432 0
1711361596730 0.1096 0
1711361603514 -0.1208 0
1711361610284 -0.0843 0
1711361616988 -0.048 0
1711361623769 -0.1349 0
1711361630497 -0.099 0
1711361637441 -0.1155 0
1711361644428 -0.0565 0
1711361651579 -0.151 0
1711361658215 -0.1217 0
1711361664884 -0.1046 0
1711361671534 -0.04 0
1711361678174 -0.1214 0
1711361684991 -0.0303 0
1711361691741 -0.1238 0
1711361705180 -0.122 0
1711361718930 -0.0577 0
1711361732503 -0.1534 0
1711361739179 -0.2397 0
1711361752655 -0.0567 0
1711361766117 -0.1841 0
1711361779799 -0.0712 0
1711361786418 -0.0043 0
1711361793393 -0.0324 0
1711361800154 0.0315 0
1711361806864 -0.2598 0
1711361813655 -0.22 0
1711361820355 -0.0289 0
1711361827040 -0.0011 0
1711361840377 -0.0621 0
1711361847039 -0.2462 0
1711361853989 -0.1513 0
1711361860765 -0.0343 0
1711361867805 -0.259 0
1711361881136 0.0368 0
1711361894191 -0.0433 0
1711361900840 -0.0545 0
1711361908046 -0.0604 0
1711361914729 0.0311 0
1711361921443 -0.1349 0
1711361928138 -0.2161 0
1711361934797 -0.0349 0
1711361941444 -0.1324 0
1711361948336 -0.0421 0
1711361955081 -0.0517 0
1711361969108 -0.1906 0
1711361976123 0.0663 0
1711361982976 -0.1694 0
1711361989694 -0.0969 0
1711361996365 -0.0948 0
1711362009679 -0.2863 0
1711362016683 0.0027 0
1711362023636 -0.0343 0
1711362030789 -0.1209 0
1711362037436 -0.2608 0
1711362044182 -0.1735 0
1711362051043 -0.0187 0
1711362057718 -0.003 0
1711362064644 -0.0778 0
1711362071347 -0.193 0
1711362084655 -0.2708 0
1711362091767 -0.0376 0
1711362098455 -0.0044 0
1711362105201 -0.0206 0
1711362111901 -0.0609 0
1711362118894 -0.1404 0
1711362125738 -0.2809 0
1711362132464 -0.1369 0
1711362139171 -0.1572 0
1711362146165 -0.0987 0
1711362153627 -0.0445 0
1711362167123 -0.0641 0
1711362173774 -0.0815 0
1711362180493 -0.2321 0
1711362187166 -0.1936 0
1711362193831 -0.0983 0
1711362207168 -0.004 0
1711362214018 -0.1693 0
1711362227414 -0.1781 0
1711362247488 0.1728 0
1711362261067 -0.0604 0
1711362274449 -0.0792 0
1711362281410 -0.0802 0
1711362288186 -0.1925 0
1711362294824 -0.0581 0
1711362301476 -0.2027 0
1711362308131 -0.1948 0
1711362314805 -0.139 0
1711362321454 -0.1926 0
1711362328121 -0.2125 0
1711362334806 -0.1069 0
1711362341876 -0.1912 0
1711362348531 -0.0118 0
1711362355227 -0.0564 0
1711362361904 -0.1652 0
1711362368947 -0.2147 0
1711362375812 -0.0895 0
1711362382743 0.0762 0
1711362389528 -0.1027 0
1711362396268 -0.2808 0
1711362403413 -0.0194 0
1711362410076 0.0122 0
1711362416730 -0.2321 0
1711362423524 -0.2382 0
1711362430213 -0.2177 0
1711362437179 -0.2011 0
1711362443931 -0.2112 0
1711362450899 0.0607 0
1711362457772 -0.2821 0
1711362465066 -0.2585 0
1711362478288 -0.2321 0
1711362485132 -0.1445 0
1711362491818 -0.2624 0
1711362498508 -0.2956 0
1711362505249 -0.2751 0
1711362511871 -0.155 0
1711362518578 -0.2019 0
1711362525746 0.0252 0
1711362532511 -0.1527 0
1711362539263 -0.2246 0
1711362552937 -0.1542 0
1711362559764 -0.0278 0
1711362566401 -0.2111 0
1711362573165 0.0599 0
1711362579857 -0.2265 0
1711362586641 -0.0074 0
1711362593691 0.1265 0
1711362600420 -0.1915 0
1711362607194 -0.1441 0
1711362620410 -0.1451 0
1711362627124 -0.1509 0
1711362633869 -0.0701 0
1711362640920 -0.0517 0
1711362647958 -0.2551 0
1711362655212 -0.1678 0
1711362661943 -0.0102 0
1711362668638 -0.2616 0
1711362675428 -0.1385 0
1711362688744 -0.2076 0
1711362695447 -0.133 0
1711362702220 -0.1662 0
1711362709329 -0.158 0
1711362715959 -0.2078 0
1711362722803 -0.2011 0
1711362729465 -0.2335 0
1711362742739 -0.31 0
1711362756220 -0.2315 0
1711362763073 -0.1906 0
1711362769844 -0.1703 0
1711362776907 -0.1937 0
1711362790189 -0.2154 0
1711362796941 -0.1216 0
1711362803598 -0.1023 0
1711362810428 -0.2793 0
1711362817108 -0.0946 0
1711362823766 -0.2153 0
1711362831184 -0.1377 0
1711362837980 -0.0047 0
1711362844782 -0.2327 0
1711362851562 0.1184 0
1711362858316 -0.1505 0
1711362865067 -0.1667 0
1711362871755 -0.1664 0
1711362885192 -0.1361 0
1711362898965 -0.3159 0
1711362912519 -0.1526 0
1711362919315 -0.1724 0
1711362926137 0.0492 0
1711362932840 -0.1768 0
1711362939539 -0.0614 0
1711362946216 -0.3585 0
1711362952912 -0.1779 0
1711362960244 -0.1275 0
1711362967011 -0.2579 0
1711362973942 0.0132 0
1711362980728 -0.2113 0
1711362987550 0.0056 0
1711362994300 -0.0868 0
1711363001017 -0.0253 0
1711363015183 0.001 0
1711363022026 -0.1119 0
1711363028786 -0.3824 0
1711363035538 -0.1561 0
1711363042561 -0.3478 0
1711363049331 -0.0482 0
1711363056177 -0.1881 0
1711363062889 -0.2234 0
1711363069679 -0.0691 0
1711363077031 -0.0189 0
1711363083821 -0.0877 0
1711363090584 -0.2372 0
1711363097359 -0.2245 0
1711363104123 -0.1962 0
1711363117601 -0.1326 0
1711363130895 -0.1839 0
1711363144727 -0.3011 0
1711363151477 -0.2525 0
1711363158594 -0.2638 0
1711363165318 -0.1979 0
1711363172420 -0.2353 0
1711363179443 -0.1991 0
1711363186528 -0.2387 0
1711363193363 0.1173 0
1711363200629 -0.1645 0
1711363207408 -0.2455 0
1711363214178 -0.2935 0
1711363220951 -0.3031 0
1711363227786 -0.2159 0
1711363234561 -0.1303 0
1711363241391 -0.3367 0
1711363248156 -0.2131 0
1711363254921 -0.1306 0
1711363262097 -0.2711 0
1711363269036 -0.1048 0
1711363275886 -0.2913 0
1711363282693 -0.1973 0
1711363289853 -0.1602 0
1711363296627 -0.2 0
1711363303358 -0.3115 0
1711363310086 -0.1872 0
1711363317299 0.0863 0
1711363324019 -0.2133 0
1711363330716 -0.2234 0
1711363337471 -0.215 0
1711363344204 -0.2246 0
1711363351210 -0.3095 0
1711363357994 -0.2312 0
1711363364766 -0.2632 0
1711363371677 -0.1735 0
1711363385864 -0.3417 0
1711363392820 -0.2723 0
1711363399903 -0.3187 0
1711363407069 -0.2293 0
1711363413933 -0.298 0
1711363420684 -0.3107 0
1711363427409 -0.1741 0
1711363434394 -0.1381 0
1711363441549 -0.2256 0
1711363448382 -0.3057 0
1711363455153 -0.3182 0
1711363461956 -0.2364 0
1711363468766 -0.2654 0
1711363475604 -0.025 0
1711363482333 -0.2348 0
1711363489139 -0.2203 0
1711363502770 -0.2619 0
1711363516063 -0.1965 0
1711363522750 -0.0694 0
1711363535105 -0.2012 0
1711363548361 -0.1986 0
1711363561987 -0.3073 0
1711363568759 -0.254 0
1711363575496 -0.269 0
1711363582145 -0.2559 0
1711363588969 -0.1848 0
1711363602366 -0.2089 0
1711363609148 -0.2126 0
1711363615872 -0.1728 0
1711363623005 -0.1727 0
1711363629807 -0.2863 0
1711363643304 -0.2786 0
1711363650055 -0.2964 0
1711363656928 -0.255 0
1711363663681 -0.233 0
1711363670398 -0.3476 0
1711363677117 -0.115 0
1711363684201 -0.2887 0
1711363690871 -0.23 0
1711363697565 -0.2869 0
1711363704484 -0.2493 0
1711363711239 -0.3236 0
1711363718215 -0.204 0
1711363724953 0.0654 0
1711363731696 -0.2514 0
1711363738432 -0.2011 0
1711363752066 -0.2005 0
1711363758741 -0.0611 0
1711363765543 -0.1043 0
1711363772277 -0.3406 0
1711363785719 -0.1445 0
1711363792533 -0.0528 0
1711363799251 -0.209 0
1711363806005 -0.1326 0
1711363812738 -0.278 0
1711363826091 -0.127 0
1711363839415 -0.2255 0
1711363846184 -0.1015 0
1711363852880 -0.2248 0
1711363859666 -0.2327 0
1711363866765 -0.3089 0
1711363880144 -0.3305 0
1711363886873 -0.2395 0
1711363893567 -0.0795 0
1711363900362 -0.2749 0
1711363907215 -0.2925 0
1711363914094 -0.2643 0
1711363921192 0.0145 0
1711363927965 -0.0508 0
1711363934740 -0.3841 0
1711363941594 -0.1155 0
1711363948366 -0.138 0
1711363955101 -0.1976 0
1711363961870 -0.0975 0
1711363968593 -0.0593 0
1711363975322 -0.1209 0
1711363982566 -0.2539 0
1711363989443 -0.1918 0
1711363996340 -0.285 0
1711364003100 -0.1516 0
1711364009980 -0.2703 0
1711364016740 -0.2615 0
1711364023280 0.0738 0
1711364030133 -0.1396 0
1711364037613 -0.1873 0
1711364044609 -0.2663 0
1711364051470 -0.4163 0
1711364058247 -0.1755 0
1711364065107 -0.1421 0
1711364072066 -0.2434 0
1711364078812 -0.199 0
1711364085737 0.1331 0
1711364092578 -0.2317 0
1711364100062 -0.2464 0
1711364106891 -0.3287 0
1711364113654 -0.2742 0
1711364120388 -0.0658 0
1711364127170 -0.0757 0
1711364140797 -0.238 0
1711364147522 -0.3032 0
1711364161665 -0.3485 0
1711364168769 -0.3614 0
1711364175736 -0.2358 0
1711364182437 -0.3685 0
1711364189196 -0.3393 0
1711364195959 -0.254 0
1711364202742 -0.3184 0
1711364209538 -0.2305 0
1711364216647 -0.3112 0
1711364223436 -0.0982 0
1711364230431 -0.2556 0
1711364237285 -0.1511 0
1711364244089 -0.2748 0
1711364250867 -0.2474 0
1711364257642 -0.3523 0
1711364264357 -0.1418 0
1711364271134 -0.3086 0
1711364278333 -0.3196 0
1711364285089 -0.3288 0
1711364291832 -0.0694 0
1711364298542 -0.3648 0
1711364305304 -0.4106 0
1711364312119 -0.2964 0
1711364325398 -0.2111 0
1711364339137 -0.2819 0
1711364346143 -0.1932 0
1711364352877 -0.1072 0
1711364359639 0.0026 0
1711364366761 -0.2585 0
1711364373886 -0.3377 0
1711364380675 -0.0909 0
1711364387381 -0.3348 0
1711364394586 -0.4696 0
1711364401330 -0.3858 0
1711364408083 -0.3526 0
1711364414861 -0.253 0
1711364421589 -0.3305 0
1711364428362 -0.3158 0
1711364435153 -0.2054 0
1711364441965 -0.2798 0
1711364449310 -0.303 0
1711364456152 -0.2632 0
1711364462942 -0.3389 0
1711364469830 -0.2932 0
1711364476585 -0.2857 0
1711364483380 -0.2727 0
1711364490142 -0.2328 0
1711364496953 -0.3078 0
1711364503749 -0.2575 0
1711364511096 -0.4702 0
1711364524522 -0.2508 0
1711364531317 -0.307 0
1711364538222 -0.2151 0
1711364545150 -0.2397 0
1711364551907 -0.2005 0
1711364559014 -0.3521 0
1711364566162 -0.1601 0
1711364573406 -0.3435 0
1711364580188 -0.2772 0
1711364586909 -0.2226 0
1711364593807 -0.3632 0
1711364600688 -0.2643 0
1711364607492 -0.3998 0
1711364614532 -0.2511 0
1711364621295 -0.2693 0
1711364628514 -0.3268 0
1711364635349 -0.2897 0
1711364642189 -0.3602 0
1711364648879 -0.2939 0
1711364655612 -0.1952 0
1711364662334 -0.3677 0
1711364669066 -0.2394 0
1711364675815 -0.3444 0
1711364682585 -0.2422 0
1711364689738 -0.1721 0
1711364696436 -0.1588 0
1711364703151 -0.3015 0
1711364709905 -0.1685 0
1711364716660 -0.2968 0
1711364723795 -0.304 0
1711364730843 -0.1446 0
1711364737943 -0.3147 0
1711364745116 -0.3269 0
1711364751899 -0.3969 0
1711364758674 -0.2613 0
1711364765362 -0.2997 0
1711364772120 -0.3261 0
1711364778871 -0.1295 0
1711364785618 -0.2681 0
1711364792694 -0.4134 0
1711364799515 -0.101 0
1711364806718 -0.3355 0
1711364813475 -0.216 0
1711364820386 -0.2785 0
1711364827235 -0.3246 0
1711364834027 -0.1964 0
1711364840829 -0.3366 0
1711364847654 -0.2247 0
1711364854481 -0.436 0
1711364861384 -0.1293 0
1711364875233 -0.0932 0
1711364882085 -0.1822 0
1711364888968 -0.2545 0
1711364895715 -0.2129 0
1711364902477 -0.3183 0
1711364909229 -0.2569 0
1711364916125 -0.4104 0
1711364923506 -0.3237 0
1711364936960 -0.1369 0
1711364944011 -0.1462 0
1711364950847 -0.3225 0
1711364957963 -0.4012 0
1711364964783 -0.374 0
1711364971647 -0.3467 0
1711364978431 -0.3523 0
1711364985636 -0.1596 0
1711364992445 -0.1174 0
1711364999207 -0.318 0
1711365005977 -0.2705 0
1711365012726 -0.2138 0
1711365019537 -0.4103 0
1711365026364 -0.2695 0
1711365033250 -0.4927 0
1711365040226 -0.4558 0
1711365047506 -0.1329 0
1711365054383 -0.2047 0
1711365061227 -0.37 0
1711365068128 -0.3799 0
1711365075220 -0.3147 0
1711365082131 -0.3072 0
1711365088918 -0.3029 0
1711365095840 -0.3871 0
1711365109681 -0.3011 0
1711365116481 -0.3709 0
1711365123248 -0.4996 0
1711365130078 -0.3937 0
1711365136992 -0.1735 0
1711365144004 -0.0454 0
1711365151088 -0.3015 0
1711365158018 -0.349 0
1711365172264 -0.2865 0
1711365185830 -0.3509 0
1711365192739 -0.3208 0
1711365199647 -0.2909 0
1711365206542 -0.16 0
1711365213322 -0.3069 0
1711365220157 -0.2864 0
1711365233988 -0.3614 0
1711365247389 -0.2808 0
1711365254149 -0.2992 0
1711365267476 -0.3945 0
1711365274563 -0.3672 0
1711365281621 -0.2788 0
1711365288542 -0.2045 0
1711365295302 -0.3712 0
1711365302029 -0.2681 0
1711365308827 -0.3741 0
1711365315621 -0.302 0
1711365322393 -0.4379 0
1711365329162 -0.3448 0
1711365335915 -0.3725 0
1711365342706 -0.3824 0
1711365349978 -0.3809 0
1711365356858 -0.3497 0
1711365363695 -0.44 0
1711365370529 -0.4413 0
1711365377268 -0.334 0
1711365384066 -0.2409 0
1711365397538 -0.2319 0
1711365411488 0.0076 0
1711365418268 -0.0906 0
1711365425269 -0.4107 0
1711365432410 -0.3358 0
1711365439371 -0.4235 0
1711365446219 -0.3936 0
1711365453120 -0.2382 0
1711365460283 -0.1172 0
1711365467195 -0.3193 0
1711365474478 -0.3447 0
1711365481430 -0.4617 0
1711365488537 -0.4278 0
1711365495508 -0.3824 0
1711365502420 -0.1226 0
1711365509174 -0.3562 0
1711365515923 -0.3224 0
1711365522666 -0.3703 0
1711365536308 -0.301 0
1711365549915 -0.2799 0
1711365563448 -0.4327 0
1711365570476 -0.2066 0
1711365577416 -0.3985 0
1711365584284 -0.296 0
1711365591108 -0.3216 0
1711365598355 -0.3383 0
1711365605108 -0.3392 0
1711365611929 -0.2876 0
1711365618840 -0.3677 0
1711365625654 -0.4901 0
1711365632469 -0.4735 0
1711365639278 -0.2866 0
1711365652896 -0.3435 0
1711365660074 -0.2982 0
1711365666809 -0.3116 0
1711365673642 -0.3763 0
1711365680722 -0.3097 0
1711365687666 -0.3004 0
1711365694477 -0.3543 0
1711365701273 -0.2637 0
1711365708036 -0.2642 0
1711365714856 -0.4289 0
1711365722073 -0.2598 0
1711365728861 -0.3957 0
1711365736048 -0.1313 0
1711365742900 -0.3065 0
1711365749680 -0.3548 0
1711365756480 -0.3653 0
1711365763365 -0.4688 0
1711365770159 -0.2975 0
1711365777505 -0.2076 0
1711365784296 -0.4697 0
1711365791044 -0.3789 0
1711365797847 -0.3316 0
1711365804676 -0.16 0
1711365811597 -0.3012 0
1711365818483 -0.2974 0
1711365825342 -0.2203 0
1711365832254 -0.3889 0
1711365839605 -0.3318 0
1711365846410 -0.359 0
1711365853188 -0.3383 0
1711365859964 -0.4155 0
1711365866760 -0.3951 0
1711365873691 -0.3912 0
1711365880534 -0.3194 0
1711365887306 -0.3012 0
1711365894671 -0.2863 0
1711365901477 -0.3065 0
1711365908331 -0.3594 0
1711365915265 -0.466 0
1711365922091 -0.2783 0
1711365929191 -0.3353 0
1711365936214 -0.4521 0
1711365943083 -0.3244 0
1711365949871 -0.3444 0
1711365957175 -0.4038 0
1711365963991 -0.2655 0
1711365970756 -0.4269 0
1711365977572 -0.3795 0
1711365984404 -0.3927 0
1711365991232 -0.3979 0
1711366004840 -0.3009 0
1711366012094 -0.1675 0
1711366018892 -0.4324 0
1711366025840 -0.424 0
1711366032792 -0.2074 0
1711366039622 -0.393 0
1711366046554 -0.3648 0
1711366053377 -0.3847 0
1711366060244 -0.2739 0
1711366067485 -0.4512 0
1711366074340 -0.1953 0
1711366081143 -0.3764 0
1711366087999 -0.3064 0
1711366094815 -0.521 0
1711366102009 -0.4917 0
1711366108782 -0.1553 0
1711366115597 -0.3323 0
1711366122461 -0.3616 0
1711366129747 -0.3158 0
1711366136644 -0.2454 0
1711366143523 -0.1878 0
1711366150377 -0.3162 0
1711366157271 -0.287 0
1711366164264 -0.3726 0
1711366171355 -0.2038 0
1711366178218 -0.1376 0
1711366185452 -0.408 0
1711366192298 -0.4163 0
1711366199171 -0.4704 0
1711366206129 -0.2992 0
1711366213106 -0.304 0
1711366219920 -0.297 0
1711366227013 -0.2567 0
1711366233873 -0.4416 0
1711366241226 -0.2079 0
1711366248112 -0.3283 0
1711366255255 -0.419 0
1711366262261 -0.4489 0
1711366269076 -0.3954 0
1711366275902 -0.4261 0
1711366282718 -0.3493 0
1711366289505 -0.4613 0
1711366296346 -0.4677 0
1711366303697 -0.4313 0
1711366310536 -0.4288 0
1711366317413 -0.3166 0
1711366324258 -0.3518 0
1711366331259 -0.4667 0
1711366338138 -0.3481 0
1711366345101 -0.1788 0
1711366358982 -0.1868 0
1711366365751 -0.3285 0
1711366372885 -0.322 0
1711366379828 -0.3036 0
1711366386740 -0.3929 0
1711366393713 -0.3478 0
1711366400592 -0.335 0
1711366407734 -0.3987 0
1711366414901 -0.3659 0
1711366422320 -0.2358 0
1711366429106 -0.4141 0
1711366435905 -0.4696 0
1711366442735 -0.3531 0
1711366449522 -0.3752 0
1711366456305 -0.5028 0
1711366463168 -0.4656 0
1711366470017 -0.1854 0
1711366477422 -0.3707 0
1711366484244 -0.2322 0
1711366491145 -0.4811 0
1711366498198 -0.3139 0
1711366505038 -0.2419 0
1711366511841 -0.2811 0
1711366518637 -0.3566 0
1711366532267 -0.3032 0
1711366545738 -0.1211 0
1711366559237 -0.3564 0
1711366566051 -0.3372 0
1711366572883 -0.5327 0
1711366579734 -0.3193 0
1711366586735 -0.3936 0
1711366594246 -0.3216 0
1711366601231 -0.4116 0
1711366608043 -0.4748 0
1711366614857 -0.4686 0
1711366621683 -0.3922 0
1711366628506 -0.4831 0
1711366635412 -0.4045 0
1711366642118 -0.4787 0
1711366649205 -0.1832 0
1711366656001 -0.2039 0
1711366662717 -0.4449 0
1711366669445 -0.1356 0
1711366676202 -0.4932 0
1711366682993 -0.3053 0
1711366690029 -0.411 0
1711366696854 -0.3925 0
1711366703579 -0.4744 0
1711366717552 -0.2821 0
1711366724272 -0.5212 0
1711366737719 -0.4129 0
1711366744508 -0.3752 0
1711366751447 -0.3747 0
1711366758232 -0.192 0
1711366765038 -0.2891 0
1711366771835 -0.2609 0
1711366778546 -0.4351 0
1711366785320 -0.3574 0
1711366792308 -0.1759 0
1711366799075 -0.3531 0
1711366805863 -0.2127 0
1711366812706 -0.4277 0
1711366819615 -0.3516 0
1711366826362 -0.3648 0
1711366833532 -0.318 0
1711366840295 -0.3935 0
1711366847218 -0.4803 0
1711366854314 -0.4139 0
1711366861150 -0.2797 0
1711366867970 -0.3357 0
1711366874696 -0.4163 0
1711366881512 -0.4682 0
1711366888450 -0.5458 0
1711366895262 -0.4552 0
1711366902130 -0.5405 0
1711366909004 -0.4634 0
1711366915939 -0.3872 0
1711366922788 -0.2261 0
1711366929594 -0.2042 0
1711366936331 -0.4731 0
1711366943152 -0.3907 0
1711366950321 -0.2936 0
1711366957108 -0.4128 0
1711366963901 0.1185 0
1711366970667 -0.4016 0
1711366977394 -0.4865 0
1711366984236 -0.3112 0
1711366991411 -0.3576 0
1711366998195 -0.2866 0
1711367005329 -0.3118 0
1711367012708 -0.4352 0
1711367019759 -0.3501 0
1711367026611 -0.5232 0
1711367033412 -0.301 0
1711367040418 -0.3552 0
1711367047524 -0.2499 0
1711367054320 -0.5336 0
1711367061134 -0.3031 0
1711367068364 -0.5495 0
1711367075184 -0.4084 0
1711367088662 -0.2939 0
1711367095424 -0.2572 0
1711367102312 -0.4114 0
1711367109185 -0.3652 0
1711367116311 -0.4125 0
1711367123595 -0.4286 0
1711367130480 -0.4679 0
1711367137262 -0.4286 0
1711367144093 -0.109 0
1711367150847 -0.4438 0
1711367157617 -0.4384 0
1711367164395 -0.3781 0
1711367171180 -0.5057 0
1711367184983 -0.4113 0
1711367191808 -0.281 0
1711367198652 -0.3615 0
1711367205429 -0.4945 0
1711367219177 -0.3849 0
1711367226013 -0.4019 0
1711367232806 -0.3343 0
1711367239566 -0.4104 0
1711367246754 -0.1182 0
1711367253869 -0.4181 0
1711367260736 -0.2962 0
1711367267613 -0.433 0
1711367274453 -0.3894 0
1711367281337 -0.5775 0
1711367288281 -0.4938 0
1711367295136 -0.3556 0
1711367301961 -0.1773 0
1711367309426 -0.3684 0
1711367316553 -0.3762 0
1711367323419 -0.3392 0
1711367330429 -0.5284 0
1711367337225 -0.4053 0
1711367344026 -0.3284 0
1711367350824 -0.2651 0
1711367364804 -0.29 0
1711367378359 -0.2571 0
1711367385226 -0.4438 0
1711367392123 -0.4332 0
1711367398934 -0.4607 0
1711367405760 -0.4071 0
1711367412632 -0.3953 0
1711367419416 -0.3032 0
1711367426632 -0.3805 0
1711367433427 -0.4258 0
1711367440256 -0.3911 0
1711367447045 -0.294 0
1711367454040 -0.3285 0
1711367468110 -0.5139 0
1711367475031 -0.3774 0
1711367482279 -0.2958 0
1711367489158 -0.3625 0
1711367495998 -0.3815 0
1711367502789 -0.2451 0
1711367509716 -0.1554 0
1711367516583 -0.3814 0
1711367523524 -0.3162 0
1711367530440 -0.2626 0
1711367537273 -0.4017 0
1711367544610 -0.1306 0
1711367551435 -0.3882 0
1711367558614 -0.3151 0
1711367565754 -0.5298 0
1711367572623 -0.4287 0
1711367579563 -0.3745 0
1711367586427 -0.3862 0
1711367593179 -0.4397 0
1711367600514 -0.4808 0
1711367607382 -0.4588 0
1711367614152 -0.369 0
1711367621175 -0.4446 0
1711367628062 -0.4029 0
1711367634922 -0.3157 0
1711367641768 -0.3574 0
1711367648707 -0.4738 0
1711367655663 -0.5023 0
1711367663313 -0.5243 0
1711367670265 -0.3568 0
1711367677256 -0.3128 0
1711367684093 -0.3481 0
1711367691016 -0.4509 0
1711367698057 -0.4256 0
1711367704980 -0.3607 0
1711367711825 -0.5152 0
1711367719197 -0.392 0
1711367726038 -0.3856 0
1711367733048 -0.4952 0
1711367740089 -0.5939 0
1711367746982 -0.475 0
1711367753800 -0.3752 0
1711367767470 -0.2513 0
1711367780988 -0.3117 0
1711367788430 -0.3054 0
1711367795252 -0.2964 0
1711367802049 -0.4128 0
1711367809070 -0.4971 0
1711367815970 -0.4012 0
1711367822899 -0.3075 0
1711367836376 -0.4635 0
1711367843708 -0.3282 0
1711367850512 -0.4177 0
1711367857342 -0.4426 0
1711367864165 -0.0816 0
1711367871096 -0.3358 0
1711367877923 -0.4263 0
1711367884773 -0.4065 0
1711367891866 -0.4654 0
1711367899029 -0.317 0
1711367905904 -0.4104 0
1711367912728 -0.3813 0
1711367919635 -0.2609 0
1711367933408 -0.4864 0
1711367940437 -0.5354 0
1711367947575 -0.3816 0
1711367954450 -0.4721 0
1711367961620 -0.369 0
1711367975195 -0.3011 0
1711367988818 -0.4774 0
1711367995579 -0.1386 0
1711368007130 -0.374 0
1711368013955 -0.2605 0
1711368021176 -0.4366 0
1711368028317 -0.4135 0
1711368035495 -0.3531 0
1711368042440 -0.2643 0
1711368049414 -0.3572 0
1711368056344 -0.4247 0
1711368063110 -0.5529 0
1711368069950 -0.4053 0
1711368076761 -0.4323 0
1711368084076 -0.3933 0
1711368090900 -0.538 0
1711368097743 -0.4461 0
1711368104485 -0.5162 0
1711368111292 -0.2209 0
1711368118047 -0.5052 0
1711368124863 -0.4625 0
1711368131692 -0.1173 0
1711368139241 -0.2524 0
1711368146098 -0.5297 0
1711368153146 -0.3842 0
1711368160029 -0.4759 0
1711368166926 -0.3964 0
1711368173732 -0.5015 0
1711368180525 -0.4479 0
1711368187322 -0.3833 0
1711368194135 -0.3974 0
1711368200961 -0.4625 0
1711368214756 -0.2192 0
1711368221893 -0.572 0
1711368229036 -0.2633 0
1711368235843 -0.4022 0
1711368242996 -0.3637 0
1711368249845 -0.4223 0
1711368257066 -0.3931 0
1711368263878 -0.4064 0
1711368271000 -0.5808 0
1711368277832 -0.4895 0
1711368284833 -0.4691 0
1711368291971 -0.5086 0
1711368298810 -0.3917 0
1711368305890 -0.4018 0
1711368312814 -0.4641 0
1711368320040 -0.5474 0
1711368326905 -0.303 0
1711368333686 -0.4369 0
1711368340801 0.0066 0
1711368347763 -0.5835 0
1711368354652 -0.3053 0
1711368361483 -0.1999 0
1711368368640 -0.4385 0
1711368376001 -0.4036 0
1711368382814 -0.3986 0
1711368389643 -0.4257 0
1711368396504 -0.4283 0
1711368403343 -0.3458 0
1711368410236 -0.4709 0
1711368417331 -0.2473 0
1711368424151 -0.4111 0
1711368431012 -0.4678 0
1711368438271 -0.3188 0
1711368445099 -0.5495 0
1711368451888 -0.4198 0
1711368458690 -0.5172 0
1711368472060 -0.4743 0
1711368478882 -0.3604 0
1711368485702 -0.3349 0
1711368493007 -0.4992 0
1711368499754 -0.3745 0
1711368506571 -0.5041 0
1711368513557 -0.4383 0
1711368527598 -0.2643 0
1711368534481 -0.4689 0
1711368541376 -0.3971 0
1711368548352 -0.4028 0
1711368555667 -0.2956 0
1711368562551 -0.4755 0
1711368569388 -0.4344 0
1711368583004 -0.3756 0
1711368596538 -0.4776 0
1711368610148 -0.4455 0
1711368623970 -0.3446 0
1711368630880 -0.4234 0
1711368637838 -0.3169 0
1711368644725 -0.5794 0
1711368651545 -0.3823 0
1711368658372 -0.4814 0
1711368665223 -0.4063 0
1711368672030 -0.5476 0
1711368679294 -0.4426 0
1711368686162 -0.4392 0
1711368693007 -0.3479 0
1711368699849 -0.5309 0
1711368706670 -0.3716 0
1711368713697 -0.5588 0
1711368720611 -0.128 0
1711368727501 -0.328 0
1711368735109 -0.4861 0
1711368742333 -0.4517 0
1711368749370 -0.5702 0
1711368756287 -0.4132 0
1711368763123 -0.5229 0
1711368769949 -0.3058 0
1711368776902 -0.4019 0
1711368783958 -0.452 0
1711368791431 -0.447 0
1711368798372 -0.547 0
1711368805544 -0.4706 0
1711368812573 -0.4528 0
1711368819426 -0.4973 0
1711368826260 -0.3897 0
1711368833204 -0.3542 0
1711368840071 -0.2442 0
1711368847018 -0.2979 0
1711368853831 -0.4018 0
1711368860700 -0.508 0
1711368867711 -0.4765 0
1711368874717 -0.3803 0
1711368881608 -0.4005 0
1711368888582 -0.5015 0
1711368895575 -0.4611 0
1711368902450 -0.3532 0
1711368909763 -0.5226 0
1711368916657 -0.2982 0
1711368923508 -0.4118 0
1711368930366 -0.2946 0
1711368937504 -0.4869 0
1711368944385 -0.4162 0
1711368958128 -0.4605 0
1711368965488 -0.544 0
1711368972688 0.0114 0
1711368979889 -0.4354 0
1711368986787 -0.5879 0
1711368993652 -0.3352 0
1711369000502 -0.4601 0
1711369007463 -0.4171 0
1711369014328 -0.4135 0
1711369021714 -0.4795 0
1711369028559 -0.4311 0
1711369035454 -0.4275 0
1711369042336 -0.4697 0
1711369049168 -0.3856 0
1711369056075 -0.4589 0
1711369062978 -0.4007 0
1711369070072 -0.3096 0
1711369077390 -0.5221 0
1711369084366 -0.4411 0
1711369091234 -0.561 0
1711369098450 -0.366 0
1711369105417 -0.4767 0
1711369112318 -0.4423 0
1711369119194 -0.5154 0
1711369126111 -0.5355 0
1711369132906 -0.5397 0
1711369140167 -0.4407 0
1711369147010 -0.4538 0
1711369153974 -0.3746 0
1711369160860 -0.4552 0
1711369167996 -0.4034 0
1711369174853 -0.4708 0
1711369181768 -0.4182 0
1711369188633 -0.4779 0
1711369195907 -0.468 0
1711369202738 -0.373 0
1711369209644 -0.4345 0
1711369216499 -0.4076 0
1711369223164 -0.4968 0
1711369230065 -0.4865 0
1711369236986 -0.3423 0
1711369243834 -0.2567 0
1711369251150 -0.3709 0
1711369258130 -0.519 0
1711369265315 -0.4271 0
1711369272288 -0.5071 0
1711369279265 -0.547 0
1711369286425 -0.3578 0
1711369293614 -0.4325 0
1711369300666 -0.3488 0
1711369314878 -0.4989 0
1711369322081 -0.4921 0
1711369328943 -0.0853 0
1711369335809 -0.5194 0
1711369342859 -0.3482 0
1711369349708 -0.3905 0
1711369356761 -0.5287 0
1711369363641 -0.5533 0
1711369371042 -0.3423 0
1711369377852 -0.486 0
1711369384729 -0.6136 0
1711369391557 -0.4272 0
1711369398435 -0.4563 0
1711369405341 -0.4794 0
1711369412245 -0.4032 0
1711369419135 -0.2542 0
1711369426129 -0.5182 0
1711369433102 -0.4602 0
1711369439963 -0.5025 0
1711369446917 -0.4717 0
1711369453866 -0.469 0
1711369460767 -0.3366 0
1711369467737 -0.3616 0
1711369474641 -0.4486 0
1711369481778 -0.5053 0
1711369489320 -0.5117 0
1711369496174 -0.5046 0
1711369503081 -0.4804 0
1711369510043 -0.3887 0
1711369516882 -0.4381 0
1711369523949 -0.5383 0
1711369530802 -0.4807 0
1711369537701 -0.4784 0
1711369544960 -0.4459 0
1711369551816 -0.414 0
1711369558698 -0.4137 0
1711369565629 -0.5273 0
1711369572506 -0.5742 0
1711369579376 -0.5581 0
1711369586602 -0.4875 0
1711369593500 -0.3 0
1711369600782 -0.2782 0
1711369607817 -0.4843 0
1711369614734 -0.4522 0
1711369621958 -0.5272 0
1711369628807 -0.6002 0
1711369635813 -0.4809 0
1711369642503 -0.4556 0
1711369649384 -0.4038 0
1711369656020 -0.5315 0
1711369670020 -0.5346 0
1711369676832 -0.5412 0
1711369683506 -0.351 0
1711369690174 -0.396 0
1711369697244 -0.5637 0
1711369703984 -0.4607 0
1711369710740 -0.5426 0
1711369717816 -0.3711 0
1711369724581 -0.5418 0
1711369731370 -0.3616 0
1711369738058 -0.244 0
1711369744853 -0.6017 0
1711369751566 -0.5331 0
1711369758353 -0.4627 0
1711369765205 -0.5497 0
1711369771923 -0.409 0
1711369779069 -0.4352 0
1711369785720 -0.5418 0
1711369792485 -0.3037 0
1711369799275 -0.4632 0
1711369806036 -0.4943 0
1711369812912 -0.4535 0
1711369819734 -0.3386 0
1711369826506 -0.4827 0
1711369833327 -0.4111 0
1711369840507 -0.488 0
1711369847178 -0.4664 0
1711369853867 -0.4722 0
1711369860713 -0.3713 0
1711369867813 -0.5516 0
1711369874615 -0.6068 0
1711369881687 -0.3826 0
1711369888550 -0.4356 0
1711369895625 -0.4888 0
1711369902962 -0.479 0
1711369909692 -0.3684 0
1711369916692 -0.469 0
1711369923442 -0.3885 0
1711369930218 -0.468 0
1711369936915 -0.4533 0
1711369943644 -0.5216 0
1711369950348 -0.3772 0
1711369957249 -0.4619 0
1711369964429 -0.4578 0
1711369971372 -0.601 0
1711369978334 -0.5748 0
1711369985359 -0.4331 0
1711369992091 -0.4931 0
1711369998836 -0.5156 0
1711370012419 -0.4614 0
1711370032962 -0.2593 0
1711370039679 -0.5043 0
1711370046684 -0.4442 0
1711370053433 -0.5869 0
1711370060283 -0.5989 0
1711370066929 -0.3984 0
1711370073624 -0.522 0
1711370080379 -0.5461 0
1711370087740 -0.4274 0
1711370094478 -0.5246 0
1711370101585 -0.4619 0
1711370108399 -0.536 0
1711370115179 -0.2263 0
1711370122019 -0.3476 0
1711370128890 -0.3162 0
1711370135592 -0.4316 0
1711370142419 -0.4079 0
1711370149550 -0.5885 0
1711370156220 -0.4964 0
1711370162955 -0.2841 0
1711370169637 -0.5765 0
1711370176356 -0.6246 0
1711370183215 -0.4116 0
1711370189914 -0.4273 0
1711370196663 -0.5619 0
1711370210646 -0.476 0
1711370217618 -0.3753 0
1711370224469 -0.4108 0
1711370231479 -0.6448 0
1711370238383 -0.3626 0
1711370245086 -0.3254 0
1711370251822 -0.3064 0
1711370258665 -0.4501 0
1711370265457 -0.4615 0
1711370272589 -0.3844 0
1711370279396 -0.4252 0
1711370286132 -0.581 0
1711370292859 -0.5285 0
1711370299598 -0.2923 0
1711370306374 -0.5732 0
1711370313063 -0.4994 0
1711370319950 -0.4474 0
1711370326733 -0.2862 0
1711370334199 -0.1905 0
1711370341036 -0.6071 0
1711370347721 -0.4516 0
1711370354701 -0.56 0
1711370361819 -0.5052 0
1711370368597 -0.4483 0
1711370375472 -0.3248 0
1711370388892 -0.4026 0
1711370396024 -0.3676 0
1711370402735 -0.3743 0
1711370409371 -0.5177 0
1711370416167 -0.4372 0
1711370422939 -0.2644 0
1711370429768 -0.3734 0
1711370436514 -0.4265 0
1711370443241 -0.603 0
1711370450002 -0.5872 0
1711370457417 -0.5153 0
1711370464251 -0.4421 0
1711370471039 -0.4303 0
1711370477849 -0.6525 0
1711370484858 -0.4459 0
1711370491685 -0.4116 0
1711370498488 -0.3997 0
1711370505258 -0.5124 0
1711370512243 -0.4466 0
1711370519678 -0.2859 0
1711370526378 -0.4688 0
1711370533109 -0.4675 0
1711370540109 -0.453 0
1711370546866 -0.3845 0
1711370553638 -0.472 0
1711370560546 -0.5621 0
1711370567294 -0.5754 0
1711370573986 -0.395 0
1711370581319 -0.5654 0
1711370588125 -0.2288 0
1711370595231 -0.5786 0
1711370602047 -0.5503 0
1711370609132 -0.2263 0
1711370615900 -0.5249 0
1711370622728 -0.4679 0
1711370629478 -0.5315 0
1711370636204 -0.3303 0
1711370643525 -0.4957 0
1711370650370 -0.4949 0
1711370657088 -0.5532 0
1711370663771 -0.5142 0
1711370670756 -0.3698 0
1711370677629 -0.584 0
1711370684722 -0.4487 0
1711370691758 -0.4347 0
1711370698426 -0.5788 0
1711370705649 -0.1182 0
1711370712336 -0.5691 0
1711370719133 -0.5186 0
1711370725808 -0.3516 0
1711370739201 -0.3594 0
1711370745884 -0.6467 0
1711370752549 -0.3931 0
1711370759321 -0.5428 0
1711370766435 -0.4941 0
1711370773132 -0.5703 0
1711370779885 -0.4118 0
1711370786603 -0.4013 0
1711370793495 -0.5271 0
1711370800328 -0.4677 0
1711370807283 -0.5648 0
1711370814022 -0.5936 0
1711370820857 -0.5181 0
1711370828382 -0.4462 0
1711370835193 -0.5066 0
1711370841908 -0.5382 0
1711370848629 -0.3743 0
1711370855323 -0.4816 0
1711370862187 -0.3978 0
1711370869181 -0.6003 0
1711370876107 -0.5525 0
1711370882941 -0.3975 0
1711370890084 -0.5361 0
1711370896865 -0.5666 0
1711370903577 -0.2792 0
1711370910392 -0.4721 0
1711370917136 -0.5241 0
1711370923900 -0.3163 0
1711370930624 -0.5121 0
1711370937724 -0.5388 0
1711370944479 -0.5709 0
1711370951989 -0.5031 0
1711370959042 -0.4529 0
1711370965961 -0.4619 0
1711370972723 -0.5408 0
1711370986359 -0.6126 0
1711370999876 -0.4701 0
1711371006672 -0.464 0
1711371013868 -0.5035 0
1711371020626 -0.417 0
1711371027362 -0.4226 0
1711371040887 -0.5197 0
1711371047663 -0.534 0
1711371054444 -0.5212 0
1711371061346 -0.1838 0
1711371068258 -0.5651 0
1711371075318 -0.628 0
1711371082433 -0.3747 0
1711371089316 -0.5158 0
1711371096138 -0.4673 0
1711371109764 -0.5629 0
1711371116460 -0.3493 0
1711371123181 -0.4853 0
1711371130078 -0.3774 0
1711371136923 -0.5935 0
1711371143607 -0.5067 0
1711371150421 -0.5109 0
1711371157108 -0.4133 0
1711371163859 -0.4991 0
1711371170546 -0.5453 0
1711371177256 -0.6341 0
1711371184059 -0.4123 0
1711371190743 -0.5475 0
1711371198087 -0.4878 0
1711371204951 -0.4935 0
1711371211698 -0.4493 0
1711371218375 -0.4851 0
1711371225259 -0.5195 0
1711371232097 -0.5219 0
1711371239036 -0.4827 0
1711371245850 -0.5603 0
1711371259810 -0.5595 0
1711371266585 -0.2996 0
1711371273379 -0.5048 0
1711371280161 -0.5591 0
1711371286946 -0.5526 0
1711371293709 -0.5434 0
1711371300474 -0.4704 0
1711371307363 -0.409 0
1711371314286 -0.5446 0
1711371321792 -0.3627 0
1711371328836 -0.5366 0
1711371335590 -0.5611 0
1711371342605 -0.4929 0
1711371349633 -0.5185 0
1711371356433 -0.5478 0
1711371363322 -0.5868 0
1711371370207 -0.3854 0
1711371376975 -0.4983 0
1711371384267 -0.5128 0
1711371391108 -0.5491 0
1711371398105 -0.5805 0
1711371404925 -0.5187 0
1711371411815 -0.5554 0
1711371418612 -0.4996 0
1711371425367 -0.4555 0
1711371432095 -0.4983 0
1711371438768 -0.4262 0
1711371446052 -0.6084 0
1711371453139 -0.4565 0
1711371467261 -0.6057 0
1711371474101 -0.6099 0
1711371480938 -0.4665 0
1711371487916 -0.5629 0
1711371494722 -0.5676 0
1711371501490 -0.59 0
1711371508659 -0.4626 0
1711371515373 -0.4309 0
1711371522157 -0.4568 0
1711371528915 -0.44 0
1711371535669 -0.5122 0
1711371542440 -0.4777 0
1711371549505 -0.5188 0
1711371556263 -0.4751 0
1711371563303 -0.5239 0
1711371570412 -0.3172 0
1711371577132 -0.5694 0
1711371584141 -0.4566 0
1711371590981 -0.5085 0
1711371597787 -0.4866 0
1711371604458 -0.3951 0
1711371611186 -0.3185 0
1711371618213 -0.4908 0
1711371624990 -0.5579 0
1711371632111 -0.4453 0
1711371638785 -0.4324 0
1711371645505 -0.48 0
1711371652166 -0.484 0
1711371658928 -0.5408 0
1711371665628 -0.4779 0
1711371672426 -0.4304 0
1711371679349 -0.4565 0
1711371686094 -0.449 0
1711371693624 -0.512 0
1711371707308 -0.5864 0
1711371714058 -0.5393 0
1711371721065 -0.305 0
1711371727927 -0.4386 0
1711371735046 -0.519 0
1711371742109 -0.4956 0
1711371755807 -0.5422 0
1711371762589 -0.3333 0
1711371769290 -0.5859 0
1711371776023 -0.4522 0
1711371782705 -0.4952 0
1711371789563 -0.5307 0
1711371796644 -0.5338 0
1711371803319 -0.5372 0
1711371810023 -0.3445 0
1711371816925 -0.5948 0
1711371830565 -0.4932 0
1711371837279 -0.4921 0
1711371844005 -0.524 0
1711371850744 -0.5778 0
1711371857439 -0.5593 0
1711371864137 -0.4688 0
1711371870904 -0.4875 0
1711371877580 -0.4645 0
1711371884744 -0.5721 0
1711371891489 -0.5038 0
1711371898336 -0.5372 0
1711371905212 -0.5452 0
1711371912115 -0.5434 0
1711371918888 -0.5014 0
1711371925562 -0.5629 0
1711371932269 -0.5 0
1711371939461 -0.5653 0
1711371946198 -0.5238 0
1711371952886 -0.4623 0
1711371959597 -0.6352 0
1711371966466 -0.4924 0
1711371973536 -0.6128 0
1711371980257 -0.6175 0
1711371987383 -0.4435 0
1711371994408 -0.5675 0
1711372001654 -0.56 0
1711372008726 -0.3156 0
1711372015462 -0.5385 0
1711372022402 -0.375 0
1711372029218 -0.4457 0
1711372036206 -0.4347 0
1711372042920 -0.4986 0
1711372049708 -0.5535 0
1711372056530 -0.5557 0
1711372063792 -0.6007 0
1711372070615 -0.5354 0
1711372077692 -0.5138 0
1711372084454 -0.4514 0
1711372091481 -0.5478 0
1711372098436 -0.6044 0
1711372105204 -0.6394 0
1711372112303 -0.4739 0
1711372119153 -0.3873 0
1711372126306 -0.5577 0
1711372133057 -0.481 0
1711372139993 -0.4063 0
1711372146793 -0.4886 0
1711372153591 -0.4789 0
1711372160444 -0.5869 0
1711372167233 -0.3331 0
1711372180815 -0.6019 0
1711372187817 -0.4228 0
1711372194811 -0.4343 0
1711372201671 -0.5057 0
1711372208529 -0.559 0
1711372215326 -0.5263 0
1711372222065 -0.2952 0
1711372228822 -0.3834 0
1711372235613 -0.4587 0
1711372243011 -0.5747 0
1711372249784 -0.5397 0
1711372256580 -0.5483 0
1711372263515 -0.6186 0
1711372270293 -0.4794 0
1711372277084 -0.2983 0
1711372283914 -0.6553 0
1711372290720 -0.4952 0
1711372297609 -0.3957 0
1711372305211 -0.3669 0
1711372312290 -0.545 0
1711372319263 -0.59 0
1711372326157 -0.5928 0
1711372332887 -0.471 0
1711372339673 -0.435 0
1711372346562 -0.5654 0
1711372353424 -0.6552 0
1711372360255 -0.5341 0
1711372367506 -0.4776 0
1711372374322 -0.5765 0
1711372381107 -0.5491 0
1711372387850 -0.273 0
1711372394692 -0.5847 0
1711372401598 -0.3889 0
1711372408753 -0.5778 0
1711372415620 -0.5455 0
1711372422862 -0.4746 0
1711372429689 -0.5609 0
1711372436508 -0.4217 0
1711372443336 -0.5317 0
1711372450091 -0.4948 0
1711372456943 -0.5115 0
1711372463824 -0.6246 0
1711372470544 -0.4943 0
1711372477409 -0.6147 0
1711372484222 -0.5826 0
1711372490973 -0.2683 0
1711372497892 -0.5397 0
1711372504819 -0.5439 0
1711372511711 -0.5808 0
1711372518462 -0.549 0
1711372532167 -0.4671 0
1711372546708 -0.4776 0
1711372553531 -0.5288 0
1711372560240 -0.537 0
1711372566988 -0.4513 0
1711372573760 -0.4999 0
1711372580555 -0.5984 0
1711372587250 -0.62 0
1711372593981 -0.4934 0
1711372601217 -0.5328 0
1711372608210 -0.5543 0
1711372615006 -0.5901 0
1711372621786 -0.4932 0
1711372628489 -0.4515 0
1711372635267 -0.6163 0
1711372642078 -0.5352 0
1711372649000 -0.5888 0
1711372655778 -0.475 0
1711372663013 -0.461 0
1711372669779 -0.3772 0
1711372676524 -0.4646 0
1711372683335 -0.5819 0
1711372690135 -0.4967 0
1711372696898 -0.6322 0
1711372703656 -0.489 0
1711372710395 -0.5728 0
1711372717127 -0.6238 0
1711372724318 -0.6048 0
1711372731041 -0.5271 0
1711372738105 -0.5499 0
1711372744790 -0.6244 0
1711372751589 -0.5265 0
1711372758387 -0.6067 0
1711372765138 -0.4133 0
1711372771869 -0.5647 0
1711372778888 -0.5968 0
1711372785698 -0.4381 0
1711372792451 -0.4781 0
1711372799592 -0.6043 0
1711372806387 -0.577 0
1711372813209 -0.4908 0
1711372820003 -0.6218 0
1711372826844 -0.3748 0
1711372833654 -0.5837 0
1711372840775 -0.5247 0
1711372847513 -0.5451 0
1711372854468 -0.6533 0
1711372861356 -0.4567 0
1711372868227 -0.5411 0
1711372875036 -0.643 0
1711372888637 -0.5825 0
1711372895391 -0.5193 0
1711372902548 -0.5752 0
1711372909262 -0.5692 0
1711372922834 -0.5684 0
1711372929657 -0.4035 0
1711372936798 -0.5742 0
1711372950442 -0.48 0
1711372964368 -0.5641 0
1711372971120 -0.5935 0
1711372977841 -0.3806 0
1711372984565 -0.3189 0
1711372991297 -0.6133 0
1711372998049 -0.5025 0
1711373004791 -0.1551 0
1711373011557 -0.5202 0
1711373018319 -0.4672 0
1711373025546 -0.3233 0
1711373032346 -0.4467 0
1711373039153 -0.5386 0
1711373046173 -0.4915 0
1711373053130 -0.4856 0
1711373060002 -0.5093 0
1711373066905 -0.5134 0
1711373073893 -0.3645 0
1711373081132 -0.5164 0
1711373088261 -0.5579 0
1711373095274 -0.5886 0
1711373102100 -0.5164 0
1711373109033 -0.6486 0
1711373115886 -0.4731 0
1711373122700 -0.532 0
1711373129447 -0.5691 0
1711373136286 -0.6078 0
1711373143456 -0.6785 0
1711373150204 -0.4997 0
1711373157063 -0.5349 0
1711373164168 -0.5089 0
1711373171191 -0.5047 0
1711373178242 -0.5161 0
1711373185002 -0.4335 0
1711373191794 -0.5154 0
1711373198686 -0.4416 0
1711373205931 -0.6027 0
1711373212823 -0.4916 0
1711373219683 -0.5821 0
1711373226437 -0.55 0
1711373233273 -0.5855 0
1711373240049 -0.5706 0
1711373246831 -0.6105 0
1711373260278 -0.681 0
1711373267514 -0.6251 0
1711373274289 -0.5959 0
1711373281065 -0.5455 0
1711373288194 -0.487 0
1711373295300 -0.4208 0
1711373302092 -0.6173 0
1711373308860 -0.5419 0
1711373315931 -0.4359 0
1711373323145 -0.5698 0
1711373330013 -0.4627 0
1711373336911 -0.5888 0
1711373343669 -0.508 0
1711373350809 -0.4908 0
1711373364678 -0.499 0
1711373378316 -0.5627 0
1711373385078 -0.6245 0
1711373392226 -0.5732 0
1711373399016 -0.5442 0
1711373405844 -0.2806 0
1711373419842 -0.6443 0
1711373433622 -0.4839 0
1711373447297 -0.5578 0
1711373454505 -0.5477 0
1711373461525 -0.5406 0
1711373468418 -0.5729 0
1711373475530 -0.4543 0
1711373482683 -0.5616 0
1711373489492 -0.5126 0
1711373496249 -0.4295 0
1711373503106 -0.6358 0
1711373510249 -0.3894 0
1711373517299 -0.3901 0
1711373524125 -0.6118 0
1711373530990 -0.5394 0
1711373537929 -0.4674 0
1711373544769 -0.5834 0
1711373551537 -0.4977 0
1711373558312 -0.5628 0
1711373565213 -0.5952 0
1711373572730 -0.4423 0
1711373579616 -0.5688 0
1711373586382 -0.5812 0
1711373593271 -0.5571 0
1711373600142 -0.6612 0
1711373606924 -0.5631 0
1711373613668 -0.6885 0
1711373620474 -0.5219 0
1711373627447 -0.5676 0
1711373634745 -0.3554 0
1711373648391 -0.618 0
1711373655135 -0.5573 0
1711373661990 -0.628 0
1711373668796 -0.6507 0
1711373675884 -0.3441 0
1711373682805 -0.6616 0
1711373689678 -0.5069 0
1711373696486 -0.2592 0
1711373703209 -0.6179 0
1711373709995 -0.4072 0
1711373716984 -0.5909 0
1711373723803 -0.6004 0
1711373730566 -0.6302 0
1711373737520 -0.4008 0
1711373744366 -0.379 0
1711373751599 -0.5458 0
1711373758492 -0.363 0
1711373765285 -0.6625 0
1711373772082 -0.2981 0
1711373778933 -0.4837 0
1711373785733 -0.5821 0
1711373792616 -0.5684 0
1711373799380 -0.535 0
1711373806109 -0.5874 0
1711373813377 -0.6292 0
1711373820373 -0.4667 0
1711373827565 -0.6756 0
1711373834324 -0.5392 0
1711373841097 -0.619 0
1711373847889 -0.498 0
1711373854764 -0.5812 0
1711373861516 -0.2403 0
1711373868757 -0.5433 0
1711373875602 -0.609 0
1711373882365 -0.5435 0
1711373889146 -0.4662 0
1711373895971 -0.5689 0
1711373902730 -0.577 0
1711373909525 -0.6439 0
1711373916279 -0.4448 0
1711373923013 -0.5375 0
1711373930437 -0.4479 0
1711373937205 -0.3197 0
1711373943952 -0.5897 0
1711373950786 -0.557 0
1711373957476 -0.6086 0
1711373964287 -0.611 0
1711373971023 -0.6224 0
1711373977887 -0.594 0
1711373984608 -0.6015 0
1711373998847 -0.5366 0
1711374005692 -0.674 0
1711374012435 -0.5746 0
1711374019311 -0.6322 0
1711374026306 -0.4849 0
1711374033277 -0.5871 0
1711374040178 -0.4604 0
1711374047848 -0.5447 0
1711374054628 -0.5594 0
1711374061498 -0.6378 0
1711374068225 -0.6465 0
1711374075056 -0.5122 0
1711374082096 -0.3948 0
1711374088884 -0.5718 0
1711374095660 -0.627 0
1711374102352 -0.6494 0
1711374109639 -0.3807 0
1711374116720 -0.5034 0
1711374123654 -0.654 0
1711374130534 -0.6049 0
1711374137470 -0.5698 0
1711374144637 -0.5652 0
1711374151480 -0.4825 0
1711374158359 -0.5005 0
1711374165187 -0.5882 0
1711374172439 -0.3866 0
1711374179176 -0.5836 0
1711374185976 -0.6194 0
1711374192750 -0.5376 0
1711374199571 -0.566 0
1711374206318 -0.4772 0
1711374213268 -0.6055 0
1711374220124 -0.4694 0
1711374227374 -0.6591 0
1711374234954 -0.5344 0
1711374241810 -0.5894 0
1711374248578 -0.6119 0
1711374255365 -0.4931 0
1711374262122 -0.5987 0
1711374268884 -0.4651 0
1711374275861 -0.5731 0
1711374282640 -0.6168 0
1711374289357 -0.6155 0
1711374296550 -0.5993 0
1711374303462 -0.5681 0
1711374310337 -0.6514 0
1711374317279 -0.5641 0
1711374324256 -0.4032 0
1711374331095 -0.546 0
1711374338022 -0.5953 0
1711374351820 -0.4991 0
1711374359128 -0.5458 0
1711374366044 -0.4919 0
1711374372968 -0.5998 0
1711374379734 -0.5084 0
1711374386825 -0.44 0
1711374393658 -0.5099 0
1711374400525 -0.5335 0
1711374407538 -0.512 0
1711374414369 -0.6282 0
1711374421700 -0.6248 0
1711374428480 -0.5359 0
1711374435284 -0.6696 0
1711374442053 -0.4581 0
1711374448836 -0.5075 0
1711374455626 -0.5235 0
1711374462366 -0.5737 0
1711374469095 -0.624 0
1711374475847 -0.4923 0
1711374483232 -0.5615 0
1711374490022 -0.6346 0
1711374496957 -0.6306 0
1711374504281 -0.4589 0
1711374511105 -0.6154 0
1711374517899 -0.452 0
1711374524630 -0.6368 0
1711374531594 -0.4462 0
1711374538570 -0.554 0
1711374546116 -0.5893 0
1711374553147 -0.6165 0
1711374560203 -0.6653 0
1711374567184 -0.5378 0
1711374574095 -0.4085 0
1711374581204 -0.5637 0
1711374588293 -0.6367 0
1711374595088 -0.5816 0
1711374601876 -0.6428 0
1711374609234 -0.3997 0
1711374616052 -0.6568 0
1711374622812 -0.5738 0
1711374629658 -0.5818 0
1711374636765 -0.5259 0
1711374643890 -0.6687 0
1711374650693 -0.6302 0
1711374657407 -0.5212 0
1711374664136 -0.5421 0
1711374671343 -0.5354 0
1711374678175 -0.5458 0
1711374684903 -0.5764 0
1711374691729 -0.5592 0
1711374705314 -0.38 0
1711374712014 -0.5613 0
1711374718858 -0.5944 0
1711374725720 -0.4918 0
1711374732957 -0.518 0
1711374739679 -0.6268 0
1711374746808 -0.6174 0
1711374753871 -0.6477 0
1711374760646 -0.6539 0
1711374767356 -0.636 0
1711374774276 -0.6048 0
1711374781030 -0.6916 0
1711374787858 -0.7032 0
1711374795018 -0.6032 0
1711374801791 -0.5482 0
1711374808553 -0.4719 0
1711374815273 -0.6018 0
1711374822050 -0.513 0
1711374828836 -0.6964 0
1711374835629 -0.6061 0
1711374842519 -0.4382 0
1711374849328 -0.4875 0
