1716666032762 31.78 0
1716666058841 14.32 0
1716666080295 14.43 0
1716666096959 14.27 0
1716666114142 14.4 0
1716666135801 14.42 0
1716666157581 14.52 0
1716666179268 14.52 0
1716666201192 14.6 0
1716666223038 14.59 0
1716666244898 14.59 0
1716666266809 14.67 0
1716666289156 14.63 0
1716666311004 14.68 0
1716666333146 14.63 0
1716666354814 14.59 0
1716666376927 14.56 0
1716666398876 14.62 0
1716666421293 14.59 0
1716666443241 14.59 0
1716666465059 14.6 0
1716666486962 14.69 0
1716666508780 14.52 0
1716666530426 14.58 0
1716666552276 14.68 0
1716666574434 14.6 0
1716666596093 14.6 0
1716666617915 14.68 0
1716666639656 14.63 0
1716666661378 14.64 0
1716666683219 14.64 0
1716666705346 14.66 0
1716666727129 14.61 0
1716666748956 14.64 0
1716666770944 14.82 0
1716666792749 14.55 0
1716666814580 14.65 0
1716666836579 14.77 0
1716666858332 14.56 0
1716666880594 14.56 0
1716666902539 14.62 0
1716666924484 14.69 0
1716666945878 14.41 0
1716666967670 14.62 0
1716666989619 14.63 0
1716667011415 14.55 0
1716667033505 14.59 0
1716667055304 14.69 0
1716667077165 14.59 0
1716667099083 14.63 0
1716667122378 14.49 0
1716667144104 14.63 0
1716667165923 14.8 0
1716667188073 14.63 0
1716667205041 14.68 0
1716667226982 14.68 0
1716667249085 14.69 0
1716667270844 14.68 0
1716667292686 14.71 0
1716667314403 14.61 0
1716667336743 14.62 0
1716667358637 14.67 0
1716667381163 14.68 0
1716667402798 14.55 0
1716667424527 14.55 0
1716667446399 14.67 0
1716667468313 14.72 0
1716667490651 14.78 0
1716667512642 14.76 0
1716667534668 14.6 0
1716667556455 14.67 0
1716667578366 14.69 0
1716667600328 14.68 0
1716667622420 14.81 0
1716667644566 14.63 0
1716667666519 14.64 0
1716667688302 14.67 0
1716667705318 14.64 0
1716667722595 14.72 0
1716667739778 14.72 0
1716667757026 14.71 0
1716667779081 14.66 0
1716667801251 14.51 0
1716667818231 14.73 0
1716667835246 14.75 0
1716667856977 14.61 0
1716667878722 14.74 0
1716667900355 14.58 0
1716667917186 14.54 0
1716667934579 14.71 0
1716667956261 14.62 0
1716667978017 14.64 0
1716667995011 14.63 0
1716668012181 14.87 0
1716668033722 14.68 0
1716668055467 14.69 0
1716668077070 14.55 0
1716668099357 14.72 0
1716668121356 14.64 0
1716668143075 14.63 0
1716668170044 14.82 0
1716668191719 14.61 0
1716668213620 14.73 0
1716668235299 14.6 0
1716668257087 14.65 0
1716668279592 14.69 0
1716668301391 14.56 0
1716668318429 14.71 0
1716668340239 14.56 0
1716668357237 14.7 0
1716668374211 14.62 0
1716668391336 14.81 0
1716668408696 14.67 0
1716668426000 14.6 0
1716668443127 14.75 0
1716668464772 14.71 0
1716668487026 14.63 0
1716668508655 14.47 0
1716668525498 14.49 0
1716668547620 14.67 0
1716668569362 14.59 0
1716668591290 14.73 0
1716668612908 14.55 0
1716668635208 14.68 0
1716668657020 14.69 0
1716668674003 14.65 0
1716668691104 14.67 0
1716668713580 14.78 0
1716668735871 14.62 0
1716668757805 14.71 0
1716668779653 14.74 0
1716668796687 14.66 0
1716668818593 14.68 0
1716668840582 14.78 0
1716668862965 15.19 0
1716668884789 14.71 0
1716668907125 14.62 0
1716668928940 14.6 0
1716668950755 14.63 0
1716668972617 14.71 0
1716668994602 14.67 0
1716669016675 14.61 0
1716669034217 14.78 0
1716669051296 14.75 0
1716669073093 14.94 0
1716669090263 14.81 0
1716669107259 14.65 0
1716669124268 14.63 0
1716669141491 14.82 0
1716669158631 14.77 0
1716669181057 14.76 0
1716669198043 14.62 0
1716669215965 15.18 0
1716669237702 14.66 0
1716669259656 14.79 0
1716669281376 14.62 0
1716669299177 14.8 0
1716669316682 14.64 0
1716669334595 14.67 0
1716669356612 14.84 0
1716669378511 14.54 0
1716669400447 14.66 0
1716669417529 14.68 0
1716669434719 14.69 0
1716669451859 14.7 0
1716669469366 14.74 0
1716669486803 14.74 0
1716669508579 14.83 0
1716669530368 14.74 0
1716669552170 14.64 0
1716669574001 14.7 0
1716669596231 14.65 0
1716669618110 14.66 0
1716669640739 14.61 0
1716669657813 14.67 0
1716669674826 14.65 0
1716669691941 14.73 0
1716669709098 14.75 0
1716669726317 14.79 0
1716669747882 14.65 0
1716669765307 14.62 0
1716669782891 14.71 0
1716669800394 14.66 0
1716669817368 14.63 0
1716669839406 14.51 0
1716669861596 14.97 0
1716669883257 14.52 0
1716669906041 14.68 0
1716669927896 14.57 0
1716669949708 14.61 0
1716669966858 14.8 0
1716669983887 14.65 0
1716670001050 14.74 0
1716670018101 14.63 0
1716670035557 14.94 0
1716670053097 14.7 0
1716670070450 14.91 0
1716670092394 14.66 0
1716670114650 14.72 0
1716670136506 14.6 0
1716670158212 14.47 0
1716670175256 14.66 0
1716670192310 14.59 0
1716670209800 14.7 0
1716670226969 14.73 0
1716670244195 14.81 0
1716670261273 14.82 0
1716670278345 14.77 0
1716670295335 14.73 0
1716670312546 14.95 0
1716670329510 14.71 0
1716670346963 14.77 0
1716670363882 14.67 0
1716670380790 14.65 0
1716670397831 14.76 0
1716670419648 14.8 0
1716670436582 14.63 0
1716670453442 14.58 0
1716670475516 14.52 0
1716670492856 14.62 0
1716670510344 14.63 0
1716670527168 14.56 0
1716670544404 14.47 0
1716670561433 14.76 0
1716670578298 14.62 0
1716670595081 14.53 0
1716670612222 14.83 0
1716670629283 14.81 0
1716670646205 14.67 0
1716670663121 14.67 0
1716670679929 14.55 0
1716670696890 14.71 0
1716670713914 14.74 0
1716670730954 14.79 0
1716670748074 14.69 0
1716670765192 14.85 0
1716670782758 14.85 0
1716670799739 14.72 0
1716670816815 14.85 0
1716670833865 14.72 0
1716670850755 14.63 0
1716670868082 14.62 0
1716670885064 14.7 0
1716670902021 14.67 0
1716670918953 14.66 0
1716670941434 14.85 0
1716670963112 14.7 0
1716670980644 14.64 0
1716671002470 14.77 0
1716671024242 14.74 0
1716671045889 14.56 0
1716671063085 14.54 0
1716671080086 14.68 0
1716671097117 14.72 0
1716671118853 14.62 0
1716671136239 14.71 0
1716671153324 14.77 0
1716671170803 14.75 0
1716671188016 14.91 0
1716671205306 14.96 0
1716671222277 14.7 0
1716671239483 14.7 0
1716671256517 14.7 0
1716671273584 14.73 0
1716671290533 14.62 0
1716671307440 14.59 0
1716671324382 14.61 0
1716671341404 14.63 0
1716671358832 14.73 0
1716671380698 14.59 0
1716671397644 14.65 0
1716671414793 14.82 0
1716671431786 14.63 0
1716671453482 14.66 0
1716671470455 14.69 0
1716671487838 14.72 0
1716671505224 15.0 0
1716671522421 14.86 0
1716671539667 14.9 0
1716671556679 14.71 0
1716671573731 14.77 0
1716671590902 14.75 0
1716671612902 14.82 0
1716671634531 14.59 0
1716671651913 14.64 0
1716671673704 14.6 0
1716671695983 14.65 0
1716671713313 14.85 0
1716671735199 14.61 0
1716671752338 14.79 0
1716671769332 14.66 0
1716671787026 14.89 0
1716671804206 14.72 0
1716671821779 14.73 0
1716671838945 14.83 0
1716671856495 14.73 0
1716671873603 14.74 0
1716671891169 14.7 0
1716671908242 14.7 0
1716671925336 14.77 0
1716671948693 14.8 0
1716671965854 14.76 0
1716671982914 14.63 0
1716671999945 14.66 0
1716672016945 14.67 0
1716672034047 14.76 0
1716672051038 14.6 0
1716672068037 14.69 0
1716672085627 14.73 0
1716672102808 14.87 0
1716672119739 14.6 0
1716672136917 14.81 0
1716672153960 14.73 0
1716672175626 14.54 0
1716672192659 14.68 0
1716672209713 14.73 0
1716672227317 14.79 0
1716672244469 14.84 0
1716672261424 14.59 0
1716672278430 14.69 0
1716672295508 14.73 0
1716672312617 14.77 0
1716672329931 14.94 0
1716672347079 14.79 0
1716672364386 14.56 0
1716672381527 14.7 0
1716672398745 14.88 0
1716672416003 14.92 0
1716672433110 14.74 0
1716672450319 14.84 0
1716672467265 14.6 0
1716672484416 14.81 0
1716672501375 14.63 0
1716672518930 14.8 0
1716672535975 14.71 0
1716672557762 14.57 0
1716672579601 14.66 0
1716672596650 14.61 0
1716672618681 14.76 0
1716672636433 14.76 0
1716672653554 14.69 0
1716672675754 14.93 0
1716672692954 14.77 0
1716672714943 14.74 0
1716672736889 14.64 0
1716672753990 14.71 0
1716672776144 14.77 0
1716672793154 14.57 0
1716672810439 14.87 0
1716672827609 14.79 0
1716672849126 14.63 0
1716672866251 14.75 0
1716672883429 14.77 0
1716672900573 14.76 0
1716672918587 14.72 0
1716672935770 14.71 0
1716672953647 14.8 0
1716672970669 14.64 0
1716672988122 14.64 0
1716673005256 14.74 0
1716673022533 14.67 0
1716673039484 14.6 0
1716673057298 14.58 0
1716673074267 14.58 0
1716673091973 14.62 0
1716673109033 14.65 0
1716673126395 14.62 0
1716673143359 14.59 0
1716673160350 14.63 0
1716673177325 14.61 0
1716673194835 14.71 0
1716673211998 14.74 0
1716673229092 14.73 0
1716673246170 14.67 0
1716673263323 14.76 0
1716673280442 14.76 0
1716673297667 14.67 0
1716673314650 14.62 0
1716673332287 14.61 0
1716673349413 14.77 0
1716673366432 14.56 0
1716673383539 14.69 0
1716673400707 14.63 0
1716673417857 14.68 0
1716673435073 14.75 0
1716673452220 14.64 0
1716673469614 15.0 0
1716673486755 14.75 0
1716673503835 14.62 0
1716673520939 14.68 0
1716673537881 14.47 0
1716673554952 14.66 0
1716673572062 14.71 0
1716673589237 14.62 0
1716673606902 14.78 0
1716673624045 14.72 0
1716673641098 14.62 0
1716673658247 14.72 0
1716673675469 14.74 0
1716673692500 14.62 0
1716673714337 14.66 0
1716673731370 14.62 0
1716673748926 14.7 0
1716673766169 14.75 0
1716673783195 14.58 0
1716673805120 14.61 0
1716673826912 14.58 0
1716673848843 14.58 0
1716673870917 14.59 0
1716673888059 14.72 0
1716673909776 14.58 0
1716673926803 14.77 0
1716673943729 14.65 0
1716673960679 14.69 0
1716673977576 14.65 0
1716673994534 14.66 0
1716674011579 14.73 0
1716674028538 14.65 0
1716674045374 14.53 0
1716674062361 14.65 0
1716674079226 14.56 0
1716674096128 14.58 0
1716674113175 14.7 0
1716674130038 14.56 0
1716674147012 14.67 0
1716674164236 14.53 0
1716674181120 14.6 0
1716674198051 14.63 0
1716674214904 14.59 0
1716674231895 14.65 0
1716674248885 14.68 0
1716674265848 14.68 0
1716674282735 14.58 0
1716674299937 14.9 0
1716674317129 14.86 0
1716674334010 14.61 0
1716674350899 14.58 0
1716674367786 14.59 0
1716674384813 14.75 0
1716674401809 14.64 0
1716674423594 14.58 0
1716674445709 14.64 0
1716674462838 14.81 0
1716674479760 14.66 0
1716674501677 14.71 0
1716674523975 14.63 0
1716674540949 14.66 0
1716674557987 14.69 0
1716674575041 14.76 0
1716674592850 14.68 0
1716674614687 14.82 0
1716674631722 14.73 0
1716674648663 14.67 0
1716674665587 14.67 0
1716674682486 14.64 0
1716674699289 14.57 0
1716674716307 14.76 0
1716674733698 14.62 0
1716674750529 14.57 0
1716674767389 14.58 0
1716674784178 14.52 0
1716674801125 14.66 0
1716674822862 14.74 0
1716674844617 14.53 0
1716674866265 14.61 0
1716674888732 14.8 0
1716674905668 14.69 0
1716674927573 14.84 0
1716674944551 14.66 0
1716674961511 14.71 0
1716674978463 14.66 0
1716674995465 14.68 0
1716675012654 14.89 0
1716675029727 14.79 0
1716675046602 14.57 0
1716675063578 14.64 0
1716675080384 14.54 0
1716675097343 14.69 0
1716675114273 14.65 0
1716675131198 14.64 0
1716675148027 14.54 0
1716675165450 14.74 0
1716675182331 14.61 0
1716675199236 14.62 0
1716675216069 14.55 0
1716675232978 14.63 0
1716675249915 14.65 0
1716675266868 14.63 0
1716675283741 14.59 0
1716675300581 14.54 0
1716675318378 14.66 0
1716675335349 14.63 0
1716675352287 14.63 0
1716675369432 14.8 0
1716675386528 14.78 0
1716675403521 14.64 0
1716675420567 14.75 0
1716675437615 14.76 0
1716675455363 14.74 0
1716675472256 14.58 0
1716675494154 14.59 0
1716675511275 14.75 0
1716675528179 14.61 0
1716675545115 14.68 0
1716675561962 14.55 0
1716675579038 14.68 0
1716675596545 14.78 0
1716675613553 14.7 0
1716675630467 14.61 0
1716675647614 14.69 0
1716675664446 14.5 0
1716675681424 14.71 0
1716675698389 14.64 0
1716675715438 14.67 0
1716675732438 14.62 0
1716675750105 14.73 0
1716675766977 14.57 0
1716675784121 14.83 0
1716675800993 14.56 0
1716675817933 14.64 0
1716675834885 14.64 0
1716675851935 14.63 0
1716675868999 14.7 0
1716675886524 14.62 0
1716675903369 14.55 0
1716675920343 14.61 0
1716675937336 14.6 0
1716675954310 14.65 0
1716675971290 14.58 0
1716675988329 14.74 0
1716676005447 14.6 0
1716676022301 14.54 0
1716676040115 14.78 0
1716676057188 14.78 0
1716676074198 14.69 0
1716676091080 14.59 0
1716676108034 14.68 0
1716676125117 14.66 0
1716676142111 14.71 0
1716676159069 14.69 0
1716676175976 14.61 0
1716676193436 14.66 0
1716676210411 14.67 0
1716676227281 14.6 0
1716676244182 14.63 0
1716676261267 14.7 0
1716676278355 14.8 0
1716676295255 14.63 0
1716676312435 14.79 0
1716676329760 15.0 0
1716676351458 14.6 0
1716676368381 14.6 0
1716676385436 14.7 0
1716676407860 14.73 0
1716676424966 14.8 0
1716676441962 14.7 0
1716676458948 14.59 0
1716676476412 14.72 0
1716676493402 14.64 0
1716676510399 14.7 0
1716676527280 14.59 0
1716676544310 14.74 0
1716676561367 14.72 0
1716676578305 14.6 0
1716676595288 14.69 0
1716676612498 14.83 0
1716676629851 14.59 0
1716676646768 14.61 0
1716676664356 14.58 0
1716676681510 14.7 0
1716676698402 14.61 0
1716676715417 14.69 0
1716676732384 14.67 0
1716676749467 14.73 0
1716676766927 14.68 0
1716676784025 14.68 0
1716676801070 14.61 0
1716676817965 14.57 0
1716676835001 14.71 0
1716676852110 14.77 0
1716676869016 14.59 0
1716676885846 14.52 0
1716676903209 14.6 0
1716676920184 14.66 0
1716676937303 14.82 0
1716676954320 14.69 0
1716676971187 14.56 0
1716676988203 14.69 0
1716677005129 14.61 0
1716677022175 14.71 0
1716677039344 14.78 0
1716677057316 14.66 0
1716677074482 14.74 0
1716677096432 14.52 0
1716677113585 14.76 0
1716677130640 14.75 0
1716677147605 14.66 0
1716677164639 14.72 0
1716677181679 14.74 0
1716677199292 14.82 0
1716677221370 14.67 0
1716677238281 14.54 0
1716677255391 14.72 0
1716677272450 14.71 0
1716677289435 14.58 0
1716677306493 14.71 0
1716677323362 14.5 0
1716677340738 14.55 0
1716677357655 14.53 0
1716677374591 14.6 0
1716677391530 14.51 0
1716677408454 14.61 0
1716677425442 14.62 0
1716677442492 14.68 0
1716677459518 14.64 0
1716677477357 14.64 0
1716677494321 14.61 0
1716677511225 14.58 0
1716677528182 14.58 0
1716677545348 14.8 0
1716677562221 14.52 0
1716677579223 14.66 0
1716677596136 14.6 0
1716677613320 14.79 0
1716677630987 14.81 0
1716677648067 14.69 0
1716677665252 14.81 0
1716677682435 14.59 0
1716677699489 14.67 0
1716677716348 14.54 0
1716677733382 14.64 0
1716677750478 14.7 0
1716677767912 14.66 0
1716677785063 14.75 0
1716677802135 14.72 0
1716677819038 14.57 0
1716677836086 14.74 0
1716677853334 14.93 0
1716677870439 14.7 0
1716677887412 14.63 0
1716677904943 14.74 0
1716677926604 14.51 0
1716677948406 14.7 0
1716677965309 14.57 0
1716677982295 14.63 0
1716677999316 14.69 0
1716678016279 14.63 0
1716678033270 14.64 0
1716678051396 14.73 0
1716678068374 14.61 0
1716678090363 14.64 0
1716678107313 14.63 0
1716678124287 14.61 0
1716678141383 14.76 0
1716678158324 14.63 0
1716678176382 14.73 0
1716678193499 14.78 0
1716678210454 14.63 0
1716678227396 14.57 0
1716678244488 14.73 0
1716678261378 14.58 0
1716678278297 14.58 0
1716678295503 14.81 0
1716678312872 14.97 0
1716678329970 14.71 0
1716678347085 14.77 0
1716678364029 14.59 0
1716678381080 14.73 0
1716678398266 14.78 0
1716678415326 14.7 0
1716678432425 14.74 0
1716678449339 14.53 0
1716678471984 14.76 0
1716678489275 14.76 0
1716678506337 14.68 0
1716678523414 14.69 0
1716678540503 14.69 0
1716678557643 14.78 0
1716678574835 14.69 0
1716678592554 14.9 0
1716678609778 14.76 0
1716678627016 14.73 0
1716678644071 14.64 0
1716678661057 14.62 0
1716678678005 14.58 0
1716678695133 14.7 0
1716678712196 14.69 0
1716678730268 14.71 0
1716678747369 14.68 0
1716678764774 14.66 0
1716678781884 14.72 0
1716678798966 14.69 0
1716678816048 14.73 0
1716678832912 14.52 0
1716678849938 14.64 0
1716678867342 15.0 0
1716678884263 14.58 0
1716678901235 14.6 0
1716678918272 14.64 0
1716678935480 14.85 0
1716678957148 14.57 0
1716678974285 14.65 0
1716678996205 14.63 0
1716679013979 14.64 0
1716679030900 14.55 0
1716679047931 14.64 0
1716679065125 14.8 0
1716679082260 14.73 0
1716679099341 14.66 0
1716679116371 14.63 0
1716679133916 14.77 0
1716679150961 14.64 0
1716679167990 14.64 0
1716679185093 14.71 0
1716679202103 14.59 0
1716679219203 14.68 0
1716679236295 14.73 0
1716679253280 14.61 0
1716679270255 14.59 0
1716679287729 14.6 0
1716679304660 14.57 0
1716679321640 14.59 0
1716679338914 14.88 0
1716679356087 14.8 0
1716679373082 14.57 0
1716679390097 14.64 0
1716679407422 14.87 0
1716679425511 14.77 0
1716679442793 14.8 0
1716679459866 14.66 0
1716679477151 14.88 0
1716679494298 14.74 0
1716679511404 14.67 0
1716679528471 14.65 0
1716679545594 14.77 0
1716679563004 14.59 0
1716679580014 14.64 0
1716679596948 14.58 0
1716679613986 14.64 0
1716679631083 14.74 0
1716679648165 14.7 0
1716679665343 14.81 0
1716679682544 14.66 0
1716679701167 14.72 0
1716679718416 14.81 0
1716679735759 14.67 0
1716679753161 14.9 0
1716679770256 14.71 0
1716679787305 14.63 0
1716679804637 14.76 0
1716679826901 14.62 0
1716679843984 14.66 0
1716679861047 14.65 0
1716679877989 14.54 0
1716679895063 14.6 0
1716679912146 14.69 0
1716679929277 14.65 0
1716679946301 14.65 0
1716679963922 14.64 0
1716679981216 14.86 0
1716679998286 14.67 0
1716680015330 14.66 0
1716680032371 14.6 0
1716680049446 14.67 0
1716680066662 14.74 0
1716680083730 14.65 0
1716680101748 14.69 0
1716680118859 14.67 0
1716680136008 14.73 0
1716680153130 14.74 0
1716680170224 14.68 0
1716680187478 14.76 0
1716680204730 14.79 0
1716680221861 14.64 0
1716680239423 14.6 0
1716680256834 14.87 0
1716680274022 14.57 0
1716680291102 14.65 0
1716680308172 14.64 0
1716680325504 14.87 0
1716680342646 14.67 0
1716680359767 14.7 0
1716680377894 14.67 0
1716680395232 14.85 0
1716680412309 14.63 0
1716680429531 14.73 0
1716680446720 14.66 0
1716680463847 14.68 0
1716680481002 14.61 0
1716680498348 14.79 0
1716680515872 14.64 0
1716680533142 14.88 0
1716680550178 14.58 0
1716680567283 14.68 0
1716680584337 14.65 0
1716680601523 14.75 0
1716680623555 14.71 0
1716680640985 14.67 0
1716680658850 14.93 0
1716680676126 14.7 0
1716680698336 14.93 0
1716680715393 14.61 0
1716680732631 14.81 0
1716680749676 14.57 0
1716680771789 14.68 0
1716680789711 14.92 0
1716680807129 14.59 0
1716680824185 14.63 0
1716680841849 14.64 0
1716680858958 14.68 0
1716680876096 14.65 0
1716680893205 14.68 0
1716680910912 14.76 0
1716680928027 14.68 0
1716680945305 14.83 0
1716680962648 14.58 0
1716680979928 14.75 0
1716680996869 14.51 0
1716681014157 14.68 0
1716681031245 14.61 0
1716681048685 14.5 0
1716681065823 14.87 0
1716681082859 14.76 0
1716681099792 14.67 0
1716681116901 14.8 0
1716681133877 14.65 0
1716681150765 14.59 0
1716681167778 14.65 0
1716681184754 14.67 0
1716681202575 14.69 0
1716681219539 14.65 0
1716681241305 14.51 0
1716681258290 14.68 0
1716681275182 14.61 0
1716681292072 14.6 0
1716681308952 14.59 0
1716681325911 14.68 0
1716681343617 14.6 0
1716681360630 14.77 0
1716681377434 14.56 0
1716681394503 14.79 0
1716681411492 14.69 0
1716681428459 14.65 0
1716681445261 14.56 0
1716681462122 14.59 0
1716681478965 14.57 0
1716681496302 14.61 0
1716681513084 14.5 0
1716681530210 14.73 0
1716681547259 14.74 0
1716681569224 14.87 0
1716681586138 14.6 0
1716681603286 14.78 0
1716681620349 14.72 0
1716681638058 14.85 0
1716681654976 14.53 0
1716681672001 14.66 0
1716681688897 14.66 0
1716681706053 14.84 0
1716681723021 14.67 0
1716681739813 14.54 0
1716681756748 14.64 0
1716681773940 14.73 0
1716681791417 14.77 0
1716681808461 14.79 0
1716681825392 14.64 0
1716681842474 14.79 0
1716681859537 14.73 0
1716681876546 14.7 0
1716681893573 14.71 0
1716681910576 14.69 0
1716681927627 14.77 0
1716681945074 14.7 0
1716681961965 14.62 0
1716681979019 14.8 0
1716681995957 14.71 0
1716682012984 14.76 0
1716682030020 14.7 0
1716682046963 14.65 0
1716682063901 14.68 0
1716682080878 14.68 0
1716682098216 14.63 0
1716682115274 14.67 0
1716682132228 14.67 0
1716682149159 14.66 0
1716682166219 14.75 0
1716682183394 14.77 0
1716682200419 14.65 0
1716682217375 14.67 0
1716682234423 14.76 0
1716682252084 14.89 0
1716682268980 14.61 0
1716682285991 14.68 0
1716682303019 14.74 0
1716682320030 14.7 0
1716682337033 14.71 0
1716682353985 14.68 0
1716682370890 14.58 0
1716682387789 14.6 0
1716682405592 14.71 0
1716682427398 14.71 0
1716682444285 14.6 0
1716682461286 14.72 0
1716682478209 14.65 0
1716682495191 14.7 0
1716682512055 14.59 0
1716682528985 14.61 0
1716682546157 14.83 0
1716682563186 14.75 0
1716682580137 14.69 0
1716682597079 14.64 0
1716682614058 14.69 0
1716682630831 14.53 0
1716682647769 14.62 0
1716682664671 14.63 0
1716682681673 14.73 0
1716682699470 14.74 0
1716682716380 14.63 0
1716682733412 14.75 0
1716682750579 14.89 0
1716682767485 14.62 0
1716682784631 14.75 0
1716682801776 14.78 0
1716682818803 14.72 0
1716682836456 14.62 0
1716682853391 14.6 0
1716682870534 14.8 0
1716682887439 14.62 0
1716682904450 14.67 0
1716682921405 14.66 0
1716682939159 14.62 0
1716682956157 14.7 0
1716682973183 14.69 0
1716682990727 14.68 0
1716683007631 14.56 0
1716683024792 14.84 0
1716683041972 14.79 0
1716683058892 14.57 0
1716683075957 14.75 0
1716683092851 14.57 0
1716683109910 14.78 0
1716683126873 14.62 0
1716683144754 15.04 0
1716683161717 14.7 0
1716683178707 14.69 0
1716683195742 14.73 0
1716683212963 14.94 0
1716683229782 14.56 0
1716683246803 14.74 0
1716683263789 14.72 0
1716683286188 14.82 0
1716683303055 14.58 0
1716683319974 14.66 0
1716683336844 14.55 0
1716683353786 14.63 0
1716683370883 14.8 0
1716683387910 14.72 0
1716683404937 14.69 0
1716683422054 14.83 0
1716683439535 14.73 0
1716683456625 14.78 0
1716683473763 14.75 0
1716683490928 14.76 0
1716683508051 14.75 0
1716683525145 14.77 0
1716683542219 14.79 0
1716683559453 14.85 0
1716683576722 14.96 0
1716683593743 14.7 0
1716683610643 14.56 0
1716683627711 14.7 0
1716683644897 14.69 0
1716683661884 14.68 0
1716683678907 14.71 0
1716683695971 14.73 0
1716683712996 14.7 0
1716683730643 14.92 0
1716683747918 14.81 0
1716683765404 14.81 0
1716683782613 14.84 0
1716683799665 14.73 0
1716683816794 14.79 0
1716683833834 14.7 0
1716683850902 14.78 0
1716683868410 14.67 0
1716683885430 14.7 0
1716683902613 14.86 0
1716683919694 14.69 0
1716683936716 14.62 0
1716683953983 14.95 0
1716683970937 14.65 0
1716683988060 14.76 0
1716684005150 14.72 0
1716684022821 14.73 0
1716684039870 14.69 0
1716684056971 14.77 0
1716684074058 14.75 0
1716684091158 14.77 0
1716684108096 14.66 0
1716684125289 14.72 0
