1716666032737 0.014040474786074647 0
1716666058815 0.085671972093252 1
1716666080264 0.010932113781847176 2
1716666096936 0.011530142722029643 3
1716666114118 0.26956407084923906 4
1716666135777 0.47809240723745544 5
1716666157555 0.5619414177788947 6
1716666179241 0.48458485702015475 7
1716666201166 0.6612584270000198 8
1716666223009 0.7186540422883178 9
1716666244876 0.5037230218995337 10
1716666266781 0.611560219551425 11
1716666289135 0.7564656513008501 12
1716666310977 0.7565265372774301 13
1716666333122 0.5834781078832609 14
1716666354790 0.7775742733682729 15
1716666376901 0.7907626485308926 16
1716666398844 0.7798603701893086 17
1716666421270 0.7227725032576265 18
1716666443209 0.7996925612394715 19
1716666465032 0.7607881695668756 20
1716666486937 0.7733055323383424 21
1716666508748 0.7766147511185922 22
1716666530396 0.7776056016986735 23
1716666552248 0.835162274043774 24
1716666574412 0.7898193463978472 25
1716666596069 0.8375008101205456 26
1716666617883 0.8465214185458388 27
1716666639622 0.8520599507148917 28
1716666661352 0.842995754616295 29
1716666683186 0.8658496071736003 30
1716666705322 0.8449864843339435 31
1716666727102 0.8272250844537687 32
1716666748931 0.8659951687892068 33
1716666770913 0.8315619158604947 34
1716666792722 0.8645982199872703 35
1716666814555 0.856831231240529 36
1716666836554 0.8655004255433524 37
1716666858301 0.8502066904596269 38
1716666880567 0.8635441139131496 39
1716666902510 0.87403572493259 40
1716666924457 0.8483413785235299 41
1716666945852 0.8667916619086206 42
1716666967641 0.8759662897069688 43
1716666989588 0.8775432120267728 44
1716667011390 0.8518261296448056 45
1716667033482 0.881995131940954 46
1716667055271 0.8769379513335771 47
1716667077136 0.8900512815831205 48
1716667099063 0.8731199693205339 49
1716667122355 0.8680385415845615 50
1716667144079 0.8871325913883265 51
1716667165893 0.8732184006498072 52
1716667188052 0.8337312639103679 53
1716667205016 0.8830016853706565 54
1716667226957 0.8698206818791873 55
1716667249056 0.8868307396150102 56
1716667270817 0.8907501391531961 57
1716667292659 0.8887691472111002 58
1716667314375 0.8925790901071492 59
1716667336717 0.891294380524585 60
1716667358612 0.8845778990965103 61
1716667381136 0.8919924917623695 62
1716667402770 0.8944252842335891 63
1716667424505 0.8774206883003332 64
1716667446372 0.8829413010254482 65
1716667468285 0.8985326171949541 66
1716667490625 0.8931189324142662 67
1716667512614 0.8885545626215673 68
1716667534645 0.8905113840232537 69
1716667556430 0.8865628169921891 70
1716667578339 0.8903313087316315 71
1716667600291 0.8962843222865512 72
1716667622396 0.9048531409377202 73
1716667644541 0.8988995971900963 74
1716667666485 0.8951945542218617 75
1716667688262 0.8816642613458651 76
1716667705290 0.8873530483089859 77
1716667722571 0.8897372299485821 78
1716667739753 0.8855133146137448 79
1716667757005 0.9032757607719181 80
1716667779051 0.9122568658804245 81
1716667801225 0.8881581596019853 82
1716667818200 0.8920920917218139 83
1716667835218 0.8964466814444852 84
1716667856955 0.8947364986865262 85
1716667878703 0.9013219290569007 86
1716667900326 0.8928773657547809 87
1716667917160 0.8895617931546781 88
1716667934558 0.90635078746833 89
1716667956234 0.9101256514955715 90
1716667977990 0.8881712208736636 91
1716667994989 0.8939482199631357 92
1716668012155 0.9098737335077235 93
1716668033701 0.906090410811261 94
1716668055438 0.9068362407089424 95
1716668077029 0.9027811779747009 96
1716668099326 0.9045383467819818 97
1716668121330 0.8999221920878849 98
1716668143051 0.9031580826180905 99
1716668170020 0.9079943481113878 100
1716668191688 0.9023319254336654 101
1716668213591 0.9158651622029558 102
1716668235278 0.9132025930508814 103
1716668257058 0.9046820527492327 104
1716668279558 0.9103922917148471 105
1716668301365 0.8994559136063575 106
1716668318397 0.910751193327726 107
1716668340210 0.8985828521371143 108
1716668357207 0.8967982895383383 109
1716668374182 0.9001590923217456 110
1716668391308 0.905190828718009 111
1716668408663 0.9088710647826579 112
1716668425974 0.9081907023700732 113
1716668443096 0.9103647459133937 114
1716668464743 0.9156645379628837 115
1716668487003 0.916272507803617 116
1716668508627 0.9012137666793345 117
1716668525475 0.9154568866070179 118
1716668547592 0.9160437879411196 119
1716668569338 0.9131829735309654 120
1716668591268 0.9137752711714034 121
1716668612881 0.9214932794516785 122
1716668635184 0.912925997657659 123
1716668656996 0.9049206650750913 124
1716668673976 0.9152975106062748 125
1716668691076 0.9142232558468871 126
1716668713554 0.9116598265454754 127
1716668735849 0.9214985329163669 128
1716668757775 0.9158665605022026 129
1716668779628 0.9088681896080578 130
1716668796659 0.9225039847822528 131
1716668818567 0.9181857855828629 132
1716668840549 0.9207859140081087 133
1716668862940 0.9182515693346162 134
1716668884765 0.916971973859467 135
1716668907099 0.9160523580243449 136
1716668928915 0.9152431084391716 137
1716668950730 0.9153401734798928 138
1716668972594 0.9176826716807661 139
1716668994576 0.9187850607113915 140
1716669016647 0.9137193675248699 141
1716669034199 0.9161790937603419 142
1716669051273 0.9262544727042364 143
1716669073067 0.91395620330724 144
1716669090238 0.9115199758607743 145
1716669107235 0.9151551900880239 146
1716669124233 0.9138257166726286 147
1716669141462 0.914399987043569 148
1716669158611 0.9138215806187677 149
1716669181031 0.9163808011127835 150
1716669198010 0.9211780859840245 151
1716669215943 0.9233061128828194 152
1716669237678 0.9168178812079302 153
1716669259628 0.9200098189594478 154
1716669281338 0.9158133876005214 155
1716669299151 0.9163080453408293 156
1716669316634 0.916997584116606 157
1716669334566 0.9194357536929504 158
1716669356587 0.9206135952234664 159
1716669378483 0.9238031449428012 160
1716669400419 0.9050128527444402 161
1716669417503 0.918399912314233 162
1716669434687 0.9186158521510932 163
1716669451837 0.9175730399705623 164
1716669469338 0.918137475930771 165
1716669486777 0.9261998253468082 166
1716669508555 0.9222990221107671 167
1716669530340 0.9203628345249261 168
1716669552147 0.9212085391926328 169
1716669573974 0.922588273751133 170
1716669596210 0.9223582663399513 171
1716669618086 0.9203024349207217 172
1716669640721 0.9173455248426018 173
1716669657787 0.9184938949568987 174
1716669674794 0.9119972420436905 175
1716669691915 0.9260158503335957 176
1716669709074 0.9189500372259994 177
1716669726284 0.9235277481921808 178
1716669747855 0.9195358611346031 179
1716669765286 0.9111064654905826 180
1716669782861 0.9233814233855552 181
1716669800369 0.9217642946434328 182
1716669817341 0.9245473513055383 183
1716669839381 0.9224411934332185 184
1716669861568 0.9210106606252256 185
1716669883226 0.9208416458035543 186
1716669906014 0.9207668489545836 187
1716669927871 0.9240027382870304 188
1716669949682 0.9154230542110336 189
1716669966837 0.9244677410975141 190
1716669983859 0.9033505090462874 191
1716670001028 0.9201539819392716 192
1716670018075 0.9211940746545294 193
1716670035527 0.9251287971088789 194
1716670053065 0.9262598829665344 195
1716670070426 0.9249458504304733 196
1716670092369 0.9256750548374567 197
1716670114625 0.9249340959282489 198
1716670136483 0.9212906697792098 199
1716670158192 0.9201492596126831 200
1716670175233 0.9164633683153299 201
1716670192287 0.9215723061494171 202
1716670209775 0.9245379116130223 203
1716670226939 0.9112274056120334 204
1716670244170 0.9237759938492064 205
1716670261251 0.925680405621189 206
1716670278320 0.9149000660309557 207
1716670295307 0.9249618391349261 208
1716670312520 0.923500826745019 209
1716670329483 0.9182883252454926 210
1716670346938 0.9179756806473843 211
1716670363862 0.9275553391375643 212
1716670380765 0.923910848036884 213
1716670397805 0.9243021873430779 214
1716670419619 0.9204572413954889 215
1716670436555 0.92303603744153 216
1716670453419 0.9281894327796826 217
1716670475493 0.918912463475494 218
1716670492823 0.9190412647307361 219
1716670510323 0.9198873835642162 220
1716670527143 0.9135037777015871 221
1716670544377 0.9178325493556082 222
1716670561405 0.9214645154823734 223
1716670578273 0.9160724258474401 224
1716670595050 0.9277817264810814 225
1716670612197 0.9145811141024378 226
1716670629259 0.9206877007664321 227
1716670646181 0.9223006353560029 228
1716670663093 0.9269566044934215 229
1716670679908 0.9195558321905312 230
1716670696867 0.924163219111985 231
1716670713894 0.9270644684120682 232
1716670730931 0.9166329054571628 233
1716670748043 0.9202368463280846 234
1716670765168 0.9180555411324155 235
1716670782734 0.9188968803567171 236
1716670799714 0.9282709886281449 237
1716670816786 0.9279563030207254 238
1716670833836 0.9236078393850499 239
1716670850725 0.9193186428021786 240
1716670868053 0.9263857529785385 241
1716670885035 0.9187369924322383 242
1716670901999 0.9259344698481891 243
1716670918925 0.9250537724575679 244
1716670941409 0.9261078730534734 245
1716670963085 0.9225493070059226 246
1716670980618 0.928586058085048 247
1716671002448 0.9271089462503112 248
1716671024216 0.9238972132057892 249
1716671045867 0.9162609404452242 250
1716671063055 0.9299746434232818 251
1716671080059 0.9229779000524451 252
1716671097093 0.9306386081962869 253
1716671118816 0.9207860913284209 254
1716671136213 0.9227195830432611 255
1716671153298 0.9196633893111823 256
1716671170774 0.924808468363437 257
1716671187987 0.9255577953600836 258
1716671205281 0.9255503787693963 259
1716671222254 0.9248293620870269 260
1716671239462 0.9262157156743389 261
1716671256492 0.9186124869234634 262
1716671273548 0.9236492626141635 263
1716671290506 0.9307306894142728 264
1716671307412 0.9159826665685594 265
1716671324359 0.93025593158128 266
1716671341383 0.9235383547191706 267
1716671358803 0.9268155241507702 268
1716671380675 0.9193192241050655 269
1716671397624 0.9231491216274866 270
1716671414761 0.9266005375570998 271
1716671431763 0.929052195598974 272
1716671453459 0.9198759925487184 273
1716671470434 0.9179306757613671 274
1716671487812 0.9226537757539842 275
1716671505194 0.9191773548670513 276
1716671522387 0.9283025320266041 277
1716671539643 0.926793273272179 278
1716671556646 0.9293323467576283 279
1716671573710 0.9251367170822872 280
1716671590883 0.9275506410402549 281
1716671612881 0.9265670678652298 282
1716671634505 0.9239071865736169 283
1716671651888 0.9267713203259055 284
1716671673682 0.931132152524531 285
1716671695957 0.9222722094985518 286
1716671713282 0.9292764430031708 287
1716671735173 0.9240177371048107 288
1716671752318 0.924493765975232 289
1716671769309 0.925791452060558 290
1716671787003 0.9248884979900179 291
1716671804181 0.9204886941000168 292
1716671821754 0.9205294702491243 293
1716671838914 0.9188589919425789 294
1716671856468 0.9264995761447995 295
1716671873574 0.9291670470779193 296
1716671891143 0.9244625681319595 297
1716671908218 0.9238219329633938 298
1716671925314 0.9300413010774413 299
1716671948661 0.9310102854372349 300
1716671965813 0.9229740528918189 301
1716671982884 0.9274940254031181 302
1716671999921 0.9227276891109636 303
1716672016918 0.9199231991138034 304
1716672034015 0.9232413279755697 305
1716672051011 0.9344014518182312 306
1716672068013 0.922417215615801 307
1716672085598 0.9225424259400227 308
1716672102783 0.9270054982874933 309
1716672119710 0.9263597822478626 310
1716672136871 0.9275379112129873 311
1716672153935 0.9277307551860106 312
1716672175600 0.9237219396453723 313
1716672192633 0.9232676269341943 314
1716672209688 0.9269473801795481 315
1716672227287 0.9198565708085881 316
1716672244440 0.9226609872843893 317
1716672261398 0.9265623759548612 318
1716672278402 0.9242877517679924 319
1716672295479 0.9275486138629008 320
1716672312589 0.929197135029968 321
1716672329903 0.921245864138723 322
1716672347051 0.9210252105224334 323
1716672364366 0.9184540366490966 324
1716672381502 0.9247180572485493 325
1716672398721 0.9333558769883216 326
1716672415983 0.9182460040284611 327
1716672433086 0.9275789460631185 328
1716672450293 0.9244253503026124 329
1716672467239 0.9217657127021063 330
1716672484377 0.9326526764764269 331
1716672501347 0.9258393122997033 332
1716672518901 0.9300643632560796 333
1716672535950 0.9320549334402141 334
1716672557729 0.931077407828845 335
1716672579571 0.9219948552039857 336
1716672596624 0.9336432873608608 337
1716672618654 0.9192821416026299 338
1716672636408 0.9340284771472095 339
1716672653534 0.9318412997663567 340
1716672675715 0.9260763341354384 341
1716672692929 0.9292130257958154 342
1716672714918 0.9301421466351365 343
1716672736864 0.9240497217647121 344
1716672753968 0.9323891563736226 345
1716672776119 0.9196011847099287 346
1716672793128 0.9232740911140156 347
1716672810419 0.924210981937246 348
1716672827588 0.9285286771216067 349
1716672849095 0.9281210998859756 350
1716672866225 0.9303749060487658 351
1716672883403 0.9276880736088221 352
1716672900545 0.9263936584522913 353
1716672918560 0.9151695405554761 354
1716672935728 0.9314438767405577 355
1716672953621 0.9248282212237943 356
1716672970640 0.9258172543958162 357
1716672988098 0.9291940039306131 358
1716673005217 0.9243556438907546 359
1716673022511 0.9245631967176604 360
1716673039458 0.9190286027022893 361
1716673057268 0.9271231579912772 362
1716673074238 0.9219155955360613 363
1716673091944 0.922083643359111 364
1716673109009 0.9286827627034736 365
1716673126371 0.9263555096193653 366
1716673143337 0.9233891963146522 367
1716673160321 0.9295515456077466 368
1716673177300 0.9285205652139705 369
1716673194810 0.9247965789645924 370
1716673211972 0.926078528946277 371
1716673229058 0.9262518338606153 372
1716673246144 0.925261008247629 373
1716673263297 0.9212631283139522 374
1716673280417 0.9297795729198546 375
1716673297638 0.9255253789356894 376
1716673314621 0.928442136176075 377
1716673332265 0.9345729841063893 378
1716673349389 0.9207904912840493 379
1716673366410 0.9242294312070215 380
1716673383512 0.9305159146421337 381
1716673400675 0.9303028853196177 382
1716673417825 0.9175891728537656 383
1716673435050 0.9266048400751017 384
1716673452197 0.9227607617864083 385
1716673469591 0.9322820298252058 386
1716673486729 0.9333021001489027 387
1716673503810 0.9299708566466505 388
1716673520914 0.9322958825186607 389
1716673537854 0.9286324867469157 390
1716673554931 0.9277231106265655 391
1716673572033 0.9212023303604221 392
1716673589205 0.9245016874152672 393
1716673606873 0.9278063386694734 394
1716673624017 0.9264509318795445 395
1716673641070 0.9227348226263944 396
1716673658221 0.9320688645482784 397
1716673675448 0.9261641750498205 398
1716673692476 0.9236034744761481 399
1716673714307 0.9297389958104434 400
1716673731347 0.9292214262546005 401
1716673748895 0.9313038855222396 402
1716673766144 0.9277881637520364 403
1716673783173 0.9349178883935898 404
1716673805092 0.9295590644570509 405
1716673826886 0.9285700730969749 406
1716673848818 0.9287199236008871 407
1716673870894 0.9271101237549099 408
1716673888031 0.9314945700822787 409
1716673909753 0.9271260886081863 410
1716673926773 0.9251503653884564 411
1716673943703 0.9291521119393144 412
1716673960655 0.92863034448375 413
1716673977554 0.9264046475497582 414
1716673994506 0.9284177285054461 415
1716674011556 0.9225472041115039 416
1716674028511 0.9279760984620647 417
1716674045345 0.9287319288456226 418
1716674062328 0.9239633859277104 419
1716674079199 0.9287605880110107 420
1716674096110 0.9313302689394506 421
1716674113150 0.9282384233417901 422
1716674130002 0.9296284637532642 423
1716674146979 0.9198488763712082 424
1716674164213 0.9228956477017407 425
1716674181099 0.9302411136280536 426
1716674198016 0.9222125944586992 427
1716674214881 0.9278833849154435 428
1716674231866 0.9364664500881551 429
1716674248849 0.9270433187405459 430
1716674265825 0.9282693502579833 431
1716674282709 0.9259766136686379 432
1716674299910 0.9293347077356263 433
1716674317107 0.9289594097858532 434
1716674333980 0.9280402134067204 435
1716674350871 0.9272889768527363 436
1716674367761 0.9304250682608116 437
1716674384779 0.9338430832082799 438
1716674401782 0.9360183684654236 439
1716674423572 0.9297757928568088 440
1716674445686 0.9259585258059277 441
1716674462808 0.9322848594359439 442
1716674479734 0.9349993259588901 443
1716674501653 0.9314771758353212 444
1716674523949 0.9300789249559651 445
1716674540921 0.9300711518170797 446
1716674557961 0.9299422558360811 447
1716674575019 0.927179759624194 448
1716674592817 0.9305147995778974 449
1716674614661 0.9300514382181252 450
1716674631693 0.9297602704211824 451
1716674648638 0.9299413101036392 452
1716674665565 0.9294406217168744 453
1716674682460 0.9313144647585677 454
1716674699267 0.9304826037179345 455
1716674716278 0.9284773758569559 456
1716674733675 0.9300139972195235 457
1716674750505 0.9287128320380501 458
1716674767363 0.9291419573099974 459
1716674784148 0.9305740629561946 460
1716674801104 0.9331278769065733 461
1716674822836 0.9311574671059267 462
1716674844589 0.9323620076893606 463
1716674866245 0.9320089027055664 464
1716674888709 0.9286627341230987 465
1716674905627 0.9328340706311254 466
1716674927544 0.9266432017162304 467
1716674944519 0.9279590858035766 468
1716674961485 0.9274690527323624 469
1716674978439 0.9262612739575277 470
1716674995444 0.9308350632877551 471
1716675012627 0.9326850837294934 472
1716675029697 0.9335303929493771 473
1716675046578 0.928318374437192 474
1716675063551 0.932003509416298 475
1716675080357 0.9233680401011423 476
1716675097316 0.9243611437291893 477
1716675114243 0.9355310665442849 478
1716675131177 0.9206994001929892 479
1716675148007 0.9290729071683104 480
1716675165424 0.9255643759924898 481
1716675182302 0.9236013926399537 482
1716675199215 0.9214013048766289 483
1716675216038 0.9314595105230136 484
1716675232955 0.9269038601454378 485
1716675249886 0.9302733296384385 486
1716675266847 0.9261715781464225 487
1716675283716 0.9292126710940107 488
1716675300540 0.9284403298165098 489
1716675318353 0.9250553792242241 490
1716675335317 0.9293995711415133 491
1716675352262 0.9292750888639348 492
1716675369408 0.9275057731525512 493
1716675386507 0.9273257987976663 494
1716675403489 0.9340936810881488 495
1716675420543 0.9294210616101316 496
1716675437585 0.9333691317618281 497
1716675455341 0.9282829789986057 498
1716675472227 0.9309277826389343 499
1716675494135 0.9297305836417155 500
1716675511247 0.9296759499996331 501
1716675528158 0.9265068898567191 502
1716675545083 0.9341353424541587 503
1716675561933 0.9321114771840128 504
1716675579006 0.9196181898047904 505
1716675596515 0.931608771247522 506
1716675613524 0.9209046619908033 507
1716675630436 0.9341575802513994 508
1716675647591 0.9244587401972998 509
1716675664423 0.9271319938289827 510
1716675681403 0.9325854459904918 511
1716675698358 0.9283229460243185 512
1716675715416 0.9299129346985288 513
1716675732414 0.9253368686878143 514
1716675750081 0.9314148224170499 515
1716675766949 0.9331311857819983 516
1716675784091 0.9236905822744416 517
1716675800965 0.9270436293006067 518
1716675817911 0.92440165753847 519
1716675834863 0.9275629156177038 520
1716675851909 0.927472728539566 521
1716675868978 0.9306000122807009 522
1716675886498 0.9306270170697787 523
1716675903349 0.9262275886188363 524
1716675920309 0.9256999332157202 525
1716675937308 0.9290067736985921 526
1716675954280 0.9311015035992735 527
1716675971264 0.9270228241162245 528
1716675988307 0.9310422829863715 529
1716676005420 0.9252007742795696 530
1716676022274 0.9266932715404552 531
1716676040095 0.9200877573014475 532
1716676057159 0.923660978762174 533
1716676074172 0.928533657916565 534
1716676091051 0.9372270935075421 535
1716676108004 0.9301316967091817 536
1716676125088 0.9373268978645987 537
1716676142086 0.9294425549310955 538
1716676159045 0.9317717828638482 539
1716676175950 0.9284082155961108 540
1716676193413 0.9157489711415021 541
1716676210380 0.9270416870199384 542
1716676227256 0.9262867427814602 543
1716676244153 0.9295234642395309 544
1716676261241 0.9383864285156952 545
1716676278316 0.9300892843851013 546
1716676295226 0.9259369746080379 547
1716676312401 0.9333189038489621 548
1716676329739 0.9352426229850522 549
1716676351430 0.9237709277420163 550
1716676368353 0.934577392177857 551
1716676385413 0.9395428014479136 552
1716676407834 0.9266346971286726 553
1716676424941 0.9293646244953181 554
1716676441933 0.9310579633757814 555
1716676458922 0.9282438813755598 556
1716676476387 0.9228257808084424 557
1716676493375 0.9257473212500299 558
1716676510377 0.9296111188398367 559
1716676527259 0.926179429867474 560
1716676544290 0.9334093567577545 561
1716676561338 0.9323387681509283 562
1716676578273 0.9294163931981888 563
1716676595263 0.9311716427564215 564
1716676612463 0.9258443121684468 565
1716676629824 0.9242720566796291 566
1716676646738 0.9299893971426781 567
1716676664327 0.9297771530903244 568
1716676681479 0.9261980370328793 569
1716676698374 0.9293246401735645 570
1716676715387 0.9293150196885437 571
1716676732354 0.9352668948307752 572
1716676749438 0.9277784870500335 573
1716676766899 0.9327433292327857 574
1716676783997 0.9275449289170475 575
1716676801043 0.9266075753189603 576
1716676817933 0.9278867850720932 577
1716676834972 0.9339254767435085 578
1716676852084 0.9261076908667322 579
1716676868992 0.9294343433214194 580
1716676885818 0.9322192571964063 581
1716676903182 0.9272533981234726 582
1716676920160 0.9258791310518578 583
1716676937274 0.9309517503433956 584
1716676954297 0.9304347818280813 585
1716676971157 0.9340130182423138 586
1716676988177 0.927804132311633 587
1716677005099 0.9319048775209048 588
1716677022154 0.9377150544142361 589
1716677039318 0.9302708975033059 590
1716677057287 0.9300530028104196 591
1716677074458 0.9344652430580324 592
1716677096402 0.9275233917922244 593
1716677113561 0.9249179198866938 594
1716677130609 0.923915109165506 595
1716677147581 0.9310692489382041 596
1716677164611 0.9235486724605709 597
1716677181652 0.9266255999152158 598
1716677199270 0.9271619757041036 599
1716677221340 0.9289122152512125 600
1716677238252 0.9331387319673109 601
1716677255368 0.93402867564406 602
1716677272421 0.932125855159605 603
1716677289411 0.929592325108567 604
1716677306468 0.9322973562118478 605
1716677323340 0.930364476631313 606
1716677340711 0.9273706142774595 607
1716677357636 0.9322567818950643 608
1716677374573 0.9292891343110061 609
1716677391507 0.9279508810442505 610
1716677408431 0.9217990859360435 611
1716677425419 0.9290987274820345 612
1716677442460 0.9283068872293575 613
1716677459493 0.9288003262111942 614
1716677477332 0.9244252153452718 615
1716677494295 0.9261532607970616 616
1716677511197 0.9269811819572203 617
1716677528153 0.9313769708297323 618
1716677545314 0.9254738403635306 619
1716677562197 0.927069305323689 620
1716677579192 0.9358201979977815 621
1716677596112 0.9274210716270718 622
1716677613298 0.9282034199092534 623
1716677630962 0.933178736631195 624
1716677648047 0.9331989433009665 625
1716677665227 0.9269055536159084 626
1716677682410 0.9229116405365524 627
1716677699462 0.9318191310995481 628
1716677716323 0.9287014264535719 629
1716677733356 0.9325105054431827 630
1716677750446 0.9277352686618535 631
1716677767886 0.9296691424317887 632
1716677785039 0.9357969500155946 633
1716677802105 0.9302219684132277 634
1716677819011 0.934800574539094 635
1716677836058 0.9303902326971306 636
1716677853307 0.9288610761393471 637
1716677870410 0.9358523985953567 638
1716677887382 0.9305689493763175 639
1716677904915 0.9322036996432573 640
1716677926582 0.9325737108833206 641
1716677948380 0.9274704330031408 642
1716677965282 0.9297617390583638 643
1716677982269 0.9311117877386564 644
1716677999294 0.925100625103143 645
1716678016257 0.9284242385534381 646
1716678033247 0.9242615522957633 647
1716678051367 0.9300820972171309 648
1716678068347 0.9263895670532877 649
1716678090337 0.9230682094944166 650
1716678107288 0.9267983786144741 651
1716678124257 0.9289296630845943 652
1716678141357 0.9300171092962581 653
1716678158297 0.9311584037310013 654
1716678176362 0.933229768134336 655
1716678193476 0.9318931134925164 656
1716678210427 0.9285599994382912 657
1716678227371 0.925838023697235 658
1716678244462 0.9321652432046624 659
1716678261355 0.9291076261010014 660
1716678278264 0.9303045023232297 661
1716678295472 0.930240453943726 662
1716678312843 0.9283844093231569 663
1716678329943 0.9359114072635584 664
1716678347057 0.9329526425800606 665
1716678364003 0.9349531958700122 666
1716678381049 0.9309184797927337 667
1716678398240 0.9274835563971179 668
1716678415297 0.9305048729293302 669
1716678432406 0.9303471053548694 670
1716678449309 0.9368884660958338 671
1716678471957 0.9309796704230283 672
1716678489253 0.9247119809591733 673
1716678506313 0.9272519066735087 674
1716678523381 0.9300651296163963 675
1716678540469 0.9304905392508691 676
1716678557602 0.9297179422638059 677
1716678574813 0.9287685144804655 678
1716678592527 0.9334254200553015 679
1716678609745 0.9302150200099529 680
1716678626987 0.9264964938186857 681
1716678644046 0.932468994554332 682
1716678661029 0.9284204288062874 683
1716678677975 0.9279312666757735 684
1716678695105 0.9345041736212973 685
1716678712165 0.9299056113963337 686
1716678730240 0.9277857130377974 687
1716678747346 0.9276798747386937 688
1716678764741 0.9314755442138328 689
1716678781859 0.9329276942449254 690
1716678798940 0.93187296594705 691
1716678816027 0.9345540095347106 692
1716678832884 0.9313556785784782 693
1716678849909 0.9283033908096162 694
1716678867319 0.9322380476519937 695
1716678884241 0.9316917226617808 696
1716678901211 0.9326241047453827 697
1716678918247 0.9316831885398561 698
1716678935455 0.9215096267630809 699
1716678957124 0.9326945592111168 700
1716678974249 0.9376612488430397 701
1716678996180 0.9304239993202236 702
1716679013958 0.9208124625360594 703
1716679030872 0.9302278398071806 704
1716679047903 0.9289130867545626 705
1716679065100 0.9319039289921109 706
1716679082236 0.9252100056318104 707
1716679099312 0.930645839143815 708
1716679116351 0.931060231083972 709
1716679133884 0.9300658202425042 710
1716679150929 0.9315641275588534 711
1716679167969 0.9224482122058969 712
1716679185071 0.9251569527529346 713
1716679202074 0.9324581513491786 714
1716679219183 0.9252795255842393 715
1716679236271 0.9253299658506241 716
1716679253257 0.9278108492539178 717
1716679270235 0.932510431969785 718
1716679287704 0.9312681996933004 719
1716679304631 0.9316990034554365 720
1716679321613 0.9275525950948813 721
1716679338889 0.9230321194146124 722
1716679356061 0.9308996652034999 723
1716679373060 0.9276815176248506 724
1716679390065 0.9257208453254188 725
1716679407397 0.9289808680730808 726
1716679425482 0.9258814531901184 727
1716679442770 0.9326283944582734 728
1716679459839 0.9332858381698127 729
1716679477129 0.93460683869406 730
1716679494267 0.9313310656857703 731
1716679511378 0.9319146531555323 732
1716679528441 0.9335010771410114 733
1716679545570 0.9280250044088404 734
1716679562980 0.9281862067537331 735
1716679579988 0.9333954537677602 736
1716679596922 0.9307835225519834 737
1716679613961 0.9300409232056026 738
1716679631057 0.9304363275397107 739
1716679648142 0.9239673518609918 740
1716679665308 0.9273727874273714 741
1716679682519 0.9327052868919313 742
1716679701142 0.9248592509465273 743
1716679718362 0.9259514839237101 744
1716679735736 0.9251032221383614 745
1716679753137 0.9307489116752302 746
1716679770227 0.9282575768540714 747
1716679787284 0.928189748340925 748
1716679804613 0.9367570158473376 749
1716679826870 0.9331021588143497 750
1716679843950 0.9295788923889775 751
1716679861027 0.9271950010880653 752
1716679877963 0.9302026794823913 753
1716679895038 0.9219137404708916 754
1716679912113 0.93567981985366 755
1716679929252 0.9235128074876626 756
1716679946275 0.932590559246597 757
1716679963898 0.9263471324951235 758
1716679981188 0.9274146109243256 759
1716679998259 0.9288165349864878 760
1716680015309 0.9269690732271241 761
1716680032342 0.9323078413808531 762
1716680049415 0.9354179479357909 763
1716680066635 0.925650297378647 764
1716680083704 0.9297498714869556 765
1716680101721 0.9329905848889682 766
1716680118830 0.9302508554856909 767
1716680135986 0.932299017985767 768
1716680153107 0.9295549139263167 769
1716680170201 0.9302711461089407 770
1716680187450 0.9263557771784994 771
1716680204706 0.9331217424863784 772
1716680221833 0.9269970312477388 773
1716680239394 0.9301006962697059 774
1716680256797 0.9369255274877825 775
1716680273998 0.9229607971023288 776
1716680291082 0.925814844695898 777
1716680308143 0.9259625080242723 778
1716680325477 0.9343568118184632 779
1716680342623 0.9312151466007176 780
1716680359737 0.9347209382329483 781
1716680377872 0.9264149648047605 782
1716680395204 0.9215291035035894 783
1716680412288 0.9272725885399159 784
1716680429489 0.9256973040093291 785
1716680446694 0.9290167106253205 786
1716680463815 0.9314693211056215 787
1716680480973 0.9288175726680133 788
1716680498321 0.929846206080499 789
1716680515845 0.9356587765379869 790
1716680533114 0.9341422903395974 791
1716680550153 0.924528429626385 792
1716680567260 0.9331631681157174 793
1716680584309 0.9357143535115561 794
1716680601492 0.9374207428221433 795
1716680623526 0.9202995316765348 796
1716680640953 0.9322890771333646 797
1716680658806 0.9246658775220347 798
1716680676098 0.9329223456127278 799
1716680698310 0.9359141142395835 800
1716680715368 0.9322826755563577 801
1716680732610 0.9310879802414885 802
1716680749646 0.9367802354495093 803
1716680771761 0.9290072844873706 804
1716680789689 0.9211848868344564 805
1716680807106 0.9322858442344543 806
1716680824165 0.9304354408122556 807
1716680841818 0.9229717052686817 808
1716680858932 0.9270330665292447 809
1716680876057 0.9305297862892227 810
1716680893185 0.9325186465623415 811
1716680910882 0.9350625908427462 812
1716680927997 0.9316641910195963 813
1716680945268 0.9309136465591966 814
1716680962619 0.9289673453539057 815
1716680979903 0.9323482902825272 816
1716680996840 0.9305077112183033 817
1716681014129 0.9350344442933712 818
1716681031218 0.9283619379852867 819
1716681048660 0.9258188998908877 820
1716681065800 0.9298581796430102 821
1716681082828 0.9325554984156694 822
1716681099769 0.932864664234279 823
1716681116879 0.9326622075836203 824
1716681133845 0.9266513578752237 825
1716681150734 0.9302039533539365 826
1716681167747 0.928191517087891 827
1716681184726 0.9341644789481323 828
1716681202547 0.9355279277009503 829
1716681219511 0.9398387870248025 830
1716681241280 0.926761995753119 831
1716681258268 0.9299823197327476 832
1716681275159 0.9349389597485099 833
1716681292045 0.9324548248158643 834
1716681308926 0.9284988115085752 835
1716681325883 0.9278505039004945 836
1716681343587 0.9252170650878783 837
1716681360608 0.9334567592834918 838
1716681377404 0.9308769119902597 839
1716681394479 0.931524675077843 840
1716681411465 0.9326894858934787 841
1716681428428 0.9374343740109126 842
1716681445234 0.9296135955893278 843
1716681462096 0.9333736125433306 844
1716681478937 0.9276569349657064 845
1716681496278 0.9336238401723015 846
1716681513059 0.9237925903185361 847
1716681530186 0.9337555345544416 848
1716681547235 0.9243639656048322 849
1716681569188 0.9316837059116233 850
1716681586108 0.9320391437377563 851
1716681603261 0.9241686241018773 852
1716681620324 0.9342714659273913 853
1716681638012 0.9326182401343422 854
1716681654953 0.931182356860095 855
1716681671972 0.9286551720376887 856
1716681688870 0.9286913581045432 857
1716681706023 0.9298953760205789 858
1716681722998 0.9322301388088244 859
1716681739792 0.9320074185475066 860
1716681756712 0.9330842358074558 861
1716681773916 0.9293231249535111 862
1716681791391 0.9303617077464862 863
1716681808426 0.9317806281072062 864
1716681825365 0.9269466646051532 865
1716681842449 0.9299804929952294 866
1716681859505 0.9362360835105591 867
1716681876518 0.9311349518230948 868
1716681893549 0.93132686754224 869
1716681910551 0.9266137059173897 870
1716681927598 0.9258449904668682 871
1716681945042 0.930124138854249 872
1716681961939 0.9270416948920915 873
1716681978996 0.9282723372591776 874
1716681995928 0.9345546985813057 875
1716682012960 0.9293334520971 876
1716682029998 0.9291149292573987 877
1716682046940 0.9273366598466187 878
1716682063873 0.9348857874380553 879
1716682080860 0.9299653527247008 880
1716682098191 0.9343322116763503 881
1716682115244 0.9278761132552015 882
1716682132199 0.9261011549899575 883
1716682149133 0.9277661893045636 884
1716682166193 0.9313437565783205 885
1716682183369 0.9336509160198148 886
1716682200391 0.930363980098631 887
1716682217345 0.9305176132948039 888
1716682234402 0.9371539712051501 889
1716682252051 0.9342797217944468 890
1716682268954 0.9299762842410516 891
1716682285958 0.9240849232324967 892
1716682302994 0.9323504682893985 893
1716682320006 0.9292551735995742 894
1716682337009 0.9295674842912157 895
1716682353963 0.9361074252562039 896
1716682370861 0.9302604161866196 897
1716682387763 0.9327553568718968 898
1716682405566 0.9257718147546647 899
1716682427371 0.9345150470307434 900
1716682444257 0.9212253488152329 901
1716682461262 0.9369130426738613 902
1716682478186 0.9311666273496568 903
1716682495168 0.9269819413114914 904
1716682512025 0.9310643697582845 905
1716682528963 0.9276596589051712 906
1716682546131 0.9294682115182663 907
1716682563158 0.9326638913304888 908
1716682580116 0.9330169406663007 909
1716682597055 0.9298408343335379 910
1716682614028 0.9261260690517331 911
1716682630809 0.9343862263058665 912
1716682647747 0.927688374506355 913
1716682664647 0.9269483949874354 914
1716682681651 0.9294177284746389 915
1716682699444 0.9308917590500037 916
1716682716352 0.9314008852542554 917
1716682733384 0.9220320150627995 918
1716682750549 0.927888386982986 919
1716682767457 0.9308699144247797 920
1716682784602 0.9324668274080198 921
1716682801745 0.9297084700986981 922
1716682818774 0.9304790921241413 923
1716682836432 0.9302233022685584 924
1716682853363 0.9317903983021476 925
1716682870503 0.9339766413881351 926
1716682887412 0.931430992993826 927
1716682904425 0.9344580276974681 928
1716682921375 0.9355655767790584 929
1716682939129 0.9236613339863121 930
1716682956132 0.9298905580458205 931
1716682973160 0.9259019604391768 932
1716682990706 0.928880629592142 933
1716683007602 0.9339260699029284 934
1716683024765 0.9297457921685863 935
1716683041942 0.9249895631384583 936
1716683058854 0.9297661308541182 937
1716683075927 0.9241516601768399 938
1716683092821 0.9280497926889358 939
1716683109889 0.9293495813078083 940
1716683126847 0.9255628263932717 941
1716683144725 0.9329417888342221 942
1716683161692 0.9338759584009332 943
1716683178687 0.9243751683490707 944
1716683195719 0.9217570322354561 945
1716683212934 0.9236844056141087 946
1716683229758 0.9286994303220432 947
1716683246773 0.9301315177706354 948
1716683263764 0.9248448558859255 949
1716683286167 0.9325211219249248 950
1716683303025 0.9258174572735379 951
1716683319949 0.9306082446554022 952
1716683336818 0.9287776598079982 953
1716683353762 0.9303492564921322 954
1716683370857 0.9302505049482833 955
1716683387877 0.932879002304558 956
1716683404918 0.932705317399984 957
1716683422033 0.9368306853489745 958
1716683439509 0.9283236513403893 959
1716683456593 0.9266088267035975 960
1716683473743 0.9336298051690299 961
1716683490896 0.9310690545419303 962
1716683508031 0.933595116892577 963
1716683525117 0.9293568096937074 964
1716683542189 0.9328955624444047 965
1716683559429 0.9306673706496293 966
1716683576695 0.9248377426101394 967
1716683593718 0.9314792852567898 968
1716683610617 0.93344712626556 969
1716683627685 0.9283079484154445 970
1716683644865 0.9197367893373191 971
1716683661849 0.9348997937203724 972
1716683678877 0.9306391595801928 973
1716683695946 0.9284993324724823 974
1716683712969 0.9258825322129772 975
1716683730616 0.9348427013977499 976
1716683747890 0.9287390222267725 977
1716683765376 0.9290160846497381 978
1716683782583 0.927822740226571 979
1716683799640 0.9233212370208158 980
1716683816768 0.9284919711056833 981
1716683833808 0.9340320184573603 982
1716683850873 0.937445146606739 983
1716683868383 0.9279017411533145 984
1716683885406 0.9292112983036743 985
1716683902586 0.9321942581236723 986
1716683919652 0.9280694169696218 987
1716683936688 0.932695600748548 988
1716683953958 0.9284574839903074 989
1716683970906 0.9285155968401644 990
1716683988033 0.9347441874478619 991
1716684005124 0.9319541082507431 992
1716684022797 0.9285492433624719 993
1716684039844 0.9366972918571707 994
1716684056946 0.9271867685337 995
1716684074038 0.9331480078842459 996
1716684091128 0.9272184890985112 997
1716684108075 0.9312786320581998 998
1716684125264 0.9275736551941951 999
