1715085497246 0.0017979515545810721 0
1715085702416 0.00030551563428693625 1
1715085942073 0.0 2
1715086231104 0.0060246234864800245 3
1715086463110 0.025085686814699713 4
1715086748615 0.03146601398817221 5
1715087021480 0.019838616279989292 6
1715087298459 0.043092598064613415 7
1715087565000 0.012591493643538324 8
1715087826206 0.04499258078027546 9
1715088101980 0.02731901246400524 10
1715088361894 0.03831689385457602 11
1715088637855 0.047987522978098114 12
1715088918051 0.045988024024413675 13
1715089192079 0.03443519949573912 14
1715089441898 0.029436035528717232 15
1715089708065 0.04378359725020985 16
1715089985928 0.029597907294473536 17
1715090246780 0.05079774680176988 18
1715090511605 0.0507720880691653 19
1715090792251 0.04828236610646341 20
1715091041902 0.06159528619715735 21
1715091309577 0.08188574509224876 22
1715091579236 0.09706171903555208 23
1715091844689 0.07180288689949327 24
1715092077905 0.09574017614877638 25
1715092363417 0.054408448003908615 26
1715092643320 0.06984452662529754 27
1715092922184 0.08739537525717818 28
1715093184950 0.06365153671859523 29
1715093465905 0.1028413267504222 30
1715093708360 0.07285259142204184 31
1715094009101 0.09995698947062939 32
1715094315870 0.08460752668276558 33
1715094566445 0.07470689912882304 34
1715094818534 0.08199167884385054 35
1715095079154 0.11675428316501524 36
1715095351782 0.06954029198617606 37
1715095589750 0.11960053732881477 38
1715095880175 0.11508749578002056 39
1715096124390 0.11079388213038009 40
1715096415605 0.1003577865741437 41
1715096675178 0.1254602318083678 42
1715096951909 0.10922521816854633 43
1715097216944 0.13243213722620775 44
1715097464125 0.11596186631564814 45
1715097770298 0.11602532163055183 46
1715098009853 0.13676226934069458 47
1715098265511 0.1438995751197906 48
1715098522982 0.14383607623981218 49
1715098796580 0.1250191332469656 50
1715099068379 0.1831932350159019 51
1715099329424 0.14170069772066513 52
1715099615075 0.1705349430476348 53
1715099893890 0.1715740380397 54
1715100173111 0.13603858225058105 55
1715100439833 0.15729620390762153 56
1715100701987 0.1788394268219357 57
1715100944257 0.1454170225292029 58
1715101250440 0.2308067861814416 59
1715101511131 0.14751389486027572 60
1715101776099 0.2231493359745579 61
1715102052226 0.275864829223065 62
1715102296974 0.21127050109199755 63
1715102566386 0.23327046928734682 64
1715102821788 0.22307561325801764 65
1715103118913 0.27193197653105444 66
1715103401360 0.24322335324131014 67
1715103649621 0.2643277888723575 68
1715103933442 0.24199038392482486 69
1715104209162 0.1900709479000963 70
1715104451870 0.22931885730652235 71
1715104733660 0.21480138566617157 72
1715104980987 0.2527019247670711 73
1715105241173 0.3300386221867597 74
1715105525891 0.2768577546529563 75
1715105801650 0.3101857453487789 76
1715106072430 0.2905350733240734 77
1715106322139 0.3030857167268641 78
1715106577114 0.2868302725052753 79
1715106820035 0.2733374863996926 80
1715107104467 0.33523303406793203 81
1715107354859 0.25531198865955074 82
1715107590618 0.3377219789515498 83
1715107840101 0.31454990454704906 84
1715108135496 0.28448362920935255 85
1715108408645 0.3299963211045524 86
1715108689236 0.3600686806109862 87
1715108967474 0.22955787107057216 88
1715109228394 0.342980608481316 89
1715109484064 0.41207972297782364 90
1715109748240 0.37146629699506933 91
1715110012504 0.3200004112331436 92
1715110285803 0.27736668031756306 93
1715110532501 0.3856866267390587 94
1715110791303 0.3475548386357803 95
1715111065302 0.2788834639000475 96
1715111321981 0.3926854674864606 97
1715111579712 0.4316969156663051 98
1715111870950 0.3432252970740174 99
1715112140331 0.42905490423535314 100
1715112430094 0.4067734093649713 101
1715112674608 0.2596590699940729 102
1715112927647 0.31663988821419287 103
1715113180684 0.4034310101306663 104
1715113441429 0.4702544396243643 105
1715113720625 0.3981552714216635 106
1715113971602 0.3134431569669665 107
1715114245802 0.29763372250886205 108
1715114489571 0.36188320558147047 109
1715114728263 0.42981351833636355 110
1715115025113 0.45808167341000716 111
1715115287728 0.26975211922920067 112
1715115539204 0.427848762808422 113
1715115795344 0.39404131592326397 114
1715116028539 0.31625964515244315 115
1715116284920 0.4156019542267152 116
1715116540389 0.45971020328324375 117
1715116795291 0.4628575241245095 118
1715117077670 0.49906811108354177 119
1715117331031 0.4838648781757513 120
1715117618816 0.4794091754031961 121
1715117885746 0.4581112161986734 122
1715118156696 0.48492561140357837 123
1715118401569 0.4036736086372364 124
1715118686645 0.4562021522446928 125
1715118957558 0.35860110014086666 126
1715119217614 0.4622700225328964 127
1715119487673 0.44338521512054846 128
1715119728825 0.5069491460783581 129
1715119992539 0.38051972531474737 130
1715120232068 0.4279258687173778 131
1715120499228 0.4615969144658792 132
1715120753422 0.506781545805771 133
1715121005758 0.4710746841650026 134
1715121242307 0.4195494790742048 135
1715121498022 0.4584836812148455 136
1715121785595 0.44300571227340063 137
1715122023593 0.4862179535835644 138
1715122295183 0.47494285723369334 139
1715122548804 0.5271637641113952 140
1715122809492 0.4947332446353928 141
1715123078540 0.5500524580431477 142
1715123355458 0.46569410646703163 143
1715123624207 0.47996058953866766 144
1715123889769 0.4907925029387356 145
1715124146133 0.4994915769248817 146
1715124415352 0.4729530934443165 147
1715124676306 0.42814823690219056 148
1715124923681 0.5022135978976079 149
1715125215150 0.5022368878146708 150
1715125457205 0.46292570741019773 151
1715125716780 0.3917198778539555 152
1715125959665 0.5496958362573497 153
1715126214445 0.45535438392238986 154
1715126453033 0.5754829757283068 155
1715126723945 0.5509728836294594 156
1715126987928 0.49225528476462604 157
1715127262113 0.4614610659037512 158
1715127493983 0.5438041313324862 159
1715127786151 0.5182893714523783 160
1715128058109 0.4731347731056893 161
1715128283274 0.5919919923401253 162
1715128554437 0.5590717574740598 163
1715128823088 0.5197467148051073 164
1715129090518 0.5826159909452546 165
1715129346512 0.4217567287184529 166
1715129593034 0.49430760889453096 167
1715129863566 0.5222075072985438 168
1715130116270 0.5603218881795496 169
1715130368237 0.49002579257799067 170
1715130643448 0.5052210816721732 171
1715130889977 0.5551032482749331 172
1715131141124 0.5126748246624314 173
1715131410237 0.5525138263033866 174
1715131667397 0.5521388489703848 175
1715131939389 0.47146061745683393 176
1715132207704 0.5336177254650998 177
1715132462620 0.47068544056257444 178
1715132708327 0.47098522501669987 179
1715132984608 0.550906726463382 180
1715133244953 0.5946081576411846 181
1715133495827 0.5919587984625424 182
1715133738547 0.6265405705568055 183
1715133994223 0.6001670892574417 184
1715134270988 0.6102055877622438 185
1715134510852 0.6133956688952725 186
1715134814100 0.5891923015708217 187
1715135071648 0.5983659336806197 188
1715135328752 0.5639982717449353 189
1715135587321 0.5121749797847205 190
1715135825435 0.5306249781270281 191
1715136086100 0.49053945617982986 192
1715136340567 0.5148798024740588 193
1715136594306 0.6334434687785393 194
1715136829964 0.5553174578682584 195
1715137079356 0.6410986577905669 196
1715137323397 0.593232068345975 197
1715137573338 0.6730689159308698 198
1715137861340 0.5248541264044643 199
1715138119272 0.6198514600423686 200
1715138378065 0.6351513363959476 201
1715138662511 0.6738209479945199 202
1715138940479 0.5705452821666491 203
1715139193001 0.6176954076001363 204
1715139492962 0.6736438135316052 205
1715139768519 0.6382794932881417 206
1715140012777 0.6064029932068983 207
1715140270322 0.5122534477352791 208
1715140535216 0.6836478656512032 209
1715140773013 0.633034966756091 210
1715141059363 0.5477173135846317 211
1715141340943 0.6892853411434221 212
1715141584959 0.6274443729986652 213
1715141860411 0.6441183297430731 214
1715142097106 0.6054253185015418 215
1715142365419 0.6341706479586804 216
1715142639062 0.5679469847480364 217
1715142913253 0.640218921096642 218
1715143145352 0.6368788540717729 219
1715143388729 0.7021963151487812 220
1715143665189 0.6028450327243168 221
1715143924611 0.6632181123629575 222
1715144201847 0.6406198803051744 223
1715144484814 0.6514707654990379 224
1715144730746 0.6023598890659614 225
1715144979755 0.6023148977980827 226
1715145249228 0.6768463204500293 227
1715145527278 0.5199258746431096 228
1715145796298 0.6295241223380031 229
1715146041673 0.6710451577466096 230
1715146321681 0.6344345641386507 231
1715146607084 0.6258844447213379 232
1715146864937 0.6610910697157437 233
1715147172672 0.5706202597302278 234
1715147452355 0.6423885324555916 235
1715147704903 0.6443611784336432 236
1715147997543 0.5351680752264618 237
1715148247218 0.6528325120848621 238
1715148499301 0.6411614411028033 239
1715148786448 0.6289516362325067 240
1715149048608 0.6853776308971542 241
1715149332743 0.6547208823705898 242
1715149587635 0.547491516798827 243
1715149832165 0.630622734999166 244
1715150084465 0.6088756928528846 245
1715150367382 0.6662468770921735 246
1715150618850 0.5710453711799723 247
1715150908970 0.6626472614247813 248
1715151150461 0.5761739694229675 249
1715151464412 0.6708573940103234 250
1715151732968 0.6903350090833617 251
1715152002833 0.6758725455717325 252
1715152275187 0.6733844984854255 253
1715152548039 0.6054030506094966 254
1715152800972 0.6607638504294341 255
1715153091543 0.6952504038094945 256
1715153353022 0.6544620618915818 257
1715153611495 0.6772400181489701 258
1715153904544 0.7073880127192496 259
1715154200796 0.6727651620052026 260
1715154460455 0.6892591607644127 261
1715154747462 0.5836328567505343 262
1715154990413 0.6250789018292606 263
1715155274892 0.7336233850274246 264
1715155546506 0.660179665215892 265
1715155800226 0.6687071252368162 266
1715156049101 0.7020511512915042 267
1715156325760 0.6976655963345972 268
1715156597171 0.6245150097001624 269
1715156860757 0.6552219168658623 270
1715157144557 0.6842843616534594 271
1715157399444 0.6498416133841303 272
1715157651033 0.6356332506401811 273
1715157912699 0.659080687443075 274
1715158167345 0.6654587990899045 275
1715158446331 0.6591588103403814 276
1715158708423 0.569940708981138 277
1715158969467 0.6640847989683294 278
1715159249599 0.701561990933095 279
1715159495857 0.6922169462032196 280
1715159755917 0.6707922839920665 281
1715160019408 0.6742919256342045 282
1715160287497 0.6615466503240248 283
1715160527350 0.625760119101783 284
1715160798965 0.6367820611136765 285
1715161071762 0.6944060409141274 286
1715161365436 0.6140872005958052 287
1715161617870 0.717184598774034 288
1715161897052 0.6734341951501611 289
1715162126819 0.6761258838813335 290
1715162385164 0.657223469568603 291
1715162645951 0.6465448060777471 292
1715162890420 0.7304730641075147 293
1715163157225 0.6518373155606242 294
1715163428189 0.7755053943818234 295
1715163680901 0.6349325077931263 296
1715163936101 0.6968674915707204 297
1715164205084 0.6736012257453733 298
1715164473460 0.7166801973798267 299
1715164736914 0.6550664164566847 300
1715164989234 0.6658241491277618 301
1715165239513 0.6754545160798622 302
1715165522981 0.6822875742211959 303
1715165780015 0.7363568627376741 304
1715166051124 0.6278346411432773 305
1715166314666 0.7411109033811755 306
1715166566937 0.7358483729548108 307
1715166822127 0.7220524273478283 308
1715167084128 0.673970360856852 309
1715167387071 0.6138651072828657 310
1715167617246 0.710291753866897 311
1715167884625 0.7372375940642971 312
1715168178816 0.6424593336915276 313
1715168421663 0.684048225976725 314
1715168655766 0.7408641830943938 315
1715168910975 0.6613564113714537 316
