1713294716094 0.002 0
1713295137597 0.002 1
1713295396234 0.002 2
1713295719446 0.002 3
1713296019992 0.00199 4
1713296314050 0.00199 5
1713296626597 0.00199 6
1713296904281 0.00199 7
1713297234208 0.00199 8
1713297546711 0.00199 9
1713297830296 0.00198 10
1713298125622 0.00198 11
1713298438774 0.00198 12
1713298717693 0.00198 13
1713299021945 0.00198 14
1713299313351 0.00197 15
1713299629376 0.00197 16
1713299920580 0.00197 17
1713300253175 0.00197 18
1713300581134 0.00197 19
1713300875310 0.00197 20
1713301187011 0.00196 21
1713301503419 0.00196 22
1713301813584 0.00196 23
1713302172233 0.00196 24
1713302438463 0.00196 25
1713302724819 0.00195 26
1713303041341 0.00195 27
1713303368249 0.00195 28
1713303670266 0.00195 29
1713304003994 0.00195 30
1713304248882 0.00195 31
1713304575019 0.00194 32
1713304888053 0.00194 33
1713305203356 0.00194 34
1713305496992 0.00194 35
1713305806008 0.00194 36
1713306079101 0.00194 37
1713306425494 0.00193 38
1713306733235 0.00193 39
1713307037763 0.00193 40
1713307340971 0.00193 41
1713307652599 0.00193 42
1713307962382 0.00192 43
1713308264579 0.00192 44
1713308565260 0.00192 45
1713308889718 0.00192 46
1713309185450 0.00192 47
1713309479116 0.00192 48
1713309793042 0.00191 49
1713310089231 0.00191 50
1713310426178 0.00191 51
1713310727974 0.00191 52
1713311027150 0.00191 53
1713311333277 0.0019 54
1713311591444 0.0019 55
1713311948287 0.0019 56
1713312219757 0.0019 57
1713312566769 0.0019 58
1713312843797 0.0019 59
1713313140105 0.00189 60
1713313431277 0.00189 61
1713313732237 0.00189 62
1713314009279 0.00189 63
1713314318540 0.00189 64
1713314677507 0.00188 65
1713314939978 0.00188 66
1713315247456 0.00188 67
1713315586057 0.00188 68
1713315884924 0.00188 69
1713316201638 0.00188 70
1713316507517 0.00187 71
1713316780797 0.00187 72
1713317117960 0.00187 73
1713317382846 0.00187 74
1713317690023 0.00187 75
1713317963087 0.00186 76
1713318269807 0.00186 77
1713318570595 0.00186 78
1713318886000 0.00186 79
1713319217301 0.00186 80
1713319514125 0.00186 81
1713319839486 0.00185 82
1713320096164 0.00185 83
1713320406185 0.00185 84
1713320707444 0.00185 85
1713321004504 0.00185 86
1713321294472 0.00184 87
1713321600066 0.00184 88
1713321885225 0.00184 89
1713322159194 0.00184 90
1713322485346 0.00184 91
1713322788656 0.00184 92
1713323132001 0.00183 93
1713323415491 0.00183 94
1713323687642 0.00183 95
1713324055672 0.00183 96
1713324305529 0.00183 97
1713324663965 0.00182 98
1713324962074 0.00182 99
1713325277483 0.00182 100
1713325547082 0.00182 101
1713325838807 0.00182 102
1713326165350 0.00182 103
1713326470280 0.00181 104
1713326747304 0.00181 105
1713327056085 0.00181 106
1713327358040 0.00181 107
1713327632969 0.00181 108
1713327963926 0.0018 109
1713328238553 0.0018 110
1713328573726 0.0018 111
1713328867345 0.0018 112
1713329191230 0.0018 113
1713329457713 0.0018 114
1713329736996 0.00179 115
1713330076543 0.00179 116
1713330372924 0.00179 117
1713330635325 0.00179 118
1713330954656 0.00179 119
1713331224094 0.00178 120
1713331581599 0.00178 121
1713331865281 0.00178 122
1713332172800 0.00178 123
1713332489018 0.00178 124
1713332798395 0.00178 125
1713333109393 0.00177 126
1713333418331 0.00177 127
1713333745206 0.00177 128
1713334023364 0.00177 129
1713334330830 0.00177 130
1713334623566 0.00176 131
1713334905403 0.00176 132
1713335254791 0.00176 133
1713335513894 0.00176 134
1713335831889 0.00176 135
1713336138599 0.00176 136
1713336416748 0.00175 137
1713336736710 0.00175 138
1713337006541 0.00175 139
1713337333835 0.00175 140
1713337646734 0.00175 141
1713337938622 0.00174 142
1713338252596 0.00174 143
1713338550720 0.00174 144
1713338841692 0.00174 145
1713339162022 0.00174 146
1713339441563 0.00174 147
1713339756812 0.00173 148
1713340045610 0.00173 149
1713340339986 0.00173 150
1713340606846 0.00173 151
1713340969695 0.00173 152
1713341253287 0.00172 153
1713341514006 0.00172 154
1713341788822 0.00172 155
1713342098702 0.00172 156
1713342428520 0.00172 157
1713342771735 0.00172 158
1713343032764 0.00171 159
1713343346529 0.00171 160
1713343645885 0.00171 161
1713343988929 0.00171 162
1713344271341 0.00171 163
1713344593445 0.0017 164
1713344904757 0.0017 165
1713345231315 0.0017 166
1713345521372 0.0017 167
1713345847018 0.0017 168
1713346132105 0.00169 169
1713346454426 0.00169 170
1713346739308 0.00169 171
1713347018897 0.00169 172
1713347346265 0.00169 173
1713347606516 0.00169 174
1713347912299 0.00168 175
1713348184680 0.00168 176
1713348484642 0.00168 177
1713348784636 0.00168 178
1713349086711 0.00168 179
1713349380851 0.00167 180
1713349699037 0.00167 181
1713350008561 0.00167 182
1713350292841 0.00167 183
1713350591954 0.00167 184
1713350914237 0.00167 185
1713351197115 0.00166 186
1713351514092 0.00166 187
1713351794491 0.00166 188
1713352098805 0.00166 189
1713352393597 0.00166 190
1713352720492 0.00165 191
1713353006753 0.00165 192
1713353291948 0.00165 193
1713353593676 0.00165 194
1713353911586 0.00165 195
1713354219864 0.00165 196
1713354498708 0.00164 197
1713354788631 0.00164 198
1713355114666 0.00164 199
1713355446650 0.00164 200
1713355760665 0.00164 201
1713356070643 0.00163 202
1713356380769 0.00163 203
1713356646477 0.00163 204
1713356923186 0.00163 205
1713357251204 0.00163 206
1713357545370 0.00163 207
1713357896008 0.00162 208
1713358166672 0.00162 209
1713358471808 0.00162 210
1713358751295 0.00162 211
1713359055949 0.00162 212
1713359345180 0.00161 213
1713359647071 0.00161 214
1713359972172 0.00161 215
1713360285763 0.00161 216
1713360611196 0.00161 217
1713360878026 0.0016 218
1713361173178 0.0016 219
1713361484078 0.0016 220
1713361794716 0.0016 221
1713362090892 0.0016 222
1713362428659 0.0016 223
1713362713497 0.00159 224
1713363004136 0.00159 225
1713363308843 0.00159 226
1713363618158 0.00159 227
1713363908428 0.00159 228
1713364222967 0.00158 229
1713364541475 0.00158 230
1713364817115 0.00158 231
1713365126650 0.00158 232
1713365434438 0.00158 233
1713365728827 0.00158 234
1713366091447 0.00157 235
1713366338316 0.00157 236
1713366665954 0.00157 237
1713366994678 0.00157 238
1713367276338 0.00157 239
1713367594335 0.00156 240
1713367895200 0.00156 241
1713368191787 0.00156 242
1713368496426 0.00156 243
1713368804026 0.00156 244
1713369117078 0.00155 245
1713369433372 0.00155 246
1713369763803 0.00155 247
1713370082579 0.00155 248
1713370387959 0.00155 249
1713370704951 0.00155 250
1713371051181 0.00154 251
1713371344836 0.00154 252
1713371606986 0.00154 253
1713371887414 0.00154 254
1713372207314 0.00154 255
1713372540179 0.00153 256
1713372791771 0.00153 257
1713373092485 0.00153 258
1713373374219 0.00153 259
1713373686245 0.00153 260
1713373987516 0.00153 261
1713374249812 0.00152 262
1713374591497 0.00152 263
1713374832262 0.00152 264
1713375146687 0.00152 265
1713375427150 0.00152 266
1713375739600 0.00151 267
1713376035436 0.00151 268
1713376342289 0.00151 269
1713376645753 0.00151 270
1713376962714 0.00151 271
1713377217648 0.0015 272
1713377529465 0.0015 273
1713377809405 0.0015 274
1713378104840 0.0015 275
1713378428336 0.0015 276
1713378714577 0.0015 277
1713379042470 0.00149 278
1713379317904 0.00149 279
1713379638766 0.00149 280
1713379929228 0.00149 281
1713380223920 0.00149 282
1713380542424 0.00148 283
1713380844876 0.00148 284
1713381144408 0.00148 285
1713381427313 0.00148 286
1713381740367 0.00148 287
1713382051523 0.00148 288
1713382349088 0.00147 289
1713382667414 0.00147 290
1713382980670 0.00147 291
1713383302070 0.00147 292
1713383613270 0.00147 293
1713383908327 0.00146 294
1713384212199 0.00146 295
1713384492459 0.00146 296
1713384786685 0.00146 297
1713385086510 0.00146 298
1713385405271 0.00145 299
1713385785123 0.00145 300
1713386019628 0.00145 301
1713386329797 0.00145 302
1713386633213 0.00145 303
1713386920849 0.00145 304
1713387236750 0.00144 305
1713387541705 0.00144 306
1713387836936 0.00144 307
1713388141312 0.00144 308
1713388464039 0.00144 309
1713388772010 0.00143 310
1713389064331 0.00143 311
1713389399350 0.00143 312
1713389689713 0.00143 313
1713389987609 0.00143 314
1713390277415 0.00142 315
1713390573947 0.00142 316
1713390882155 0.00142 317
1713391157627 0.00142 318
1713391482684 0.00142 319
1713391765163 0.00142 320
1713392060687 0.00141 321
1713392399925 0.00141 322
1713392719232 0.00141 323
1713393037590 0.00141 324
1713393329662 0.00141 325
1713393608358 0.0014 326
1713393926887 0.0014 327
1713394213505 0.0014 328
1713394527593 0.0014 329
1713394817305 0.0014 330
1713395124670 0.00139 331
1713395418831 0.00139 332
1713395724620 0.00139 333
1713396033791 0.00139 334
1713396328133 0.00139 335
1713396612730 0.00139 336
1713396919727 0.00138 337
1713397229734 0.00138 338
1713397527291 0.00138 339
1713397837730 0.00138 340
1713398140764 0.00138 341
1713398418399 0.00137 342
1713398715253 0.00137 343
1713398997385 0.00137 344
1713399304438 0.00137 345
1713399613992 0.00137 346
1713399914508 0.00136 347
1713400254689 0.00136 348
1713400592791 0.00136 349
1713400879980 0.00136 350
1713401179163 0.00136 351
1713401499319 0.00136 352
1713401758453 0.00135 353
1713402076478 0.00135 354
1713402365125 0.00135 355
1713402643758 0.00135 356
1713402918459 0.00135 357
1713403214869 0.00134 358
1713403529558 0.00134 359
1713403819483 0.00134 360
1713404104068 0.00134 361
1713404403334 0.00134 362
1713404711554 0.00133 363
1713405033458 0.00133 364
1713405321811 0.00133 365
1713405641919 0.00133 366
1713405930970 0.00133 367
1713406228507 0.00133 368
1713406523881 0.00132 369
1713406813562 0.00132 370
1713407103930 0.00132 371
1713407413701 0.00132 372
1713407720779 0.00132 373
1713408007897 0.00131 374
1713408306489 0.00131 375
1713408607889 0.00131 376
1713408905517 0.00131 377
1713409192044 0.00131 378
1713409487142 0.0013 379
1713409798743 0.0013 380
1713410102667 0.0013 381
1713410415143 0.0013 382
1713410702580 0.0013 383
1713411004548 0.0013 384
1713411327814 0.00129 385
1713411626369 0.00129 386
1713411902542 0.00129 387
1713412216519 0.00129 388
1713412559527 0.00129 389
1713412839882 0.00128 390
1713413143272 0.00128 391
1713413477868 0.00128 392
1713413762806 0.00128 393
1713414058084 0.00128 394
1713414351642 0.00127 395
1713414690768 0.00127 396
1713414972359 0.00127 397
1713415256497 0.00127 398
1713415552048 0.00127 399
1713415873078 0.00126 400
1713416173737 0.00126 401
1713416488411 0.00126 402
1713416773836 0.00126 403
1713417063828 0.00126 404
1713417341324 0.00126 405
1713417640343 0.00125 406
1713417929609 0.00125 407
1713418218058 0.00125 408
1713418508685 0.00125 409
1713418789494 0.00125 410
1713419103241 0.00124 411
1713419372822 0.00124 412
1713419667978 0.00124 413
1713419971695 0.00124 414
1713420244437 0.00124 415
1713420547359 0.00123 416
1713420837081 0.00123 417
1713421147948 0.00123 418
1713421421406 0.00123 419
1713421722833 0.00123 420
1713422023771 0.00122 421
1713422318782 0.00122 422
1713422625812 0.00122 423
1713422963971 0.00122 424
1713423242075 0.00122 425
1713423557391 0.00122 426
1713423871620 0.00121 427
1713424187337 0.00121 428
1713424461358 0.00121 429
1713424812511 0.00121 430
1713425076058 0.00121 431
1713425375681 0.0012 432
1713425652925 0.0012 433
1713425975392 0.0012 434
1713426282484 0.0012 435
1713426603640 0.0012 436
1713426903306 0.00119 437
1713427211041 0.00119 438
1713427502873 0.00119 439
1713427808953 0.00119 440
1713428098500 0.00119 441
1713428404530 0.00118 442
1713428683051 0.00118 443
1713428971691 0.00118 444
1713429269212 0.00118 445
1713429562790 0.00118 446
1713429857697 0.00118 447
1713430138802 0.00117 448
1713430454468 0.00117 449
1713430781515 0.00117 450
1713431038495 0.00117 451
1713431334082 0.00117 452
1713431643338 0.00116 453
1713431950812 0.00116 454
1713432255806 0.00116 455
1713432509430 0.00116 456
1713432827227 0.00116 457
1713433128231 0.00115 458
1713433416999 0.00115 459
1713433746975 0.00115 460
1713434039340 0.00115 461
1713434357178 0.00115 462
1713434647079 0.00114 463
1713434966853 0.00114 464
1713435261386 0.00114 465
1713435540974 0.00114 466
1713435851378 0.00114 467
1713436143286 0.00114 468
1713436442063 0.00113 469
1713436725956 0.00113 470
1713437023336 0.00113 471
1713437313553 0.00113 472
1713437594744 0.00113 473
1713437874778 0.00112 474
1713438192870 0.00112 475
1713438488182 0.00112 476
1713438778799 0.00112 477
1713439091820 0.00112 478
1713439385987 0.00111 479
1713439704393 0.00111 480
1713440012224 0.00111 481
1713440320728 0.00111 482
1713440599721 0.00111 483
1713440884026 0.0011 484
1713441178020 0.0011 485
1713441505229 0.0011 486
1713441789006 0.0011 487
1713442076540 0.0011 488
1713442386838 0.00109 489
1713442674102 0.00109 490
1713443003155 0.00109 491
1713443264755 0.00109 492
1713443567235 0.00109 493
1713443884770 0.00109 494
1713444177229 0.00108 495
1713444487366 0.00108 496
1713444777124 0.00108 497
1713445081974 0.00108 498
1713445379265 0.00108 499
1713445689208 0.00107 500
1713445983193 0.00107 501
1713446295336 0.00107 502
1713446584678 0.00107 503
1713446876294 0.00107 504
1713447159126 0.00106 505
1713447482017 0.00106 506
1713447748591 0.00106 507
1713448071105 0.00106 508
1713448360131 0.00106 509
1713448681118 0.00105 510
1713448984662 0.00105 511
1713449273702 0.00105 512
1713449586709 0.00105 513
1713449889643 0.00105 514
1713450170077 0.00104 515
1713450450481 0.00104 516
1713450773922 0.00104 517
1713451078617 0.00104 518
1713451338834 0.00104 519
1713451654248 0.00104 520
1713451962355 0.00103 521
1713452261984 0.00103 522
1713452572523 0.00103 523
1713452861380 0.00103 524
1713453173820 0.00103 525
1713453463863 0.00102 526
1713453768882 0.00102 527
1713454064605 0.00102 528
1713454366892 0.00102 529
1713454668980 0.00102 530
1713455008936 0.00101 531
1713455311027 0.00101 532
1713455580264 0.00101 533
1713455876868 0.00101 534
1713456152360 0.00101 535
1713456459650 0.001 536
1713456742451 0.001 537
1713457047488 0.001 538
1713457358660 0.001 539
1713457658888 0.001 540
1713457953395 0.00099 541
1713458264262 0.00099 542
1713458559453 0.00099 543
1713458859730 0.00099 544
1713459168530 0.00099 545
1713459484668 0.00098 546
1713459775131 0.00098 547
1713460094911 0.00098 548
1713460403500 0.00098 549
1713460725067 0.00098 550
1713461048619 0.00097 551
1713461319377 0.00097 552
1713461612536 0.00097 553
1713461910522 0.00097 554
1713462218918 0.00097 555
1713462558623 0.00097 556
1713462859334 0.00096 557
1713463152216 0.00096 558
1713463473230 0.00096 559
1713463764151 0.00096 560
1713464049141 0.00096 561
1713464360042 0.00095 562
1713464654915 0.00095 563
1713464965250 0.00095 564
1713465272929 0.00095 565
1713465564522 0.00095 566
1713465854806 0.00094 567
1713466153791 0.00094 568
1713466427433 0.00094 569
1713466729119 0.00094 570
1713467047725 0.00094 571
1713467326627 0.00093 572
1713467619868 0.00093 573
1713467898208 0.00093 574
1713468167541 0.00093 575
1713468473992 0.00093 576
1713468773367 0.00092 577
1713469061345 0.00092 578
1713469337592 0.00092 579
1713469655681 0.00092 580
1713469954605 0.00092 581
1713470249049 0.00091 582
1713470555327 0.00091 583
1713470862968 0.00091 584
1713471159291 0.00091 585
1713471443893 0.00091 586
1713471723149 0.0009 587
1713472032571 0.0009 588
1713472323818 0.0009 589
1713472600743 0.0009 590
1713472898250 0.0009 591
1713473216067 0.00089 592
1713473525225 0.00089 593
1713473820874 0.00089 594
1713474126822 0.00089 595
1713474434561 0.00089 596
1713474728068 0.00088 597
1713475000457 0.00088 598
1713475295231 0.00088 599
1713475616939 0.00088 600
1713475878993 0.00088 601
1713476171347 0.00087 602
1713476432540 0.00087 603
1713476734852 0.00087 604
1713477032862 0.00087 605
1713477316181 0.00087 606
1713477631889 0.00086 607
1713477931794 0.00086 608
1713478230586 0.00086 609
1713478509298 0.00086 610
1713478821420 0.00086 611
1713479117497 0.00086 612
1713479431571 0.00085 613
1713479748830 0.00085 614
1713480072984 0.00085 615
1713480383083 0.00085 616
1713480674314 0.00085 617
1713480932318 0.00084 618
1713481255675 0.00084 619
1713481536742 0.00084 620
1713481850116 0.00084 621
1713482115110 0.00084 622
1713482408375 0.00083 623
1713482723322 0.00083 624
1713483007066 0.00083 625
1713483306133 0.00083 626
1713483621948 0.00083 627
1713483924719 0.00082 628
1713484211788 0.00082 629
1713484523112 0.00082 630
1713484814684 0.00082 631
1713485111039 0.00082 632
1713485435147 0.00081 633
1713485729718 0.00081 634
1713486018702 0.00081 635
1713486321750 0.00081 636
1713486605190 0.00081 637
1713486872116 0.0008 638
1713487159718 0.0008 639
1713487458228 0.0008 640
1713487724856 0.0008 641
1713488012734 0.0008 642
1713488314680 0.00079 643
1713488617695 0.00079 644
1713488898744 0.00079 645
1713489203843 0.00079 646
1713489519221 0.00079 647
1713489812155 0.00078 648
1713490109905 0.00078 649
1713490427124 0.00078 650
1713490703362 0.00078 651
1713491008530 0.00078 652
1713491300029 0.00077 653
1713491590212 0.00077 654
1713491883531 0.00077 655
1713492212062 0.00077 656
1713492495950 0.00077 657
1713492792573 0.00076 658
1713493106653 0.00076 659
1713493425881 0.00076 660
1713493710774 0.00076 661
1713494020098 0.00076 662
1713494332298 0.00075 663
1713494626692 0.00075 664
1713494928284 0.00075 665
1713495214361 0.00075 666
1713495538833 0.00075 667
1713495805929 0.00074 668
1713496130450 0.00074 669
1713496417110 0.00074 670
1713496724366 0.00074 671
1713497033904 0.00074 672
1713497317317 0.00073 673
1713497607404 0.00073 674
1713497935272 0.00073 675
1713498195974 0.00073 676
1713498467812 0.00073 677
1713498750998 0.00072 678
1713499044510 0.00072 679
1713499341795 0.00072 680
1713499676139 0.00072 681
1713499978527 0.00072 682
1713500306281 0.00071 683
1713500567349 0.00071 684
1713500881521 0.00071 685
1713501173013 0.00071 686
1713501485571 0.00071 687
1713501771355 0.0007 688
1713502065533 0.0007 689
1713502351311 0.0007 690
1713502682365 0.0007 691
1713502980040 0.0007 692
1713503269675 0.00069 693
1713503569230 0.00069 694
1713503929707 0.00069 695
1713504220022 0.00069 696
1713504499996 0.00068 697
1713504808234 0.00068 698
1713505109132 0.00068 699
1713505433820 0.00068 700
1713505727476 0.00068 701
1713505983387 0.00067 702
1713506296333 0.00067 703
1713506578141 0.00067 704
1713506900881 0.00067 705
1713507210781 0.00067 706
1713507490209 0.00066 707
1713507791170 0.00066 708
1713508081496 0.00066 709
1713508393924 0.00066 710
1713508691973 0.00066 711
1713509014043 0.00065 712
1713509316621 0.00065 713
1713509634323 0.00065 714
1713509921200 0.00065 715
1713510226447 0.00065 716
1713510497385 0.00064 717
1713510775394 0.00064 718
1713511097036 0.00064 719
1713511398339 0.00064 720
1713511674468 0.00064 721
1713512000581 0.00063 722
1713512267095 0.00063 723
1713512568031 0.00063 724
1713512866553 0.00063 725
1713513163111 0.00063 726
1713513471048 0.00062 727
1713513762541 0.00062 728
1713514081440 0.00062 729
1713514355934 0.00062 730
1713514677400 0.00062 731
1713514988801 0.00061 732
1713515271735 0.00061 733
1713515569760 0.00061 734
1713515865938 0.00061 735
1713516181103 0.00061 736
1713516475081 0.0006 737
1713516795510 0.0006 738
1713517118162 0.0006 739
1713517433819 0.0006 740
1713517749764 0.00059 741
1713518051324 0.00059 742
1713518360370 0.00059 743
1713518654037 0.00059 744
1713518960376 0.00059 745
1713519246900 0.00058 746
1713519527945 0.00058 747
1713519839542 0.00058 748
1713520115672 0.00058 749
1713520451448 0.00058 750
1713520688516 0.00057 751
1713521000226 0.00057 752
1713521293581 0.00057 753
1713521609068 0.00057 754
1713521904665 0.00057 755
1713522203888 0.00056 756
1713522489170 0.00056 757
1713522796899 0.00056 758
1713523115395 0.00056 759
1713523404905 0.00056 760
1713523718242 0.00055 761
1713524001852 0.00055 762
1713524306632 0.00055 763
1713524588044 0.00055 764
1713524886301 0.00055 765
1713525208527 0.00054 766
1713525503744 0.00054 767
1713525806965 0.00054 768
1713526098316 0.00054 769
1713526395244 0.00053 770
1713526705414 0.00053 771
1713526995842 0.00053 772
1713527308398 0.00053 773
1713527623537 0.00053 774
1713527916653 0.00052 775
1713528233185 0.00052 776
1713528509657 0.00052 777
1713528815287 0.00052 778
1713529117582 0.00052 779
1713529415104 0.00051 780
1713529695279 0.00051 781
1713530000110 0.00051 782
1713530282185 0.00051 783
1713530586264 0.00051 784
1713530885747 0.0005 785
1713531204036 0.0005 786
1713531490789 0.0005 787
1713531829092 0.0005 788
1713532133535 0.0005 789
1713532417007 0.00049 790
1713532723124 0.00049 791
1713533019487 0.00049 792
1713533328036 0.00049 793
1713533635353 0.00048 794
1713533910321 0.00048 795
1713534221448 0.00048 796
1713534550100 0.00048 797
1713534825176 0.00048 798
1713535117089 0.00047 799
1713535431250 0.00047 800
1713535713622 0.00047 801
1713536013133 0.00047 802
1713536298763 0.00047 803
1713536606215 0.00046 804
1713536911759 0.00046 805
1713537222365 0.00046 806
1713537527818 0.00046 807
1713537819073 0.00046 808
1713538145295 0.00045 809
1713538438944 0.00045 810
1713538737363 0.00045 811
1713539058983 0.00045 812
1713539341650 0.00044 813
1713539647226 0.00044 814
1713539932369 0.00044 815
1713540229069 0.00044 816
1713540514798 0.00044 817
1713540812698 0.00043 818
1713541091573 0.00043 819
1713541450491 0.00043 820
1713541770403 0.00043 821
1713542043775 0.00043 822
1713542361407 0.00042 823
1713542683737 0.00042 824
1713542963192 0.00042 825
1713543247745 0.00042 826
1713543582900 0.00041 827
1713543854759 0.00041 828
1713544143586 0.00041 829
1713544459981 0.00041 830
1713544726288 0.00041 831
1713545011569 0.0004 832
1713545304186 0.0004 833
1713545592420 0.0004 834
1713545903657 0.0004 835
1713546208564 0.0004 836
1713546482809 0.00039 837
1713546791097 0.00039 838
1713547079533 0.00039 839
1713547351709 0.00039 840
1713547653178 0.00038 841
1713547967263 0.00038 842
1713548261490 0.00038 843
1713548570284 0.00038 844
1713548878451 0.00038 845
1713549202499 0.00037 846
1713549509385 0.00037 847
1713549800795 0.00037 848
1713550096215 0.00037 849
1713550440194 0.00036 850
1713550722325 0.00036 851
1713551058309 0.00036 852
1713551304636 0.00036 853
1713551612597 0.00036 854
1713551912715 0.00035 855
1713552189106 0.00035 856
1713552494369 0.00035 857
1713552811102 0.00035 858
1713553095840 0.00035 859
1713553394534 0.00034 860
1713553710276 0.00034 861
1713553993499 0.00034 862
1713554289517 0.00034 863
1713554601011 0.00033 864
1713554901026 0.00033 865
