1713295131338 6.595548103027526e-06 0
1713295364608 0.0 1
1713295685546 0.04163494214180869 2
1713295979468 0.04875200127411042 3
1713296277680 0.03343716380061765 4
1713296584598 0.04130571199311352 5
1713296881465 0.021472925704647438 6
1713297204535 0.01712924594921544 7
1713297503341 0.048557342123813275 8
1713297810366 0.036720696163128834 9
1713298109453 0.03745792642699881 10
1713298400696 0.024071058042028932 11
1713298696208 0.0400505297478364 12
1713298991263 0.04615134716751468 13
1713299275206 0.046953197229803505 14
1713299601678 0.04435795632420578 15
1713299900070 0.04535995492257871 16
1713300218908 0.042896918748181224 17
1713300537379 0.04935907197879178 18
1713300838960 0.03714365963951772 19
1713301151448 0.039578545509760435 20
1713301477535 0.05727139688164271 21
1713301787893 0.03835196648173917 22
1713302109553 0.08122140782447515 23
1713302412595 0.09831644433057368 24
1713302692436 0.09672066584035731 25
1713303019751 0.08306940273293066 26
1713303329811 0.11296237638165486 27
1713303640040 0.07161068845128339 28
1713303950877 0.09213510504224444 29
1713304246239 0.06489369226662431 30
1713304550881 0.14797545122470748 31
1713304858203 0.09540906889571611 32
1713305171653 0.12253881241740068 33
1713305468851 0.11998407680024196 34
1713305770696 0.10977971092112906 35
1713306076498 0.08582382056923091 36
1713306396961 0.1210496868781946 37
1713306713709 0.09067780608838132 38
1713307012100 0.1292253665282504 39
1713307302240 0.14480991217842593 40
1713307635223 0.14011497638408818 41
1713307931371 0.15154140350541703 42
1713308250230 0.12011039311988342 43
1713308562847 0.10886545469811294 44
1713308860278 0.17069046088309406 45
1713309162133 0.15965089810183888 46
1713309451242 0.14425936360822186 47
1713309765044 0.15368592783326349 48
1713310075454 0.20313712092094793 49
1713310395276 0.17135058095486094 50
1713310697871 0.16932094249371687 51
1713310995349 0.17019316960372521 52
1713311285300 0.2255314556673755 53
1713311588935 0.13607060283565017 54
1713311909920 0.1875961534675657 55
1713312201303 0.19889801482537978 56
1713312514242 0.20708346675845554 57
1713312809839 0.22437375367701345 58
1713313117430 0.16975510077849199 59
1713313409900 0.18523911196761655 60
1713313692826 0.18963036735416539 61
1713314006815 0.11788799830393802 62
1713314296250 0.27934220446407715 63
1713314605451 0.23995913022824475 64
1713314911761 0.2480105665382158 65
1713315223795 0.2642058457098279 66
1713315535786 0.28430382770218326 67
1713315858156 0.2991077982332713 68
1713316151396 0.29065019826518745 69
1713316468971 0.30438720665919816 70
1713316777894 0.23140799812794097 71
1713317094748 0.26709903520721096 72
1713317373406 0.22993964585861773 73
1713317671351 0.24560453144580638 74
1713317960606 0.1929373962770683 75
1713318267301 0.24868569070043461 76
1713318545401 0.30298808255247656 77
1713318859010 0.2996791768051722 78
1713319170195 0.3256778606308536 79
1713319474204 0.29010454162229077 80
1713319799270 0.32080491180213483 81
1713320078120 0.2826527350258772 82
1713320386069 0.30391581021267816 83
1713320678418 0.30046564967792294 84
1713320966309 0.34628116348387483 85
1713321292043 0.20506028501124282 86
1713321573006 0.3626380514564434 87
1713321882626 0.22899627884087784 88
1713322156655 0.3124495002043732 89
1713322473169 0.30783201608569194 90
1713322751337 0.2968455991494253 91
1713323067827 0.3286324775586655 92
1713323385222 0.39152180202487674 93
1713323675618 0.33302371105719347 94
1713323987683 0.3732399713920852 95
1713324287689 0.3760673217827624 96
1713324584229 0.4502722863208483 97
1713324918258 0.3539003597064523 98
1713325225421 0.4636553953329593 99
1713325544504 0.3282624856371173 100
1713325836172 0.3584651056900158 101
1713326141445 0.3767319397821891 102
1713326427877 0.3980840595834558 103
1713326744774 0.3413750860195422 104
1713327020842 0.3798001720259701 105
1713327332456 0.4300639754493458 106
1713327629563 0.3430237916962046 107
1713327923233 0.38106809962959987 108
1713328217885 0.4283128575985656 109
1713328538058 0.40639785967941056 110
1713328828708 0.4514655472539887 111
1713329155598 0.4453466114771973 112
1713329453025 0.30305373563427984 113
1713329734487 0.42722064562412765 114
1713330038745 0.44577000653361665 115
1713330338844 0.45351230581943563 116
1713330632803 0.3747580135036158 117
1713330922466 0.43940875007370767 118
1713331220678 0.35563086668172567 119
1713331518158 0.46196222990302904 120
1713331839986 0.40244421484808 121
1713332129339 0.4905628495165339 122
1713332454281 0.48506721112864354 123
1713332772091 0.44840257494105046 124
1713333066516 0.4767499541270436 125
1713333370890 0.5171463246269258 126
1713333695350 0.4958146122697622 127
1713334000799 0.4498857216117796 128
1713334311457 0.4477524257211993 129
1713334620933 0.42932899837450667 130
1713334888946 0.5622170480169236 131
1713335216406 0.5142738540395426 132
1713335504843 0.40143771554689717 133
1713335797403 0.5171322482259534 134
1713336109349 0.5396271642207101 135
1713336389717 0.4913995579277676 136
1713336709114 0.5244978159213248 137
1713337003388 0.4635088148505876 138
1713337324690 0.4554625140426224 139
1713337644227 0.5009138742980864 140
1713337901900 0.5105304793984711 141
1713338210748 0.5392368274416881 142
1713338495612 0.6023926587886576 143
1713338839179 0.45844236887254725 144
1713339152351 0.4946772269270853 145
1713339439083 0.5027366874016141 146
1713339738650 0.5346043924205096 147
1713340025942 0.53747879708293 148
1713340312035 0.45754510575319557 149
1713340604325 0.4626461644672395 150
1713340906743 0.5882432040760949 151
1713341214988 0.5481755906014479 152
1713341511416 0.5039717200021016 153
1713341786117 0.444885693959779 154
1713342096086 0.4934089315159354 155
1713342396927 0.5955283383415666 156
1713342726940 0.5414693329880825 157
1713343030250 0.46679732649292144 158
1713343344015 0.5070668431598936 159
1713343642988 0.5418697849513421 160
1713343951089 0.5975258579596426 161
1713344248669 0.5773594562168309 162
1713344572420 0.5288975769944095 163
1713344873192 0.5268725684047504 164
1713345198719 0.6461866025440525 165
1713345486026 0.5662931988013322 166
1713345788876 0.6645815473242555 167
1713346098852 0.5792248740210472 168
1713346428663 0.6201656449975623 169
1713346736788 0.5349005861464499 170
1713347016404 0.5686033943749178 171
1713347324623 0.6265513297772425 172
1713347603685 0.5129463906975206 173
1713347909635 0.5431847946096295 174
1713348174634 0.5825027508021449 175
1713348482085 0.5633825484855354 176
1713348781958 0.5381744581877135 177
1713349083796 0.5931850817319939 178
1713349378177 0.5879848231670319 179
1713349671731 0.6150844541777737 180
1713349974111 0.6281081636374496 181
1713350269100 0.6227114230062389 182
1713350589132 0.5181307366074482 183
1713350911738 0.5276022248535327 184
1713351194377 0.6170845712820736 185
1713351511171 0.5577146496699409 186
1713351791919 0.6275925131398804 187
1713352096079 0.5116505440889758 188
1713352391026 0.6336320932336068 189
1713352709594 0.5398021733796708 190
1713353004142 0.5759654818066181 191
1713353289402 0.5862677282114893 192
1713353591124 0.585714990281967 193
1713353879811 0.6371160972620694 194
1713354192124 0.6038699449294948 195
1713354496022 0.5310783861922675 196
1713354786013 0.4974331392173752 197
1713355111570 0.5534524016816511 198
1713355423974 0.6036558753992952 199
1713355730773 0.6848396959078661 200
1713356035248 0.6240976261184062 201
1713356347972 0.6705439037515912 202
1713356630679 0.6304897524905654 203
1713356920538 0.592298883453027 204
1713357236782 0.6711380755079239 205
1713357542947 0.6020145136186563 206
1713357839634 0.6520270809737488 207
1713358146313 0.6405830543074484 208
1713358469206 0.6023583899984309 209
1713358748823 0.5611956952306973 210
1713359053364 0.589078959452585 211
1713359342742 0.6249012354989852 212
1713359644505 0.6293322947350694 213
1713359969638 0.6374327326827779 214
1713360274186 0.5997996337125274 215
1713360560492 0.6671993208114816 216
1713360875501 0.5999278507189216 217
1713361170317 0.6204249533276323 218
1713361453562 0.6893151525195338 219
1713361776223 0.6510578370420965 220
1713362076874 0.6295135865624361 221
1713362396483 0.640011085606492 222
1713362710643 0.5887135428054512 223
1713363001524 0.5878311874239668 224
1713363306095 0.6070657719865242 225
1713363615590 0.6242408448675583 226
1713363904199 0.6463243127845689 227
1713364220345 0.6036004662400777 228
1713364531300 0.5791544386422959 229
1713364814667 0.662404777136033 230
1713365123969 0.6355448362656714 231
1713365431898 0.5892558291742628 232
1713365725593 0.6860022548742912 233
1713366025223 0.6871301797592089 234
1713366335788 0.5914187824972554 235
1713366663319 0.6520055405470374 236
1713366959298 0.6597914719801528 237
1713367273886 0.6283806562752035 238
1713367591666 0.6164417832477451 239
1713367892558 0.6245721331804888 240
1713368189093 0.6026256600508335 241
1713368493928 0.6592274935304682 242
1713368801474 0.5954836015603201 243
1713369106965 0.6299014361011361 244
1713369412083 0.6914628997929749 245
1713369729440 0.6578233832784922 246
1713370059962 0.675466601647525 247
1713370360863 0.6901012105162382 248
1713370671676 0.6850727010622764 249
1713371006260 0.6787950850742707 250
1713371305157 0.6869642883234061 251
1713371604568 0.6338559010084694 252
1713371884841 0.606592655674093 253
1713372204737 0.6584180621045024 254
1713372482590 0.7094064572790444 255
1713372789226 0.6522510572995508 256
1713373053687 0.7109972019852926 257
1713373371488 0.6187392627651185 258
1713373683775 0.6723681143228734 259
1713373964346 0.6989633460187169 260
1713374247293 0.6457431162534387 261
1713374550514 0.7284260755241169 262
1713374829716 0.6599706716520515 263
1713375143982 0.575686723914942 264
1713375424754 0.6986808019807149 265
1713375737025 0.6861378243947096 266
1713376032829 0.63505446002422 267
1713376339787 0.6915921665626283 268
1713376643218 0.6207402425949765 269
1713376953084 0.6821509127820768 270
1713377214969 0.653615240246737 271
1713377526583 0.713800384125932 272
1713377806743 0.6426182076185577 273
1713378102256 0.6393527149568805 274
1713378425685 0.6503715664454599 275
1713378712103 0.7055486231782562 276
1713379008849 0.7155967902362989 277
1713379308046 0.6558122161197432 278
1713379606533 0.696850411072903 279
1713379926356 0.5917597532214613 280
1713380221167 0.7005504563327913 281
1713380539838 0.6280887564230551 282
1713380842409 0.6808345774715868 283
1713381141726 0.6219141319682796 284
1713381424710 0.6803965352918034 285
1713381737552 0.6750448205778884 286
1713382048664 0.6925953486383823 287
1713382346566 0.671271599718907 288
1713382652011 0.7190292116337027 289
1713382955042 0.7063419628704565 290
1713383271450 0.7121749690172336 291
1713383580924 0.6835889097514813 292
1713383875228 0.6992499524928145 293
1713384163569 0.6875226245474693 294
1713384489794 0.6450657063993485 295
1713384784190 0.707576516542643 296
1713385083980 0.6465723062731626 297
1713385402192 0.646028263631845 298
1713385709013 0.7589496172293535 299
1713386016994 0.674646359369595 300
1713386314753 0.7183565175885004 301
1713386630475 0.6774406505188516 302
1713386918274 0.6900550654167592 303
1713387208714 0.6918789713393622 304
1713387539110 0.6068320162503834 305
1713387834441 0.7202011171252762 306
1713388138644 0.704751689137861 307
1713388461550 0.6877461328248583 308
1713388752629 0.7541237618880079 309
1713389061741 0.6912629213694625 310
1713389364756 0.7273401035010002 311
1713389687257 0.6356285639008017 312
1713389984932 0.7086042309656018 313
1713390274558 0.6476223217496628 314
1713390571288 0.696865860556427 315
1713390879488 0.7366083451116944 316
1713391154876 0.716277976824871 317
1713391451107 0.714329981810161 318
1713391753796 0.6628975923504873 319
1713392058201 0.7087537639280905 320
1713392374009 0.7397764004481627 321
1713392692292 0.6998200491779817 322
1713392990610 0.7385880775150361 323
1713393296926 0.7274945143379489 324
1713393605876 0.647309548633577 325
1713393924324 0.6275313655524035 326
1713394210994 0.664506405958454 327
1713394524920 0.676553690924109 328
1713394814769 0.748593638358899 329
1713395121947 0.7077522838540877 330
1713395416214 0.6942111514844506 331
1713395721880 0.7335386217315764 332
1713396031249 0.7312791005055617 333
1713396325476 0.6825582816367824 334
1713396609966 0.7023390504384418 335
1713396916989 0.6490047888694571 336
1713397227120 0.6590998412028675 337
1713397524685 0.7114032519192363 338
1713397835026 0.6596120780696616 339
1713398129219 0.7547462226839968 340
1713398415675 0.6450090962841384 341
1713398712706 0.6717702168039 342
1713398994671 0.7264129951915372 343
1713399301834 0.7155042221067165 344
1713399611346 0.7281498777946201 345
1713399911912 0.7345612266365258 346
1713400213474 0.7399721098175146 347
1713400536397 0.7645781021380655 348
1713400865929 0.6958835115069887 349
1713401176592 0.7064412059739599 350
1713401457994 0.7535805907401757 351
1713401755807 0.6649712333545977 352
1713402040885 0.7824052394641203 353
1713402341220 0.7303040213466275 354
1713402640988 0.6641987282339372 355
1713402915840 0.6976141455246054 356
1713403212031 0.7363448749240257 357
1713403503026 0.7623285802026305 358
1713403816874 0.6646060177618057 359
1713404101193 0.7609139660063967 360
1713404400646 0.6951530560561261 361
1713404708553 0.683252177755094 362
1713405030700 0.6139715997854529 363
1713405319176 0.7268199459251548 364
1713405639365 0.714086985072074 365
1713405928043 0.6918655480470439 366
1713406218060 0.7110532613590839 367
1713406521296 0.7042331329664884 368
1713406810601 0.7181558009987373 369
1713407101037 0.7173868063856635 370
1713407411067 0.7482011498932232 371
1713407718062 0.6646936769719384 372
1713408005034 0.7727563829247702 373
1713408303954 0.7254125099858055 374
1713408571691 0.7674898608677035 375
1713408871131 0.7310941456960026 376
1713409189150 0.6997074686903725 377
1713409484517 0.6444590388889263 378
1713409796061 0.7404516505677339 379
1713410100073 0.7120172359060769 380
1713410412353 0.7164599095166805 381
1713410691719 0.7467582114865361 382
1713411001366 0.7298144862904151 383
1713411304983 0.7432433840582215 384
1713411623674 0.6795024690987895 385
1713411899818 0.6992427541497201 386
1713412213129 0.7471410397219451 387
1713412513830 0.7796025636629664 388
1713412837183 0.6763475560281381 389
1713413140691 0.7371228049266129 390
1713413449091 0.7583062064719966 391
1713413760024 0.7110204159565586 392
1713414055388 0.7107712890454282 393
1713414348856 0.7450976259918686 394
1713414641684 0.7877722934800153 395
1713414969658 0.7078377990010676 396
1713415253701 0.6547882325231169 397
1713415548996 0.7512290531972277 398
1713415847136 0.7719848531677961 399
1713416148079 0.7506552133901447 400
1713416451098 0.7446787773866599 401
1713416771184 0.6762141662549513 402
1713417060992 0.7390029832577092 403
1713417338584 0.7274671814667297 404
1713417637600 0.7146813819304828 405
1713417926836 0.765422260148215 406
1713418215241 0.6915489778234939 407
1713418498646 0.7292679447426149 408
1713418786895 0.7270491705992571 409
1713419100336 0.7719420060729423 410
1713419370253 0.7144360444160804 411
1713419665007 0.6925232038776392 412
1713419968894 0.6696285796254305 413
1713420241947 0.7226933847024001 414
1713420543860 0.7843339112034847 415
1713420826234 0.6825022324212188 416
1713421145109 0.7201330275679242 417
1713421418912 0.6916498079803456 418
1713421719776 0.7484628759903775 419
1713422021196 0.7614540346998825 420
1713422316087 0.7672453227154962 421
1713422623160 0.7382574805143375 422
1713422926223 0.7522684548758019 423
1713423232485 0.7198067186248063 424
1713423521459 0.7675442241741829 425
1713423843964 0.745031059247009 426
1713424163222 0.7970222501486027 427
1713424458876 0.7159717209577178 428
1713424779659 0.7687376014176083 429
1713425066921 0.6992581075181029 430
1713425373279 0.7445838276690837 431
1713425650454 0.7205913989469082 432
1713425972737 0.7641995332961478 433
1713426279603 0.6883296032157378 434
1713426601124 0.7113824556272311 435
1713426900583 0.7933693163347135 436
1713427208478 0.7619567632520545 437
1713427491746 0.7049024655301909 438
1713427806377 0.7344433390769118 439
1713428095600 0.6916523955058822 440
1713428402000 0.7750434092989387 441
1713428680265 0.6767864306648198 442
1713428968784 0.7600912796186665 443
1713429266629 0.7199195313042924 444
1713429560256 0.699332204390123 445
1713429855099 0.7528825412142398 446
1713430135801 0.6959530796388287 447
1713430451546 0.6826239376738107 448
1713430739008 0.7596305823211512 449
1713431036014 0.7420421379033034 450
1713431331651 0.7505566941530906 451
1713431640824 0.7209527183206028 452
1713431948270 0.7400065934536546 453
1713432244308 0.7415684425450251 454
1713432506886 0.753167048011233 455
1713432824846 0.7726189336532722 456
1713433125173 0.7054480289512756 457
1713433414477 0.6907057425200899 458
1713433708385 0.7995660070580483 459
1713434036865 0.7914286247893096 460
1713434354327 0.736279332248762 461
1713434636796 0.7364637993239632 462
1713434935256 0.7920145163431214 463
1713435227037 0.7469644004972346 464
1713435538376 0.7315645314910728 465
1713435822320 0.7743071381847659 466
1713436140626 0.7413638738162843 467
1713436417213 0.7837178428234258 468
1713436723206 0.7011093693135684 469
1713437020909 0.7141470093536163 470
1713437311051 0.7105077955987801 471
1713437591722 0.7476498521906937 472
1713437872209 0.7587456493206945 473
1713438190160 0.7058689867031406 474
1713438485555 0.7338160200695201 475
1713438775271 0.7664836933759591 476
1713439081879 0.7364255709223054 477
1713439383308 0.7788733517630192 478
1713439701913 0.7669501088959836 479
1713440009539 0.7378863366952888 480
1713440318165 0.7580075582941521 481
1713440596951 0.7536896506735246 482
1713440881440 0.7670090820591589 483
1713441174662 0.7598055053829662 484
1713441468774 0.8073478899574638 485
1713441752525 0.7833907941188557 486
1713442063571 0.7620148664843901 487
1713442358432 0.7731107038173063 488
1713442671469 0.728255605644105 489
1713442970575 0.8102163324769471 490
1713443262287 0.699569687268331 491
1713443564725 0.7760233293344362 492
1713443881783 0.7093407197570462 493
1713444174671 0.7578046971457508 494
1713444484703 0.74152264654962 495
1713444774466 0.7266697141496758 496
1713445079259 0.750130800641058 497
1713445376583 0.7356848431906146 498
1713445666091 0.7729037720847531 499
1713445980672 0.7862599602139932 500
1713446290376 0.6759943349110724 501
1713446581496 0.7637852767364149 502
1713446872104 0.7320938423740663 503
1713447156545 0.7510051304299056 504
1713447444921 0.8147702301357519 505
1713447746026 0.721395990597295 506
1713448068375 0.7308923852754214 507
1713448357554 0.7530786708013274 508
1713448678348 0.7462013315032576 509
1713448982140 0.8126209035228856 510
1713449271186 0.7697409591712582 511
1713449583825 0.7345849726601972 512
1713449878299 0.7702947978102729 513
1713450167442 0.7153028806865425 514
1713450447931 0.7421812977926942 515
1713450771235 0.7860941753340245 516
1713451075612 0.6951758131545688 517
1713451335984 0.7873445320154523 518
1713451651613 0.7370177414112901 519
1713451959690 0.7717548177355843 520
1713452259135 0.7027654819674782 521
1713452569941 0.7264810996309189 522
1713452858866 0.7952925007552184 523
1713453171162 0.7332898494732798 524
1713453460918 0.7847261236675166 525
1713453766244 0.7867423963582575 526
1713454062066 0.7956768143358564 527
1713454364077 0.7726164567039606 528
1713454666027 0.76608636197701 529
1713454956853 0.8013352796078426 530
1713455284019 0.7803525017649655 531
1713455577599 0.7171965221844234 532
1713455874278 0.7425373382451301 533
1713456149867 0.6657341259330192 534
1713456457128 0.7740814197763725 535
1713456733214 0.7806389234902985 536
1713457044972 0.7311147688898029 537
1713457355276 0.7549024116782259 538
1713457656253 0.7640096591928001 539
1713457950608 0.7878795764153329 540
1713458261629 0.74095056772946 541
1713458556496 0.7830485551761172 542
1713458857116 0.6925573697948425 543
1713459165130 0.7545998432352812 544
1713459482097 0.7745510645121919 545
1713459772487 0.7863624679230231 546
1713460092290 0.7710767026179712 547
1713460400802 0.7847064159841964 548
1713460683782 0.7836838154260917 549
1713461005501 0.8210568739907614 550
1713461316810 0.7159443440935075 551
1713461609950 0.769828784627185 552
1713461907935 0.7867819397225585 553
1713462216320 0.7887618020242367 554
1713462523841 0.7852623334941645 555
1713462822656 0.8085661326359996 556
1713463127661 0.780547578549547 557
1713463445509 0.8163618341340088 558
1713463739431 0.794005889530758 559
1713464046476 0.7773818060350021 560
1713464334276 0.8052169737909672 561
1713464652215 0.7559001148543918 562
1713464946835 0.8173620326185701 563
1713465236864 0.7961969404881964 564
1713465543450 0.8018663231491991 565
1713465852310 0.7580911817762174 566
1713466151310 0.791086984424111 567
1713466424864 0.7373084690914197 568
1713466726304 0.7406088452423164 569
1713467045238 0.6933348656112734 570
1713467323914 0.7032519642139875 571
1713467608452 0.7575388729747783 572
1713467895710 0.7809626742181573 573
1713468165006 0.7953102246012554 574
1713468471262 0.770748672317914 575
1713468770785 0.7904033919712024 576
1713469058634 0.7862580743284568 577
1713469334935 0.7496398463965781 578
1713469652737 0.7743093811383114 579
1713469944566 0.7979683178426512 580
1713470246382 0.7831044836283046 581
1713470552592 0.7922027125981648 582
1713470860348 0.7819614788290685 583
1713471156555 0.7286575279291639 584
1713471441184 0.7794309414534211 585
1713471720448 0.7725453726668513 586
1713472029850 0.7318618029633123 587
1713472312659 0.8351040410087658 588
1713472598062 0.7612754904020699 589
1713472895745 0.773229609024293 590
1713473213278 0.7457714903860155 591
1713473522658 0.7778246663876962 592
1713473818215 0.7271673810747441 593
1713474123485 0.7757887156695902 594
1713474431818 0.7530109246758273 595
1713474716131 0.7991443693470612 596
1713474997970 0.7818548458012984 597
1713475292652 0.8379337978371642 598
1713475583828 0.8015254880383256 599
1713475876476 0.7605946951970936 600
1713476168762 0.8134457666960496 601
1713476430017 0.7376138907707064 602
1713476732000 0.796320934394149 603
1713477021527 0.8030550094167285 604
1713477313674 0.7813554989258911 605
1713477629378 0.7578599519722123 606
1713477929149 0.8107616758635878 607
1713478227776 0.7285418033115365 608
1713478506662 0.7919904383274089 609
1713478818616 0.7730604027805862 610
1713479114836 0.7737857411247338 611
1713479428981 0.806413527439294 612
1713479746258 0.8044550774972937 613
1713480053748 0.8285061184341264 614
1713480353044 0.811386357939071 615
1713480670121 0.777854790956108 616
1713480929820 0.7685550150509722 617
1713481252652 0.7818607530737259 618
1713481534110 0.7412967850238449 619
1713481847433 0.7924216737782369 620
1713482112530 0.8128502993282254 621
1713482405687 0.8083380332841898 622
1713482720739 0.7903012361073871 623
1713483004535 0.7556064396380433 624
1713483303574 0.7798366034643116 625
1713483619267 0.7321846851781648 626
1713483914309 0.8072205826559476 627
1713484209236 0.7786176651875623 628
1713484520490 0.8246365320534789 629
1713484811781 0.8084785137340257 630
1713485108325 0.7899727602940289 631
1713485410895 0.8031217572578266 632
1713485727169 0.78537122626155 633
1713486016169 0.7208277136016309 634
1713486312064 0.7943710208837687 635
1713486602665 0.7720747954542958 636
1713486869530 0.7186039266077429 637
1713487156918 0.7762333839586174 638
1713487455584 0.7715706957489438 639
1713487720766 0.8004182830355605 640
1713488009970 0.7283075258072316 641
1713488312055 0.788984018739948 642
1713488606398 0.7850749509777634 643
1713488896057 0.7728869561203436 644
1713489201137 0.7835658904011598 645
1713489516525 0.7643875802903699 646
1713489808917 0.7736992808437716 647
1713490107208 0.7813253676268349 648
1713490392270 0.7642281779059722 649
1713490700739 0.7711279401808997 650
1713490999231 0.8041047607151574 651
1713491297439 0.7878656815721699 652
1713491587634 0.7649701364107467 653
1713491880917 0.8212552005532069 654
1713492209384 0.7754738520279095 655
1713492493299 0.7983041610797554 656
1713492789836 0.8184095320262976 657
1713493102877 0.7141328650692459 658
1713493416733 0.8161852089793961 659
1713493708225 0.7601594779814157 660
1713494016911 0.7848679912991172 661
1713494329669 0.8084310107445176 662
1713494624143 0.7649389271846612 663
1713494925596 0.7661544006397558 664
1713495211692 0.7580664212144239 665
1713495535438 0.7960558524969952 666
1713495802994 0.7632440079304643 667
1713496127918 0.7927084175602714 668
1713496413771 0.7924378579216113 669
1713496721754 0.7438977221536488 670
1713497031055 0.8074072343758552 671
1713497314238 0.8183224280763766 672
1713497604751 0.8063208649684012 673
1713497887740 0.8395274691953413 674
1713498186173 0.762331971854538 675
1713498465291 0.7519751413086164 676
1713498748417 0.7704127451366923 677
1713499041924 0.8066636578294507 678
1713499338910 0.8037520389742138 679
1713499630413 0.8274528522290613 680
1713499943086 0.8067047651376693 681
1713500258349 0.8109246160141682 682
1713500564759 0.7569373216867384 683
1713500878587 0.7882152709307264 684
1713501170401 0.7362713047133024 685
1713501482834 0.7954683267563463 686
1713501768748 0.782279092034957 687
1713502062601 0.7914326865032127 688
1713502348431 0.803151877266347 689
1713502672871 0.8169666142665922 690
1713502977317 0.8080845449445658 691
1713503266636 0.7887793902744646 692
1713503566558 0.7999551228424521 693
1713503882706 0.8307640558570244 694
1713504200120 0.8251489819644782 695
1713504497272 0.7387526696470783 696
1713504805553 0.7730036078887663 697
1713505106251 0.8122951312095261 698
1713505405538 0.8117443492392432 699
1713505724156 0.7952840221254766 700
1713505980722 0.7916445473913963 701
1713506293347 0.7787336324538993 702
1713506575562 0.7518372960839709 703
1713506898199 0.8326157581993457 704
1713507199037 0.7792162651655922 705
1713507487611 0.7640306599112231 706
1713507788529 0.7392838713402534 707
1713508078868 0.7882266068438621 708
1713508390875 0.8031904235650819 709
1713508688844 0.8058261307308504 710
1713509011360 0.8049224622068771 711
1713509313726 0.7606497809477145 712
1713509622916 0.8091878761146433 713
1713509918125 0.766624507306429 714
1713510223754 0.8000097584880667 715
1713510494553 0.8192551483449058 716
1713510771975 0.7938237678867882 717
1713511094302 0.819035730822364 718
1713511395656 0.8090862396337742 719
1713511671763 0.820588751603212 720
1713511966170 0.8368665580381373 721
1713512264251 0.7628995426008356 722
1713512565338 0.7802026420035015 723
1713512863828 0.8078308121674345 724
1713513160362 0.7803370602465859 725
1713513468264 0.731662187468281 726
1713513759736 0.7517241309217905 727
1713514070728 0.8137648936165853 728
1713514353227 0.7496419882117424 729
1713514674183 0.784259172381931 730
1713514986159 0.7913906811754307 731
1713515268951 0.8081963755685363 732
1713515566975 0.8096844113861065 733
1713515863252 0.7826371418093486 734
1713516178363 0.7803048305641958 735
1713516472510 0.819789645752704 736
1713516792452 0.8139882499015337 737
1713517115300 0.7970669221329192 738
1713517431175 0.794755684221542 739
1713517746220 0.8088603675058815 740
1713518048656 0.7686504978604883 741
1713518357649 0.8066882522608352 742
1713518651224 0.806321852977468 743
1713518949040 0.7989956125403438 744
1713519244204 0.7882999969389257 745
1713519525347 0.77467828105014 746
1713519836567 0.8024291336953829 747
1713520112985 0.7863270298360082 748
1713520413175 0.7984784473082167 749
1713520685403 0.8203386041141827 750
1713520997434 0.8024409245949262 751
1713521283017 0.8121843607979949 752
1713521606529 0.8070179637908137 753
1713521902107 0.755685872508449 754
1713522201271 0.7647798106220101 755
1713522486328 0.7257240480972987 756
1713522794081 0.7671571683146319 757
1713523112394 0.7909682833321845 758
1713523401957 0.7640825915794718 759
1713523709725 0.7509037110326824 760
1713523999182 0.8344428627759044 761
1713524303911 0.7997323020179916 762
1713524584967 0.7888426694895477 763
1713524883497 0.7917474680611724 764
1713525205811 0.8315285822951669 765
1713525500841 0.7643297471585132 766
1713525803978 0.798205426503926 767
1713526089220 0.813202836855637 768
1713526391959 0.7518359628630128 769
1713526702701 0.8220921638867701 770
1713526993040 0.8224718872460957 771
1713527305586 0.7898636196406736 772
1713527620253 0.8002159836477128 773
1713527913858 0.8214543026325054 774
1713528230468 0.7890626961982403 775
1713528499449 0.7715950650358654 776
1713528812272 0.8411730383142703 777
1713529115010 0.8078557145283782 778
1713529412244 0.8204384261935326 779
1713529692468 0.7734980992718679 780
1713529997410 0.8132569286208198 781
1713530279486 0.7967714564248133 782
1713530583417 0.7869153646250981 783
1713530875614 0.8285394118095775 784
1713531173410 0.8184010464624814 785
1713531487928 0.799193782726756 786
1713531785306 0.8305714383562085 787
1713532110865 0.8240950192813542 788
1713532414313 0.8015872534179971 789
1713532712118 0.7907726739098471 790
1713533016775 0.7484055414378484 791
1713533325418 0.8101381028966816 792
1713533631731 0.8364446570423222 793
1713533907505 0.8277381371107535 794
1713534218642 0.8048753262380249 795
1713534519949 0.832006923518988 796
1713534822446 0.7765796689958229 797
1713535106371 0.7897261278516885 798
1713535405394 0.6867202788325674 799
1713535710801 0.7956240738852473 800
1713536010439 0.8059916502328658 801
1713536295933 0.8399307792214074 802
1713536603499 0.8178862504802431 803
1713536909036 0.7780845571733266 804
1713537211988 0.8252828793095585 805
1713537524981 0.8262872109219531 806
1713537816141 0.8379564969554327 807
1713538104037 0.8289296176391484 808
1713538436199 0.7463358526335262 809
1713538734613 0.7907237269050229 810
1713539056182 0.8018141715963873 811
1713539338993 0.8256217076047248 812
1713539644260 0.7999247610040694 813
1713539929708 0.8014168145958149 814
1713540226178 0.8153902665866265 815
1713540511885 0.8156836782338045 816
1713540809950 0.8294494524928927 817
1713541088762 0.8066868576255781 818
1713541425525 0.8410266592413439 819
1713541727537 0.8125605539003394 820
1713542041255 0.7713321324461414 821
1713542358649 0.8129163854300193 822
1713542663151 0.8279945631707905 823
1713542960625 0.8209297948257823 824
1713543245189 0.8096165879129047 825
1713543542598 0.8218817332847725 826
1713543845943 0.8075779552999339 827
1713544141189 0.7923784794906652 828
1713544426956 0.8506830262386589 829
1713544723720 0.7959155468089001 830
1713545008054 0.7766955268288683 831
1713545301414 0.816380721342729 832
1713545589722 0.8336495365972714 833
1713545900690 0.8155731003289047 834
1713546197603 0.8073558882736954 835
1713546480259 0.8250889617919407 836
1713546788612 0.7950257183414732 837
1713547076999 0.8320233049581911 838
1713547349072 0.7972755330030386 839
1713547650505 0.7969017149537205 840
1713547964590 0.7774664396453386 841
1713548258637 0.812438808875545 842
1713548559927 0.7658916156288297 843
1713548875498 0.8160713765313489 844
1713549199831 0.8441898306580665 845
1713549506816 0.8535452055189408 846
1713549798213 0.8066804096926802 847
1713550093473 0.8207931053923526 848
1713550394877 0.810974267769056 849
1713550705542 0.8303932494420186 850
1713551023136 0.8376668897371928 851
1713551301985 0.8085577781723166 852
1713551609987 0.8107727567015093 853
1713551909911 0.8060937509157099 854
1713552186493 0.7931286775019378 855
1713552491714 0.7989759840755385 856
1713552808461 0.7925794095441329 857
1713553093307 0.8067770218652462 858
1713553385609 0.8416535272953628 859
1713553707758 0.8203731168808133 860
1713553990914 0.7385046607269106 861
1713554285688 0.8470322872175029 862
1713554598323 0.7783509508570676 863
1713554898171 0.8538333983790224 864
1713555191034 0.8404376507614159 865
1713555501859 0.8198015736827384 866
1713555809866 0.8305641089382386 867
1713556110250 0.7723466918304215 868
1713556428000 0.7872602861998829 869
1713556710795 0.8341100334794131 870
1713557000217 0.77224107209203 871
1713557343765 0.802502953439132 872
1713557629565 0.7643179471001886 873
1713557940243 0.8355527060813819 874
1713558219244 0.7770594422112913 875
1713558504925 0.8258220376994528 876
1713558793952 0.8118947160650536 877
1713559096747 0.8397079560043268 878
1713559402518 0.8396138105807363 879
1713559691922 0.8284970727237599 880
1713559986149 0.8113676315254923 881
1713560276904 0.814411088702301 882
1713560579305 0.7857829013112313 883
1713560897257 0.8429346273701435 884
1713561205413 0.8170770823969193 885
1713561489444 0.8205747866671547 886
1713561769804 0.8217151847193408 887
1713562085441 0.8309009183112781 888
1713562394904 0.8181148020959115 889
1713562693890 0.8239972294213058 890
1713562970730 0.7983388520646262 891
1713563271209 0.7813261949043935 892
1713563557384 0.8253888769543596 893
1713563850555 0.8220800553920281 894
1713564167296 0.805066742341768 895
1713564467204 0.8332280535172362 896
1713564769811 0.8328458899347707 897
1713565098128 0.8297363385069709 898
1713565416874 0.8133420806095099 899
1713565732406 0.7922841937014776 900
1713566027924 0.8247246740478692 901
1713566320142 0.8219711342232243 902
1713566603278 0.7860502615000086 903
1713566913937 0.7564256242864021 904
1713567220255 0.8186618162874325 905
1713567502204 0.8356356203624025 906
1713567801565 0.8238367958465016 907
1713568101677 0.7896262712166279 908
1713568391266 0.8097755849815702 909
1713568687329 0.8367262911604343 910
1713568994408 0.8296156123267308 911
1713569284877 0.8436448068945085 912
1713569592648 0.8597575000582864 913
1713569900388 0.840951350433483 914
1713570220158 0.84126827271443 915
1713570534521 0.8294762328976052 916
1713570839579 0.7867939500709303 917
1713571118201 0.8351223913475713 918
1713571391042 0.8418412493994298 919
1713571686213 0.797364611490989 920
1713571984345 0.8270661576720835 921
1713572264300 0.8209513234645012 922
1713572583350 0.8513094163782482 923
1713572858099 0.8300084997870609 924
1713573162588 0.839534697468283 925
1713573472082 0.7625263127046723 926
1713573786794 0.8342209937322166 927
1713574091209 0.8520161142157492 928
1713574390886 0.8047735566745591 929
1713574673214 0.8428847575942837 930
1713574989875 0.803704653758002 931
1713575278549 0.8257352920447338 932
1713575568450 0.8369065324534656 933
1713575863174 0.8529845177748631 934
1713576167950 0.807776304514117 935
1713576476180 0.8388917617398327 936
1713576792887 0.7758272426347925 937
1713577075560 0.8011014900949454 938
1713577398251 0.8113314065383433 939
1713577679953 0.8066177025531585 940
1713577977810 0.8064034534166137 941
1713578278305 0.8003100284954157 942
1713578568921 0.780048774475078 943
1713578860551 0.8165218666607296 944
1713579162614 0.7772491230997606 945
1713579458960 0.8594389078175804 946
1713579749250 0.8360545127054058 947
1713580030822 0.8294216383631529 948
1713580316823 0.8238823127136243 949
1713580640231 0.8295910209006221 950
1713580942433 0.8404132166104112 951
1713581232317 0.8495180962696521 952
1713581536539 0.8527567348491647 953
1713581835850 0.7787052151060257 954
1713582137676 0.865974310372269 955
1713582431176 0.8439819788863462 956
1713582742028 0.8379143361575431 957
1713583050591 0.84202818003429 958
1713583359285 0.8311432242864896 959
1713583671466 0.8175466125111982 960
1713583994402 0.8338845205467474 961
1713584280989 0.8385710569802721 962
1713584589952 0.8501279298611571 963
1713584902071 0.8348840381554442 964
1713585189888 0.8402471667259727 965
1713585503314 0.8146388073305494 966
1713585781819 0.8284890984839894 967
1713586075280 0.7549490451705391 968
1713586345895 0.7983802883787868 969
1713586663745 0.8261434687273288 970
1713586950615 0.7344590017575825 971
1713587245693 0.7835658524232001 972
1713587522174 0.8367003032926399 973
1713587837090 0.7943410997500772 974
1713588130649 0.8240825395225811 975
1713588411243 0.8416894175913683 976
1713588711524 0.8281445762640586 977
1713589005865 0.817514166648934 978
1713589299945 0.8280458877341839 979
1713589604475 0.8168862737755399 980
1713589921782 0.8623192607203868 981
1713590189091 0.8202745323504677 982
1713590475835 0.8385525430472878 983
1713590775809 0.8150946334169645 984
1713591073392 0.8159786734678459 985
1713591345797 0.8155305096512175 986
1713591646826 0.8552894909268686 987
1713591939724 0.8061879981156792 988
1713592245479 0.7686314989038803 989
1713592540396 0.8443635511681679 990
1713592866844 0.8570778425616583 991
1713593173699 0.8234349844235631 992
1713593465758 0.8446974315615391 993
1713593753326 0.8451725136621033 994
1713594054724 0.8378049033110638 995
1713594367221 0.8112880706224178 996
1713594645438 0.8408646342789512 997
1713594960841 0.8232556173300154 998
1713595253840 0.7661686958070864 999
