1712612139578 0.002 0
1712612150830 0.002 1
1712612156103 0.002 2
1712612161788 0.002 3
1712612167149 0.00199 4
1712612173358 0.00199 5
1712612179077 0.00199 6
1712612185078 0.00199 7
1712612190566 0.00198 8
1712612196370 0.00198 9
1712612201895 0.00198 10
1712612207223 0.00198 11
1712612213476 0.00198 12
1712612218887 0.00197 13
1712612224144 0.00197 14
1712612229450 0.00197 15
1712612234993 0.00197 16
1712612240385 0.00196 17
1712612245673 0.00196 18
1712612251048 0.00196 19
1712612256314 0.00196 20
1712612261676 0.00195 21
1712612266511 0.00195 22
1712612271784 0.00195 23
1712612277022 0.00195 24
1712612282337 0.00195 25
1712612287627 0.00194 26
1712612293036 0.00194 27
1712612298671 0.00194 28
1712612303929 0.00194 29
1712612309261 0.00193 30
1712612314850 0.00193 31
1712612320251 0.00193 32
1712612325541 0.00193 33
1712612331068 0.00193 34
1712612336640 0.00192 35
1712612342321 0.00192 36
1712612347936 0.00192 37
1712612353295 0.00192 38
1712612358522 0.00191 39
1712612363962 0.00191 40
1712612369146 0.00191 41
1712612374434 0.00191 42
1712612379882 0.00191 43
1712612384998 0.0019 44
1712612389900 0.0019 45
1712612395138 0.0019 46
1712612400624 0.0019 47
1712612405956 0.00189 48
1712612411604 0.00189 49
1712612416828 0.00189 50
1712612422069 0.00189 51
1712612427955 0.00188 52
1712612433135 0.00188 53
1712612438330 0.00188 54
1712612443423 0.00188 55
1712612448600 0.00188 56
1712612453824 0.00187 57
1712612458921 0.00187 58
1712612464491 0.00187 59
1712612469928 0.00187 60
1712612474983 0.00186 61
1712612479932 0.00186 62
1712612484804 0.00186 63
1712612490074 0.00186 64
1712612494767 0.00186 65
1712612499697 0.00185 66
1712612504709 0.00185 67
1712612509694 0.00185 68
1712612515000 0.00185 69
1712612520241 0.00184 70
1712612525258 0.00184 71
1712612530742 0.00184 72
1712612536103 0.00184 73
1712612541464 0.00183 74
1712612546817 0.00183 75
1712612551843 0.00183 76
1712612557347 0.00183 77
1712612562372 0.00183 78
1712612567560 0.00182 79
1712612572577 0.00182 80
1712612577504 0.00182 81
1712612582755 0.00182 82
1712612587727 0.00181 83
1712612592565 0.00181 84
1712612597759 0.00181 85
1712612603383 0.00181 86
1712612608606 0.00181 87
1712612613656 0.0018 88
1712612618574 0.0018 89
1712612623352 0.0018 90
1712612628817 0.0018 91
1712612633693 0.00179 92
1712612638536 0.00179 93
1712612643504 0.00179 94
1712612648895 0.00179 95
1712612654270 0.00178 96
1712612658862 0.00178 97
1712612664016 0.00178 98
1712612668934 0.00178 99
1712612674229 0.00178 100
1712612679264 0.00177 101
1712612684636 0.00177 102
1712612690012 0.00177 103
1712612694995 0.00177 104
1712612700211 0.00176 105
1712612704963 0.00176 106
1712612709651 0.00176 107
1712612714644 0.00176 108
1712612719832 0.00176 109
1712612724793 0.00175 110
1712612729534 0.00175 111
1712612734682 0.00175 112
1712612740022 0.00175 113
1712612744674 0.00174 114
1712612750037 0.00174 115
1712612755438 0.00174 116
1712612760191 0.00174 117
1712612765000 0.00173 118
1712612769788 0.00173 119
1712612774623 0.00173 120
1712612779363 0.00173 121
1712612784358 0.00173 122
1712612789727 0.00172 123
1712612794797 0.00172 124
1712612799043 0.00172 125
1712612803697 0.00172 126
1712612808454 0.00171 127
1712612814092 0.00171 128
1712612819303 0.00171 129
1712612824380 0.00171 130
1712612829293 0.0017 131
1712612834588 0.0017 132
1712612839782 0.0017 133
1712612844797 0.0017 134
1712612849864 0.0017 135
1712612855143 0.00169 136
1712612860167 0.00169 137
1712612865516 0.00169 138
1712612870387 0.00169 139
1712612875384 0.00168 140
1712612879806 0.00168 141
1712612884644 0.00168 142
1712612889593 0.00168 143
1712612894393 0.00168 144
1712612899776 0.00167 145
1712612904841 0.00167 146
1712612910490 0.00167 147
1712612915528 0.00167 148
1712612920804 0.00166 149
1712612926243 0.00166 150
1712612931766 0.00166 151
1712612936859 0.00166 152
1712612941464 0.00165 153
1712612946306 0.00165 154
1712612952143 0.00165 155
1712612957740 0.00165 156
1712612962790 0.00165 157
1712612967979 0.00164 158
1712612973149 0.00164 159
1712612977859 0.00164 160
1712612983097 0.00164 161
1712612988362 0.00163 162
1712612994054 0.00163 163
1712612998905 0.00163 164
1712613003924 0.00163 165
1712613008864 0.00162 166
1712613013952 0.00162 167
1712613018868 0.00162 168
1712613023479 0.00162 169
1712613028576 0.00162 170
1712613033812 0.00161 171
1712613038800 0.00161 172
1712613044000 0.00161 173
1712613049022 0.00161 174
1712613053991 0.0016 175
1712613058715 0.0016 176
1712613064042 0.0016 177
1712613069216 0.0016 178
1712613074211 0.00159 179
1712613079954 0.00159 180
1712613085599 0.00159 181
1712613090628 0.00159 182
1712613095456 0.00159 183
1712613100368 0.00158 184
1712613105818 0.00158 185
1712613110783 0.00158 186
1712613116054 0.00158 187
1712613121909 0.00157 188
1712613127108 0.00157 189
1712613131912 0.00157 190
1712613136868 0.00157 191
1712613141963 0.00156 192
1712613146864 0.00156 193
1712613151945 0.00156 194
1712613156875 0.00156 195
1712613162161 0.00156 196
1712613167123 0.00155 197
1712613171852 0.00155 198
1712613176749 0.00155 199
1712613181930 0.00155 200
1712613186684 0.00154 201
1712613191524 0.00154 202
1712613196185 0.00154 203
1712613201046 0.00154 204
1712613206293 0.00153 205
1712613211210 0.00153 206
1712613216030 0.00153 207
1712613220750 0.00153 208
1712613225647 0.00153 209
1712613230515 0.00152 210
1712613235398 0.00152 211
1712613240042 0.00152 212
1712613244912 0.00152 213
1712613250039 0.00151 214
1712613254654 0.00151 215
1712613259296 0.00151 216
1712613264132 0.00151 217
1712613269011 0.0015 218
1712613273972 0.0015 219
1712613279481 0.0015 220
1712613284266 0.0015 221
1712613288951 0.0015 222
1712613294105 0.00149 223
1712613298999 0.00149 224
1712613303889 0.00149 225
1712613308932 0.00149 226
1712613313610 0.00148 227
1712613318309 0.00148 228
1712613323576 0.00148 229
1712613328739 0.00148 230
1712613333492 0.00147 231
1712613338600 0.00147 232
1712613343713 0.00147 233
1712613348859 0.00147 234
1712613353762 0.00146 235
1712613358489 0.00146 236
1712613363478 0.00146 237
1712613368259 0.00146 238
1712613373245 0.00146 239
1712613378591 0.00145 240
1712613383454 0.00145 241
1712613388182 0.00145 242
1712613392980 0.00145 243
1712613398104 0.00144 244
1712613403371 0.00144 245
1712613408121 0.00144 246
1712613413427 0.00144 247
1712613418194 0.00143 248
1712613423228 0.00143 249
1712613428837 0.00143 250
1712613433929 0.00143 251
1712613439106 0.00143 252
1712613444227 0.00142 253
1712613449012 0.00142 254
1712613453653 0.00142 255
1712613458509 0.00142 256
1712613463559 0.00141 257
1712613468648 0.00141 258
1712613473441 0.00141 259
1712613478288 0.00141 260
1712613483212 0.0014 261
1712613488011 0.0014 262
1712613492919 0.0014 263
1712613497657 0.0014 264
1712613502463 0.00139 265
1712613507260 0.00139 266
1712613512662 0.00139 267
1712613517366 0.00139 268
1712613522178 0.00139 269
1712613527056 0.00138 270
1712613531892 0.00138 271
1712613536609 0.00138 272
1712613541382 0.00138 273
1712613545985 0.00137 274
1712613550983 0.00137 275
1712613556137 0.00137 276
1712613560847 0.00137 277
1712613565658 0.00136 278
1712613570721 0.00136 279
1712613575481 0.00136 280
1712613580299 0.00136 281
1712613585164 0.00135 282
1712613589788 0.00135 283
1712613594332 0.00135 284
1712613599682 0.00135 285
1712613604480 0.00135 286
1712613609276 0.00134 287
1712613613882 0.00134 288
1712613618353 0.00134 289
1712613623216 0.00134 290
1712613628255 0.00133 291
1712613632967 0.00133 292
1712613637683 0.00133 293
1712613642738 0.00133 294
1712613647826 0.00132 295
1712613652761 0.00132 296
1712613658069 0.00132 297
1712613663016 0.00132 298
1712613667857 0.00131 299
1712613672829 0.00131 300
1712613677969 0.00131 301
1712613683215 0.00131 302
1712613688343 0.00131 303
1712613693386 0.0013 304
1712613698361 0.0013 305
1712613702969 0.0013 306
1712613707795 0.0013 307
1712613712641 0.00129 308
1712613717300 0.00129 309
1712613722233 0.00129 310
1712613727222 0.00129 311
1712613732433 0.00128 312
1712613737358 0.00128 313
1712613742227 0.00128 314
1712613747113 0.00128 315
1712613752090 0.00127 316
1712613756925 0.00127 317
1712613761850 0.00127 318
1712613766901 0.00127 319
1712613772201 0.00127 320
1712613776815 0.00126 321
1712613781507 0.00126 322
1712613786247 0.00126 323
1712613791164 0.00126 324
1712613795577 0.00125 325
1712613800421 0.00125 326
1712613805364 0.00125 327
1712613810592 0.00125 328
1712613815990 0.00124 329
1712613820663 0.00124 330
1712613825387 0.00124 331
1712613830107 0.00124 332
1712613835088 0.00123 333
1712613840119 0.00123 334
1712613845266 0.00123 335
1712613850358 0.00123 336
1712613855602 0.00122 337
1712613860583 0.00122 338
1712613865568 0.00122 339
1712613870586 0.00122 340
1712613875440 0.00122 341
1712613880544 0.00121 342
1712613885214 0.00121 343
1712613890185 0.00121 344
1712613895156 0.00121 345
1712613900385 0.0012 346
1712613905126 0.0012 347
1712613910131 0.0012 348
1712613914938 0.0012 349
1712613920089 0.00119 350
1712613925206 0.00119 351
1712613930114 0.00119 352
1712613934990 0.00119 353
1712613940221 0.00118 354
1712613945253 0.00118 355
1712613950278 0.00118 356
1712613955234 0.00118 357
1712613960162 0.00117 358
1712613965003 0.00117 359
1712613970117 0.00117 360
1712613974750 0.00117 361
1712613979524 0.00117 362
1712613984932 0.00116 363
1712613990098 0.00116 364
1712613995048 0.00116 365
1712614000110 0.00116 366
1712614005134 0.00115 367
1712614009931 0.00115 368
1712614014786 0.00115 369
1712614019363 0.00115 370
1712614024581 0.00114 371
1712614029579 0.00114 372
1712614034524 0.00114 373
1712614039319 0.00114 374
1712614043844 0.00113 375
1712614048761 0.00113 376
1712614053658 0.00113 377
1712614058833 0.00113 378
1712614063687 0.00112 379
1712614068406 0.00112 380
1712614073557 0.00112 381
1712614078757 0.00112 382
1712614084041 0.00112 383
1712614089119 0.00111 384
1712614094113 0.00111 385
1712614099537 0.00111 386
1712614104518 0.00111 387
1712614109494 0.0011 388
1712614114931 0.0011 389
1712614119972 0.0011 390
1712614125353 0.0011 391
1712614130170 0.00109 392
1712614135012 0.00109 393
1712614139894 0.00109 394
1712614144875 0.00109 395
1712614149757 0.00108 396
1712614155545 0.00108 397
1712614160645 0.00108 398
1712614165524 0.00108 399
1712614170738 0.00107 400
1712614175696 0.00107 401
1712614180793 0.00107 402
1712614185832 0.00107 403
1712614190886 0.00106 404
1712614195808 0.00106 405
1712614201101 0.00106 406
1712614206136 0.00106 407
1712614211132 0.00105 408
1712614215774 0.00105 409
1712614220476 0.00105 410
1712614225208 0.00105 411
1712614230199 0.00105 412
1712614235120 0.00104 413
1712614239986 0.00104 414
1712614245602 0.00104 415
1712614250486 0.00104 416
1712614255173 0.00103 417
1712614260038 0.00103 418
1712614264689 0.00103 419
1712614269479 0.00103 420
1712614274366 0.00102 421
1712614279020 0.00102 422
1712614283796 0.00102 423
1712614288835 0.00102 424
1712614293793 0.00101 425
1712614298784 0.00101 426
1712614303702 0.00101 427
1712614308699 0.00101 428
1712614313613 0.001 429
1712614318489 0.001 430
1712614323460 0.001 431
1712614328088 0.001 432
1712614332903 0.00099 433
1712614338230 0.00099 434
1712614343098 0.00099 435
1712614347621 0.00099 436
1712614352351 0.00098 437
1712614357800 0.00098 438
1712614362502 0.00098 439
1712614367255 0.00098 440
1712614372148 0.00097 441
1712614376869 0.00097 442
1712614382230 0.00097 443
1712614387072 0.00097 444
1712614391869 0.00097 445
1712614396477 0.00096 446
1712614401366 0.00096 447
1712614406287 0.00096 448
1712614411767 0.00096 449
1712614416838 0.00095 450
1712614421646 0.00095 451
1712614426877 0.00095 452
1712614431741 0.00095 453
1712614436631 0.00094 454
1712614441178 0.00094 455
1712614445832 0.00094 456
1712614450693 0.00094 457
1712614455710 0.00093 458
1712614460692 0.00093 459
1712614465613 0.00093 460
1712614470440 0.00093 461
1712614475547 0.00092 462
1712614480194 0.00092 463
1712614485222 0.00092 464
1712614489910 0.00092 465
1712614494800 0.00091 466
1712614499764 0.00091 467
1712614504510 0.00091 468
1712614509335 0.00091 469
1712614514265 0.0009 470
1712614519494 0.0009 471
1712614524139 0.0009 472
1712614528966 0.0009 473
1712614533863 0.00089 474
1712614538773 0.00089 475
1712614543802 0.00089 476
1712614548547 0.00089 477
1712614553479 0.00088 478
1712614558352 0.00088 479
1712614563805 0.00088 480
1712614568873 0.00088 481
1712614573705 0.00087 482
1712614578383 0.00087 483
1712614583348 0.00087 484
1712614588294 0.00087 485
1712614592843 0.00086 486
1712614597705 0.00086 487
1712614602380 0.00086 488
1712614606799 0.00086 489
1712614611921 0.00085 490
1712614616742 0.00085 491
1712614621549 0.00085 492
1712614626367 0.00085 493
1712614631087 0.00084 494
1712614635848 0.00084 495
1712614640288 0.00084 496
1712614645075 0.00084 497
1712614649928 0.00083 498
1712614655444 0.00083 499
1712614660804 0.00083 500
1712614665687 0.00083 501
1712614670713 0.00082 502
1712614675477 0.00082 503
1712614680686 0.00082 504
1712614685511 0.00082 505
1712614690479 0.00081 506
1712614695906 0.00081 507
1712614700762 0.00081 508
1712614705548 0.00081 509
1712614710891 0.0008 510
1712614716075 0.0008 511
1712614720884 0.0008 512
1712614725745 0.0008 513
1712614730357 0.00079 514
1712614735946 0.00079 515
1712614740864 0.00079 516
1712614746020 0.00079 517
1712614750971 0.00078 518
1712614755646 0.00078 519
1712614760509 0.00078 520
1712614765368 0.00078 521
1712614770211 0.00077 522
1712614775102 0.00077 523
1712614780791 0.00077 524
1712614785803 0.00077 525
1712614790859 0.00076 526
1712614795800 0.00076 527
1712614800639 0.00076 528
1712614805641 0.00076 529
1712614811063 0.00075 530
1712614815996 0.00075 531
1712614821137 0.00075 532
1712614826192 0.00075 533
1712614831795 0.00074 534
1712614837022 0.00074 535
1712614842202 0.00074 536
1712614847160 0.00074 537
1712614852082 0.00073 538
1712614856559 0.00073 539
1712614861306 0.00073 540
1712614865665 0.00073 541
1712614870679 0.00072 542
1712614876156 0.00072 543
1712614881152 0.00072 544
1712614886070 0.00072 545
1712614891027 0.00071 546
1712614895803 0.00071 547
1712614900479 0.00071 548
1712614905009 0.00071 549
1712614909972 0.0007 550
1712614915172 0.0007 551
1712614920079 0.0007 552
1712614924863 0.0007 553
1712614929688 0.00069 554
1712614934583 0.00069 555
1712614939506 0.00069 556
1712614944078 0.00069 557
1712614948442 0.00068 558
1712614953333 0.00068 559
1712614958346 0.00068 560
1712614963300 0.00068 561
1712614968201 0.00067 562
1712614973561 0.00067 563
1712614978639 0.00067 564
1712614983954 0.00067 565
1712614989028 0.00066 566
1712614993658 0.00066 567
1712614998627 0.00066 568
1712615003833 0.00066 569
1712615008573 0.00065 570
1712615013444 0.00065 571
1712615018623 0.00065 572
1712615023362 0.00065 573
1712615028386 0.00064 574
1712615033642 0.00064 575
1712615038583 0.00064 576
1712615043594 0.00064 577
1712615048892 0.00063 578
1712615053379 0.00063 579
1712615058125 0.00063 580
1712615063454 0.00063 581
1712615068711 0.00062 582
1712615073739 0.00062 583
1712615078812 0.00062 584
1712615083633 0.00062 585
1712615088515 0.00061 586
1712615093752 0.00061 587
1712615098774 0.00061 588
1712615103602 0.00061 589
1712615108401 0.0006 590
1712615113011 0.0006 591
1712615117794 0.0006 592
1712615122736 0.00059 593
1712615127758 0.00059 594
1712615132449 0.00059 595
1712615137734 0.00059 596
1712615142633 0.00058 597
1712615147598 0.00058 598
1712615152515 0.00058 599
1712615158064 0.00058 600
1712615164038 0.00057 601
1712615168822 0.00057 602
1712615173392 0.00057 603
1712615178514 0.00057 604
1712615183870 0.00056 605
1712615188610 0.00056 606
1712615193336 0.00056 607
1712615198175 0.00056 608
1712615203071 0.00055 609
1712615207763 0.00055 610
1712615212589 0.00055 611
1712615217771 0.00055 612
1712615222730 0.00054 613
1712615227529 0.00054 614
1712615232616 0.00054 615
1712615237635 0.00054 616
1712615243367 0.00053 617
1712615248136 0.00053 618
1712615253132 0.00053 619
1712615258328 0.00053 620
1712615263793 0.00052 621
1712615268689 0.00052 622
1712615273598 0.00052 623
1712615278704 0.00051 624
1712615283881 0.00051 625
1712615288698 0.00051 626
1712615293774 0.00051 627
1712615298762 0.0005 628
1712615304032 0.0005 629
1712615309022 0.0005 630
1712615314286 0.0005 631
1712615319137 0.00049 632
1712615324082 0.00049 633
1712615328702 0.00049 634
1712615333501 0.00049 635
1712615338458 0.00048 636
1712615343353 0.00048 637
1712615348742 0.00048 638
1712615353822 0.00048 639
1712615358788 0.00047 640
1712615363663 0.00047 641
1712615368215 0.00047 642
1712615372981 0.00046 643
1712615377842 0.00046 644
1712615382573 0.00046 645
1712615387359 0.00046 646
1712615392888 0.00045 647
1712615397855 0.00045 648
1712615402654 0.00045 649
1712615407762 0.00045 650
1712615412620 0.00044 651
1712615418104 0.00044 652
1712615423449 0.00044 653
1712615428335 0.00044 654
1712615433207 0.00043 655
1712615438382 0.00043 656
1712615443245 0.00043 657
1712615448198 0.00042 658
1712615453065 0.00042 659
1712615458267 0.00042 660
1712615463291 0.00042 661
1712615468360 0.00041 662
1712615473574 0.00041 663
1712615478447 0.00041 664
1712615483914 0.00041 665
1712615489164 0.0004 666
1712615494169 0.0004 667
1712615499085 0.0004 668
1712615503673 0.0004 669
1712615508610 0.00039 670
1712615513527 0.00039 671
1712615518770 0.00039 672
1712615523687 0.00038 673
1712615528544 0.00038 674
1712615533330 0.00038 675
1712615537809 0.00038 676
1712615542671 0.00037 677
1712615547464 0.00037 678
1712615552908 0.00037 679
1712615558719 0.00037 680
1712615564060 0.00036 681
1712615569085 0.00036 682
1712615573962 0.00036 683
1712615578751 0.00035 684
1712615584030 0.00035 685
1712615589091 0.00035 686
1712615593573 0.00035 687
1712615597952 0.00034 688
1712615603217 0.00034 689
1712615608267 0.00034 690
1712615613084 0.00034 691
1712615617905 0.00033 692
1712615622832 0.00033 693
1712615628011 0.00033 694
1712615632890 0.00032 695
1712615637621 0.00032 696
1712615642808 0.00032 697
1712615647785 0.00032 698
1712615652695 0.00031 699
1712615657892 0.00031 700
1712615662936 0.00031 701
1712615667823 0.00031 702
1712615672498 0.0003 703
1712615677585 0.0003 704
1712615682403 0.0003 705
1712615687687 0.00029 706
1712615692678 0.00029 707
1712615697411 0.00029 708
1712615702627 0.00029 709
1712615707554 0.00028 710
1712615712445 0.00028 711
1712615717292 0.00028 712
1712615722301 0.00027 713
1712615727373 0.00027 714
1712615732720 0.00027 715
1712615737698 0.00027 716
1712615742803 0.00026 717
1712615747891 0.00026 718
1712615752932 0.00026 719
1712615757657 0.00025 720
1712615762587 0.00025 721
1712615767644 0.00025 722
1712615773118 0.00025 723
1712615778237 0.00024 724
1712615783287 0.00024 725
1712615788334 0.00024 726
1712615793388 0.00023 727
1712615798278 0.00023 728
1712615803451 0.00023 729
1712615808355 0.00023 730
1712615813138 0.00022 731
1712615818806 0.00022 732
1712615823781 0.00022 733
1712615829022 0.00021 734
1712615834255 0.00021 735
1712615839279 0.00021 736
1712615844403 0.00021 737
1712615849552 0.0002 738
1712615854533 0.0002 739
1712615860394 0.0002 740
1712615865500 0.00019 741
1712615870592 0.00019 742
1712615875678 0.00019 743
1712615880982 0.00019 744
1712615886015 0.00018 745
1712615891125 0.00018 746
1712615896192 0.00018 747
1712615901258 0.00017 748
1712615906720 0.00017 749
1712615912220 0.00017 750
1712615917536 0.00016 751
1712615922774 0.00016 752
1712615927767 0.00016 753
1712615932899 0.00016 754
1712615937862 0.00015 755
1712615942951 0.00015 756
1712615948322 0.00015 757
1712615953374 0.00014 758
1712615958445 0.00014 759
1712615963393 0.00014 760
1712615968292 0.00013 761
1712615973328 0.00013 762
1712615978334 0.00013 763
1712615983395 0.00013 764
1712615988515 0.00012 765
1712615994492 0.00012 766
1712615999612 0.00012 767
1712616004490 0.00011 768
1712616009586 0.00011 769
1712616014577 0.00011 770
1712616019794 0.0001 771
1712616025183 0.0001 772
1712616029700 0.0001 773
1712616035336 9e-05 774
1712616040652 9e-05 775
1712616045988 9e-05 776
1712616050876 9e-05 777
1712616055991 8e-05 778
1712616061204 8e-05 779
1712616066324 8e-05 780
1712616071473 7e-05 781
1712616076508 7e-05 782
1712616082119 7e-05 783
1712616086971 6e-05 784
1712616092320 6e-05 785
1712616097502 6e-05 786
1712616102704 5e-05 787
1712616107802 5e-05 788
1712616112732 5e-05 789
1712616117870 4e-05 790
1712616123295 4e-05 791
1712616128088 4e-05 792
1712616133023 3e-05 793
1712616138123 3e-05 794
1712616143433 2e-05 795
1712616148699 2e-05 796
1712616153782 2e-05 797
1712616158740 1e-05 798
1712616164457 1e-05 799
