1712844911281 0.0017 50
1712845331112 0.0017 51
1712845596264 0.00169 52
1712845942431 0.00169 53
1712846248992 0.00168 54
1712846542447 0.00167 55
1712846839077 0.00167 56
1712847170238 0.00166 57
1712847452608 0.00165 58
1712847783577 0.00165 59
1712848111157 0.00164 60
1712848407181 0.00164 61
1712848734526 0.00163 62
1712849055869 0.00162 63
1712849319701 0.00162 64
1712849636896 0.00161 65
1712849972479 0.00161 66
1712850280900 0.0016 67
1712850562624 0.00159 68
1712850848940 0.00159 69
1712851149640 0.00158 70
1712851444220 0.00157 71
1712851796253 0.00157 72
1712852108424 0.00156 73
1712852411010 0.00156 74
1712852765892 0.00155 75
1712853086939 0.00154 76
1712853385595 0.00154 77
1712853702296 0.00153 78
1712854014740 0.00153 79
1712854321003 0.00152 80
1712854601817 0.00151 81
1712854965806 0.00151 82
1712855218753 0.0015 83
1712855536923 0.00149 84
1712855849330 0.00149 85
1712856188704 0.00148 86
1712856529259 0.00148 87
1712856831818 0.00147 88
1712857127318 0.00146 89
1712857436394 0.00146 90
1712857744682 0.00145 91
1712858039224 0.00144 92
1712858387517 0.00144 93
1712858700718 0.00143 94
1712858968330 0.00143 95
1712859303960 0.00142 96
1712859588931 0.00141 97
1712859941252 0.00141 98
1712860233825 0.0014 99
1712860530600 0.00139 100
1712860804503 0.00139 101
1712861147887 0.00138 102
1712861453999 0.00138 103
1712861816700 0.00137 104
1712862150399 0.00136 105
1712862490291 0.00136 106
1712862788662 0.00135 107
1712863100885 0.00134 108
1712863417590 0.00134 109
1712863699542 0.00133 110
1712864025449 0.00133 111
1712864309120 0.00132 112
1712864627434 0.00131 113
1712864960014 0.00131 114
1712865287975 0.0013 115
1712865560333 0.00129 116
1712865881813 0.00129 117
1712866177852 0.00128 118
1712866499459 0.00128 119
1712866871546 0.00127 120
1712867141618 0.00126 121
1712867469516 0.00126 122
1712867768369 0.00125 123
1712868091594 0.00124 124
1712868399811 0.00124 125
1712868712384 0.00123 126
1712868990216 0.00122 127
1712869293843 0.00122 128
1712869592610 0.00121 129
1712869917919 0.00121 130
1712870229750 0.0012 131
1712870568878 0.00119 132
1712870861924 0.00119 133
1712871166180 0.00118 134
1712871469498 0.00117 135
1712871841636 0.00117 136
1712872158666 0.00116 137
1712872444639 0.00116 138
1712872770907 0.00115 139
1712873113359 0.00114 140
1712873409327 0.00114 141
1712873723191 0.00113 142
1712874012537 0.00112 143
1712874343779 0.00112 144
1712874626351 0.00111 145
1712874935732 0.0011 146
1712875242691 0.0011 147
1712875568899 0.00109 148
1712875889072 0.00108 149
1712876271239 0.00108 150
1712876503610 0.00107 151
1712876856048 0.00107 152
1712877171875 0.00106 153
1712877468602 0.00105 154
1712877762541 0.00105 155
1712878111791 0.00104 156
1712878389895 0.00103 157
1712878695375 0.00103 158
1712879023565 0.00102 159
1712879323299 0.00101 160
1712879629393 0.00101 161
1712879931489 0.001 162
1712880259431 0.00099 163
1712880553162 0.00099 164
1712880856411 0.00098 165
1712881170397 0.00097 166
1712881498299 0.00097 167
1712881825360 0.00096 168
1712882144061 0.00096 169
1712882410884 0.00095 170
1712882752471 0.00094 171
1712883062452 0.00094 172
1712883346280 0.00093 173
1712883655931 0.00092 174
1712884001179 0.00092 175
1712884299274 0.00091 176
1712884601555 0.0009 177
1712884916768 0.0009 178
1712885223084 0.00089 179
1712885572858 0.00088 180
1712885874420 0.00088 181
1712886133504 0.00087 182
1712886433136 0.00086 183
1712886815353 0.00086 184
1712887161501 0.00085 185
1712887436222 0.00084 186
1712887804723 0.00084 187
1712888113950 0.00083 188
1712888429659 0.00082 189
1712888732782 0.00082 190
1712889051383 0.00081 191
1712889340764 0.0008 192
1712889702066 0.0008 193
1712889983049 0.00079 194
1712890278010 0.00078 195
1712890585570 0.00078 196
1712890901189 0.00077 197
1712891266419 0.00076 198
1712891556633 0.00076 199
1712891872217 0.00075 200
1712892178668 0.00074 201
1712892492328 0.00074 202
1712892783798 0.00073 203
1712893119042 0.00072 204
1712893417547 0.00072 205
1712893750806 0.00071 206
1712894076117 0.0007 207
1712894377808 0.0007 208
1712894712441 0.00069 209
1712895026705 0.00068 210
1712895325772 0.00068 211
1712895651401 0.00067 212
1712896024713 0.00066 213
1712896302331 0.00066 214
1712896600261 0.00065 215
1712896926824 0.00064 216
1712897253817 0.00064 217
1712897574802 0.00063 218
1712897879911 0.00062 219
1712898229183 0.00062 220
1712898548176 0.00061 221
1712898835134 0.0006 222
1712899134646 0.00059 223
1712899490162 0.00059 224
1712899760955 0.00058 225
1712900074945 0.00057 226
1712900387064 0.00057 227
1712900703588 0.00056 228
1712901069871 0.00055 229
1712901338834 0.00055 230
1712901645826 0.00054 231
1712901954849 0.00053 232
1712902272589 0.00053 233
1712902591233 0.00052 234
1712902918685 0.00051 235
1712903251409 0.0005 236
1712903528616 0.0005 237
1712903863132 0.00049 238
1712904145897 0.00048 239
1712904480003 0.00048 240
1712904805638 0.00047 241
1712905140648 0.00046 242
1712905445110 0.00046 243
1712905746535 0.00045 244
1712906056930 0.00044 245
1712906340151 0.00043 246
1712906661521 0.00043 247
1712906967405 0.00042 248
1712907282838 0.00041 249
1712907608553 0.00041 250
1712907876649 0.0004 251
1712908169929 0.00039 252
1712908450871 0.00038 253
1712908761806 0.00038 254
1712909097874 0.00037 255
1712909366990 0.00036 256
1712909662062 0.00036 257
1712909975769 0.00035 258
1712910273860 0.00034 259
1712910589662 0.00033 260
1712910879351 0.00033 261
1712911214582 0.00032 262
1712911527102 0.00031 263
1712911845080 0.0003 264
1712912147307 0.0003 265
1712912458524 0.00029 266
1712912762153 0.00028 267
1712913052324 0.00027 268
1712913362311 0.00027 269
1712913676662 0.00026 270
1712913962447 0.00025 271
1712914278150 0.00024 272
1712914595402 0.00024 273
1712914883666 0.00023 274
1712915181587 0.00022 275
1712915495895 0.00021 276
1712915813268 0.00021 277
1712916121557 0.0002 278
1712916473319 0.00019 279
1712916744519 0.00018 280
1712917044583 0.00017 281
1712917379153 0.00017 282
1712917736667 0.00016 283
1712917990852 0.00015 284
1712918369643 0.00014 285
1712918685555 0.00013 286
1712918941857 0.00013 287
1712919269321 0.00012 288
1712919571260 0.00011 289
1712919877627 0.0001 290
1712920173658 9e-05 291
1712920491149 9e-05 292
1712920774973 8e-05 293
1712921090862 7e-05 294
1712921395641 6e-05 295
1712921707911 5e-05 296
1712922028455 4e-05 297
1712922367899 3e-05 298
1712922678589 2e-05 299
