1712845302765 0.1729551659247193 50
1712845593708 0.10360109612390142 51
1712845904239 0.13319769585280797 52
1712846214684 0.11915541131909586 53
1712846538356 0.08989085288859153 54
1712846836651 0.12600200502527098 55
1712847144867 0.155851637207043 56
1712847449263 0.10321066722743125 57
1712847748779 0.16503020412249422 58
1712848080711 0.1879428393425836 59
1712848379989 0.2149908071369139 60
1712848671404 0.16537160887322452 61
1712849017189 0.15851431902409155 62
1712849305433 0.18487609497290508 63
1712849607324 0.26157530640572857 64
1712849926950 0.24325897329770477 65
1712850245106 0.23973160572998492 66
1712850532843 0.24480668016917292 67
1712850815618 0.1841035325277956 68
1712851147108 0.14838930752180135 69
1712851441819 0.17491091963016148 70
1712851771917 0.24954717823097894 71
1712852079806 0.21330526564981275 72
1712852387245 0.2033560527945366 73
1712852711419 0.2576448245067719 74
1712853044260 0.2876107786283134 75
1712853365315 0.22070780112881452 76
1712853667837 0.24379360604853464 77
1712853991773 0.22595098287310728 78
1712854297201 0.26686068456475925 79
1712854594292 0.21572265743262284 80
1712854892036 0.3380864645728624 81
1712855216322 0.1953418925269886 82
1712855534539 0.20333268642957297 83
1712855846859 0.24698432546027227 84
1712856152004 0.314840237231274 85
1712856461733 0.3174549815220853 86
1712856791191 0.2721135826883655 87
1712857096769 0.32955843971270116 88
1712857408156 0.3688438868118776 89
1712857718231 0.2954160454736565 90
1712858017990 0.3350594175014331 91
1712858363258 0.2781316032520889 92
1712858684169 0.33576455210619066 93
1712858965911 0.2585035567932982 94
1712859266765 0.3292117486219205 95
1712859555808 0.3327056797035483 96
1712859885342 0.3959608226289782 97
1712860199323 0.4007168672173507 98
1712860491995 0.27081171537827914 99
1712860801515 0.30290587918103257 100
1712861111731 0.37939077610643174 101
1712861433084 0.38802497510404316 102
1712861786975 0.3853965202087675 103
1712862086373 0.40143984943151345 104
1712862433154 0.3976158367851745 105
1712862757921 0.37647049736473664 106
1712863049166 0.42370026635712044 107
1712863360887 0.44769583023919374 108
1712863696783 0.30362771491489216 109
1712863980770 0.418954392010824 110
1712864306534 0.3241607361823125 111
1712864604316 0.3974919180053301 112
1712864926160 0.396049675091785 113
1712865251774 0.3881064009941524 114
1712865557859 0.3320531809381011 115
1712865870042 0.4317205927801949 116
1712866164387 0.40090688650939915 117
1712866480976 0.41066570857001483 118
1712866819852 0.40648332673624743 119
1712867133265 0.37100983200575105 120
1712867438001 0.4081015245179359 121
1712867764589 0.30520134191784154 122
1712868089165 0.3439986150779467 123
1712868396630 0.33849265047022903 124
1712868709533 0.37892717470703985 125
1712868987698 0.4001573369969365 126
1712869285395 0.35405149939326186 127
1712869590155 0.4444348819781048 128
1712869915300 0.4025030752507276 129
1712870227261 0.3965970683596123 130
1712870535101 0.46257306484571503 131
1712870859191 0.3018921709059293 132
1712871163553 0.3625279281371341 133
1712871460774 0.37641373527520766 134
1712871782961 0.4920704543685853 135
1712872131825 0.47961039210779893 136
1712872442131 0.3922751845082131 137
1712872743550 0.44492438422344466 138
1712873072477 0.4448035655941295 139
1712873382616 0.43113842329907576 140
1712873694673 0.48757530735749105 141
1712873988452 0.46881687651200804 142
1712874316172 0.5248706976791239 143
1712874623650 0.42437962941367796 144
1712874933182 0.4177149422219337 145
1712875234189 0.4484468113716747 146
1712875546486 0.4446975264639937 147
1712875867571 0.47109937185381645 148
1712876180074 0.4860677773859921 149
1712876501125 0.4320266135323822 150
1712876823684 0.5460492239439864 151
1712877144367 0.510126802936855 152
1712877466085 0.3852989704890072 153
1712877759996 0.5197514249036216 154
1712878078173 0.46792563705564494 155
1712878387316 0.28236080563785804 156
1712878692762 0.4833714148841336 157
1712879021030 0.3544037595524754 158
1712879320578 0.4992556421678236 159
1712879626714 0.44862988800468157 160
1712879928945 0.4815763636531406 161
1712880256890 0.46317237184412324 162
1712880550572 0.4789025993213485 163
1712880853885 0.45452510706688215 164
1712881146221 0.5439169297096026 165
1712881457131 0.5822351131949299 166
1712881781921 0.5144983438529063 167
1712882101820 0.5953211402692583 168
1712882407022 0.44466058047830853 169
1712882709880 0.574641848072615 170
1712883026400 0.6097152924713485 171
1712883343484 0.47045665682809523 172
1712883653281 0.5265439337812717 173
1712883974802 0.5491346301498898 174
1712884273355 0.553057217211144 175
1712884569632 0.514974878225211 176
1712884895043 0.5288662950573337 177
1712885203006 0.5416919641840465 178
1712885518119 0.546924562349322 179
1712885833642 0.5678819254322973 180
1712886130981 0.43244466053939323 181
1712886430497 0.49345226787321994 182
1712886812834 0.5897850400423181 183
1712887111315 0.5959236874527407 184
1712887433713 0.5253448749492399 185
1712887749662 0.565627026106391 186
1712888068418 0.5457456815214843 187
1712888389981 0.6200009563046431 188
1712888693601 0.5814538474333525 189
1712889014885 0.6083080694545757 190
1712889338115 0.5468009451314397 191
1712889640089 0.6085534710253248 192
1712889980166 0.5322933957812561 193
1712890275468 0.5519832747485531 194
1712890582853 0.5299360100235928 195
1712890898473 0.5819201078309639 196
1712891215952 0.5791350503197439 197
1712891512027 0.666028515093309 198
1712891832487 0.48234797040271954 199
1712892175657 0.4671579476117826 200
1712892468888 0.629764105349328 201
1712892781189 0.44944421464203255 202
1712893112298 0.6091083952416756 203
1712893415012 0.5822093361336405 204
1712893719001 0.6275541320782507 205
1712894037560 0.6140431337435024 206
1712894347654 0.5715207362251451 207
1712894673477 0.5984212623966964 208
1712894989066 0.6151555258011625 209
1712895298872 0.6044420404543931 210
1712895620156 0.6118232567262699 211
1712895955366 0.6145114346163704 212
1712896267575 0.6162490775231149 213
1712896575914 0.6227871964880118 214
1712896901859 0.597986777708729 215
1712897222097 0.6541037716039421 216
1712897540247 0.6531728073123925 217
1712897857677 0.6524747934552196 218
1712898173242 0.6690384729656624 219
1712898474598 0.6203189308867848 220
1712898809893 0.6254463727675073 221
1712899132042 0.6048098867168572 222
1712899458022 0.6452986503515642 223
1712899754393 0.5433681672146533 224
1712900072552 0.5854067438607351 225
1712900384525 0.6462431676144939 226
1712900701092 0.6131722220575054 227
1712901042904 0.6660718860382041 228
1712901336384 0.594863865839924 229
1712901643392 0.5892841247308922 230
1712901952423 0.6025164015146696 231
1712902270210 0.5973570665240506 232
1712902588806 0.633371051228271 233
1712902881337 0.6903889775162562 234
1712903215322 0.6301045853611856 235
1712903526102 0.6066082044429105 236
1712903825167 0.6509302243148006 237
1712904143452 0.5968260724663439 238
1712904449560 0.661810398716754 239
1712904764795 0.6979665793842208 240
1712905100385 0.6433627516681237 241
1712905414962 0.673755335456707 242
1712905707848 0.6415165691492454 243
1712906033841 0.6613234537834484 244
1712906337498 0.5383658879601428 245
1712906656555 0.6211198515587188 246
1712906964189 0.6697899908834406 247
1712907279900 0.5190929900668269 248
1712907565357 0.5698495511632213 249
1712907873821 0.6613494729964869 250
1712908167378 0.6661234423998739 251
1712908448418 0.602489408463494 252
1712908759122 0.6111160027349938 253
1712909068657 0.6978784628369114 254
1712909364083 0.6934497912828542 255
1712909653717 0.6591917557992174 256
1712909973113 0.6182706298564776 257
1712910271465 0.619172588291212 258
1712910584491 0.6512199827224276 259
1712910876915 0.652911554545311 260
1712911212111 0.5809766577349235 261
1712911521868 0.6093128088583248 262
1712911842454 0.6845463157764797 263
1712912138988 0.6162439189198342 264
1712912456101 0.6258941574662017 265
1712912758715 0.6181709744705703 266
1712913049246 0.6083637449052832 267
1712913359666 0.5849245680203816 268
1712913674125 0.5830271936105055 269
1712913959919 0.6478296325222265 270
1712914275687 0.6449956655737373 271
1712914586943 0.6914477235848467 272
1712914881099 0.526374086763932 273
1712915178886 0.6367659719311547 274
1712915492726 0.6582850377271957 275
1712915810204 0.6763939768363171 276
1712916118856 0.6472479666413499 277
1712916411181 0.7137545797707714 278
1712916739889 0.6237722441055998 279
1712917042124 0.6159074764006414 280
1712917343400 0.6836785229791501 281
1712917672742 0.7347234875878942 282
1712917988390 0.6281454459845823 283
1712918292161 0.6950815412855477 284
1712918638835 0.6706950826649358 285
1712918939408 0.6300594789222737 286
1712919223724 0.7166792155853511 287
1712919568300 0.6313269525149309 288
1712919874222 0.6657147488783046 289
1712920165026 0.636959949684056 290
1712920487908 0.6515709015443627 291
1712920772498 0.6536042517393359 292
1712921087384 0.6701281768865108 293
1712921393071 0.654507299055892 294
1712921704383 0.6262535545559375 295
1712922025658 0.6659649604800226 296
1712922312884 0.723929440663052 297
1712922646384 0.6984005010434788 298
1712922962045 0.6001628607335985 299
