1707565993041 0.003 0
1707566009730 0.003 1
1707566021385 0.00299 2
1707566029034 0.00299 3
1707566040462 0.00299 4
1707566048119 0.00299 5
1707566055753 0.00298 6
1707566067276 0.00298 7
1707566079235 0.00298 8
1707566086890 0.00298 9
1707566094496 0.00297 10
1707566102139 0.00297 11
1707566113536 0.00297 12
1707566124922 0.00296 13
1707566132648 0.00296 14
1707566144062 0.00296 15
1707566156073 0.00296 16
1707566167500 0.00295 17
1707566179103 0.00295 18
1707566186762 0.00295 19
1707566198642 0.00295 20
1707566206323 0.00294 21
1707566218020 0.00294 22
1707566225683 0.00294 23
1707566233336 0.00294 24
1707566240984 0.00293 25
1707566252468 0.00293 26
1707566264077 0.00293 27
1707566276020 0.00292 28
1707566287489 0.00292 29
1707566299112 0.00292 30
1707566310762 0.00292 31
1707566322649 0.00291 32
1707566330283 0.00291 33
1707566337923 0.00291 34
1707566345573 0.00291 35
1707566357060 0.0029 36
1707566368679 0.0029 37
1707566376351 0.0029 38
1707566384016 0.00289 39
1707566391686 0.00289 40
1707566399762 0.00289 41
1707566413206 0.00289 42
1707566424718 0.00288 43
1707566432427 0.00288 44
1707566443895 0.00288 45
1707566451521 0.00288 46
1707566462971 0.00287 47
1707566475095 0.00287 48
1707566486613 0.00287 49
1707566498483 0.00286 50
1707566510023 0.00286 51
1707566521959 0.00286 52
1707566533528 0.00286 53
1707566545513 0.00285 54
1707566557070 0.00285 55
1707566569057 0.00285 56
1707566580737 0.00285 57
1707566588383 0.00284 58
1707566596101 0.00284 59
1707566607665 0.00284 60
1707566619584 0.00283 61
1707566631263 0.00283 62
1707566642774 0.00283 63
1707566654873 0.00283 64
1707566666312 0.00282 65
1707566673987 0.00282 66
1707566685990 0.00282 67
1707566697450 0.00282 68
1707566705256 0.00281 69
1707566716953 0.00281 70
1707566728869 0.00281 71
1707566740400 0.0028 72
1707566752455 0.0028 73
1707566764067 0.0028 74
1707566775489 0.0028 75
1707566787638 0.00279 76
1707566799144 0.00279 77
1707566806814 0.00279 78
1707566818472 0.00279 79
1707566830392 0.00278 80
1707566841853 0.00278 81
1707566853868 0.00278 82
1707566861502 0.00277 83
1707566872951 0.00277 84
1707566884442 0.00277 85
1707566896472 0.00277 86
1707566907956 0.00276 87
1707566915577 0.00276 88
1707566927484 0.00276 89
1707566939084 0.00276 90
1707566950603 0.00275 91
1707566962592 0.00275 92
1707566974026 0.00275 93
1707566985564 0.00274 94
1707566997584 0.00274 95
1707567009076 0.00274 96
1707567020922 0.00274 97
1707567028563 0.00273 98
1707567036201 0.00273 99
1707567051780 0.00273 100
1707567063461 0.00273 101
1707567071093 0.00272 102
1707567078746 0.00272 103
1707567086402 0.00272 104
1707567097944 0.00271 105
1707567109655 0.00271 106
1707567121349 0.00271 107
1707567129018 0.00271 108
1707567136667 0.0027 109
1707567148081 0.0027 110
1707567159596 0.0027 111
1707567171235 0.0027 112
1707567183100 0.00269 113
1707567194592 0.00269 114
1707567206012 0.00269 115
1707567217475 0.00268 116
1707567229283 0.00268 117
1707567237019 0.00268 118
1707567244678 0.00268 119
1707567252335 0.00267 120
1707567259987 0.00267 121
1707567267652 0.00267 122
1707567279140 0.00267 123
1707567290851 0.00266 124
1707567302327 0.00266 125
1707567314200 0.00266 126
1707567325676 0.00265 127
1707567337161 0.00265 128
1707567344829 0.00265 129
1707567352577 0.00265 130
1707567364117 0.00264 131
1707567375797 0.00264 132
1707567383461 0.00264 133
1707567395114 0.00264 134
1707567402941 0.00263 135
1707567410642 0.00263 136
1707567418343 0.00263 137
1707567430081 0.00262 138
1707567437736 0.00262 139
1707567445396 0.00262 140
1707567453082 0.00262 141
1707567464797 0.00261 142
1707567476788 0.00261 143
1707567488311 0.00261 144
1707567495983 0.00261 145
1707567503684 0.0026 146
1707567511377 0.0026 147
1707567523532 0.0026 148
1707567535086 0.00259 149
1707567546875 0.00259 150
1707567554532 0.00259 151
1707567562218 0.00259 152
1707567569897 0.00258 153
1707567578394 0.00258 154
1707567586070 0.00258 155
1707567594392 0.00258 156
1707567603721 0.00257 157
1707567612763 0.00257 158
1707567627593 0.00257 159
1707567635275 0.00256 160
1707567642948 0.00256 161
1707567650777 0.00256 162
1707567662411 0.00256 163
1707567674168 0.00255 164
1707567681812 0.00255 165
1707567689485 0.00255 166
1707567697150 0.00255 167
1707567704971 0.00254 168
1707567716951 0.00254 169
1707567728697 0.00254 170
1707567736376 0.00253 171
1707567744032 0.00253 172
1707567755556 0.00253 173
1707567767435 0.00253 174
1707567775091 0.00252 175
1707567786727 0.00252 176
1707567798562 0.00252 177
1707567810037 0.00251 178
1707567822052 0.00251 179
1707567829711 0.00251 180
1707567837374 0.00251 181
1707567848969 0.0025 182
1707567860893 0.0025 183
1707567872623 0.0025 184
1707567884695 0.0025 185
1707567896141 0.00249 186
1707567903796 0.00249 187
1707567915513 0.00249 188
1707567927332 0.00248 189
1707567935023 0.00248 190
1707567942732 0.00248 191
1707567950440 0.00248 192
1707567958148 0.00247 193
1707567965852 0.00247 194
1707567973563 0.00247 195
1707567981578 0.00247 196
1707567990258 0.00246 197
1707567998757 0.00246 198
1707568006479 0.00246 199
1707568019855 0.00245 200
1707568027547 0.00245 201
1707568035253 0.00245 202
1707568042954 0.00245 203
1707568050639 0.00244 204
1707568059110 0.00244 205
1707568067846 0.00244 206
1707568075497 0.00243 207
1707568083558 0.00243 208
1707568096560 0.00243 209
1707568108070 0.00243 210
1707568119803 0.00242 211
1707568131502 0.00242 212
1707568143417 0.00242 213
1707568154848 0.00242 214
1707568162486 0.00241 215
1707568170130 0.00241 216
1707568177806 0.00241 217
1707568185544 0.0024 218
1707568193202 0.0024 219
1707568200863 0.0024 220
1707568209948 0.0024 221
1707568218832 0.00239 222
1707568227124 0.00239 223
1707568241142 0.00239 224
1707568252810 0.00239 225
1707568260466 0.00238 226
1707568272501 0.00238 227
1707568284720 0.00238 228
1707568296638 0.00237 229
1707568308310 0.00237 230
1707568320128 0.00237 231
1707568331608 0.00237 232
1707568343392 0.00236 233
1707568354988 0.00236 234
1707568366651 0.00236 235
1707568374328 0.00235 236
1707568382004 0.00235 237
1707568393879 0.00235 238
1707568405431 0.00235 239
1707568413135 0.00234 240
1707568420809 0.00234 241
1707568428598 0.00234 242
1707568441524 0.00234 243
1707568453485 0.00233 244
1707568465071 0.00233 245
1707568476731 0.00233 246
1707568488672 0.00232 247
1707568500178 0.00232 248
1707568511650 0.00232 249
1707568523555 0.00232 250
1707568535189 0.00231 251
1707568546679 0.00231 252
1707568558133 0.00231 253
1707568569898 0.0023 254
1707568577544 0.0023 255
1707568585191 0.0023 256
1707568592950 0.0023 257
1707568600611 0.00229 258
1707568608268 0.00229 259
1707568615936 0.00229 260
1707568623599 0.00229 261
1707568631250 0.00228 262
1707568638916 0.00228 263
1707568647902 0.00228 264
1707568656259 0.00227 265
1707568665037 0.00227 266
1707568677739 0.00227 267
1707568689284 0.00227 268
1707568700824 0.00226 269
1707568708473 0.00226 270
1707568716275 0.00226 271
1707568723934 0.00225 272
1707568735826 0.00225 273
1707568747464 0.00225 274
1707568755126 0.00225 275
1707568762784 0.00224 276
1707568770441 0.00224 277
1707568778276 0.00224 278
1707568786218 0.00223 279
1707568793887 0.00223 280
1707568802912 0.00223 281
1707568810561 0.00223 282
1707568823979 0.00222 283
1707568831638 0.00222 284
1707568839306 0.00222 285
1707568847078 0.00222 286
1707568854743 0.00221 287
1707568862427 0.00221 288
1707568873964 0.00221 289
1707568881620 0.0022 290
1707568889290 0.0022 291
1707568896960 0.0022 292
1707568904794 0.0022 293
1707568916526 0.00219 294
1707568924184 0.00219 295
1707568931867 0.00219 296
1707568939545 0.00218 297
1707568947222 0.00218 298
1707568955453 0.00218 299
1707568972067 0.00218 300
1707568983627 0.00217 301
1707568991275 0.00217 302
1707569003297 0.00217 303
1707569014857 0.00217 304
1707569022643 0.00216 305
1707569030311 0.00216 306
1707569037978 0.00216 307
1707569045647 0.00215 308
1707569057776 0.00215 309
1707569065444 0.00215 310
1707569073115 0.00215 311
1707569080938 0.00214 312
1707569088610 0.00214 313
1707569101133 0.00214 314
1707569108797 0.00213 315
1707569116462 0.00213 316
1707569124130 0.00213 317
1707569131787 0.00213 318
1707569144590 0.00212 319
1707569156310 0.00212 320
1707569163972 0.00212 321
1707569171630 0.00211 322
1707569183152 0.00211 323
1707569195163 0.00211 324
1707569206882 0.00211 325
1707569214545 0.0021 326
1707569222211 0.0021 327
1707569229875 0.0021 328
1707569241568 0.00209 329
1707569253512 0.00209 330
1707569261354 0.00209 331
1707569273028 0.00209 332
1707569285151 0.00208 333
1707569296701 0.00208 334
1707569304381 0.00208 335
1707569312069 0.00208 336
1707569319933 0.00207 337
1707569327640 0.00207 338
1707569335323 0.00207 339
1707569343049 0.00206 340
1707569350749 0.00206 341
1707569364350 0.00206 342
1707569372022 0.00206 343
1707569379716 0.00205 344
1707569387484 0.00205 345
1707569395162 0.00205 346
1707569402885 0.00204 347
1707569410581 0.00204 348
1707569419107 0.00204 349
1707569431247 0.00204 350
1707569438919 0.00203 351
1707569446768 0.00203 352
1707569454651 0.00203 353
1707569464747 0.00202 354
1707569473437 0.00202 355
1707569481811 0.00202 356
1707569490119 0.00202 357
1707569499317 0.00201 358
1707569507992 0.00201 359
1707569517068 0.00201 360
1707569525874 0.002 361
1707569535600 0.002 362
1707569544586 0.002 363
1707569552272 0.002 364
1707569560574 0.00199 365
1707569570126 0.00199 366
1707569577794 0.00199 367
1707569590739 0.00199 368
1707569602316 0.00198 369
1707569609984 0.00198 370
1707569621591 0.00198 371
1707569629247 0.00197 372
1707569636918 0.00197 373
1707569648663 0.00197 374
1707569660169 0.00197 375
1707569667847 0.00196 376
1707569675516 0.00196 377
1707569683191 0.00196 378
1707569690866 0.00195 379
1707569698548 0.00195 380
1707569706410 0.00195 381
1707569714119 0.00195 382
1707569727927 0.00194 383
1707569739401 0.00194 384
1707569750875 0.00194 385
1707569762612 0.00193 386
1707569774220 0.00193 387
1707569785904 0.00193 388
1707569793579 0.00193 389
1707569801249 0.00192 390
1707569808923 0.00192 391
1707569816613 0.00192 392
1707569824462 0.00191 393
1707569833120 0.00191 394
1707569843724 0.00191 395
1707569851929 0.00191 396
1707569859842 0.0019 397
1707569868939 0.0019 398
1707569876625 0.0019 399
1707569891393 0.00189 400
1707569899080 0.00189 401
1707569906768 0.00189 402
1707569914456 0.00189 403
1707569922229 0.00188 404
1707569931645 0.00188 405
1707569939341 0.00188 406
1707569947960 0.00187 407
1707569956196 0.00187 408
1707569964366 0.00187 409
1707569973938 0.00187 410
1707569982451 0.00186 411
1707569990120 0.00186 412
1707569998268 0.00186 413
1707570007539 0.00185 414
1707570015211 0.00185 415
1707570027796 0.00185 416
1707570035483 0.00185 417
1707570043146 0.00184 418
1707570055388 0.00184 419
1707570063093 0.00184 420
1707570070762 0.00183 421
1707570078482 0.00183 422
1707570086174 0.00183 423
1707570093967 0.00183 424
1707570102197 0.00182 425
1707570118412 0.00182 426
1707570126103 0.00182 427
1707570133773 0.00181 428
1707570141466 0.00181 429
1707570149147 0.00181 430
1707570158411 0.00181 431
1707570166088 0.0018 432
1707570175041 0.0018 433
1707570184213 0.0018 434
1707570192688 0.00179 435
1707570200663 0.00179 436
1707570211478 0.00179 437
1707570220400 0.00179 438
1707570228791 0.00178 439
1707570238907 0.00178 440
1707570246615 0.00178 441
1707570254733 0.00177 442
1707570263046 0.00177 443
1707570272671 0.00177 444
1707570281115 0.00177 445
1707570289299 0.00176 446
1707570298588 0.00176 447
1707570307729 0.00176 448
1707570317761 0.00175 449
1707570329330 0.00175 450
1707570340847 0.00175 451
1707570352922 0.00175 452
1707570364513 0.00174 453
1707570372326 0.00174 454
1707570384495 0.00174 455
1707570392186 0.00173 456
1707570399885 0.00173 457
1707570411388 0.00173 458
1707570419093 0.00173 459
1707570430747 0.00172 460
1707570438574 0.00172 461
1707570446257 0.00172 462
1707570458356 0.00171 463
1707570469880 0.00171 464
1707570477529 0.00171 465
1707570485201 0.00171 466
1707570493019 0.0017 467
1707570500702 0.0017 468
1707570508396 0.0017 469
1707570516117 0.00169 470
1707570523810 0.00169 471
1707570532844 0.00169 472
1707570540726 0.00169 473
1707570548423 0.00168 474
1707570557782 0.00168 475
1707570567289 0.00168 476
1707570576348 0.00167 477
1707570584802 0.00167 478
1707570592844 0.00167 479
1707570600568 0.00167 480
1707570614507 0.00166 481
1707570626386 0.00166 482
1707570638225 0.00166 483
1707570650417 0.00165 484
1707570662040 0.00165 485
1707570669735 0.00165 486
1707570677411 0.00165 487
1707570685088 0.00164 488
1707570692906 0.00164 489
1707570700600 0.00164 490
1707570708280 0.00163 491
1707570716074 0.00163 492
1707570724876 0.00163 493
1707570732753 0.00163 494
1707570741765 0.00162 495
1707570754701 0.00162 496
1707570767009 0.00162 497
1707570774698 0.00161 498
1707570782384 0.00161 499
1707570794021 0.00161 500
1707570801720 0.0016 501
1707570809399 0.0016 502
1707570817235 0.0016 503
1707570824960 0.0016 504
1707570832669 0.00159 505
1707570840349 0.00159 506
1707570848028 0.00159 507
1707570859616 0.00158 508
1707570871526 0.00158 509
1707570883381 0.00158 510
1707570895490 0.00158 511
1707570903179 0.00157 512
1707570910848 0.00157 513
1707570918537 0.00157 514
1707570926201 0.00156 515
1707570933872 0.00156 516
1707570941860 0.00156 517
1707570950474 0.00156 518
1707570958413 0.00155 519
1707570966847 0.00155 520
1707570975598 0.00155 521
1707570984170 0.00154 522
1707570993146 0.00154 523
1707571001670 0.00154 524
1707571011017 0.00154 525
1707571019252 0.00153 526
1707571028790 0.00153 527
1707571037048 0.00153 528
1707571045467 0.00152 529
1707571053784 0.00152 530
1707571061984 0.00152 531
1707571071009 0.00151 532
1707571078684 0.00151 533
1707571086480 0.00151 534
1707571095342 0.00151 535
1707571103185 0.0015 536
1707571111572 0.0015 537
1707571121185 0.0015 538
1707571131240 0.00149 539
1707571138921 0.00149 540
1707571149237 0.00149 541
1707571158426 0.00149 542
1707571166124 0.00148 543
1707571174881 0.00148 544
1707571183008 0.00148 545
1707571193208 0.00147 546
1707571204777 0.00147 547
1707571216918 0.00147 548
1707571224667 0.00147 549
1707571240835 0.00146 550
1707571252375 0.00146 551
1707571260034 0.00146 552
1707571267715 0.00145 553
1707571275544 0.00145 554
1707571283215 0.00145 555
1707571290891 0.00144 556
1707571298558 0.00144 557
1707571306231 0.00144 558
1707571313909 0.00144 559
1707571321743 0.00143 560
1707571330233 0.00143 561
1707571337921 0.00143 562
1707571345711 0.00142 563
1707571354444 0.00142 564
1707571363226 0.00142 565
1707571372388 0.00142 566
1707571380267 0.00141 567
1707571388893 0.00141 568
1707571397473 0.00141 569
1707571406146 0.0014 570
1707571415975 0.0014 571
1707571423654 0.0014 572
1707571431712 0.00139 573
1707571439911 0.00139 574
1707571448351 0.00139 575
1707571458942 0.00139 576
1707571467591 0.00138 577
1707571475523 0.00138 578
1707571484426 0.00138 579
1707571492093 0.00137 580
1707571504717 0.00137 581
1707571516387 0.00137 582
1707571528589 0.00137 583
1707571540290 0.00136 584
1707571547980 0.00136 585
1707571555680 0.00136 586
1707571563397 0.00135 587
1707571571101 0.00135 588
1707571578802 0.00135 589
1707571586510 0.00134 590
1707571594209 0.00134 591
1707571601896 0.00134 592
1707571609711 0.00134 593
1707571617399 0.00133 594
1707571626526 0.00133 595
1707571634944 0.00133 596
1707571644126 0.00132 597
1707571653403 0.00132 598
1707571661500 0.00132 599
1707571675648 0.00132 600
1707571683368 0.00131 601
1707571691067 0.00131 602
1707571698773 0.00131 603
1707571706464 0.0013 604
1707571714150 0.0013 605
1707571721832 0.0013 606
1707571729529 0.00129 607
1707571737595 0.00129 608
1707571745784 0.00129 609
1707571754540 0.00129 610
1707571763691 0.00128 611
1707571771750 0.00128 612
1707571780163 0.00128 613
1707571788274 0.00127 614
1707571796697 0.00127 615
1707571806255 0.00127 616
1707571814066 0.00126 617
1707571821773 0.00126 618
1707571830436 0.00126 619
1707571839556 0.00126 620
1707571847965 0.00125 621
1707571855662 0.00125 622
1707571864692 0.00125 623
1707571873231 0.00124 624
1707571882090 0.00124 625
1707571891139 0.00124 626
1707571899070 0.00123 627
1707571907260 0.00123 628
1707571917795 0.00123 629
1707571925501 0.00123 630
1707571934039 0.00122 631
1707571943552 0.00122 632
1707571952599 0.00122 633
1707571960302 0.00121 634
1707571969035 0.00121 635
1707571976732 0.00121 636
1707571984426 0.00121 637
1707571993480 0.0012 638
1707572001183 0.0012 639
1707572008875 0.0012 640
1707572018061 0.00119 641
1707572030557 0.00119 642
1707572038234 0.00119 643
1707572045912 0.00118 644
1707572057829 0.00118 645
1707572065522 0.00118 646
1707572073201 0.00118 647
1707572081025 0.00117 648
1707572088708 0.00117 649
1707572100307 0.00117 650
1707572107993 0.00116 651
1707572115686 0.00116 652
1707572123368 0.00116 653
1707572131558 0.00115 654
1707572139949 0.00115 655
1707572149242 0.00115 656
1707572156917 0.00115 657
1707572165269 0.00114 658
1707572175146 0.00114 659
1707572183637 0.00114 660
1707572191319 0.00113 661
1707572199007 0.00113 662
1707572206695 0.00113 663
1707572219844 0.00112 664
1707572227544 0.00112 665
1707572235222 0.00112 666
1707572242907 0.00112 667
1707572250585 0.00111 668
1707572258293 0.00111 669
1707572270765 0.00111 670
1707572278464 0.0011 671
1707572286179 0.0011 672
1707572293882 0.0011 673
1707572305509 0.00109 674
1707572317612 0.00109 675
1707572325272 0.00109 676
1707572333042 0.00108 677
1707572340734 0.00108 678
1707572348438 0.00108 679
1707572356131 0.00108 680
1707572363823 0.00107 681
1707572371513 0.00107 682
1707572379209 0.00107 683
1707572387054 0.00106 684
1707572394771 0.00106 685
1707572402473 0.00106 686
1707572410519 0.00105 687
1707572419243 0.00105 688
1707572429301 0.00105 689
1707572437831 0.00105 690
1707572446940 0.00104 691
1707572455097 0.00104 692
1707572463680 0.00104 693
1707572474839 0.00103 694
1707572483902 0.00103 695
1707572491652 0.00103 696
1707572499366 0.00102 697
1707572507070 0.00102 698
1707572514988 0.00102 699
1707572528691 0.00102 700
1707572536395 0.00101 701
1707572544086 0.00101 702
1707572551785 0.00101 703
1707572560610 0.001 704
1707572572793 0.001 705
1707572580489 0.001 706
1707572592839 0.00099 707
1707572600536 0.00099 708
1707572608228 0.00099 709
1707572615924 0.00098 710
1707572623610 0.00098 711
1707572631317 0.00098 712
1707572639019 0.00098 713
1707572646729 0.00097 714
1707572654518 0.00097 715
1707572663277 0.00097 716
1707572672233 0.00096 717
1707572681859 0.00096 718
1707572692054 0.00096 719
1707572700179 0.00095 720
1707572708323 0.00095 721
1707572716513 0.00095 722
1707572725207 0.00094 723
1707572733674 0.00094 724
1707572741382 0.00094 725
1707572749658 0.00094 726
1707572757701 0.00093 727
1707572765383 0.00093 728
1707572773677 0.00093 729
1707572781403 0.00092 730
1707572790213 0.00092 731
1707572797938 0.00092 732
1707572806366 0.00091 733
1707572814665 0.00091 734
1707572823563 0.00091 735
1707572831269 0.0009 736
1707572838965 0.0009 737
1707572846656 0.0009 738
1707572855359 0.0009 739
1707572865132 0.00089 740
1707572874648 0.00089 741
1707572883181 0.00089 742
1707572891942 0.00088 743
1707572900251 0.00088 744
1707572908213 0.00088 745
1707572917263 0.00087 746
1707572926041 0.00087 747
1707572934927 0.00087 748
1707572946648 0.00086 749
1707572958335 0.00086 750
1707572966034 0.00086 751
1707572973743 0.00086 752
1707572981441 0.00085 753
1707572989290 0.00085 754
1707572996989 0.00085 755
1707573005505 0.00084 756
1707573013858 0.00084 757
1707573021550 0.00084 758
1707573029318 0.00083 759
1707573037023 0.00083 760
1707573044716 0.00083 761
1707573052891 0.00082 762
1707573060989 0.00082 763
1707573069247 0.00082 764
1707573079011 0.00081 765
1707573087567 0.00081 766
1707573095282 0.00081 767
1707573102986 0.00081 768
1707573111243 0.0008 769
1707573120672 0.0008 770
1707573129308 0.0008 771
1707573137063 0.00079 772
1707573144807 0.00079 773
1707573156986 0.00079 774
1707573168906 0.00078 775
1707573176604 0.00078 776
1707573184510 0.00078 777
1707573192231 0.00077 778
1707573199971 0.00077 779
1707573207811 0.00077 780
1707573216220 0.00076 781
1707573225985 0.00076 782
1707573235895 0.00076 783
1707573243712 0.00076 784
1707573252221 0.00075 785
1707573259978 0.00075 786
1707573269447 0.00075 787
1707573279014 0.00074 788
1707573288682 0.00074 789
1707573296419 0.00074 790
1707573304321 0.00073 791
1707573313057 0.00073 792
1707573320774 0.00073 793
1707573330672 0.00072 794
1707573338416 0.00072 795
1707573347383 0.00072 796
1707573356153 0.00071 797
1707573366779 0.00071 798
1707573375244 0.00071 799
1707573388786 0.0007 800
1707573396617 0.0007 801
1707573408272 0.0007 802
1707573419827 0.0007 803
1707573427606 0.00069 804
1707573439371 0.00069 805
1707573451267 0.00069 806
1707573462965 0.00068 807
1707573474527 0.00068 808
1707573486108 0.00068 809
1707573497799 0.00067 810
1707573505526 0.00067 811
1707573513265 0.00067 812
1707573521000 0.00066 813
1707573528728 0.00066 814
1707573536453 0.00066 815
1707573544206 0.00065 816
1707573551909 0.00065 817
1707573560459 0.00065 818
1707573569741 0.00064 819
1707573578472 0.00064 820
1707573587470 0.00064 821
1707573595592 0.00063 822
1707573605701 0.00063 823
1707573615718 0.00063 824
1707573624259 0.00062 825
1707573632669 0.00062 826
1707573641265 0.00062 827
1707573651080 0.00062 828
1707573658792 0.00061 829
1707573666536 0.00061 830
1707573676505 0.00061 831
1707573684827 0.0006 832
1707573699696 0.0006 833
1707573707397 0.0006 834
1707573715230 0.00059 835
1707573722934 0.00059 836
1707573730633 0.00059 837
1707573738320 0.00058 838
1707573745995 0.00058 839
1707573753687 0.00058 840
1707573762146 0.00057 841
1707573770521 0.00057 842
1707573779283 0.00057 843
1707573787718 0.00056 844
1707573795458 0.00056 845
1707573803833 0.00056 846
1707573812983 0.00055 847
1707573821811 0.00055 848
1707573830664 0.00055 849
1707573844087 0.00054 850
1707573851902 0.00054 851
1707573859592 0.00054 852
1707573867327 0.00053 853
1707573876026 0.00053 854
1707573884332 0.00053 855
1707573893732 0.00052 856
1707573901423 0.00052 857
1707573909166 0.00052 858
1707573917756 0.00051 859
1707573930105 0.00051 860
1707573937794 0.00051 861
1707573945459 0.0005 862
1707573956973 0.0005 863
1707573964669 0.0005 864
1707573976753 0.00049 865
1707573988578 0.00049 866
1707574000697 0.00049 867
1707574008383 0.00048 868
1707574016090 0.00048 869
1707574023774 0.00048 870
1707574031481 0.00047 871
1707574039186 0.00047 872
1707574047042 0.00047 873
1707574054767 0.00047 874
1707574063360 0.00046 875
1707574072295 0.00046 876
1707574080476 0.00046 877
1707574088369 0.00045 878
1707574097478 0.00045 879
1707574105424 0.00045 880
1707574114340 0.00044 881
1707574124321 0.00044 882
1707574132005 0.00043 883
1707574141294 0.00043 884
1707574150263 0.00043 885
1707574159599 0.00042 886
1707574168528 0.00042 887
1707574177375 0.00042 888
1707574185086 0.00041 889
1707574193779 0.00041 890
1707574203805 0.00041 891
1707574211922 0.0004 892
1707574221398 0.0004 893
1707574230950 0.0004 894
1707574238653 0.00039 895
1707574247644 0.00039 896
1707574255885 0.00039 897
1707574263563 0.00038 898
1707574272948 0.00038 899
1707574286356 0.00038 900
1707574294062 0.00037 901
1707574301748 0.00037 902
1707574313387 0.00037 903
1707574321063 0.00036 904
1707574328725 0.00036 905
1707574336539 0.00036 906
1707574344203 0.00035 907
1707574351875 0.00035 908
1707574360682 0.00035 909
1707574369156 0.00034 910
1707574381054 0.00034 911
1707574389450 0.00034 912
1707574398486 0.00033 913
1707574406161 0.00033 914
1707574416266 0.00033 915
1707574423941 0.00032 916
1707574431679 0.00032 917
1707574440298 0.00032 918
1707574450370 0.00031 919
1707574458303 0.00031 920
1707574465966 0.00031 921
1707574476722 0.0003 922
1707574485459 0.0003 923
1707574495168 0.0003 924
1707574503847 0.00029 925
1707574511533 0.00029 926
1707574520108 0.00028 927
1707574527785 0.00028 928
1707574536361 0.00028 929
1707574544174 0.00027 930
1707574552336 0.00027 931
1707574560782 0.00027 932
1707574569051 0.00026 933
1707574577107 0.00026 934
1707574586110 0.00026 935
1707574593769 0.00025 936
1707574605238 0.00025 937
1707574613490 0.00025 938
1707574621154 0.00024 939
1707574628851 0.00024 940
1707574637398 0.00023 941
1707574645091 0.00023 942
1707574652960 0.00023 943
1707574662650 0.00022 944
1707574670582 0.00022 945
1707574678261 0.00022 946
1707574687263 0.00021 947
1707574695661 0.00021 948
1707574704500 0.00021 949
1707574717312 0.0002 950
1707574724980 0.0002 951
1707574732649 0.0002 952
1707574740303 0.00019 953
1707574748295 0.00019 954
1707574756872 0.00018 955
1707574766487 0.00018 956
1707574775732 0.00018 957
1707574783529 0.00017 958
1707574792083 0.00017 959
1707574801753 0.00017 960
1707574809714 0.00016 961
1707574817395 0.00016 962
1707574825099 0.00015 963
1707574834054 0.00015 964
1707574842340 0.00015 965
1707574851252 0.00014 966
1707574859166 0.00014 967
1707574869185 0.00014 968
1707574876873 0.00013 969
1707574884561 0.00013 970
1707574893544 0.00012 971
1707574904250 0.00012 972
1707574913976 0.00012 973
1707574923412 0.00011 974
1707574931664 0.00011 975
1707574941038 0.0001 976
1707574951553 0.0001 977
1707574960294 0.0001 978
1707574973650 9e-05 979
1707574985288 9e-05 980
1707574997020 8e-05 981
1707575004689 8e-05 982
1707575012362 8e-05 983
1707575020043 7e-05 984
1707575027741 7e-05 985
1707575035481 6e-05 986
1707575043461 6e-05 987
1707575051231 6e-05 988
1707575060604 5e-05 989
1707575070685 5e-05 990
1707575079530 4e-05 991
1707575089233 4e-05 992
1707575097764 3e-05 993
1707575107291 3e-05 994
1707575115533 3e-05 995
1707575129282 2e-05 996
1707575137152 2e-05 997
1707575144848 1e-05 998
1707575152544 1e-05 999
