1707566008645 4.8543 0
1707566016792 2.7809 0
1707566028438 2.0204 0
1707566036095 1.5477 0
1707566047523 1.3354 0
1707566055181 1.2021 0
1707566062816 1.1212 0
1707566074351 1.0164 0
1707566086299 0.9749 0
1707566093938 0.8274 0
1707566101570 0.7483 0
1707566109200 0.7683 0
1707566120602 0.6843 0
1707566132062 0.7471 0
1707566139710 0.6581 0
1707566151127 0.7129 0
1707566163153 0.5515 0
1707566174573 0.5318 0
1707566186174 0.5916 0
1707566193833 0.5727 0
1707566205724 0.5592 0
1707566213426 0.5604 0
1707566225123 0.5238 0
1707566232756 0.535 0
1707566240412 0.5477 0
1707566248147 0.4648 0
1707566259537 0.5767 0
1707566271143 0.434 0
1707566283098 0.4841 0
1707566294555 0.4958 0
1707566306173 0.5602 0
1707566317849 0.453 0
1707566329709 0.5127 0
1707566337352 0.5637 0
1707566344998 0.5313 0
1707566352648 0.4921 0
1707566364134 0.4529 0
1707566375750 0.5617 0
1707566383430 0.4422 0
1707566391088 0.5282 0
1707566399156 0.5402 0
1707566408214 0.3995 0
1707566420268 0.3801 0
1707566431867 0.383 0
1707566439496 0.5401 0
1707566450954 0.3419 0
1707566458604 0.4478 0
1707566470035 0.4767 0
1707566482171 0.4361 0
1707566493693 0.3928 0
1707566505550 0.3525 0
1707566517094 0.3847 0
1707566529025 0.4113 0
1707566540672 0.3392 0
1707566552590 0.3632 0
1707566564145 0.3301 0
1707566576125 0.5014 0
1707566587827 0.3382 0
1707566595518 0.3452 0
1707566603171 0.3156 0
1707566614738 0.3652 0
1707566626656 0.3401 0
1707566638316 0.3068 0
1707566649838 0.3801 0
1707566661944 0.3638 0
1707566673397 0.2877 0
1707566681056 0.3024 0
1707566693068 0.2705 0
1707566704527 0.3801 0
1707566712327 0.4236 0
1707566724026 0.3226 0
1707566735948 0.2396 0
1707566747461 0.2965 0
1707566759528 0.2248 0
1707566771136 0.3914 0
1707566782565 0.184 0
1707566794721 0.3792 0
1707566806223 0.2338 0
1707566813885 0.3891 0
1707566825633 0.3501 0
1707566837456 0.3301 0
1707566848918 0.3075 0
1707566860941 0.3602 0
1707566868571 0.3394 0
1707566880011 0.3143 0
1707566891513 0.3099 0
1707566903541 0.2379 0
1707566915016 0.2277 0
1707566922668 0.125 0
1707566934547 0.3649 0
1707566946244 0.2756 0
1707566957675 0.264 0
1707566969664 0.2202 0
1707566981099 0.1867 0
1707566992625 0.2404 0
1707567004670 0.2832 0
1707567016151 0.2294 0
1707567027994 0.1754 0
1707567035638 0.2513 0
1707567043273 0.2191 0
1707567058843 0.4022 0
1707567070523 0.3112 0
1707567078166 0.2265 0
1707567085822 0.2188 0
1707567093491 0.3212 0
1707567105015 0.1248 0
1707567116733 0.2326 0
1707567128436 0.3324 0
1707567136092 0.1368 0
1707567143730 0.1462 0
1707567155157 0.1659 0
1707567166661 0.2719 0
1707567178302 0.19 0
1707567190172 0.1175 0
1707567201656 0.0501 0
1707567213077 0.1427 0
1707567224542 0.1758 0
1707567236434 0.1368 0
1707567244090 0.2606 0
1707567251743 0.0944 0
1707567259394 0.1655 0
1707567267062 0.1336 0
1707567274725 0.063 0
1707567286217 0.1078 0
1707567297917 0.0982 0
1707567309395 -0.0174 0
1707567321264 0.129 0
1707567332742 0.0724 0
1707567344239 0.1144 0
1707567351982 0.1484 0
1707567359653 0.035 0
1707567371190 0.1367 0
1707567382868 0.1361 0
1707567390482 0.1236 0
1707567402188 0.1699 0
1707567410027 0.0353 0
1707567417728 -0.0069 0
1707567425421 0.0519 0
1707567437137 0.0269 0
1707567444803 0.0193 0
1707567452478 0.144 0
1707567460160 0.1138 0
1707567471882 -0.0011 0
1707567483856 0.0274 0
1707567495380 0.0743 0
1707567503076 -0.0244 0
1707567510756 0.1775 0
1707567518458 0.0616 0
1707567530604 0.2346 0
1707567542159 0.0198 0
1707567553937 0.1407 0
1707567561606 0.1175 0
1707567569294 0.0414 0
1707567577645 0.0437 0
1707567585469 0.011 0
1707567593793 -0.0254 0
1707567603121 0.0631 0
1707567612163 0.0362 0
1707567622772 0.0124 0
1707567634671 0.0385 0
1707567642345 0.2572 0
1707567650015 0.1725 0
1707567657851 -0.0115 0
1707567669482 -0.0213 0
1707567681234 -0.0223 0
1707567688886 -0.0114 0
1707567696557 0.0511 0
1707567704234 0.0323 0
1707567712389 0.0578 0
1707567724049 0.0428 0
1707567735765 -0.1081 0
1707567743443 0.076 0
1707567751108 0.0631 0
1707567762635 0.005 0
1707567774494 0.0113 0
1707567782165 0.0035 0
1707567793799 -0.0008 0
1707567805634 -0.0796 0
1707567817121 0.0204 0
1707567829117 -0.0128 0
1707567836780 -0.0301 0
1707567844447 -0.0106 0
1707567856050 -0.0291 0
1707567867965 -0.0687 0
1707567879681 -0.0849 0
1707567891770 0.0077 0
1707567903208 -0.1297 0
1707567910858 -0.0497 0
1707567922586 -0.0692 0
1707567934412 -0.0624 0
1707567942114 -0.0327 0
1707567949819 -0.0307 0
1707567957531 -0.0178 0
1707567965242 0.0305 0
1707567972932 -0.0761 0
1707567980978 -0.0125 0
1707567989642 -0.1331 0
1707567997966 -0.0571 0
1707568005856 -0.1015 0
1707568015111 -0.0985 0
1707568026939 -0.0896 0
1707568034644 -0.0201 0
1707568042341 -0.1207 0
1707568050032 -0.0955 0
1707568058344 -0.027 0
1707568067260 -0.0106 0
1707568074921 -0.1631 0
1707568082977 -0.1022 0
1707568091712 -0.1325 0
1707568103631 -0.0954 0
1707568115154 -0.0784 0
1707568126947 -0.0667 0
1707568138572 -0.1272 0
1707568150486 -0.072 0
1707568161914 0.0193 0
1707568169555 -0.1489 0
1707568177228 -0.067 0
1707568184970 -0.1282 0
1707568192624 -0.1636 0
1707568200282 -0.1172 0
1707568209367 -0.1504 0
1707568218259 -0.0423 0
1707568226543 -0.0799 0
1707568236224 -0.0525 0
1707568248219 -0.0245 0
1707568259895 -0.1013 0
1707568267549 -0.0762 0
1707568279569 -0.06 0
1707568291811 -0.0656 0
1707568303715 0.0306 0
1707568315386 -0.2409 0
1707568327211 -0.1466 0
1707568338694 -0.0959 0
1707568350472 -0.2465 0
1707568362075 -0.1613 0
1707568373737 -0.2175 0
1707568381398 -0.1547 0
1707568389097 -0.117 0
1707568400964 -0.1448 0
1707568412528 -0.167 0
1707568420216 -0.1702 0
1707568427996 -0.1637 0
1707568436883 -0.0176 0
1707568448610 -0.1556 0
1707568460570 -0.1281 0
1707568472155 -0.0825 0
1707568483808 -0.1437 0
1707568495744 -0.1233 0
1707568507254 -0.1211 0
1707568518723 -0.087 0
1707568530628 -0.2349 0
1707568542261 -0.2976 0
1707568553753 -0.1927 0
1707568565199 -0.0757 0
1707568576961 -0.2238 0
1707568584608 -0.166 0
1707568592343 -0.1622 0
1707568600020 -0.0944 0
1707568607686 -0.1011 0
1707568615347 -0.1741 0
1707568623012 -0.2585 0
1707568630663 -0.2267 0
1707568638321 -0.1747 0
1707568647313 -0.124 0
1707568655501 -0.0464 0
1707568664446 -0.1231 0
1707568673300 -0.252 0
1707568684818 -0.2028 0
1707568696362 -0.1162 0
1707568707888 -0.1586 0
1707568715543 -0.0365 0
1707568723346 -0.1361 0
1707568731011 -0.1941 0
1707568742907 -0.1141 0
1707568754536 0.006 0
1707568762190 -0.2187 0
1707568769847 -0.1915 0
1707568777527 -0.1528 0
1707568785622 -0.183 0
1707568793295 -0.2395 0
1707568802289 -0.1354 0
1707568809975 -0.2026 0
1707568819535 -0.2036 0
1707568831049 -0.1084 0
1707568838712 -0.2566 0
1707568846487 -0.2342 0
1707568854137 -0.2466 0
1707568861812 -0.1425 0
1707568869508 -0.2273 0
1707568881026 -0.249 0
1707568888695 -0.2674 0
1707568896358 -0.1367 0
1707568904034 -0.2552 0
1707568911883 -0.2949 0
1707568923584 -0.3351 0
1707568931266 -0.1985 0
1707568938943 -0.2256 0
1707568946613 -0.2812 0
1707568954846 -0.1937 0
1707568963550 -0.2119 0
1707568979125 -0.2109 0
1707568990684 -0.2212 0
1707568998339 -0.2344 0
1707569010368 -0.3262 0
1707569021920 -0.2286 0
1707569029706 -0.2129 0
1707569037378 -0.2658 0
1707569045048 -0.3198 0
1707569052709 -0.2284 0
1707569064844 -0.2485 0
1707569072514 -0.2599 0
1707569080176 -0.1829 0
1707569088017 -0.2334 0
1707569096693 -0.2982 0
1707569108205 -0.2578 0
1707569115866 -0.2005 0
1707569123538 -0.241 0
1707569131198 -0.2334 0
1707569139670 -0.2136 0
1707569151664 -0.272 0
1707569163381 -0.1472 0
1707569171039 -0.2711 0
1707569178711 -0.1281 0
1707569190221 -0.3273 0
1707569202231 -0.21 0
1707569213950 -0.2322 0
1707569221607 -0.1338 0
1707569229278 -0.3298 0
1707569236948 -0.2717 0
1707569248630 -0.3151 0
1707569260607 -0.3219 0
1707569268454 -0.1436 0
1707569280110 -0.2657 0
1707569292238 -0.3221 0
1707569303780 -0.2036 0
1707569311454 -0.2711 0
1707569319182 -0.2248 0
1707569327023 -0.2477 0
1707569334720 -0.1708 0
1707569342401 -0.3018 0
1707569350131 -0.3481 0
1707569359911 -0.3608 0
1707569371418 -0.3249 0
1707569379103 -0.3323 0
1707569386881 -0.3087 0
1707569394556 -0.2108 0
1707569402250 -0.099 0
1707569409967 -0.2871 0
1707569418500 -0.3492 0
1707569426399 -0.2565 0
1707569438315 -0.3419 0
1707569445987 -0.2904 0
1707569454036 -0.3164 0
1707569464139 -0.176 0
1707569472825 -0.1993 0
1707569481198 -0.3291 0
1707569489504 -0.3051 0
1707569498702 -0.2833 0
1707569507387 -0.268 0
1707569516304 -0.2274 0
1707569525262 -0.195 0
1707569534991 -0.1909 0
1707569543974 -0.1592 0
1707569551657 -0.3122 0
1707569559963 -0.3644 0
1707569569511 -0.3078 0
1707569577182 -0.2425 0
1707569586111 -0.2549 0
1707569597819 -0.2566 0
1707569609378 -0.248 0
1707569617053 -0.2194 0
1707569628645 -0.3134 0
1707569636310 -0.2602 0
1707569643993 -0.3173 0
1707569655731 -0.2063 0
1707569667242 -0.2958 0
1707569674908 -0.3067 0
1707569682585 -0.2415 0
1707569690261 -0.3527 0
1707569697941 -0.263 0
1707569705633 -0.2177 0
1707569713492 -0.2675 0
1707569723389 -0.3122 0
1707569735007 -0.2192 0
1707569746472 -0.3084 0
1707569757944 -0.338 0
1707569769679 -0.2421 0
1707569781286 -0.3046 0
1707569792971 -0.3157 0
1707569800640 -0.2305 0
1707569808311 -0.3937 0
1707569815994 -0.1884 0
1707569823849 -0.309 0
1707569832499 -0.2759 0
1707569843107 -0.3284 0
1707569851307 -0.3728 0
1707569859221 -0.3309 0
1707569868320 -0.3661 0
1707569876005 -0.3872 0
1707569886606 -0.199 0
1707569898462 -0.2474 0
1707569906150 -0.2997 0
1707569913841 -0.3649 0
1707569921609 -0.2454 0
1707569931026 -0.2327 0
1707569938721 -0.4071 0
1707569947341 -0.3743 0
1707569955403 -0.3253 0
1707569963734 -0.3513 0
1707569973299 -0.3636 0
1707569981801 -0.3076 0
1707569989530 -0.4083 0
1707569997662 -0.3919 0
1707570006950 -0.2374 0
1707570014624 -0.3734 0
1707570023098 -0.299 0
1707570034878 -0.4106 0
1707570042559 -0.0657 0
1707570050226 -0.3934 0
1707570062479 -0.2986 0
1707570070169 -0.2977 0
1707570077875 -0.3424 0
1707570085580 -0.3319 0
1707570093367 -0.4142 0
1707570101615 -0.4415 0
1707570113615 -0.3612 0
1707570125501 -0.2804 0
1707570133187 -0.4528 0
1707570140862 -0.3079 0
1707570148552 -0.3505 0
1707570157675 -0.2448 0
1707570165493 -0.4159 0
1707570174447 -0.2817 0
1707570183609 -0.3745 0
1707570192101 -0.393 0
1707570200076 -0.4069 0
1707570210872 -0.3831 0
1707570219802 -0.391 0
1707570228192 -0.258 0
1707570238129 -0.2993 0
1707570246008 -0.4131 0
1707570254125 -0.3082 0
1707570262443 -0.2589 0
1707570272057 -0.3758 0
1707570280503 -0.3802 0
1707570288706 -0.3678 0
1707570297994 -0.3001 0
1707570307139 -0.3015 0
1707570317006 -0.2527 0
1707570324842 -0.3607 0
1707570336403 -0.3631 0
1707570347919 -0.3001 0
1707570360028 -0.4301 0
1707570371587 -0.348 0
1707570379420 -0.1592 0
1707570391593 -0.3796 0
1707570399291 -0.2599 0
1707570406986 -0.353 0
1707570418497 -0.2672 0
1707570426212 -0.3994 0
1707570437974 -0.3212 0
1707570445654 -0.3217 0
1707570453347 -0.4266 0
1707570465443 -0.1721 0
1707570476945 -0.363 0
1707570484606 -0.3514 0
1707570492286 -0.3716 0
1707570500112 -0.3549 0
1707570507802 -0.419 0
1707570515500 -0.3954 0
1707570523202 -0.3388 0
1707570532257 -0.3944 0
1707570540128 -0.3721 0
1707570547832 -0.3848 0
1707570557190 -0.4608 0
1707570566524 -0.3769 0
1707570575746 -0.4053 0
1707570584193 -0.1804 0
1707570592236 -0.4294 0
1707570599956 -0.4533 0
1707570609646 -0.4144 0
1707570621575 -0.3646 0
1707570633510 -0.4205 0
1707570645353 -0.3756 0
1707570657559 -0.3364 0
1707570669130 -0.3932 0
1707570676803 -0.2598 0
1707570684482 -0.2148 0
1707570692151 -0.3872 0
1707570699992 -0.4161 0
1707570707679 -0.3738 0
1707570715462 -0.3636 0
1707570724256 -0.3134 0
1707570732104 -0.3545 0
1707570741157 -0.3343 0
1707570750141 -0.4437 0
1707570761896 -0.4076 0
1707570774095 -0.4158 0
1707570781776 -0.4184 0
1707570789472 -0.4298 0
1707570801115 -0.3037 0
1707570808800 -0.3416 0
1707570816483 -0.3377 0
1707570824342 -0.3153 0
1707570832051 -0.3511 0
1707570839746 -0.408 0
1707570847421 -0.3912 0
1707570855108 -0.3226 0
1707570866685 -0.3323 0
1707570878610 -0.51 0
1707570890454 -0.3901 0
1707570902558 -0.4775 0
1707570910244 -0.3998 0
1707570917935 -0.3129 0
1707570925603 -0.393 0
1707570933269 -0.3339 0
1707570941250 -0.3702 0
1707570949858 -0.3503 0
1707570957807 -0.3844 0
1707570966247 -0.4274 0
1707570974988 -0.4576 0
1707570983569 -0.4287 0
1707570992530 -0.3264 0
1707571001070 -0.3436 0
1707571010251 -0.3204 0
1707571018645 -0.4233 0
1707571028179 -0.3897 0
1707571036440 -0.4285 0
1707571044863 -0.4137 0
1707571053174 -0.4556 0
1707571061378 -0.4178 0
1707571070406 -0.3433 0
1707571078082 -0.3538 0
1707571085872 -0.3644 0
1707571094732 -0.4518 0
1707571102583 -0.4732 0
1707571110960 -0.422 0
1707571120583 -0.3294 0
1707571130642 -0.4628 0
1707571138313 -0.5266 0
1707571148640 -0.3756 0
1707571157658 -0.4366 0
1707571165517 -0.4543 0
1707571174276 -0.4265 0
1707571182404 -0.3948 0
1707571192603 -0.5337 0
1707571200273 -0.367 0
1707571211842 -0.3583 0
1707571224063 -0.3872 0
1707571231743 -0.3804 0
1707571247915 -0.4266 0
1707571259443 -0.359 0
1707571267114 -0.3273 0
1707571274810 -0.5165 0
1707571282616 -0.4629 0
1707571290291 -0.359 0
1707571297956 -0.4907 0
1707571305631 -0.4424 0
1707571313305 -0.5091 0
1707571321139 -0.447 0
1707571329632 -0.4719 0
1707571337320 -0.4765 0
1707571345106 -0.4179 0
1707571353848 -0.4005 0
1707571362625 -0.4459 0
1707571371781 -0.3569 0
1707571379658 -0.4279 0
1707571388289 -0.4285 0
1707571396867 -0.3128 0
1707571405542 -0.3442 0
1707571415213 -0.3637 0
1707571423052 -0.3939 0
1707571431099 -0.4683 0
1707571439303 -0.3635 0
1707571447733 -0.5247 0
1707571458328 -0.4456 0
1707571466963 -0.3808 0
1707571474912 -0.4399 0
1707571483639 -0.3497 0
1707571491470 -0.4548 0
1707571499564 -0.3967 0
1707571511812 -0.4407 0
1707571523458 -0.3742 0
1707571535679 -0.2989 0
1707571547363 -0.4239 0
1707571555053 -0.3226 0
1707571562766 -0.4171 0
1707571570492 -0.3396 0
1707571578188 -0.4835 0
1707571585884 -0.4954 0
1707571593594 -0.3821 0
1707571601286 -0.5214 0
1707571609094 -0.4834 0
1707571616786 -0.3848 0
1707571625917 -0.3978 0
1707571634334 -0.3455 0
1707571643513 -0.45 0
1707571652772 -0.3822 0
1707571660875 -0.3719 0
1707571670241 -0.2872 0
1707571682726 -0.4056 0
1707571690444 -0.375 0
1707571698162 -0.2237 0
1707571705851 -0.3308 0
1707571713537 -0.3805 0
1707571721222 -0.3423 0
1707571728917 -0.466 0
1707571736804 -0.3338 0
1707571745161 -0.3643 0
1707571753926 -0.5059 0
1707571763081 -0.4514 0
1707571771131 -0.505 0
1707571779549 -0.2932 0
1707571787663 -0.4148 0
1707571796082 -0.3814 0
1707571805631 -0.509 0
1707571813448 -0.3837 0
1707571821151 -0.4401 0
1707571829821 -0.4821 0
1707571838937 -0.356 0
1707571847342 -0.4371 0
1707571855037 -0.4325 0
1707571864077 -0.4312 0
1707571872616 -0.4142 0
1707571881294 -0.4372 0
1707571890525 -0.3614 0
1707571898449 -0.4667 0
1707571906651 -0.4771 0
1707571917181 -0.4354 0
1707571924889 -0.4847 0
1707571933422 -0.3539 0
1707571942936 -0.3682 0
1707571951806 -0.495 0
1707571959689 -0.4506 0
1707571968409 -0.4263 0
1707571976113 -0.4122 0
1707571983810 -0.4095 0
1707571992864 -0.4842 0
1707572000564 -0.4084 0
1707572008262 -0.399 0
1707572017445 -0.5448 0
1707572025956 -0.4637 0
1707572037625 -0.3203 0
1707572045301 -0.4754 0
1707572053345 -0.4014 0
1707572064908 -0.4524 0
1707572072591 -0.5202 0
1707572080269 -0.4251 0
1707572088102 -0.4344 0
1707572095780 -0.4973 0
1707572107383 -0.5465 0
1707572115075 -0.4655 0
1707572122752 -0.496 0
1707572130935 -0.3597 0
1707572139339 -0.3225 0
1707572148629 -0.5186 0
1707572156307 -0.4854 0
1707572164656 -0.4225 0
1707572174529 -0.4486 0
1707572183023 -0.4259 0
1707572190699 -0.4335 0
1707572198396 -0.5062 0
1707572206083 -0.3288 0
1707572215217 -0.5145 0
1707572226929 -0.4487 0
1707572234605 -0.5295 0
1707572242290 -0.4565 0
1707572249967 -0.4649 0
1707572257670 -0.4634 0
1707572265707 -0.3936 0
1707572277840 -0.4327 0
1707572285554 -0.5017 0
1707572293255 -0.4852 0
1707572300965 -0.4837 0
1707572312574 -0.4381 0
1707572324670 -0.3981 0
1707572332425 -0.4746 0
1707572340108 -0.4606 0
1707572347815 -0.4517 0
1707572355511 -0.4242 0
1707572363203 -0.498 0
1707572370889 -0.5741 0
1707572378581 -0.4399 0
1707572386272 -0.4112 0
1707572394146 -0.4449 0
1707572401842 -0.4386 0
1707572409884 -0.4903 0
1707572418622 -0.4907 0
1707572428682 -0.4208 0
1707572437206 -0.3753 0
1707572446323 -0.4315 0
1707572454471 -0.4697 0
1707572463040 -0.5104 0
1707572474211 -0.4496 0
1707572483273 -0.388 0
1707572491021 -0.5731 0
1707572498733 -0.4346 0
1707572506437 -0.4012 0
1707572514367 -0.513 0
1707572524000 -0.4583 0
1707572535768 -0.4834 0
1707572543461 -0.4367 0
1707572551157 -0.5297 0
1707572559987 -0.4673 0
1707572568237 -0.544 0
1707572579866 -0.4291 0
1707572587561 -0.468 0
1707572599916 -0.5536 0
1707572607597 -0.5747 0
1707572615303 -0.5525 0
1707572622990 -0.5254 0
1707572630690 -0.5568 0
1707572638390 -0.4307 0
1707572646107 -0.5034 0
1707572653896 -0.5076 0
1707572662656 -0.4548 0
1707572671608 -0.4649 0
1707572681234 -0.3194 0
1707572691416 -0.4953 0
1707572699557 -0.4798 0
1707572707702 -0.4301 0
1707572715734 -0.5594 0
1707572724584 -0.4344 0
1707572733038 -0.5639 0
1707572740755 -0.4707 0
1707572749034 -0.5187 0
1707572757070 -0.4899 0
1707572764762 -0.4048 0
1707572773053 -0.507 0
1707572780778 -0.5084 0
1707572789431 -0.488 0
1707572797323 -0.4419 0
1707572805745 -0.4523 0
1707572814036 -0.4566 0
1707572822936 -0.4119 0
1707572830651 -0.4697 0
1707572838346 -0.4843 0
1707572846034 -0.5283 0
1707572854579 -0.5641 0
1707572864510 -0.4843 0
1707572874028 -0.451 0
1707572882559 -0.4042 0
1707572891322 -0.4652 0
1707572899631 -0.4866 0
1707572907587 -0.443 0
1707572916637 -0.4553 0
1707572925417 -0.4405 0
1707572934133 -0.4588 0
1707572942158 -0.4342 0
1707572953721 -0.5486 0
1707572965405 -0.5071 0
1707572973103 -0.4514 0
1707572980820 -0.5115 0
1707572988513 -0.5264 0
1707572996364 -0.4968 0
1707573004880 -0.4634 0
1707573013232 -0.4923 0
1707573020920 -0.4782 0
1707573028690 -0.5413 0
1707573036403 -0.525 0
1707573044097 -0.4073 0
1707573052115 -0.5143 0
1707573060356 -0.4561 0
1707573068618 -0.4652 0
1707573078374 -0.4458 0
1707573086937 -0.502 0
1707573094647 -0.4704 0
1707573102362 -0.4591 0
1707573110607 -0.4801 0
1707573120037 -0.5248 0
1707573128654 -0.4467 0
1707573136421 -0.5403 0
1707573144175 -0.4669 0
1707573151888 -0.5494 0
1707573164058 -0.4752 0
1707573175979 -0.4275 0
1707573183671 -0.4685 0
1707573191591 -0.5428 0
1707573199319 -0.4443 0
1707573207177 -0.4132 0
1707573215564 -0.533 0
1707573225350 -0.4689 0
1707573235242 -0.4787 0
1707573243068 -0.4752 0
1707573251403 -0.4423 0
1707573259336 -0.4527 0
1707573268806 -0.438 0
1707573278352 -0.4623 0
1707573288037 -0.3867 0
1707573295773 -0.5622 0
1707573303630 -0.4468 0
1707573312420 -0.508 0
1707573320139 -0.5254 0
1707573330018 -0.5084 0
1707573337776 -0.5374 0
1707573346744 -0.4756 0
1707573355505 -0.4787 0
1707573366094 -0.4418 0
1707573374605 -0.5683 0
1707573383604 -0.4649 0
1707573395978 -0.4799 0
1707573403698 -0.5448 0
1707573415337 -0.5718 0
1707573426951 -0.5193 0
1707573434703 -0.4804 0
1707573446447 -0.5164 0
1707573458379 -0.5253 0
1707573470049 -0.5766 0
1707573481606 -0.5209 0
1707573493175 -0.3819 0
1707573504888 -0.5247 0
1707573512625 -0.5392 0
1707573520354 -0.4999 0
1707573528083 -0.3309 0
1707573535813 -0.5668 0
1707573543550 -0.4153 0
1707573551278 -0.367 0
1707573559664 -0.525 0
1707573569094 -0.4919 0
1707573577873 -0.4448 0
1707573586867 -0.4785 0
1707573594990 -0.5121 0
1707573605105 -0.4912 0
1707573615120 -0.4814 0
1707573623657 -0.4295 0
1707573632054 -0.4673 0
1707573640492 -0.4762 0
1707573650469 -0.5442 0
1707573658185 -0.5524 0
1707573665908 -0.4934 0
1707573675901 -0.4552 0
1707573684222 -0.5034 0
1707573695120 -0.4573 0
1707573706784 -0.5791 0
1707573714467 -0.4561 0
1707573722315 -0.535 0
1707573730035 -0.5109 0
1707573737720 -0.5888 0
1707573745394 -0.5483 0
1707573753062 -0.4997 0
1707573761525 -0.5636 0
1707573769912 -0.4937 0
1707573778677 -0.5254 0
1707573787100 -0.4628 0
1707573794850 -0.4424 0
1707573803231 -0.4842 0
1707573812381 -0.4238 0
1707573821208 -0.4796 0
1707573830068 -0.5959 0
1707573839471 -0.4281 0
1707573851149 -0.4931 0
1707573858989 -0.6348 0
1707573866709 -0.5324 0
1707573875407 -0.5417 0
1707573883733 -0.4786 0
1707573893125 -0.55 0
1707573900822 -0.5524 0
1707573908550 -0.481 0
1707573917149 -0.4732 0
1707573924826 -0.5588 0
1707573937187 -0.593 0
1707573944866 -0.5172 0
1707573952522 -0.5067 0
1707573964055 -0.5582 0
1707573971725 -0.571 0
1707573983830 -0.4873 0
1707573995674 -0.5193 0
1707574007765 -0.6125 0
1707574015475 -0.5508 0
1707574023171 -0.529 0
1707574030867 -0.5745 0
1707574038581 -0.4907 0
1707574046267 -0.5324 0
1707574054158 -0.5883 0
1707574062750 -0.5133 0
1707574071681 -0.3518 0
1707574079869 -0.5312 0
1707574087741 -0.4756 0
1707574096874 -0.5089 0
1707574104818 -0.4415 0
1707574113714 -0.5436 0
1707574123550 -0.4755 0
1707574131403 -0.5101 0
1707574140692 -0.4527 0
1707574149658 -0.538 0
1707574159003 -0.5199 0
1707574167932 -0.4369 0
1707574176774 -0.5419 0
1707574184492 -0.5793 0
1707574193179 -0.6158 0
1707574203022 -0.4372 0
1707574211319 -0.5533 0
1707574220789 -0.5591 0
1707574230342 -0.5028 0
1707574238045 -0.5441 0
1707574247039 -0.511 0
1707574255277 -0.5589 0
1707574262953 -0.5459 0
1707574272338 -0.5221 0
1707574281824 -0.4744 0
1707574293443 -0.5098 0
1707574301148 -0.5785 0
1707574308817 -0.5069 0
1707574320462 -0.4918 0
1707574328127 -0.5188 0
1707574335792 -0.5908 0
1707574343607 -0.5287 0
1707574351274 -0.4147 0
1707574360077 -0.5682 0
1707574368547 -0.4988 0
1707574380455 -0.4589 0
1707574388855 -0.5947 0
1707574397882 -0.5198 0
1707574405550 -0.4963 0
1707574415493 -0.5134 0
1707574423337 -0.5646 0
1707574431081 -0.4776 0
1707574439697 -0.5001 0
1707574449768 -0.4977 0
1707574457703 -0.5097 0
1707574465365 -0.4378 0
1707574476126 -0.5577 0
1707574484857 -0.5025 0
1707574494399 -0.5619 0
1707574503253 -0.5284 0
1707574510926 -0.5189 0
1707574519503 -0.4503 0
1707574527186 -0.5525 0
1707574535762 -0.507 0
1707574543579 -0.4692 0
1707574551741 -0.5363 0
1707574560181 -0.4956 0
1707574568449 -0.5022 0
1707574576508 -0.5631 0
1707574585506 -0.5301 0
1707574593181 -0.4258 0
1707574604639 -0.5356 0
1707574612889 -0.5705 0
1707574620554 -0.6423 0
1707574628244 -0.5219 0
1707574636648 -0.5577 0
1707574644477 -0.5525 0
1707574652363 -0.4024 0
1707574662041 -0.5177 0
1707574669983 -0.5623 0
1707574677655 -0.5247 0
1707574686659 -0.5547 0
1707574695059 -0.5179 0
1707574703895 -0.5735 0
1707574712428 -0.5315 0
1707574724381 -0.4815 0
1707574732048 -0.467 0
1707574739712 -0.5326 0
1707574747677 -0.5624 0
1707574756267 -0.5181 0
1707574765870 -0.5168 0
1707574775119 -0.4495 0
1707574782922 -0.5686 0
1707574791471 -0.5532 0
1707574801137 -0.4992 0
1707574809102 -0.4325 0
1707574816782 -0.5331 0
1707574824481 -0.5966 0
1707574833444 -0.5266 0
1707574841729 -0.4537 0
1707574850472 -0.5022 0
1707574858552 -0.5677 0
1707574868559 -0.5438 0
1707574876263 -0.5588 0
1707574883946 -0.591 0
1707574892936 -0.6282 0
1707574903632 -0.5407 0
1707574913356 -0.5163 0
1707574922791 -0.5174 0
1707574930877 -0.5416 0
1707574940414 -0.4581 0
1707574950938 -0.5359 0
1707574959683 -0.5808 0
1707574968890 -0.585 0
1707574980719 -0.5638 0
1707574992352 -0.4345 0
1707575004081 -0.5138 0
1707575011756 -0.513 0
1707575019433 -0.5384 0
1707575027129 -0.5492 0
1707575034848 -0.5931 0
1707575042848 -0.5454 0
1707575050616 -0.5564 0
1707575059832 -0.5179 0
1707575070072 -0.5454 0
1707575078916 -0.5068 0
1707575088612 -0.5846 0
1707575097149 -0.5108 0
1707575106676 -0.5619 0
1707575114929 -0.5769 0
1707575124685 -0.5108 0
1707575136368 -0.5753 0
1707575144228 -0.4961 0
1707575151928 -0.5695 0
1707575159679 -0.623 0
