1716449987587 1255.42 0
1716450571347 518.05 0
1716451386356 769.71 0
1716452180725 763.14 0
1716453029332 814.55 0
1716453861469 812.09 0
1716454680319 814.26 0
1716455465297 756.75 0
1716456342450 857.62 0
1716457161285 771.89 0
1716457995267 810.97 0
1716458849768 831.06 0
1716459658010 776.95 0
1716460474220 790.88 0
1716461331018 805.3 0
1716462133843 781.32 0
1716462965010 793.52 0
1716463719119 714.04 0
1716464568913 833.7 0
1716465405414 823.0 0
1716466206508 787.44 0
1716467037041 805.38 0
1716467890500 825.37 0
1716468654926 761.09 0
1716469508054 848.54 0
1716470310703 765.02 0
1716471095901 727.19 0
1716471934922 822.2 0
1716472744411 768.68 0
1716473537350 771.67 0
1716474409163 846.54 0
1716475307791 844.39 0
1716476100768 778.57 0
1716476916038 810.66 0
1716477692105 773.01 0
1716478602139 878.63 0
1716479442125 817.24 0
1716480286073 808.85 0
1716481037039 746.25 0
1716481874651 834.24 0
1716482698769 820.25 0
1716483515901 814.58 0
1716484370168 851.37 0
1716485217147 841.18 0
1716486019671 798.31 0
1716486847335 792.96 0
1716487639693 787.71 0
1716488442795 798.18 0
1716489235199 788.4 0
1716490022995 783.16 0
1716490809995 775.07 0
1716491614720 794.33 0
1716492419156 802.07 0
1716493274663 853.07 0
1716494051988 773.5 0
1716494907970 850.96 0
1716495699515 788.88 0
1716496470742 768.07 0
1716497276287 737.44 0
1716498175035 880.83 0
1716498963282 759.43 0
1716499772924 784.21 0
1716500623536 848.09 0
1716501410173 783.22 0
1716502244874 829.92 0
1716503073044 817.8 0
1716503892783 815.7 0
1716504732543 836.36 0
1716505575329 838.68 0
1716506362671 782.28 0
1716507145070 746.36 0
1716507979569 797.51 0
1716508839554 841.17 0
1716509599546 731.32 0
1716510391386 771.78 0
1716511224012 820.13 0
1716512033563 805.44 0
1716512896210 857.77 0
1716513627896 698.91 0
1716514450317 734.61 0
1716515232466 776.77 0
1716516060581 823.99 0
1716516858277 793.84 0
1716517665827 805.12 0
1716518471742 799.33 0
1716519300383 816.37 0
1716520088655 783.53 0
1716520923454 831.01 0
1716521715937 788.3 0
1716522533518 784.83 0
1716523379188 841.81 0
1716524192519 808.37 0
1716525031343 834.72 0
1716525884535 850.18 0
1716526711648 823.67 0
1716527510708 796.51 0
1716528282162 765.48 0
1716529125229 838.83 0
1716529949885 821.87 0
1716530718734 766.23 0
1716531493215 727.6 0
1716532311824 804.27 0
1716533144787 805.72 0
1716533964808 816.69 0
1716534829729 861.51 0
1716535585971 752.09 0
1716536386094 791.24 0
1716537189593 800.13 0
1716538038844 845.36 0
1716538822488 781.16 0
1716539648609 821.06 0
1716540421787 769.91 0
1716541235027 809.27 0
1716542096231 833.68 0
1716542903741 792.24 0
1716543698555 764.45 0
1716544534307 808.16 0
1716545390831 853.87 0
1716546102368 708.86 0
1716546923576 817.83 0
1716547753162 799.38 0
1716548564286 774.81 0
1716549378302 811.19 0
1716550155112 773.06 0
1716551024989 864.97 0
1716551850649 819.66 0
1716552664234 779.51 0
1716553439853 752.22 0
1716554258092 813.82 0
1716555059625 797.39 0
1716555859614 796.92 0
1716556734575 871.27 0
1716557560343 814.62 0
1716558390213 826.23 0
1716559178332 785.3 0
1716559997960 816.86 0
1716560780291 779.69 0
1716561604446 819.11 0
1716562406074 796.93 0
1716563234612 817.88 0
1716564100995 834.33 0
1716564883934 780.02 0
1716565685749 798.2 0
1716566532486 842.82 0
1716567335755 800.2 0
1716568144110 770.61 0
1716568969713 821.1 0
1716569790282 816.21 0
1716570599614 802.62 0
1716571421166 818.39 0
1716572242154 799.88 0
1716573058553 813.53 0
