1716448731292 0.0015 0
1716450052375 0.0015 1
1716450614645 0.0015 2
1716451415135 0.0015 3
1716452214018 0.0015 4
1716453047314 0.00149 5
1716453863786 0.00149 6
1716454706102 0.00149 7
1716455484820 0.00149 8
1716456389214 0.00149 9
1716457183299 0.00149 10
1716458017345 0.00149 11
1716458880642 0.00149 12
1716459682137 0.00148 13
1716460525404 0.00148 14
1716461350104 0.00148 15
1716462171475 0.00148 16
1716463005060 0.00148 17
1716463734757 0.00148 18
1716464581771 0.00148 19
1716465416869 0.00147 20
1716466229442 0.00147 21
1716467064736 0.00147 22
1716467893366 0.00147 23
1716468657305 0.00147 24
1716469545575 0.00147 25
1716470368282 0.00147 26
1716471112304 0.00146 27
1716471974884 0.00146 28
1716472765667 0.00146 29
1716473560184 0.00146 30
1716474460952 0.00146 31
1716475320918 0.00146 32
1716476104345 0.00146 33
1716476918431 0.00146 34
1716477721061 0.00145 35
1716478624850 0.00145 36
1716479477151 0.00145 37
1716480288929 0.00145 38
1716481039485 0.00145 39
1716481877139 0.00145 40
1716482701305 0.00145 41
1716483518748 0.00144 42
1716484373925 0.00144 43
1716485219493 0.00144 44
1716486052873 0.00144 45
1716486850402 0.00144 46
1716487642180 0.00144 47
1716488445172 0.00144 48
1716489237647 0.00144 49
1716490034715 0.00143 50
1716490819046 0.00143 51
1716491617074 0.00143 52
1716492421575 0.00143 53
1716493278152 0.00143 54
1716494054622 0.00143 55
1716494910417 0.00143 56
1716495702654 0.00142 57
1716496538662 0.00142 58
1716497292027 0.00142 59
1716498202644 0.00142 60
1716498988033 0.00142 61
1716499775420 0.00142 62
1716500626033 0.00142 63
1716501412770 0.00141 64
1716502253912 0.00141 65
1716503075650 0.00141 66
1716503895288 0.00141 67
1716504735054 0.00141 68
1716505577953 0.00141 69
1716506397147 0.00141 70
1716507182052 0.00141 71
1716507997822 0.0014 72
1716508867689 0.0014 73
1716509619280 0.0014 74
1716510402701 0.0014 75
1716511226601 0.0014 76
1716512036187 0.0014 77
1716512928926 0.0014 78
1716513715685 0.00139 79
1716514453239 0.00139 80
1716515235089 0.00139 81
1716516064428 0.00139 82
1716516860693 0.00139 83
1716517672392 0.00139 84
1716518481696 0.00139 85
1716519302788 0.00138 86
1716520091153 0.00138 87
1716520926011 0.00138 88
1716521747209 0.00138 89
1716522536741 0.00138 90
1716523381720 0.00138 91
1716524195519 0.00138 92
1716525033704 0.00138 93
1716525887126 0.00137 94
1716526714169 0.00137 95
1716527514326 0.00137 96
1716528284625 0.00137 97
1716529127823 0.00137 98
1716529952428 0.00137 99
1716530763649 0.00137 100
1716531506162 0.00136 101
1716532338475 0.00136 102
1716533147228 0.00136 103
1716533967378 0.00136 104
1716534832281 0.00136 105
1716535594102 0.00136 106
1716536388574 0.00136 107
1716537193469 0.00135 108
1716538041319 0.00135 109
1716538825113 0.00135 110
1716539651123 0.00135 111
1716540424365 0.00135 112
1716541261566 0.00135 113
1716542109955 0.00135 114
1716542931738 0.00135 115
1716543723807 0.00134 116
1716544536865 0.00134 117
1716545393385 0.00134 118
1716546105081 0.00134 119
1716546951495 0.00134 120
1716547787422 0.00134 121
1716548566768 0.00134 122
1716549382036 0.00133 123
1716550159249 0.00133 124
1716551029459 0.00133 125
1716551884701 0.00133 126
1716552685233 0.00133 127
1716553442368 0.00133 128
1716554260637 0.00133 129
1716555062210 0.00132 130
1716555863076 0.00132 131
1716556744601 0.00132 132
1716557562887 0.00132 133
1716558393006 0.00132 134
1716559180982 0.00132 135
1716560000596 0.00132 136
1716560782885 0.00132 137
1716561607100 0.00131 138
1716562415706 0.00131 139
1716563266576 0.00131 140
1716564103708 0.00131 141
1716564886534 0.00131 142
1716565689031 0.00131 143
1716566535093 0.00131 144
1716567373229 0.0013 145
1716568146826 0.0013 146
1716568972484 0.0013 147
1716569795013 0.0013 148
1716570602290 0.0013 149
1716571442201 0.0013 150
1716572244991 0.0013 151
1716573068528 0.00129 152
