1717743640802 0.09065533796810281 0
1717743665139 0.03834873279616007 1
1717743687029 0.40421905874483893 2
1717743719904 0.26626481800958773 3
1717743747281 0.190003444709293 4
1717743774655 0.5415509642592503 5
1717743806437 0.37768662929857727 6
1717743833662 0.5734117173609489 7
1717743866104 0.5839144382096513 8
1717743898356 0.6613833432673492 9
1717743930456 0.6913315588016777 10
1717743962433 0.7451466196594204 11
1717743994314 0.7608635518823554 12
1717744026872 0.6433765257069787 13
1717744054141 0.7498462177938348 14
1717744085625 0.7162826929978895 15
1717744112705 0.7388155725180154 16
1717744140628 0.7483926250608999 17
1717744167943 0.7755258212757444 18
1717744199550 0.7768169926741068 19
1717744226647 0.7709182389685246 20
1717744254652 0.7902998381671985 21
1717744286150 0.7863939782315156 22
1717744318754 0.7805220908510027 23
1717744346447 0.8275344568572388 24
1717744378673 0.7606521243463197 25
1717744405852 0.8306337437699699 26
1717744438206 0.8154458720184415 27
1717744470096 0.8237538789796112 28
1717744502361 0.8277383699895662 29
1717744534432 0.8385324068236043 30
1717744566928 0.8138809984306237 31
1717744593931 0.8402911276732201 32
1717744626103 0.7945836982115514 33
1717744653160 0.8491048760620027 34
1717744685522 0.8489935892498539 35
1717744712798 0.8477499806184365 36
1717744744765 0.8430257352124181 37
1717744772886 0.8453957754419501 38
1717744799979 0.8700421754191069 39
1717744832051 0.862654145404567 40
1717744859580 0.8684147388837342 41
1717744891634 0.8559047849277315 42
1717744919256 0.8792178873211487 43
1717744951132 0.8732139863648483 44
1717744978630 0.8766938907923291 45
1717745010944 0.8687665835579845 46
1717745038348 0.8572053803890061 47
1717745066045 0.8702792561975722 48
1717745093389 0.8724334564065076 49
1717745122182 0.8554968785002988 50
1717745152350 0.8761902562696086 51
1717745179806 0.8829453436043994 52
1717745212585 0.879066861643054 53
1717745240028 0.8790990691536629 54
1717745272377 0.8704688508999716 55
1717745300037 0.8878907714243 56
1717745332545 0.8913469045764456 57
1717745365306 0.8856568159977783 58
1717745392859 0.8993638453687062 59
1717745425382 0.8601967745754724 60
1717745448019 0.892421925369634 61
1717745475341 0.8990098508913434 62
1717745502846 0.8811474463734815 63
1717745530615 0.8847209197716234 64
1717745557994 0.8692869606245094 65
1717745580117 0.880634821614163 66
1717745602266 0.8993637735324552 67
1717745634525 0.888900889810193 68
1717745661785 0.8816888838385145 69
1717745689955 0.8958586414095205 70
1717745717168 0.8963247234162611 71
1717745744983 0.8919560998736897 72
1717745772007 0.8862158118321058 73
1717745799608 0.8850684493429234 74
1717745826827 0.9026642983116103 75
1717745859390 0.883691560112884 76
1717745881513 0.8933437009226891 77
1717745908978 0.8903777626760766 78
1717745936284 0.8794279335036302 79
1717745958466 0.8804323018236583 80
1717745980788 0.9025158799092697 81
1717746008180 0.8856132104317488 82
1717746030623 0.8923556215115808 83
1717746057695 0.8971203754003566 84
1717746085044 0.9075171463450323 85
1717746117434 0.8969996921523578 86
1717746145031 0.8862906974841595 87
1717746167737 0.8914868053796358 88
1717746190231 0.8800421569999196 89
1717746212426 0.8911670947064727 90
1717746234769 0.8977610556673685 91
1717746257077 0.8877247635392163 92
1717746279169 0.8929732982653064 93
1717746301608 0.8975830414173601 94
1717746328820 0.8985109869283926 95
1717746355842 0.8978667760541081 96
1717746382950 0.8885785797659493 97
1717746404968 0.9008500937838969 98
1717746432098 0.8908535354536853 99
1717746459059 0.8976159050439759 100
1717746486220 0.8914182436933086 101
1717746508396 0.8918933506828667 102
1717746530863 0.8951908490612633 103
1717746553348 0.9028485499627439 104
1717746580787 0.901534022295832 105
1717746607991 0.9043659987079259 106
1717746635428 0.8964026638004426 107
1717746662766 0.9026967562524474 108
1717746690133 0.9127577717244238 109
1717746722442 0.8984117381504585 110
1717746750034 0.9108736571899115 111
1717746782686 0.9152202660286495 112
1717746810072 0.9053571578035147 113
1717746837392 0.9073801436157822 114
1717746864732 0.9141283931122611 115
1717746892191 0.9085740580513223 116
1717746919689 0.9068997526347564 117
1717746946926 0.9120692666531026 118
1717746974600 0.9157994491530395 119
1717747001901 0.9007056335940818 120
1717747024244 0.9071660592109128 121
1717747046527 0.905177525829393 122
1717747068739 0.9082864448085487 123
1717747091127 0.9086744009577928 124
1717747118764 0.9178100027751722 125
1717747151666 0.9109760592734261 126
1717747178839 0.9184589117289791 127
1717747211009 0.9068644303550758 128
1717747233189 0.9048529095179215 129
1717747255409 0.8914598230900559 130
1717747277665 0.9137912385279886 131
1717747300043 0.8718712803786718 132
1717747322313 0.8822895002361992 133
1717747344843 0.9007674593282066 134
1717747367005 0.9053840597970426 135
1717747389060 0.9098411188165446 136
1717747411318 0.9067823797383557 137
1717747433615 0.9073871447319002 138
1717747456831 0.9103604316517289 139
1717747479098 0.9080081009905223 140
1717747501234 0.9035123461736463 141
1717747523908 0.9031552833592785 142
1717747546147 0.9125305035304576 143
1717747568307 0.9097548659911366 144
1717747590500 0.9148895371789982 145
1717747612724 0.9125513528521351 146
1717747635397 0.9082371457052868 147
1717747659166 0.9100513715477079 148
1717747681306 0.9085394226985962 149
1717747708741 0.9057206021836679 150
1717747730918 0.9124975197839555 151
1717747753042 0.9077844741223355 152
1717747775131 0.9157604952572124 153
1717747797340 0.91265247309552 154
1717747824488 0.913595505997033 155
1717747851921 0.9119399312906408 156
1717747879110 0.9134994290246178 157
1717747906731 0.9118490456588085 158
1717747933794 0.9074384643523473 159
1717747956209 0.919962432586403 160
1717747988676 0.9175985718156637 161
1717748015936 0.9155727694100233 162
1717748043150 0.9160726036892598 163
1717748070405 0.9154081558120014 164
1717748097573 0.9211991121716433 165
1717748129903 0.9123598579556808 166
1717748152153 0.9144533440244994 167
1717748174469 0.9161511307531777 168
1717748203638 0.9243401666246761 169
1717748235816 0.9180812430189116 170
1717748263622 0.918207889975359 171
1717748291322 0.9090431365482425 172
1717748313633 0.9171246330190979 173
1717748336000 0.9107232636076367 174
1717748358603 0.9081812214052523 175
1717748380807 0.9151115204863366 176
1717748402940 0.9162683286022268 177
1717748425242 0.9098020194103776 178
1717748447562 0.9211221368562841 179
1717748469849 0.9094775825747655 180
1717748492261 0.9253334310456239 181
1717748519452 0.9152681202941988 182
1717748541620 0.9122866475361849 183
1717748563688 0.9206233666724759 184
1717748585882 0.9146898861453451 185
1717748608098 0.9167096247070016 186
1717748635421 0.9109730175594614 187
1717748657757 0.9243006112983733 188
1717748689770 0.904664475777054 189
1717748712033 0.9207559272348788 190
1717748734217 0.9185658228867721 191
1717748756573 0.920771570720428 192
1717748784947 0.9187139653189251 193
1717748813445 0.8999049506454692 194
1717748835769 0.9107411102845958 195
1717748858167 0.9143151015176739 196
1717748880370 0.9156724060164092 197
1717748902718 0.9231210519046541 198
1717748924983 0.9227350175114261 199
1717748953303 0.9225257832249386 200
1717748980662 0.922825383991352 201
1717749008165 0.9224328151998117 202
1717749035748 0.8831410770539159 203
1717749058012 0.9202204562565067 204
1717749080211 0.9132874559521694 205
1717749102532 0.9161464188137888 206
1717749125101 0.9189743804944105 207
1717749147382 0.9197076427659736 208
1717749169436 0.9209699967356944 209
1717749191620 0.9157901088037391 210
1717749213907 0.8942060216215935 211
1717749235987 0.9077560754052296 212
1717749258292 0.9145791528820256 213
1717749280437 0.9207926539891037 214
1717749303242 0.9191834851706567 215
1717749325556 0.916672943128627 216
1717749347689 0.9219176714636969 217
1717749370149 0.9256192388627289 218
1717749392614 0.9065892238726638 219
1717749414772 0.9213522296696967 220
1717749437068 0.9201151097730963 221
1717749459547 0.9185898932828688 222
1717749482243 0.9168625942142623 223
1717749504474 0.9161204299522296 224
1717749526796 0.9111755121198176 225
1717749548996 0.9184653550855968 226
1717749571240 0.9096027436663284 227
1717749593451 0.908442289697312 228
1717749615652 0.9241739310249232 229
1717749638069 0.9242276912181967 230
1717749660509 0.9139599284055171 231
1717749682671 0.9170282412003207 232
1717749704885 0.9018996715656097 233
1717749727058 0.9202978020916538 234
1717749749588 0.9152211380036879 235
1717749771656 0.9229934900867539 236
1717749793897 0.9215874503841817 237
1717749816262 0.9275968862362939 238
1717749848771 0.9035425877393948 239
1717749871333 0.9184315492154353 240
1717749893473 0.9179299103637434 241
1717749915622 0.9189058483371048 242
1717749937854 0.9169089554896898 243
1717749960166 0.9237239465212183 244
1717749982774 0.9146308784942772 245
1717750005090 0.9159656035228728 246
1717750027453 0.9192701586887857 247
1717750049731 0.920079727413735 248
1717750071800 0.925982131043959 249
1717750109826 0.9187744041578987 250
1717750137174 0.9172119315831551 251
1717750159765 0.9198926680155984 252
1717750187176 0.9172846032400109 253
1717750209211 0.9229411081146276 254
1717750236281 0.9271680070548461 255
1717750263423 0.9255821181354019 256
1717750290764 0.9222618767274017 257
1717750318183 0.9227731363499716 258
1717750345055 0.9239554132975112 259
1717750372254 0.9071652999619101 260
1717750394508 0.9186573188425372 261
1717750417132 0.9264644666967466 262
1717750439260 0.9124694662674924 263
1717750461402 0.9192058420587772 264
1717750484089 0.9250937572035736 265
1717750506192 0.9205088292710353 266
1717750528313 0.9263910126116821 267
1717750556038 0.9251025096558804 268
1717750583616 0.9195311748527953 269
1717750605775 0.9228524852625964 270
1717750633429 0.912726350371392 271
1717750655656 0.9249140010537277 272
1717750678179 0.9206502156767947 273
1717750700541 0.9194379476685389 274
1717750722923 0.9152618023501832 275
1717750745193 0.9193862624298518 276
1717750767701 0.9160696930683954 277
1717750790297 0.9176929502340744 278
1717750813093 0.9204932517722512 279
1717750835449 0.923801048632687 280
1717750857957 0.923434001503086 281
1717750880530 0.9195409189368249 282
1717750902825 0.916274984922942 283
1717750925060 0.9249724275024782 284
1717750947410 0.9170772352667463 285
1717750970008 0.9220186430939203 286
1717750992228 0.9277232719741478 287
1717751014485 0.9184630900754233 288
1717751036704 0.9222583097640777 289
1717751058936 0.9192735979136183 290
1717751081103 0.9197226904449534 291
1717751103845 0.92225050987797 292
1717751126049 0.9240035243447663 293
1717751148370 0.913321307766911 294
1717751170946 0.9258038904937389 295
1717751198118 0.9162124522694409 296
1717751220246 0.9263500958706382 297
1717751242568 0.9207693131474283 298
1717751264796 0.9233040923293756 299
1717751297711 0.9228054032358016 300
1717751325237 0.9205933604710874 301
1717751347406 0.9231381984747838 302
1717751374642 0.9243933728642474 303
1717751401811 0.9221931356315002 304
1717751429256 0.9191115002691812 305
1717751451413 0.9220842363210305 306
1717751473829 0.9263369464823596 307
1717751501671 0.9254751733437461 308
1717751529073 0.9225833095242987 309
1717751556479 0.921286467866024 310
1717751578804 0.916556000603475 311
1717751601268 0.9182902319100096 312
1717751623613 0.9155034699610759 313
1717751646247 0.9269302875634509 314
1717751674049 0.9159220702241316 315
1717751696374 0.9273108185803435 316
1717751718700 0.9225045287886874 317
1717751740956 0.9191885118795481 318
1717751763257 0.9229254476347512 319
1717751785567 0.9228770221533048 320
1717751807743 0.9249069529465079 321
1717751830409 0.9263820003424176 322
1717751853088 0.9215233601710757 323
1717751875425 0.9228345295217658 324
1717751897758 0.9216926676013305 325
1717751920074 0.9259310450798616 326
1717751947835 0.9245953015424435 327
1717751975207 0.9170260825774497 328
1717751997784 0.9247832681168097 329
1717752019952 0.9239066184343491 330
1717752042151 0.9143568570979 331
1717752064255 0.9196701648506083 332
1717752086403 0.926531670135717 333
1717752113624 0.9232359183641744 334
1717752135821 0.9234885025335888 335
1717752158964 0.9239565961500352 336
1717752181233 0.9264988283989704 337
1717752208412 0.9247865301348472 338
1717752235617 0.9183471007158627 339
1717752257941 0.9269968500172915 340
1717752280093 0.922738794375623 341
1717752302123 0.9261008820000548 342
1717752329981 0.926956165634847 343
1717752357592 0.9151042979841266 344
1717752379983 0.9242985879924944 345
1717752402280 0.927968753778731 346
1717752424523 0.9261361822848535 347
1717752451869 0.926785417379004 348
1717752479277 0.9218852471669406 349
1717752507086 0.9236334664475687 350
1717752529419 0.9272208150363171 351
1717752557014 0.9162566375681935 352
1717752579347 0.9228337429384657 353
1717752601662 0.9263431317076204 354
1717752624093 0.9336451502327061 355
1717752657059 0.9205632163683362 356
1717752679689 0.9182385291560142 357
1717752702150 0.9279057367497537 358
1717752724633 0.9266436073345731 359
1717752746971 0.9195406957154569 360
1717752769567 0.9281561928006457 361
1717752792005 0.9250004864912423 362
1717752814804 0.9252085801661435 363
1717752837134 0.9237331572120643 364
1717752859692 0.9255814950847162 365
1717752882165 0.9265253177352193 366
1717752909642 0.9247640138165957 367
1717752937030 0.9153117180700061 368
1717752959184 0.919532615373079 369
1717752981932 0.9268131099879042 370
1717753004289 0.9233758495303768 371
1717753026501 0.932057648463814 372
1717753048482 0.927289693652796 373
1717753075555 0.9236919891685461 374
1717753097793 0.9289467318106003 375
1717753124551 0.9241635541461645 376
1717753146731 0.9212173484176108 377
1717753169259 0.929164657991698 378
1717753191433 0.9273016520763647 379
1717753219462 0.9242351052371253 380
1717753241730 0.9245945503730977 381
1717753264271 0.9264499371413496 382
1717753286715 0.9164546904943199 383
1717753309119 0.9305386932499768 384
1717753331405 0.9276312977178728 385
1717753353705 0.9251601685686607 386
1717753376043 0.9275428626738614 387
1717753403419 0.9274372996527994 388
1717753430987 0.9226130153769381 389
1717753454209 0.9213444693668494 390
1717753476907 0.9139775362120616 391
1717753499308 0.9313935013258816 392
1717753522213 0.9315317681774203 393
1717753545388 0.9307104309656976 394
1717753574462 0.9325582512339907 395
1717753602726 0.9227735270902732 396
1717753625581 0.9265953014012895 397
1717753648115 0.9234451975239675 398
1717753670395 0.9265915320056308 399
1717753697839 0.9262911171711293 400
1717753720216 0.9288462383793146 401
1717753742604 0.9234222607848314 402
1717753765434 0.9215961286409019 403
1717753788005 0.9271633975830668 404
1717753810444 0.9281578260495812 405
1717753832961 0.9221598555190563 406
1717753855636 0.9286730118827823 407
1717753877912 0.9336664964260576 408
1717753905113 0.922293103178698 409
1717753927876 0.9247147377858734 410
1717753949997 0.9222512909348666 411
1717753972111 0.9266308960673383 412
1717753994620 0.923586287023234 413
1717754016951 0.926636457406798 414
1717754039359 0.9279140670964038 415
1717754061655 0.9294427294656967 416
1717754083863 0.9198723843848237 417
1717754106436 0.9202887964598915 418
1717754128510 0.9265076914410324 419
1717754150992 0.9255981134841952 420
1717754173117 0.9294810268349396 421
1717754195565 0.9220109334139055 422
1717754217620 0.9244343279064409 423
1717754239734 0.9320391659670936 424
1717754261905 0.9244059416958881 425
1717754284981 0.9307374850042095 426
1717754307299 0.9230755767785395 427
1717754329715 0.9170714277934535 428
1717754352155 0.921848476726071 429
1717754374273 0.9189642651451835 430
1717754396477 0.9243042432632804 431
1717754418895 0.9281007017351336 432
1717754441418 0.9200350769781648 433
1717754464195 0.9273633721145736 434
1717754486620 0.9285924798403392 435
1717754509018 0.9277648306606737 436
1717754531171 0.9293651836404208 437
1717754553361 0.9269100442066892 438
1717754575661 0.9304217286967962 439
1717754598127 0.928044233537447 440
1717754620224 0.9303430773216771 441
1717754647813 0.9227724007496464 442
1717754670224 0.9305003738192376 443
1717754697770 0.9271833689794625 444
1717754725305 0.926572915317478 445
1717754747585 0.9249976468954623 446
1717754770711 0.9252844573685928 447
1717754793328 0.9298346267266462 448
1717754815671 0.9289675955442546 449
1717754848548 0.9224212431811122 450
1717754870793 0.9257752510934542 451
1717754893100 0.924275842206625 452
1717754915510 0.9326044012672551 453
1717754937728 0.9236884757128587 454
1717754960048 0.9270757429714882 455
1717754982232 0.9255347437312493 456
1717755004494 0.9281016301569988 457
1717755026841 0.925945800272353 458
1717755048881 0.9241867526051651 459
1717755071245 0.925846950824628 460
1717755093357 0.9256324768754182 461
1717755115582 0.9268571599313774 462
1717755137707 0.9284992025649729 463
1717755159825 0.9211395539950485 464
1717755181888 0.9259741780455398 465
1717755204355 0.9197557108666808 466
1717755226494 0.9257769631886398 467
1717755248518 0.9256517869932495 468
1717755270973 0.9289768733271017 469
1717755293133 0.9296469615633578 470
1717755315353 0.9267042556120394 471
1717755337483 0.9320042071853979 472
1717755359619 0.9314044536999327 473
1717755387088 0.9305913400112328 474
1717755414453 0.9293999632995504 475
1717755441776 0.9244235226878362 476
1717755463825 0.919412058192007 477
1717755486341 0.9253142297051672 478
1717755508503 0.9290084338846903 479
1717755530691 0.9269792203169224 480
1717755552841 0.9299978534433606 481
1717755575021 0.9263882128210263 482
1717755597191 0.9246770098522804 483
1717755619346 0.9208270383933206 484
1717755641735 0.9208367785571671 485
1717755664794 0.9251683222171919 486
1717755687270 0.9267295772926397 487
1717755709542 0.927433301049418 488
1717755731661 0.9265147898625816 489
1717755753903 0.926770260139416 490
1717755776292 0.9190681651954057 491
1717755798403 0.9299169617387889 492
1717755820531 0.9260928738849445 493
1717755842871 0.9216828187661207 494
1717755865157 0.9283796306528326 495
1717755887452 0.9271285082670581 496
1717755909782 0.9218106312381577 497
1717755932314 0.9297753239161383 498
1717755954486 0.9279842551888922 499
1717755981669 0.9153207567032661 500
1717756003799 0.9262565336881012 501
1717756026266 0.9243198709305286 502
1717756048532 0.9261239896019928 503
1717756070663 0.9252652731846952 504
1717756092821 0.9255486173360096 505
1717756114956 0.926640497564525 506
1717756137550 0.9342048731684317 507
1717756165362 0.9225826396094181 508
1717756187518 0.9300232282353352 509
1717756209636 0.9284962148846135 510
1717756231675 0.9256729925408921 511
1717756253808 0.930292769098663 512
1717756276433 0.927005710348651 513
1717756298584 0.9264872708980701 514
1717756320644 0.9267179922284519 515
1717756343021 0.9244887875208384 516
1717756365581 0.9171294668896924 517
1717756388394 0.9275512759351711 518
1717756410608 0.917883496895305 519
1717756432639 0.9185674918963791 520
1717756455240 0.9270565948578993 521
1717756477356 0.9229465248208882 522
1717756499507 0.9300374481397825 523
1717756521732 0.9256507404069367 524
1717756544039 0.9190195519592678 525
1717756566355 0.9249962875063553 526
1717756589169 0.9248241874885004 527
1717756611302 0.9237194838058215 528
1717756633650 0.9248490410176262 529
1717756655907 0.9190211396540889 530
1717756677991 0.9279906669892757 531
1717756700167 0.9251007223457286 532
1717756722271 0.9280597924354971 533
1717756744552 0.9316885301582283 534
1717756767099 0.9270210146663428 535
1717756789521 0.9284562198305935 536
1717756812507 0.9193063801268581 537
1717756834797 0.9156118990249178 538
1717756856921 0.919512301807592 539
1717756879274 0.9239003978211277 540
1717756901886 0.9288069088333946 541
1717756924045 0.926898944027403 542
1717756946284 0.9223961246930975 543
1717756968448 0.9296729880929832 544
1717756990726 0.9261409372219155 545
1717757012833 0.9291968004337878 546
1717757034911 0.9199588134264673 547
1717757057407 0.9293484110524273 548
1717757079657 0.927857577090887 549
1717757106715 0.924824644451168 550
1717757128861 0.9309180339723863 551
1717757151054 0.9246546299661128 552
1717757173161 0.9287253048289678 553
1717757195618 0.9253336326818214 554
1717757217807 0.9261840775485869 555
1717757239953 0.9209932977135981 556
1717757262497 0.9273145363896017 557
1717757284794 0.9298244872929239 558
1717757306932 0.9327267826198455 559
1717757329129 0.9258869113787059 560
1717757351537 0.9250219718171507 561
1717757373685 0.9298085926599061 562
1717757395767 0.9275538420772969 563
1717757417931 0.9263423699156453 564
1717757440013 0.9259465214456705 565
1717757462340 0.9292589694664665 566
1717757484408 0.9292312287190362 567
1717757507057 0.9276714511196515 568
1717757529513 0.9325730661287829 569
1717757556681 0.92638674374674 570
1717757578718 0.9211881480381572 571
1717757601041 0.9226056733282794 572
1717757623732 0.9277781534408162 573
1717757646208 0.9290576854220554 574
1717757668466 0.9264600540510389 575
1717757690656 0.9266026373679188 576
1717757713400 0.9263587000659085 577
1717757735721 0.925832283883048 578
1717757757756 0.923514816397418 579
1717757780021 0.9295093974061935 580
1717757802596 0.9192760934087968 581
1717757824787 0.9288194479840964 582
1717757847036 0.9286165341882521 583
1717757869152 0.9230730431739533 584
1717757891192 0.9229241872108016 585
1717757913271 0.9299341048380629 586
1717757935457 0.9277155165982002 587
1717757957609 0.9295394695344171 588
1717757980001 0.9240789346520285 589
1717758002256 0.9281418387563313 590
1717758024493 0.9259941785360336 591
1717758046885 0.9248387774799065 592
1717758069079 0.9253732827515417 593
1717758091810 0.9294673174155186 594
1717758114170 0.9280910344228973 595
1717758136715 0.9321364024302013 596
1717758158987 0.929304829872486 597
1717758181193 0.9219602136824179 598
1717758203296 0.926568999212635 599
1717758230875 0.9238272518341383 600
1717758252987 0.9293828674214589 601
1717758275010 0.9294629412700445 602
1717758297183 0.9247097964849429 603
1717758320000 0.9305358211680165 604
1717758342270 0.9293158762944008 605
1717758364420 0.9309365529742406 606
1717758386716 0.9306208073245062 607
1717758414292 0.9243414409079271 608
1717758436649 0.9251482632088623 609
1717758458792 0.9237254354912959 610
1717758481430 0.9185288896666587 611
1717758503492 0.9283977107853726 612
1717758525506 0.9295213556001221 613
1717758547760 0.9304701966983892 614
1717758570075 0.9278403457491523 615
1717758592301 0.9250641627594772 616
1717758614800 0.9246440288453647 617
1717758636849 0.9325797383486166 618
1717758664499 0.9314715088755724 619
1717758686786 0.9267505911444346 620
1717758708989 0.9327170452969975 621
1717758736181 0.9235095553403094 622
1717758758387 0.9282995160476291 623
1717758780563 0.9313601051510884 624
1717758802715 0.9278223330654063 625
1717758825288 0.9277552158811894 626
1717758847916 0.9297164248775965 627
1717758875228 0.9243089262305321 628
1717758897277 0.9295266849298601 629
1717758919366 0.9278063429658011 630
1717758941584 0.9344553125256531 631
1717758969295 0.9320416228245292 632
1717758996887 0.9324055723374706 633
1717759024318 0.9286115002912014 634
1717759046792 0.9248763941874727 635
1717759068906 0.9286233406038823 636
1717759091092 0.919861251913953 637
1717759113336 0.932627797133827 638
1717759135905 0.9335349026173337 639
1717759158135 0.9293439785733111 640
1717759180292 0.9254730587549673 641
1717759202518 0.9288247168817308 642
1717759224814 0.9340510639169358 643
1717759247237 0.9265319235115311 644
1717759269454 0.9304275492502402 645
1717759291834 0.9311386959831274 646
1717759314486 0.9283665977428047 647
1717759336737 0.9280809451512401 648
1717759359160 0.9322740616807978 649
1717759391535 0.9285855008429132 650
1717759413631 0.933386912616372 651
1717759441007 0.9265285701976326 652
1717759463588 0.9255537791902221 653
1717759485725 0.9276397337561302 654
1717759508021 0.9301622118947912 655
1717759530366 0.9275426988070462 656
1717759552600 0.924114831323775 657
1717759574892 0.924168573429513 658
1717759597205 0.9289275575116114 659
1717759619363 0.9243711610043066 660
1717759642108 0.9241566783597812 661
1717759664380 0.9271319703657737 662
1717759686793 0.9313797649828576 663
1717759709117 0.9257196530495322 664
1717759731280 0.9219566524821682 665
1717759753420 0.9306328822515971 666
1717759775737 0.9309153718328612 667
1717759797950 0.9332782244581472 668
1717759820750 0.9321584520828963 669
1717759842890 0.9297428866459013 670
1717759865049 0.9276067310605366 671
1717759887308 0.9312263868602256 672
1717759909510 0.9277511274995903 673
1717759931842 0.9308562521058623 674
1717759954096 0.9301504940247532 675
1717759976390 0.9284979701837336 676
1717759999589 0.9326373345551809 677
1717760022028 0.9292039971946059 678
1717760044342 0.9265438650006614 679
1717760066672 0.9288228547842262 680
1717760088860 0.9307993909327353 681
1717760111130 0.9307872787119446 682
1717760133347 0.9294496695554803 683
1717760155930 0.9245420953456446 684
1717760178075 0.9278454827577324 685
1717760200566 0.9279777809684159 686
1717760223011 0.929392458059724 687
1717760245163 0.9285187772584932 688
1717760267530 0.9251791033825993 689
1717760289811 0.934915067007026 690
1717760317748 0.9313963660092801 691
1717760340130 0.9282883159643949 692
1717760362636 0.9265616742016141 693
1717760384978 0.9271322550916548 694
1717760407133 0.9301960437388282 695
1717760429337 0.9287774529260343 696
1717760452259 0.9305682761743114 697
1717760474461 0.9340667406082721 698
1717760497255 0.931714810212152 699
1717760529048 0.9274689782044444 700
1717760551339 0.9307336408787942 701
1717760573662 0.9237102367589939 702
1717760595776 0.9265588733585131 703
1717760618086 0.9254068079549223 704
1717760640448 0.936102350995364 705
1717760663111 0.9287790092221299 706
1717760685510 0.9293139707207931 707
1717760707824 0.9305813069926221 708
1717760730294 0.9308244749124291 709
1717760752446 0.9274238695650233 710
1717760774689 0.930906697732376 711
1717760797453 0.9326833748683758 712
1717760819648 0.9317823084144915 713
1717760846916 0.9320628962324845 714
1717760874194 0.9332068123778487 715
1717760901954 0.9294048227953118 716
1717760924211 0.9281753154699649 717
1717760946259 0.9254709775002167 718
1717760968558 0.9268685575865443 719
1717760990947 0.9234113937073424 720
1717761013236 0.9312789351065213 721
1717761035502 0.9218265389195013 722
1717761057809 0.9272909244959475 723
1717761080188 0.9283441319773419 724
1717761102591 0.9277453203248031 725
1717761124843 0.9265291699210815 726
1717761148061 0.9314007087430332 727
1717761170427 0.9309903178136604 728
1717761192785 0.927466843075304 729
1717761215178 0.9276880935514814 730
1717761237448 0.9288718316932226 731
1717761259763 0.9266718661383764 732
1717761282082 0.9302738736175323 733
1717761304591 0.9260569761798404 734
1717761326913 0.9302094430922322 735
1717761349260 0.929540013078491 736
1717761371529 0.9287759072524194 737
1717761394147 0.9305735055536141 738
1717761416314 0.9246539425604364 739
1717761438608 0.9293428360163122 740
1717761461031 0.9304805987356278 741
1717761483870 0.9291362117313486 742
1717761506245 0.9290277317230548 743
1717761528962 0.9289327344624545 744
1717761551395 0.9283823686003884 745
1717761573606 0.9307385749449276 746
1717761596020 0.9289462952534233 747
1717761618319 0.9298073082085411 748
1717761640546 0.9269768473570387 749
1717761668542 0.9278447919456047 750
1717761690757 0.9252656812833745 751
1717761713212 0.9269656097400404 752
1717761735516 0.9285281149851096 753
1717761757665 0.91746957473379 754
1717761779747 0.9218715285147336 755
1717761801920 0.9312206280178001 756
1717761824477 0.9258755910186135 757
1717761847135 0.9251541129086466 758
1717761869265 0.9267672431925327 759
1717761891543 0.9287258285722823 760
1717761913923 0.9292389409120932 761
1717761936323 0.9289861177695043 762
1717761958571 0.9276514400082698 763
1717761980816 0.9301986764047868 764
1717762003367 0.9196669506767495 765
1717762025908 0.9331369868501271 766
1717762048273 0.9269505285723451 767
1717762070725 0.9305421631368578 768
1717762093712 0.9243448353609388 769
1717762116210 0.9320693147335203 770
1717762138612 0.9268391898808952 771
1717762161705 0.9305035949797578 772
1717762184033 0.9243002091438944 773
1717762206386 0.9250837488776189 774
1717762228796 0.9262222304085729 775
1717762251143 0.9311623097211892 776
1717762273353 0.9303211571535961 777
1717762296009 0.9272487506873605 778
1717762319168 0.9284036268638193 779
1717762341404 0.9297501075492977 780
1717762363687 0.9240414946080729 781
1717762385998 0.9245229781930743 782
1717762408737 0.9287355479286137 783
1717762431166 0.9246007591823869 784
1717762453563 0.929879864893041 785
1717762475991 0.9315431723820905 786
1717762499178 0.9243033895348812 787
1717762521540 0.9242150449759681 788
1717762543998 0.9265857638982936 789
1717762566495 0.9266105901908025 790
1717762588814 0.9304446167953527 791
1717762611108 0.9254035493945615 792
1717762633504 0.9250715076115809 793
1717762656427 0.9364441688353174 794
1717762684094 0.9328698096599427 795
1717762706359 0.9327873866076825 796
1717762728504 0.9276673882511828 797
1717762750832 0.9279394985715078 798
1717762773044 0.9327605975913204 799
1717762800518 0.9330434643312141 800
1717762823170 0.9337532681806682 801
1717762845436 0.9310016965351133 802
1717762867707 0.9265344711369551 803
1717762889963 0.9281963938157648 804
1717762912245 0.9287283658533706 805
1717762934884 0.9221153178852638 806
1717762957267 0.9370096677313157 807
1717762979925 0.9298023962789904 808
1717763002484 0.9255525595016313 809
1717763024755 0.9304902121916473 810
1717763046933 0.9309595548646028 811
1717763069143 0.9330545621431848 812
1717763091427 0.9319859684624566 813
1717763113585 0.9299860114827917 814
1717763136658 0.929033201232594 815
1717763159063 0.9236804386821521 816
1717763181396 0.9353721531796216 817
1717763203714 0.9284259536797971 818
1717763225983 0.929335845384926 819
1717763248507 0.9320250743766069 820
1717763270805 0.9323317874683908 821
1717763293146 0.9315528696105967 822
1717763315909 0.9319005050491308 823
1717763343403 0.9277091573766937 824
1717763365558 0.9280327884125725 825
1717763387729 0.9347558421563456 826
1717763409849 0.9311269409921316 827
1717763437365 0.9291182192045371 828
1717763459677 0.9263563720220794 829
1717763482378 0.9322509851579378 830
1717763504676 0.9294359199065738 831
1717763526870 0.9294489777110737 832
1717763548957 0.9313216986116636 833
1717763571308 0.9292201774290995 834
1717763594182 0.9266875594639791 835
1717763616219 0.9284529872899213 836
1717763638357 0.9254209240157296 837
1717763661117 0.9272365790543708 838
1717763683379 0.9273780149344947 839
1717763705524 0.9335393831509183 840
1717763727717 0.9323891855898543 841
1717763750023 0.9250368087546161 842
1717763772086 0.9280685895482782 843
1717763794260 0.9275774693014057 844
1717763816408 0.9257721434003853 845
1717763839187 0.9308820362700181 846
1717763861507 0.9269388424085937 847
1717763883712 0.9258097457351058 848
1717763906364 0.9267811647675831 849
1717763933331 0.928858227662388 850
1717763955504 0.9304366851058421 851
1717763977679 0.9339724289189092 852
1717764000309 0.9299670746910427 853
1717764022598 0.9285592379388122 854
1717764045232 0.9346362152427323 855
1717764067456 0.9313306881906592 856
1717764089610 0.9290910369764073 857
1717764111813 0.9276610495957311 858
1717764134052 0.9331137646673718 859
1717764156194 0.9300539484362634 860
1717764178849 0.9297882454370345 861
1717764201157 0.9268654276056901 862
1717764223258 0.9275028147547272 863
1717764245389 0.9252493486535727 864
1717764267514 0.9261448301578347 865
1717764289661 0.9232362854587403 866
1717764311995 0.9307813228290273 867
1717764334158 0.930274333483268 868
1717764356904 0.9317932378977553 869
1717764379228 0.924367449797976 870
1717764401594 0.9305839786869353 871
1717764423881 0.9298304388429138 872
1717764446003 0.9297297551606348 873
1717764468104 0.9348987680837785 874
1717764490344 0.9285075947024972 875
1717764512456 0.928379811484077 876
1717764534830 0.9291412888265368 877
1717764556974 0.9294203443890935 878
1717764579852 0.9276263469993203 879
1717764601986 0.9302735806201993 880
1717764623999 0.9327408148520796 881
1717764646238 0.9268214720797268 882
1717764668524 0.9296892564390445 883
1717764690702 0.9281513757639641 884
1717764713215 0.9288505170110373 885
1717764735419 0.9268204320485847 886
1717764757634 0.9283749166711687 887
1717764779766 0.9316258816042126 888
1717764802069 0.9307887952600815 889
1717764824394 0.9252150265389988 890
1717764846751 0.9306483701204593 891
1717764868817 0.9344808527124243 892
1717764891193 0.931829255175402 893
1717764913466 0.93012681639077 894
1717764935776 0.9307834375664394 895
1717764957982 0.9313664989811951 896
1717764980219 0.9296507972016398 897
1717765002263 0.9288352213789114 898
1717765024424 0.9287657377189594 899
1717765051820 0.932752014106052 900
1717765074166 0.9296795317483845 901
1717765096351 0.9285709837821239 902
1717765118814 0.9261979265105968 903
1717765141515 0.9305985971928697 904
1717765163864 0.93638528660539 905
1717765191090 0.9290498338754181 906
1717765213270 0.9311508367612206 907
1717765235444 0.9320247581458695 908
1717765257828 0.9301764037675152 909
1717765280002 0.9274247815291926 910
1717765302252 0.9288885866761843 911
1717765324439 0.9273351231988866 912
1717765347174 0.9326185784277503 913
1717765369267 0.9321565802345608 914
1717765391469 0.9250592740858495 915
1717765414047 0.9304921237860615 916
1717765436267 0.932341133415723 917
1717765458643 0.9293249257529562 918
1717765480790 0.9252912605039237 919
1717765502928 0.9333634196732935 920
1717765525339 0.9323410847282044 921
1717765547440 0.929542279704472 922
1717765569700 0.9252203488881078 923
1717765591962 0.9306553566461426 924
1717765614219 0.9310106725227795 925
1717765636513 0.9288554453514389 926
1717765658719 0.9261180712610516 927
1717765680877 0.9342232262406043 928
1717765702941 0.9289311539327004 929
1717765725230 0.9293940219513424 930
1717765747547 0.9300036730912135 931
1717765769777 0.9288702208505809 932
1717765792070 0.9285618622878803 933
1717765814192 0.9321092811144491 934
1717765836643 0.9305972526017964 935
1717765858723 0.9256304543138721 936
1717765880806 0.9328510741073036 937
1717765903757 0.9298904415175885 938
1717765925851 0.9290930559417258 939
1717765947974 0.9282194285438058 940
1717765970563 0.9270370304965345 941
1717765992993 0.9320830316820192 942
1717766015142 0.9303271150536431 943
1717766037474 0.9320055815887563 944
1717766059724 0.932528147922155 945
1717766081861 0.9303238515231742 946
1717766104183 0.9308301659848475 947
1717766126783 0.9284068347888222 948
1717766149446 0.9292658089036707 949
1717766176470 0.9267410074354608 950
1717766198805 0.9316662157682947 951
1717766220918 0.9317141192933796 952
1717766243241 0.9279884254445413 953
1717766265617 0.9269951245392297 954
1717766288818 0.9265393198343527 955
1717766311528 0.9253482978352906 956
1717766333631 0.9279808507040146 957
1717766355950 0.9311023861533559 958
1717766378242 0.9279259037329967 959
1717766400457 0.9260224053627705 960
1717766422541 0.9293641914421635 961
1717766444757 0.9310040505743622 962
1717766467012 0.9295696239946238 963
1717766490011 0.9304373886536342 964
1717766512459 0.9320878085861279 965
1717766535347 0.9293252098207591 966
1717766557848 0.926438801664518 967
1717766580072 0.9315976614347613 968
1717766602719 0.9275573480380448 969
1717766625079 0.9262531069948224 970
1717766647306 0.9268056228317395 971
1717766669982 0.9266216734469271 972
1717766692240 0.930752759001244 973
1717766714517 0.9308084906914336 974
1717766736735 0.9327098672356914 975
1717766759028 0.9241824572980427 976
1717766781153 0.9276871327107875 977
1717766803500 0.9318681601479026 978
1717766825719 0.9264020273930424 979
1717766849654 0.9310900440763296 980
1717766871982 0.9278021434414132 981
1717766894316 0.9317637106300678 982
1717766916546 0.9319200017612799 983
1717766938836 0.9287330128826511 984
1717766961030 0.9289458539926585 985
1717766983251 0.9291752514430606 986
1717767005494 0.9303432786796536 987
1717767028023 0.9277342994077831 988
1717767050309 0.9268963303021653 989
1717767072748 0.9315031695703601 990
1717767094887 0.9313783833184006 991
1717767117189 0.9289149814262233 992
1717767139295 0.928952915970071 993
1717767161955 0.9282173770799088 994
1717767184191 0.9291988888273424 995
1717767206802 0.9288561657832698 996
1717767228965 0.930264618446981 997
1717767251462 0.9323703008993629 998
1717767273548 0.9304509180399863 999
