1717235853270 538.85 0
1717236101588 241.37 0
1717236417333 292.92 0
1717236804258 359.48 0
1717237146804 313.54 0
1717237500525 280.71 0
1717237810867 281.72 0
1717238159144 345.46 0
1717238475506 313.87 0
1717238835486 324.04 0
1717239223888 342.19 0
1717239573190 301.0 0
1717239928408 281.23 0
1717240273558 342.77 0
1717240627110 277.82 0
1717240999334 318.74 0
1717241349905 302.93 0
1717241680352 271.88 0
1717242057812 344.68 0
1717242445671 355.87 0
1717242772701 298.03 0
1717243130133 302.94 0
1717243512266 319.78 0
1717243868693 323.77 0
1717244230018 320.68 0
1717244564171 331.61 0
1717244896767 313.47 0
1717245276475 359.52 0
1717245631873 337.3 0
1717245996054 335.87 0
1717246330398 325.24 0
1717246685638 318.76 0
1717247050964 334.86 0
1717247368992 292.66 0
1717247717250 332.1 0
1717248049261 309.39 0
1717248405767 323.17 0
1717248761508 352.95 0
1717249079189 315.16 0
1717249450724 334.07 0
1717249805026 321.02 0
1717250176236 310.53 0
1717250530617 315.12 0
1717250886757 313.24 0
1717251238661 290.9 0
1717251628250 331.42 0
1717251979502 320.67 0
1717252314745 282.4 0
1717252682077 310.0 0
1717253019161 299.8 0
1717253386377 329.44 0
1717253741056 306.5 0
1717254097532 354.09 0
1717254441069 313.85 0
1717254788092 326.94 0
1717255114307 268.56 0
1717255456757 318.49 0
1717255832960 309.28 0
1717256177293 341.79 0
1717256520938 340.68 0
1717256862048 316.06 0
1717257216081 336.72 0
1717257572367 353.88 0
1717257928055 337.97 0
1717258239718 290.22 0
1717258589327 295.59 0
1717258913634 319.09 0
1717259266321 321.93 0
1717259627388 304.36 0
1717259966066 309.69 0
1717260321677 309.53 0
1717260673945 314.52 0
1717261029616 302.28 0
1717261343630 287.46 0
1717261722790 352.45 0
1717262052393 314.64 0
1717262417240 337.26 0
1717262762997 321.67 0
1717263142147 337.33 0
1717263471847 299.73 0
1717263821387 265.65 0
1717264175547 332.79 0
1717264513909 335.82 0
1717264840192 323.82 0
1717265176334 315.24 0
1717265521005 342.14 0
1717265914008 373.72 0
1717266260225 332.74 0
1717266613200 299.94 0
1717266949319 333.61 0
1717267311942 360.27 0
1717267681991 367.66 0
1717268082892 285.89 0
1717268445716 331.33 0
1717268772283 323.88 0
1717269168545 358.57 0
1717269526697 320.94 0
1717269889329 321.63 0
1717270245510 353.65 0
1717270591567 343.59 0
1717270962485 288.42 0
1717271304268 289.63 0
1717271684998 347.51 0
1717272056637 283.65 0
1717272398502 304.14 0
1717272734220 308.8 0
1717273055289 318.52 0
1717273432015 326.03 0
1717273779649 297.83 0
1717274124472 293.04 0
1717274473870 298.62 0
1717274848402 326.75 0
1717275200295 310.67 0
1717275568380 330.12 0
1717275900887 330.09 0
1717276250814 296.34 0
1717276586499 317.21 0
1717276963926 343.24 0
1717277324423 358.12 0
1717277658107 281.23 0
1717278037899 358.93 0
1717278341683 282.82 0
1717278720684 332.78 0
1717279057122 319.5 0
1717279428303 328.08 0
1717279777583 295.04 0
1717280152495 348.71 0
1717280524478 346.28 0
1717280886473 316.6 0
1717281235073 301.0 0
1717281580635 343.07 0
1717281933045 321.18 0
1717282301255 365.79 0
1717282649504 301.94 0
1717282992814 316.35 0
1717283330634 335.25 0
1717283705758 364.74 0
1717284064026 302.63 0
1717284453087 319.39 0
1717284789703 321.8 0
1717285131924 339.19 0
1717285487384 352.89 0
1717285824495 303.2 0
1717286179017 292.6 0
1717286545797 336.8 0
1717286881323 309.35 0
1717287220285 311.27 0
1717287622703 312.71 0
1717287962926 330.4 0
1717288299171 333.78 0
1717288662846 328.63 0
1717288975503 309.73 0
1717289352692 345.1 0
1717289685577 303.43 0
1717290063184 327.59 0
1717290403877 319.34 0
1717290726618 320.1 0
1717291084138 342.96 0
1717291414840 310.34 0
1717291789056 354.69 0
1717292123354 331.8 0
1717292458963 302.79 0
1717292804930 343.31 0
1717293143595 336.16 0
1717293501673 355.49 0
1717293839449 335.3 0
1717294176447 308.45 0
1717294529946 334.0 0
1717294877890 345.46 0
1717295213643 333.3 0
1717295529427 312.67 0
1717295849587 317.6 0
1717296215743 337.57 0
1717296617626 379.18 0
1717296950415 291.39 0
1717297311193 315.91 0
1717297663778 350.14 0
1717297966814 300.34 0
1717298331127 361.84 0
1717298691961 318.89 0
1717299044908 332.75 0
1717299397776 334.03 0
1717299768696 306.44 0
1717300089103 317.83 0
1717300413035 321.35 0
1717300751257 295.99 0
1717301092445 338.01 0
1717301432934 338.03 0
1717301785093 324.54 0
1717302107546 289.59 0
1717302509947 355.37 0
1717302840059 327.27 0
1717303172384 329.52 0
1717303510363 335.24 0
1717303865641 352.43 0
1717304257219 376.67 0
1717304594926 335.17 0
1717304974844 377.29 0
1717305303424 325.78 0
1717305660542 318.65 0
1717306034131 320.59 0
1717306377820 309.08 0
1717306725850 306.97 0
1717307061662 297.49 0
1717307422850 315.86 0
1717307755894 293.29 0
1717308091235 332.75 0
1717308468755 325.66 0
1717308813184 289.39 0
1717309159259 311.06 0
1717309483188 316.9 0
1717309833574 300.22 0
1717310181573 308.82 0
1717310545659 305.36 0
1717310927087 334.64 0
1717311271862 335.21 0
1717311642088 367.71 0
1717312015826 345.7 0
1717312397347 345.22 0
1717312723177 322.96 0
1717313052880 327.3 0
1717313413593 325.94 0
1717313805417 352.83 0
1717314134274 326.17 0
1717314518917 354.15 0
1717314864553 320.33 0
1717315198771 331.53 0
1717315589611 353.66 0
1717315961014 333.82 0
1717316295494 303.2 0
1717316640707 341.67 0
1717317018782 374.57 0
1717317388793 322.12 0
1717317748915 357.7 0
1717318092784 334.58 0
1717318439325 342.38 0
1717318776709 334.89 0
1717319104301 325.17 0
1717319449146 342.13 0
1717319805899 354.31 0
1717320134344 325.36 0
1717320502921 366.11 0
1717320862014 347.9 0
1717321203919 338.29 0
1717321573956 367.27 0
1717321937262 360.71 0
1717322263076 287.02 0
1717322650307 384.79 0
1717322983441 330.68 0
1717323361121 369.52 0
1717323717493 334.43 0
1717324064620 323.58 0
1717324401937 333.69 0
1717324759604 355.21 0
1717325110842 348.64 0
1717325496957 343.68 0
1717325851116 321.84 0
1717326180149 326.68 0
1717326552018 369.31 0
1717326890126 294.88 0
1717327233305 340.33 0
1717327560132 324.26 0
1717327903132 339.49 0
1717328250778 335.21 0
1717328588114 334.71 0
1717328925213 334.66 0
1717329282695 354.27 0
1717329624331 339.05 0
1717329954473 327.22 0
1717330289342 329.98 0
1717330678048 350.76 0
1717331001423 312.2 0
1717331352360 348.5 0
1717331732369 377.13 0
1717332031852 296.95 0
1717332380368 343.65 0
1717332712844 328.15 0
1717333054328 338.53 0
1717333389182 279.1 0
1717333789422 397.82 0
1717334107296 315.01 0
1717334427985 318.08 0
1717334789936 359.19 0
1717335117141 324.75 0
1717335485490 365.61 0
1717335817675 328.87 0
1717336151328 331.17 0
1717336522507 368.65 0
1717336868730 343.77 0
1717337222865 351.44 0
1717337529490 304.08 0
1717337885561 353.46 0
1717338230516 341.54 0
1717338601097 368.01 0
1717338990051 378.29 0
1717339342562 308.61 0
1717339674989 329.63 0
1717340069121 319.08 0
1717340432518 319.51 0
1717340793048 326.41 0
1717341151031 298.8 0
1717341493744 322.92 0
1717341855529 358.88 0
1717342175221 317.0 0
1717342489970 312.21 0
1717342858741 359.46 0
1717343185697 324.36 0
1717343515899 317.68 0
1717343876302 357.97 0
1717344222799 342.57 0
1717344550804 325.37 0
1717344865570 312.21 0
1717345215987 347.82 0
1717345603013 315.61 0
1717345978486 365.38 0
1717346341910 360.76 0
1717346676048 331.3 0
1717347024543 345.9 0
1717347363761 336.55 0
1717347713283 346.94 0
1717348005615 287.5 0
1717348355549 347.22 0
1717348727793 369.67 0
1717349078224 347.95 0
1717349413054 330.47 0
1717349755082 297.54 0
1717350109793 332.21 0
1717350474079 318.32 0
1717350820970 311.82 0
1717351179460 332.11 0
1717351512804 330.71 0
1717351871184 327.76 0
1717352208461 334.84 0
1717352570288 359.04 0
1717352906786 325.73 0
1717353266873 357.49 0
1717353576092 306.32 0
1717353933071 353.89 0
1717354263944 328.22 0
1717354624778 309.78 0
1717355000393 371.75 0
1717355367529 355.81 0
1717355681191 310.97 0
1717356038952 354.72 0
1717356396368 354.74 0
1717356735015 336.07 0
1717357114557 376.93 0
1717357465030 347.8 0
1717357817818 296.47 0
1717358166675 300.83 0
1717358556412 314.83 0
1717358882650 323.65 0
1717359254195 331.75 0
1717359620475 322.36 0
1717359967926 316.47 0
1717360312293 319.62 0
1717360696799 347.17 0
1717361027352 305.92 0
1717361354832 324.44 0
1717361694287 329.1 0
1717362015586 315.6 0
1717362389362 371.02 0
1717362726680 334.67 0
1717363072511 313.93 0
1717363426625 326.67 0
1717363773534 344.41 0
1717364146739 346.4 0
1717364466358 316.98 0
1717364820124 351.15 0
1717365159618 336.8 0
1717365514602 319.76 0
1717365844314 327.13 0
1717366174018 327.19 0
1717366552191 375.71 0
1717366880708 326.01 0
1717367236582 353.3 0
1717367584142 340.67 0
1717367931809 270.73 0
1717368292518 358.18 0
1717368633736 329.84 0
1717368963977 327.74 0
1717369288438 321.89 0
1717369628838 337.48 0
1717369960185 328.66 0
1717370314994 351.13 0
1717370669085 351.5 0
1717371019359 339.39 0
1717371375665 353.72 0
1717371707186 328.34 0
1717372043056 333.26 0
1717372387065 341.34 0
1717372719869 330.12 0
1717373058732 336.08 0
1717373407321 344.9 0
1717373729026 310.51 0
1717374082059 350.09 0
1717374410613 325.38 0
1717374743737 330.4 0
1717375097206 350.74 0
1717375469415 320.57 0
1717375826968 253.74 0
1717376141700 312.14 0
1717376458930 312.32 0
1717376789926 328.33 0
1717377160831 309.73 0
1717377509690 346.25 0
1717377845823 325.0 0
1717378184335 335.92 0
1717378523860 336.88 0
1717378868324 311.85 0
1717379209041 320.4 0
1717379578082 327.33 0
1717379922821 342.25 0
1717380237310 311.94 0
1717380562832 321.15 0
1717380939361 373.34 0
1717381260699 247.83 0
1717381630440 367.3 0
1717381982892 349.66 0
1717382298034 312.64 0
1717382635482 326.0 0
1717382990304 352.38 0
1717383366029 373.16 0
1717383708391 339.78 0
1717384022781 308.89 0
1717384367655 342.32 0
1717384705101 334.9 0
1717385090240 382.33 0
1717385421755 320.79 0
1717385761101 336.36 0
1717386126851 363.27 0
1717386465971 336.23 0
1717386817230 348.28 0
1717387169735 349.96 0
1717387504876 332.37 0
1717387841975 334.48 0
1717388192921 339.85 0
1717388541871 343.98 0
1717388867696 323.32 0
1717389240517 368.59 0
1717389567668 322.97 0
1717389895939 289.57 0
1717390275222 376.39 0
1717390592814 306.72 0
1717390927988 315.84 0
1717391297214 345.72 0
1717391629604 329.95 0
1717391955981 323.95 0
1717392276713 317.5 0
1717392633023 353.83 0
1717392970573 289.4 0
1717393313234 340.26 0
1717393675056 309.01 0
1717394018935 341.44 0
1717394354130 332.11 0
1717394695990 285.7 0
1717395025616 307.03 0
1717395345314 317.28 0
1717395689511 341.81 0
1717396040039 318.63 0
1717396387856 291.69 0
1717396714399 324.06 0
1717397033998 317.02 0
1717397393128 348.23 0
1717397771338 375.49 0
1717398087991 314.03 0
1717398434027 338.9 0
1717398757607 320.44 0
1717399112925 352.78 0
1717399468926 353.49 0
1717399827756 349.93 0
1717400147914 317.65 0
1717400493244 342.45 0
1717400848846 353.07 0
1717401191692 340.38 0
1717401517577 323.35 0
1717401917351 397.31 0
1717402222619 302.37 0
1717402592030 338.66 0
1717402934842 331.7 0
1717403269797 331.1 0
1717403623595 351.37 0
1717403959450 331.83 0
1717404275978 313.95 0
1717404636910 358.37 0
1717404972455 332.61 0
1717405335584 360.32 0
1717405696482 358.31 0
1717406046989 347.9 0
1717406401969 352.49 0
