1717235314075 0.002 0
1717235860204 0.002 1
1717236124341 0.002 2
1717236444399 0.002 3
1717236833249 0.00199 4
1717237219368 0.00199 5
1717237529134 0.00199 6
1717237813195 0.00199 7
1717238161622 0.00199 8
1717238511162 0.00199 9
1717238881538 0.00198 10
1717239272177 0.00198 11
1717239647139 0.00198 12
1717239930759 0.00198 13
1717240349263 0.00198 14
1717240680580 0.00197 15
1717241046339 0.00197 16
1717241408458 0.00197 17
1717241712782 0.00197 18
1717242089792 0.00197 19
1717242473654 0.00197 20
1717242827179 0.00196 21
1717243192488 0.00196 22
1717243544691 0.00196 23
1717243908786 0.00196 24
1717244232545 0.00196 25
1717244582927 0.00195 26
1717244916938 0.00195 27
1717245294440 0.00195 28
1717245660089 0.00195 29
1717246005147 0.00195 30
1717246367102 0.00195 31
1717246716085 0.00194 32
1717247076145 0.00194 33
1717247385139 0.00194 34
1717247739599 0.00194 35
1717248082583 0.00194 36
1717248408161 0.00194 37
1717248764001 0.00193 38
1717249116628 0.00193 39
1717249483929 0.00193 40
1717249865690 0.00193 41
1717250215483 0.00193 42
1717250573509 0.00192 43
1717250947747 0.00192 44
1717251296816 0.00192 45
1717251658435 0.00192 46
1717252032221 0.00192 47
1717252371995 0.00192 48
1717252719348 0.00191 49
1717253056812 0.00191 50
1717253434547 0.00191 51
1717253743387 0.00191 52
1717254127210 0.00191 53
1717254461035 0.0019 54
1717254845737 0.0019 55
1717255138254 0.0019 56
1717255523671 0.0019 57
1717255835337 0.0019 58
1717256179702 0.0019 59
1717256545921 0.00189 60
1717256879334 0.00189 61
1717257218482 0.00189 62
1717257590076 0.00189 63
1717257949116 0.00189 64
1717258293729 0.00188 65
1717258594602 0.00188 66
1717258943923 0.00188 67
1717259323016 0.00188 68
1717259656316 0.00188 69
1717260012135 0.00188 70
1717260359328 0.00187 71
1717260727328 0.00187 72
1717261056158 0.00187 73
1717261370321 0.00187 74
1717261737625 0.00187 75
1717262079968 0.00186 76
1717262441182 0.00186 77
1717262804298 0.00186 78
1717263172093 0.00186 79
1717263555511 0.00186 80
1717263842740 0.00186 81
1717264178073 0.00185 82
1717264516247 0.00185 83
1717264861091 0.00185 84
1717265178670 0.00185 85
1717265538685 0.00185 86
1717265926981 0.00184 87
1717266313245 0.00184 88
1717266615700 0.00184 89
1717266951662 0.00184 90
1717267314311 0.00184 91
1717267797009 0.00184 92
1717268114257 0.00183 93
1717268448018 0.00183 94
1717268809292 0.00183 95
1717269205693 0.00183 96
1717269567688 0.00183 97
1717269891847 0.00182 98
1717270247839 0.00182 99
1717270673946 0.00182 100
1717271014617 0.00182 101
1717271337466 0.00182 102
1717271773068 0.00182 103
1717272094076 0.00181 104
1717272425403 0.00181 105
1717272736756 0.00181 106
1717273105842 0.00181 107
1717273481727 0.00181 108
1717273830488 0.0018 109
1717274175054 0.0018 110
1717274521639 0.0018 111
1717274888722 0.0018 112
1717275238252 0.0018 113
1717275570734 0.0018 114
1717275954461 0.00179 115
1717276269258 0.00179 116
1717276620477 0.00179 117
1717276966279 0.00179 118
1717277376574 0.00179 119
1717277678792 0.00178 120
1717278058835 0.00178 121
1717278387991 0.00178 122
1717278737611 0.00178 123
1717279099721 0.00178 124
1717279482566 0.00178 125
1717279803255 0.00177 126
1717280178192 0.00177 127
1717280569799 0.00177 128
1717280934062 0.00177 129
1717281237480 0.00177 130
1717281611846 0.00176 131
1717281935451 0.00176 132
1717282347552 0.00176 133
1717282676002 0.00176 134
1717282995371 0.00176 135
1717283340997 0.00176 136
1717283761408 0.00175 137
1717284133649 0.00175 138
1717284467895 0.00175 139
1717284792170 0.00175 140
1717285134481 0.00175 141
1717285521266 0.00174 142
1717285886667 0.00174 143
1717286208986 0.00174 144
1717286571796 0.00174 145
1717286908991 0.00174 146
1717287310107 0.00174 147
1717287632307 0.00173 148
1717287965378 0.00173 149
1717288334145 0.00173 150
1717288665315 0.00173 151
1717289007585 0.00173 152
1717289381299 0.00172 153
1717289734187 0.00172 154
1717290084506 0.00172 155
1717290406309 0.00172 156
1717290741159 0.00172 157
1717291104428 0.00172 158
1717291433234 0.00171 159
1717291791544 0.00171 160
1717292156179 0.00171 161
1717292461561 0.00171 162
1717292807426 0.00171 163
1717293146107 0.0017 164
1717293504130 0.0017 165
1717293867901 0.0017 166
1717294195652 0.0017 167
1717294532408 0.0017 168
1717294880321 0.00169 169
1717295216158 0.00169 170
1717295531938 0.00169 171
1717295878162 0.00169 172
1717296238335 0.00169 173
1717296659021 0.00169 174
1717296995281 0.00168 175
1717297313617 0.00168 176
1717297666264 0.00168 177
1717297969268 0.00168 178
1717298372925 0.00168 179
1717298711911 0.00167 180
1717299063696 0.00167 181
1717299462242 0.00167 182
1717299771169 0.00167 183
1717300091678 0.00167 184
1717300455245 0.00167 185
1717300754198 0.00166 186
1717301094894 0.00166 187
1717301460533 0.00166 188
1717301817934 0.00166 189
1717302154498 0.00166 190
1717302512431 0.00165 191
1717302842850 0.00165 192
1717303175041 0.00165 193
1717303513196 0.00165 194
1717303880306 0.00165 195
1717304259732 0.00165 196
1717304597469 0.00164 197
1717304977400 0.00164 198
1717305341870 0.00164 199
1717305713432 0.00164 200
1717306068724 0.00164 201
1717306418864 0.00163 202
1717306763972 0.00163 203
1717307106993 0.00163 204
1717307462536 0.00163 205
1717307758299 0.00163 206
1717308143070 0.00163 207
1717308523743 0.00162 208
1717308848145 0.00162 209
1717309166193 0.00162 210
1717309533340 0.00162 211
1717309872718 0.00162 212
1717310240289 0.00161 213
1717310592391 0.00161 214
1717310936629 0.00161 215
1717311274281 0.00161 216
1717311670110 0.00161 217
1717312052112 0.0016 218
1717312400209 0.0016 219
1717312725560 0.0016 220
1717313087630 0.0016 221
1717313452465 0.0016 222
1717313808074 0.0016 223
1717314164249 0.00159 224
1717314543969 0.00159 225
1717314867228 0.00159 226
1717315235936 0.00159 227
1717315627188 0.00159 228
1717315992072 0.00158 229
1717316299007 0.00158 230
1717316643066 0.00158 231
1717317066665 0.00158 232
1717317391203 0.00158 233
1717317758194 0.00158 234
1717318096933 0.00157 235
1717318441808 0.00157 236
1717318779108 0.00157 237
1717319106667 0.00157 238
1717319451580 0.00157 239
1717319808509 0.00156 240
1717320136790 0.00156 241
1717320514099 0.00156 242
1717320864589 0.00156 243
1717321206667 0.00156 244
1717321576537 0.00155 245
1717321976047 0.00155 246
1717322265496 0.00155 247
1717322652714 0.00155 248
1717322991669 0.00155 249
1717323382926 0.00155 250
1717323741016 0.00154 251
1717324068205 0.00154 252
1717324404379 0.00154 253
1717324762187 0.00154 254
1717325153236 0.00154 255
1717325529259 0.00153 256
1717325853459 0.00153 257
1717326182556 0.00153 258
1717326595229 0.00153 259
1717326892968 0.00153 260
1717327235858 0.00153 261
1717327563196 0.00152 262
1717327915225 0.00152 263
1717328253145 0.00152 264
1717328590539 0.00152 265
1717328928410 0.00152 266
1717329285174 0.00151 267
1717329627188 0.00151 268
1717329958906 0.00151 269
1717330327066 0.00151 270
1717330689208 0.00151 271
1717331003816 0.0015 272
1717331354848 0.0015 273
1717331734888 0.0015 274
1717332034290 0.0015 275
1717332382864 0.0015 276
1717332715373 0.0015 277
1717333110090 0.00149 278
1717333391549 0.00149 279
1717333792269 0.00149 280
1717334109882 0.00149 281
1717334430464 0.00149 282
1717334792374 0.00148 283
1717335119645 0.00148 284
1717335487929 0.00148 285
1717335820142 0.00148 286
1717336153816 0.00148 287
1717336524951 0.00148 288
1717336871318 0.00147 289
1717337225402 0.00147 290
1717337532017 0.00147 291
1717337888947 0.00147 292
1717338233078 0.00147 293
1717338611542 0.00146 294
1717339033932 0.00146 295
1717339344986 0.00146 296
1717339748274 0.00146 297
1717340113001 0.00146 298
1717340466537 0.00145 299
1717340852217 0.00145 300
1717341170808 0.00145 301
1717341496222 0.00145 302
1717341858201 0.00145 303
1717342177713 0.00145 304
1717342498560 0.00144 305
1717342861325 0.00144 306
1717343198182 0.00144 307
1717343518320 0.00144 308
1717343878731 0.00144 309
1717344225416 0.00143 310
1717344553341 0.00143 311
1717344868067 0.00143 312
1717345287268 0.00143 313
1717345612559 0.00143 314
1717345980953 0.00142 315
1717346344731 0.00142 316
1717346678526 0.00142 317
1717347027186 0.00142 318
1717347366327 0.00142 319
1717347718107 0.00142 320
1717348008077 0.00141 321
1717348358011 0.00141 322
1717348730251 0.00141 323
1717349082570 0.00141 324
1717349457439 0.00141 325
1717349777570 0.0014 326
1717350154843 0.0014 327
1717350509130 0.0014 328
1717350847344 0.0014 329
1717351181882 0.0014 330
1717351543266 0.00139 331
1717351873610 0.00139 332
1717352210940 0.00139 333
1717352581028 0.00139 334
1717352909342 0.00139 335
1717353269743 0.00139 336
1717353578627 0.00138 337
1717353935715 0.00138 338
1717354314985 0.00138 339
1717354628636 0.00138 340
1717355011654 0.00138 341
1717355370193 0.00137 342
1717355683890 0.00137 343
1717356041536 0.00137 344
1717356398936 0.00137 345
1717356737559 0.00137 346
1717357117204 0.00136 347
1717357521303 0.00136 348
1717357865827 0.00136 349
1717358241392 0.00136 350
1717358558986 0.00136 351
1717358922437 0.00136 352
1717359298099 0.00135 353
1717359651181 0.00135 354
1717359992653 0.00135 355
1717360349057 0.00135 356
1717360721421 0.00135 357
1717361029934 0.00134 358
1717361365122 0.00134 359
1717361700024 0.00134 360
1717362018125 0.00134 361
1717362392006 0.00134 362
1717362758529 0.00133 363
1717363099917 0.00133 364
1717363429113 0.00133 365
1717363800220 0.00133 366
1717364149367 0.00133 367
1717364468846 0.00133 368
1717364822808 0.00132 369
1717365194801 0.00132 370
1717365517175 0.00132 371
1717365846820 0.00132 372
1717366176465 0.00132 373
1717366554685 0.00131 374
1717366883200 0.00131 375
1717367243454 0.00131 376
1717367661009 0.00131 377
1717367934318 0.00131 378
1717368303453 0.0013 379
1717368636229 0.0013 380
1717368966507 0.0013 381
1717369291348 0.0013 382
1717369631507 0.0013 383
1717369962844 0.0013 384
1717370317557 0.00129 385
1717370679886 0.00129 386
1717371021915 0.00129 387
1717371378680 0.00129 388
1717371709783 0.00129 389
1717372045713 0.00128 390
1717372389713 0.00128 391
1717372722638 0.00128 392
1717373062130 0.00128 393
1717373418504 0.00128 394
1717373731549 0.00127 395
1717374085217 0.00127 396
1717374413224 0.00127 397
1717374746447 0.00127 398
1717375148531 0.00127 399
1717375572993 0.00126 400
1717375829547 0.00126 401
1717376144255 0.00126 402
1717376461584 0.00126 403
1717376851039 0.00126 404
1717377163419 0.00126 405
1717377520574 0.00125 406
1717377848407 0.00125 407
1717378186914 0.00125 408
1717378556461 0.00125 409
1717378888622 0.00125 410
1717379250652 0.00124 411
1717379580558 0.00124 412
1717379925354 0.00124 413
1717380239744 0.00124 414
1717380565310 0.00124 415
1717381012842 0.00123 416
1717381263116 0.00123 417
1717381633106 0.00123 418
1717381985376 0.00123 419
1717382309219 0.00123 420
1717382637906 0.00122 421
1717382992809 0.00122 422
1717383368593 0.00122 423
1717383713863 0.00122 424
1717384025326 0.00122 425
1717384370161 0.00122 426
1717384707899 0.00121 427
1717385100706 0.00121 428
1717385424181 0.00121 429
1717385763569 0.00121 430
1717386129319 0.00121 431
1717386468439 0.0012 432
1717386819732 0.0012 433
1717387172473 0.0012 434
1717387507472 0.0012 435
1717387852886 0.0012 436
1717388195448 0.00119 437
1717388544331 0.00119 438
1717388870183 0.00119 439
1717389243054 0.00119 440
1717389606346 0.00119 441
1717389898388 0.00118 442
1717390286075 0.00118 443
1717390610620 0.00118 444
1717390951069 0.00118 445
1717391299642 0.00118 446
1717391632023 0.00118 447
1717391958417 0.00117 448
1717392279145 0.00117 449
1717392680830 0.00117 450
1717392972963 0.00117 451
1717393365598 0.00117 452
1717393677478 0.00116 453
1717394021453 0.00116 454
1717394410267 0.00116 455
1717394718593 0.00116 456
1717395027995 0.00116 457
1717395347695 0.00115 458
1717395721262 0.00115 459
1717396095419 0.00115 460
1717396390317 0.00115 461
1717396716967 0.00115 462
1717397044889 0.00114 463
1717397395467 0.00114 464
1717397773744 0.00114 465
1717398095111 0.00114 466
1717398436640 0.00114 467
1717398760130 0.00114 468
1717399115380 0.00113 469
1717399477783 0.00113 470
1717399830175 0.00113 471
1717400150682 0.00113 472
1717400495697 0.00113 473
1717400851283 0.00112 474
1717401194201 0.00112 475
1717401520026 0.00112 476
1717401920234 0.00112 477
1717402253311 0.00112 478
1717402602950 0.00111 479
1717402937292 0.00111 480
1717403272209 0.00111 481
1717403626072 0.00111 482
1717403962009 0.00111 483
1717404278526 0.0011 484
1717404639830 0.0011 485
1717404974974 0.0011 486
1717405338118 0.0011 487
1717405699073 0.0011 488
1717406049471 0.00109 489
1717406404533 0.00109 490
