1717235852917 0.00012475107546550557 0
1717236101557 0.0 1
1717236417242 0.014857198581797721 2
1717236803862 0.0 3
1717237146767 0.027583603907886903 4
1717237500062 0.028595268839161175 5
1717237810829 0.0 6
1717238158635 0.0 7
1717238475472 0.0 8
1717238835176 0.023433952079041323 9
1717239223715 0.014699821307158757 10
1717239573167 0.02862969965510832 11
1717239928350 0.0 12
1717240273514 0.034749849961840204 13
1717240627065 0.019673809369672647 14
1717240999297 0.02590248721489225 15
1717241349258 0.03392421104686054 16
1717241680317 0.03748584971253572 17
1717242057453 0.039638919560753015 18
1717242445632 0.025441188058478368 19
1717242771664 0.03165335591546632 20
1717243130110 0.037294502026383645 21
1717243512237 0.026445570930898242 22
1717243868447 0.05154735608180336 23
1717244229452 0.011246186157464505 24
1717244564143 0.05031773301187617 25
1717244896378 0.05234594003124404 26
1717245276440 0.0382620049930051 27
1717245631725 0.03996202898589093 28
1717245995951 0.023345697137720067 29
1717246330369 0.04076263738358474 30
1717246685590 0.03678670290279602 31
1717247050928 0.037087441871410595 32
1717247368791 0.05892644222158806 33
1717247717223 0.05412403391432831 34
1717248048968 0.039518675354720395 35
1717248405737 0.027912348304292463 36
1717248761094 0.042912737606832556 37
1717249079147 0.06915712285689099 38
1717249450679 0.05113000262679189 39
1717249804935 0.038581187083455044 40
1717250176199 0.06664645672099559 41
1717250530589 0.051131364275167776 42
1717250886734 0.09098429529032659 43
1717251238638 0.0860293073407409 44
1717251628222 0.11730936543891649 45
1717251979087 0.12778709728007445 46
1717252314600 0.1222553590924234 47
1717252681932 0.13379078252875173 48
1717253019132 0.10573225803852519 49
1717253386241 0.09807463525203503 50
1717253741027 0.0756257825953937 51
1717254097460 0.13842825644456244 52
1717254441043 0.10330924349517569 53
1717254787952 0.14110758446752555 54
1717255114278 0.12578913475805772 55
1717255456733 0.12923194108783342 56
1717255832932 0.07331968464430517 57
1717256177115 0.12331400429706076 58
1717256520367 0.10734171817128282 59
1717256861969 0.18316558879416175 60
1717257216037 0.09469232331221562 61
1717257572344 0.13869748539002077 62
1717257928030 0.2058936715874196 63
1717258239320 0.18147910808094045 64
1717258589304 0.10796306381058791 65
1717258913397 0.18692791259603708 66
1717259265838 0.18438545412704985 67
1717259627354 0.15853567168830984 68
1717259965990 0.19607390727364266 69
1717260321599 0.1953348711936085 70
1717260673829 0.25582499121546126 71
1717261029591 0.20199520953683767 72
1717261343601 0.23046133663552576 73
1717261722749 0.2408935873378357 74
1717262052246 0.2675592187115746 75
1717262417211 0.2168806754937806 76
1717262762835 0.2233045292881413 77
1717263141607 0.19400935447825207 78
1717263471810 0.26643570846102355 79
1717263821148 0.24871544863345077 80
1717264175515 0.20096049808563918 81
1717264513873 0.20553057412225684 82
1717264840057 0.23412669890820123 83
1717265176311 0.18652607105529226 84
1717265520799 0.24114374808644332 85
1717265912381 0.2778708235912472 86
1717266259705 0.2586283181836012 87
1717266613161 0.20487103945417923 88
1717266949297 0.17116686952052187 89
1717267311917 0.24944619237036736 90
1717267681953 0.2952165728296177 91
1717268082871 0.32375065065085284 92
1717268445573 0.1956718540195895 93
1717268771886 0.307797134513137 94
1717269167848 0.29894324528476734 95
1717269526607 0.38543833852119264 96
1717269889307 0.18118760137974274 97
1717270245483 0.3220775719636791 98
1717270591413 0.26771282014040293 99
1717270962353 0.30172577054650496 100
1717271304237 0.35411987593418304 101
1717271684961 0.4606579884481243 102
1717272056611 0.3479624230585274 103
1717272398201 0.353678485082412 104
1717272734187 0.28619112880099434 105
1717273055265 0.3637808267668501 106
1717273431854 0.3861430587837249 107
1717273779549 0.3733047613892088 108
1717274123510 0.33307385285902374 109
1717274473659 0.35672727295366197 110
1717274848367 0.3705984263440528 111
1717275199371 0.33602490734580687 112
1717275568356 0.2268910026369907 113
1717275900799 0.4249688884730644 114
1717276250786 0.344355342322647 115
1717276586453 0.4270040005998739 116
1717276963679 0.3021276208515554 117
1717277324380 0.40839466863779056 118
1717277657780 0.3746738271954982 119
1717278037707 0.4185177968316928 120
1717278341636 0.41721287728428214 121
1717278720617 0.3802802230311172 122
1717279057091 0.3846605810106547 123
1717279427789 0.3812497530948699 124
1717279777554 0.3927095314723132 125
1717280151938 0.48069707937926 126
1717280524443 0.4338176949892381 127
1717280886383 0.4780024893800345 128
1717281235039 0.3811129478931197 129
1717281580534 0.4164297649111376 130
1717281933010 0.38200219555237763 131
1717282301223 0.47299163000233774 132
1717282649469 0.45901601749209237 133
1717282992332 0.3658840536920817 134
1717283330605 0.4241931949784153 135
1717283705724 0.4996240106826565 136
1717284064002 0.5445807791601427 137
1717284453017 0.5381164427740842 138
1717284789677 0.3150402647394535 139
1717285131348 0.44157096814531005 140
1717285487354 0.5202762154233825 141
1717285824452 0.5286718931874672 142
1717286178990 0.5196505031296084 143
1717286545768 0.5595049706780214 144
1717286881131 0.5263283327498595 145
1717287220238 0.5571486562580982 146
1717287622681 0.42454116092652927 147
1717287962695 0.5002406920617438 148
1717288299144 0.3401092771820763 149
1717288662761 0.5631908014974687 150
1717288975028 0.5410176162677109 151
1717289352667 0.5883788098368482 152
1717289684709 0.5140438094636745 153
1717290061762 0.5848626850582607 154
1717290403831 0.4906180945432812 155
1717290726389 0.5488548012187121 156
1717291084105 0.5717188495544583 157
1717291414751 0.5930423710357668 158
1717291787911 0.47171694609780734 159
1717292123333 0.5774376379094261 160
1717292458934 0.477323223097826 161
1717292804850 0.5502984311304036 162
1717293143571 0.4498716530163749 163
1717293501586 0.560107248230726 164
1717293839414 0.5858731033199576 165
1717294176340 0.5901675538926694 166
1717294529634 0.5124122017547567 167
1717294877852 0.4692879855714857 168
1717295213599 0.5619123265784643 169
1717295528808 0.5116200504036281 170
1717295849511 0.616642941076334 171
1717296215714 0.5955896792475532 172
1717296617499 0.5846735630120775 173
1717296950389 0.6531286827144333 174
1717297311162 0.5242207834060111 175
1717297663736 0.5789131804249875 176
1717297966595 0.5503367263958584 177
1717298331098 0.6428179615698764 178
1717298691794 0.6159932069306093 179
1717299044647 0.5785681537027662 180
1717299397704 0.6486498401785764 181
1717299768654 0.5230985446614834 182
1717300088981 0.5734808779618307 183
1717300413011 0.6391973385692243 184
1717300751222 0.519745315455845 185
1717301092189 0.6220765013089273 186
1717301432910 0.6156051304668431 187
1717301785053 0.6208695842071726 188
1717302107506 0.6252513798190297 189
1717302509843 0.492618687854995 190
1717302839687 0.6422631815539446 191
1717303172347 0.582783194166221 192
1717303510270 0.579411382159638 193
1717303865607 0.6335634328441117 194
1717304256968 0.39994939115974604 195
1717304594888 0.6560117737533198 196
1717304974739 0.6431736308677406 197
1717305303174 0.6351527526007141 198
1717305660508 0.5852399186389353 199
1717306033998 0.6075795472915115 200
1717306377782 0.640971578594378 201
1717306725827 0.6575878796061396 202
1717307061451 0.6204606014271143 203
1717307422815 0.6963859396365949 204
1717307755811 0.50978673287968 205
1717308091034 0.6958672427519207 206
1717308468712 0.6272692039199513 207
1717308813102 0.6824228856572172 208
1717309159183 0.6178207062251407 209
1717309483074 0.6578374807429607 210
1717309833542 0.6617341308070867 211
1717310181527 0.6470627682663161 212
1717310545634 0.651556664510252 213
1717310927017 0.6155231661908065 214
1717311271823 0.6093226593181297 215
1717311641970 0.6676991905775158 216
1717312015799 0.6777611856433988 217
1717312397314 0.6217462078393482 218
1717312723157 0.6260586798693184 219
1717313052843 0.6700516793539212 220
1717313413562 0.6465878167803631 221
1717313805281 0.6369989054623407 222
1717314134226 0.6736821361260892 223
1717314518388 0.6490698755767742 224
1717314864275 0.6284143724174945 225
1717315198748 0.6627334483459911 226
1717315589583 0.6535814929408629 227
1717315960990 0.6500502723358822 228
1717316295251 0.6432148807533612 229
1717316640665 0.6427620218586259 230
1717317017619 0.6518856621318732 231
1717317388767 0.6026373046565253 232
1717317748886 0.6648151056395282 233
1717318092757 0.591632548555861 234
1717318439303 0.5888212561990901 235
1717318776678 0.6385163653034266 236
1717319104260 0.6762341343510733 237
1717319448778 0.5276059643623735 238
1717319805870 0.6503092181222495 239
1717320133844 0.6655571814908928 240
1717320502877 0.6761914932755565 241
1717320861984 0.6563823234620227 242
1717321202866 0.6207951654651302 243
1717321573917 0.6557150078935811 244
1717321937230 0.6764314474394415 245
1717322263046 0.6532583780102892 246
1717322650265 0.6550638250661288 247
1717322983375 0.6109091549610227 248
1717323361089 0.6608846559585254 249
1717323717332 0.6838828534781065 250
1717324064572 0.5243264036046226 251
1717324401875 0.6687040051828355 252
1717324759572 0.6889937726156311 253
1717325110813 0.7172393365438755 254
1717325496902 0.680517700930801 255
1717325851084 0.6389073190779231 256
1717326180125 0.6449427864043382 257
1717326551847 0.7140981108078746 258
1717326890093 0.5636283619148413 259
1717327233281 0.41241576240093275 260
1717327560109 0.626215891800215 261
1717327902669 0.6276469907761637 262
1717328250421 0.6652523454963073 263
1717328587840 0.6450033602371545 264
1717328925172 0.6236419477846851 265
1717329282660 0.5960552242038807 266
1717329624214 0.6678489217656314 267
1717329954379 0.6554361739765636 268
1717330288870 0.6874995789161548 269
1717330677813 0.6602716661949919 270
1717331001390 0.6854316282442301 271
1717331352299 0.6306682918147589 272
1717331731857 0.6650965809015997 273
1717332031823 0.6560700814674804 274
1717332377931 0.5159822064212216 275
1717332710999 0.6867285411108576 276
1717333053891 0.7136759619189711 277
1717333389146 0.6840397850630016 278
1717333789354 0.6999209499568785 279
1717334107259 0.6572398013044317 280
1717334427949 0.62600291313099 281
1717334789639 0.6472436014871494 282
1717335117111 0.6242105027805626 283
1717335485232 0.6668662705993652 284
1717335816785 0.6520171576032365 285
1717336151294 0.6644524015750546 286
1717336522447 0.6135356962903178 287
1717336868707 0.6060393279482879 288
1717337222745 0.6824826591694645 289
1717337529465 0.6615414840402546 290
1717337885463 0.6785621219148633 291
1717338230473 0.6511648366920365 292
1717338601068 0.6899736680799545 293
1717338989821 0.6955196889597043 294
1717339342527 0.6396638718751749 295
1717339674601 0.7305892875690622 296
1717340067336 0.687735938431292 297
1717340432495 0.6999955564050023 298
1717340792918 0.6549994760207275 299
1717341151006 0.7093759383976118 300
1717341493714 0.6298406619137427 301
1717341855087 0.6430569454446756 302
1717342175182 0.6415828110616114 303
1717342489836 0.6578537663367843 304
1717342857997 0.6889000536239684 305
1717343185666 0.6208523059276403 306
1717343515841 0.6257019759517708 307
1717343876276 0.737392120413069 308
1717344221286 0.5925130285115489 309
1717344550767 0.7089374924122964 310
1717344865537 0.6967308812568336 311
1717345215869 0.7463088366281905 312
1717345602864 0.6389241538675894 313
1717345977924 0.6727525169350325 314
1717346341700 0.6373679964518231 315
1717346676016 0.7155891551489489 316
1717347024405 0.5073968870563653 317
1717347363721 0.7385123615443633 318
1717347713253 0.7015169668962417 319
1717348005592 0.6936763243018943 320
1717348355278 0.6152165747441344 321
1717348727666 0.6983136481655539 322
1717349078180 0.7098817019488582 323
1717349413025 0.7252382064700533 324
1717349754963 0.708505804243874 325
1717350109769 0.6811563588455456 326
1717350473144 0.7429033980204397 327
1717350820930 0.7134117039693945 328
1717351179438 0.685790861560595 329
1717351512578 0.7227442786981934 330
1717351871008 0.6677259041216365 331
1717352208430 0.5659712690068521 332
1717352569970 0.6515073679262274 333
1717352906746 0.61589537503195 334
1717353266821 0.6872707317556153 335
1717353576046 0.6779003635406156 336
1717353932498 0.6624697467756717 337
1717354263921 0.7427601215886968 338
1717354624745 0.6362982559321902 339
1717355000359 0.726018950816993 340
1717355367450 0.6777778325076587 341
1717355681154 0.7028627955541406 342
1717356038597 0.724676734726305 343
1717356396263 0.7222397840332013 344
1717356734986 0.6881801237935657 345
1717357114474 0.7117135091629049 346
1717357464992 0.711925497625167 347
1717357817761 0.7298122212587054 348
1717358166648 0.6986672410894492 349
1717358556208 0.6904906728603076 350
1717358882620 0.733803963343109 351
1717359254167 0.7343171292283844 352
1717359620440 0.7402426464935995 353
1717359967638 0.7284103777393701 354
1717360312257 0.7125769891590286 355
1717360696210 0.7153222259265111 356
1717361027324 0.6792131125055534 357
1717361354361 0.702686368886917 358
1717361694211 0.7030211509962895 359
1717362015564 0.7435021169479321 360
1717362389123 0.6598020952648678 361
1717362726657 0.7643992900278458 362
1717363072444 0.7277254477382917 363
1717363426577 0.7121528468952154 364
1717363773503 0.737656825331872 365
1717364146599 0.6716771749265735 366
1717364466336 0.7332088787594483 367
1717364819980 0.7197252245194279 368
1717365159596 0.7421729037966628 369
1717365514548 0.6815920948417519 370
1717365844292 0.7289105994540787 371
1717366173996 0.6509466667981714 372
1717366552156 0.7344188655684429 373
1717366880681 0.7186702382324508 374
1717367236483 0.7249027286529475 375
1717367584106 0.7566802902462252 376
1717367931721 0.6449841088077335 377
1717368292479 0.6933596684722338 378
1717368633278 0.7083960422346579 379
1717368963954 0.7411081860337404 380
1717369288390 0.6580174754150445 381
1717369628806 0.7245145188594359 382
1717369960148 0.7215246047388139 383
1717370313959 0.7148491318001792 384
1717370669041 0.6807206057796817 385
1717371019263 0.6937922123838955 386
1717371375622 0.6089420880277634 387
1717371707010 0.7122020076589928 388
1717372043026 0.7384041500947903 389
1717372387042 0.6611685192345126 390
1717372719812 0.7635786258074793 391
1717373058699 0.7105738092512077 392
1717373407008 0.6978764171216203 393
1717373729003 0.7155619117757694 394
1717374081623 0.7103592626719638 395
1717374410583 0.7721501110672216 396
1717374743608 0.7439608874774193 397
1717375097174 0.7517028401809979 398
1717375469085 0.7395572141315664 399
1717375826716 0.7177521880245517 400
1717376141675 0.7090823894083866 401
1717376456554 0.7116495333625544 402
1717376789896 0.7780069293762968 403
1717377160741 0.6985473662437971 404
1717377509649 0.6448670826622647 405
1717377845559 0.7712425475899639 406
1717378184312 0.7512518270798768 407
1717378523780 0.7630233830085469 408
1717378868296 0.7540351803698039 409
1717379208998 0.7339815374566244 410
1717379577970 0.7300602907810636 411
1717379922795 0.7299533864760908 412
1717380237277 0.6971330040068207 413
1717380560880 0.6620451744749885 414
1717380938630 0.750459538720978 415
1717381260650 0.6986755676821961 416
1717381630397 0.7657972619147012 417
1717381982750 0.6798855246074428 418
1717382297999 0.713305517958504 419
1717382635202 0.7639259451680083 420
1717382990272 0.7012654802766275 421
1717383365949 0.7440479911331835 422
1717383708354 0.7382713263419617 423
1717384022737 0.7568389906014281 424
1717384367632 0.7213353810853569 425
1717384705051 0.7195514821451214 426
1717385090212 0.7156913421617009 427
1717385421485 0.719746743411688 428
1717385760532 0.7550056070837505 429
1717386126816 0.7321467952994833 430
1717386465526 0.7131589715458434 431
1717386816700 0.7033531093584668 432
1717387169667 0.7096130199181919 433
1717387504826 0.7139843621520024 434
1717387841937 0.7293773571347972 435
1717388192718 0.7200049665730608 436
1717388539412 0.7833100450761651 437
1717388867635 0.7431059256574147 438
1717389238765 0.726947334565242 439
1717389566004 0.7618963526879783 440
1717389895896 0.6942836290365716 441
1717390274762 0.7537189896475511 442
1717390592782 0.7635391455643188 443
1717390926440 0.781104389897177 444
1717391296768 0.7362521029620575 445
1717391629579 0.7188776819612979 446
1717391955959 0.7231907997000119 447
1717392275900 0.7686750204036259 448
1717392632944 0.7052824353719385 449
1717392970220 0.7439517591036274 450
1717393313209 0.7693940320308827 451
1717393674598 0.7365458171663106 452
1717394018893 0.7227044100162493 453
1717394353534 0.7642117250981745 454
1717394695954 0.7625023122202834 455
1717395025593 0.7191672117768327 456
1717395345256 0.7490530415014021 457
1717395689487 0.7599711275293111 458
1717396039872 0.7971639697121015 459
1717396387091 0.7061420391733662 460
1717396714362 0.7137833024528224 461
1717397033974 0.7689460994081063 462
1717397393094 0.7483591644494123 463
1717397770941 0.6668007375628306 464
1717398087667 0.6763912480845933 465
1717398433998 0.7479485784078599 466
1717398757070 0.7774564780811342 467
1717399112901 0.7558255189298909 468
1717399468860 0.7427457130229772 469
1717399827692 0.7228485066628293 470
1717400147797 0.7833365210268426 471
1717400493114 0.6904111022975421 472
1717400848756 0.7720064314189815 473
1717401191647 0.7521120014026638 474
1717401517538 0.7175830092685686 475
1717401917310 0.7330382013566432 476
1717402222587 0.761709273576422 477
1717402591951 0.7665444517398401 478
1717402934630 0.748806894297682 479
1717403268373 0.6627015780648532 480
1717403623567 0.7381340923003771 481
1717403957884 0.7607291867484564 482
1717404275948 0.6656383636234499 483
1717404636878 0.7472007897311456 484
1717404972417 0.7498863281384558 485
1717405335278 0.7208530539438837 486
1717405696414 0.736258856764339 487
1717406046955 0.7117086984858195 488
1717406401945 0.733376548032854 489
