1715440161175 377.05 0
1715440406215 158.33 0
1715440652234 213.47 0
1715440936429 229.08 0
1715441200899 224.52 0
1715441482344 210.95 0
1715441726697 206.13 0
1715442011503 256.85 0
1715442241845 163.72 0
1715442522517 253.86 0
1715442765932 201.82 0
1715443007633 204.66 0
1715443277731 232.42 0
1715443577436 271.6 0
1715443798042 185.29 0
1715444087891 256.22 0
1715444332682 181.15 0
1715444592542 227.88 0
1715444872260 251.92 0
1715445143157 187.56 0
1715445417289 218.71 0
1715445716310 257.27 0
1715445989700 237.22 0
1715446221160 190.23 0
1715446501566 239.62 0
1715446754186 185.58 0
1715447014651 225.21 0
1715447300032 254.62 0
1715447534737 200.14 0
1715447815856 242.07 0
1715448058880 219.59 0
1715448344230 244.66 0
1715448581240 193.61 0
1715448882707 261.44 0
1715449125808 208.35 0
1715449405908 220.07 0
1715449708398 256.2 0
1715449982908 236.62 0
1715450252863 233.68 0
1715450530546 237.74 0
1715450810999 197.89 0
1715451082924 232.22 0
1715451329677 207.84 0
1715451626370 255.15 0
1715451893177 192.29 0
1715452178470 222.09 0
1715452445691 235.1 0
1715452716249 237.83 0
1715452974329 215.58 0
