1712510872299 76.61 0
1712510931015 52.86 0
1712510991588 53.36 0
1712511053683 53.77 0
1712511114665 53.49 0
1712511175914 53.73 0
1712511237027 53.7 0
1712511298247 53.72 0
1712511359512 53.64 0
1712511421290 53.7 0
1712511482499 53.67 0
1712511543402 53.45 0
1712511604156 53.32 0
1712511664521 53.28 0
1712511725067 53.5 0
1712511786467 53.41 0
1712511847606 53.52 0
1712511908731 53.64 0
1712511969913 53.64 0
1712512030932 53.75 0
1712512086883 53.66 0
1712512143301 53.76 0
1712512204358 53.63 0
1712512265222 53.44 0
1712512326533 53.66 0
1712512387538 53.4 0
1712512448534 53.54 0
1712512509808 53.92 0
1712512570724 53.65 0
1712512626758 53.72 0
1712512687666 53.52 0
1712512748760 53.62 0
1712512809793 53.44 0
1712512870804 53.45 0
1712512931764 53.42 0
1712512987754 53.69 0
1712513048926 53.56 0
1712513110067 53.39 0
1712513166051 53.6 0
1712513227373 53.46 0
1712513289212 53.66 0
1712513350345 53.6 0
1712513411319 53.73 0
1712513472331 53.53 0
1712513533351 53.5 0
1712513594350 53.41 0
1712513650766 54.12 0
1712513706589 53.58 0
1712513762453 53.54 0
1712513818351 53.62 0
1712513881382 53.44 0
1712513942494 53.35 0
1712514003606 53.36 0
1712514064796 53.43 0
1712514120715 53.59 0
1712514181890 53.5 0
1712514237793 53.63 0
1712514293810 53.76 0
1712514355615 53.67 0
1712514416872 53.53 0
1712514478087 53.41 0
1712514533967 53.6 0
1712514594768 53.64 0
1712514655656 53.44 0
1712514711507 53.58 0
1712514767403 53.53 0
1712514823274 53.6 0
1712514884085 53.45 0
1712514945194 53.64 0
1712515001292 53.79 0
1712515057412 53.79 0
1712515113655 53.6 0
1712515174487 53.47 0
1712515230438 53.65 0
1712515286426 53.62 0
1712515342299 53.54 0
1712515398187 53.59 0
1712515459327 53.67 0
1712515520363 53.5 0
1712515581581 53.54 0
1712515642602 53.44 0
1712515703734 53.72 0
1712515759731 53.65 0
1712515820578 53.68 0
1712515876660 53.53 0
1712515937577 53.5 0
1712515998665 53.52 0
1712516059551 53.37 0
1712516115308 53.47 0
1712516171358 53.79 0
1712516227150 53.59 0
1712516283326 53.52 0
1712516344145 53.48 0
1712516405199 53.67 0
1712516461207 53.8 0
1712516517276 53.84 0
1712516578297 53.61 0
1712516639491 53.7 0
1712516695892 53.76 0
1712516751843 53.66 0
1712516812893 53.53 0
1712516868670 53.52 0
1712516924506 53.55 0
1712516980490 53.7 0
1712517036418 53.66 0
1712517093014 53.91 0
1712517154170 53.81 0
1712517210257 53.78 0
1712517266168 53.64 0
1712517322193 53.74 0
1712517378221 53.75 0
1712517439168 53.37 0
1712517500496 53.56 0
1712517561494 53.51 0
1712517622616 53.55 0
1712517683577 53.44 0
1712517739225 53.35 0
1712517795101 53.58 0
1712517851314 53.9 0
1712517912190 53.38 0
1712517967957 53.47 0
1712518023804 53.53 0
1712518079662 53.56 0
1712518135573 53.61 0
1712518191554 53.59 0
1712518247482 53.64 0
1712518303491 53.63 0
1712518359373 53.58 0
1712518415327 53.55 0
1712518471142 53.5 0
1712518527160 53.7 0
1712518583231 53.76 0
1712518639347 53.8 0
1712518695726 54.0 0
1712518751870 53.83 0
1712518807749 53.53 0
1712518863839 53.73 0
1712518925031 53.68 0
1712518986131 53.74 0
1712519047949 53.75 0
1712519109252 53.8 0
1712519165530 53.91 0
1712519226587 53.6 0
1712519282559 53.63 0
1712519338575 53.68 0
1712519394803 53.91 0
1712519455849 53.59 0
1712519511819 53.58 0
1712519572923 53.54 0
1712519634128 53.46 0
1712519695195 53.43 0
1712519751160 53.64 0
1712519807407 53.54 0
1712519863382 53.65 0
1712519919185 53.44 0
1712519975290 53.75 0
1712520031325 53.65 0
1712520087444 53.76 0
1712520143514 53.65 0
1712520199985 53.67 0
1712520255937 53.53 0
1712520311944 53.63 0
1712520368092 53.73 0
1712520424173 53.7 0
1712520480150 53.61 0
1712520536033 53.5 0
1712520592294 53.55 0
1712520648134 53.52 0
1712520704342 53.78 0
1712520760205 53.52 0
1712520816106 53.52 0
1712520872287 53.84 0
1712520928341 53.71 0
1712520984708 53.96 0
1712521040795 53.66 0
1712521096729 53.59 0
1712521152745 53.58 0
1712521208741 53.62 0
1712521264838 53.65 0
1712521326097 53.59 0
1712521387570 53.46 0
1712521448999 53.66 0
1712521505085 53.74 0
1712521561241 53.74 0
1712521617398 53.82 0
1712521673511 53.78 0
1712521729566 53.65 0
1712521785997 53.7 0
1712521842135 53.73 0
1712521898100 53.63 0
1712521954101 53.65 0
1712522010139 53.69 0
1712522066364 53.82 0
1712522127960 53.73 0
1712522189923 53.62 0
1712522251525 53.68 0
1712522307578 53.66 0
1712522368922 53.52 0
1712522430242 53.65 0
1712522491621 53.53 0
1712522558675 53.61 0
1712522619844 53.68 0
1712522676022 53.81 0
1712522732268 53.86 0
1712522788396 53.75 0
1712522844342 53.58 0
1712522900542 53.88 0
1712522961953 53.67 0
1712523023094 53.73 0
1712523083947 53.55 0
1712523145349 53.89 0
1712523201368 53.78 0
1712523257373 53.76 0
1712523313451 53.85 0
1712523369360 53.66 0
1712523425289 53.68 0
1712523480999 53.49 0
1712523536866 53.65 0
1712523592766 53.67 0
1712523648685 53.69 0
1712523704623 53.7 0
1712523761021 53.74 0
1712523817055 53.75 0
1712523873006 53.7 0
1712523928931 53.62 0
1712523989886 53.61 0
1712524045837 53.6 0
1712524107304 54.08 0
1712524168325 53.58 0
1712524224160 53.53 0
1712524284886 53.39 0
1712524345686 53.41 0
1712524406536 53.35 0
1712524462617 53.85 0
1712524518677 53.83 0
1712524574680 53.78 0
1712524630402 53.49 0
1712524686367 53.73 0
1712524747433 53.6 0
1712524803493 53.77 0
1712524859813 53.98 0
1712524915900 53.79 0
1712524972062 53.82 0
1712525033372 53.79 0
1712525094523 53.7 0
1712525150475 53.68 0
1712525206504 53.76 0
1712525262888 53.71 0
1712525318785 53.63 0
1712525379771 53.54 0
1712525440518 53.53 0
1712525496364 53.56 0
1712525552355 53.64 0
1712525608778 54.15 0
1712525664648 53.59 0
1712525720689 53.73 0
1712525776711 53.73 0
1712525832862 53.77 0
1712525889162 53.91 0
1712525945353 53.84 0
1712526001629 53.94 0
1712526057402 53.49 0
1712526113382 53.7 0
1712526169327 53.66 0
1712526225272 53.6 0
1712526281264 53.65 0
1712526337051 53.5 0
1712526393234 53.79 0
1712526449596 53.65 0
1712526505443 53.57 0
1712526561440 53.66 0
1712526617566 53.79 0
1712526673501 53.65 0
1712526729533 53.7 0
1712526785567 53.77 0
1712526841989 53.68 0
1712526898108 53.81 0
1712526954159 53.76 0
1712527010105 53.66 0
1712527066195 53.72 0
1712527122271 53.8 0
1712527178248 53.69 0
1712527234266 53.75 0
1712527290247 53.72 0
1712527346249 53.68 0
1712527402044 53.53 0
1712527458140 53.72 0
1712527514107 53.66 0
1712527570143 53.68 0
1712527626373 53.93 0
1712527682719 53.64 0
1712527738755 53.74 0
1712527794870 53.8 0
1712527850773 53.59 0
1712527906959 53.79 0
1712527962919 53.6 0
1712528018848 53.63 0
1712528075195 53.67 0
1712528131257 53.76 0
1712528192473 53.81 0
1712528253656 53.73 0
1712528309832 53.87 0
1712528371035 53.72 0
1712528427146 53.8 0
1712528483150 53.65 0
1712528539030 53.57 0
1712528594913 53.58 0
1712528650860 53.6 0
1712528706884 53.71 0
1712528762920 53.72 0
1712528819124 53.88 0
1712528875129 53.68 0
1712528931249 53.72 0
1712528987325 53.76 0
1712529043409 53.69 0
1712529099447 53.63 0
1712529155541 53.77 0
1712529211566 53.68 0
1712529267766 53.89 0
1712529323855 53.67 0
1712529379885 53.7 0
1712529435881 53.64 0
1712529491853 53.66 0
1712529547888 53.71 0
1712529604040 53.71 0
1712529660055 53.64 0
1712529715973 53.56 0
1712529771915 53.63 0
1712529828070 53.81 0
1712529884062 53.68 0
1712529940191 53.8 0
1712530002276 53.83 0
1712530058342 53.74 0
1712530114411 53.63 0
1712530170482 53.64 0
1712530226674 53.77 0
1712530282661 53.56 0
1712530338731 53.71 0
1712530395293 53.74 0
1712530451449 53.72 0
1712530507407 53.56 0
1712530563638 53.87 0
1712530619645 53.65 0
1712530675696 53.69 0
1712530731719 53.66 0
1712530788078 53.95 0
1712530844299 53.85 0
1712530900359 53.63 0
1712530956279 53.56 0
1712531012257 53.62 0
1712531073194 53.44 0
1712531129213 53.66 0
1712531185580 53.66 0
1712531241489 53.55 0
1712531297578 53.63 0
1712531353418 53.46 0
1712531409327 53.52 0
1712531465298 53.61 0
1712531521431 53.72 0
1712531577984 54.15 0
1712531633886 53.49 0
1712531689854 53.56 0
1712531746184 53.8 0
1712531802097 53.53 0
1712531858098 53.63 0
1712531914135 53.67 0
1712531970406 53.85 0
1712532031351 53.49 0
1712532092651 53.55 0
1712532153714 53.55 0
1712532214552 53.53 0
1712532275508 53.58 0
1712532332005 53.72 0
1712532388264 53.84 0
1712532444235 53.61 0
1712532500195 53.59 0
1712532556173 53.61 0
1712532612197 53.61 0
1712532668235 53.67 0
1712532724740 53.7 0
1712532780558 53.42 0
1712532836520 53.6 0
1712532892506 53.58 0
1712532948481 53.5 0
1712533004358 53.48 0
1712533060360 53.6 0
1712533116652 53.51 0
1712533172547 53.49 0
1712533228669 53.72 0
1712533284766 53.62 0
1712533341008 53.84 0
1712533397124 53.69 0
1712533453260 53.65 0
1712533509853 53.72 0
1712533565928 53.61 0
1712533621932 53.6 0
1712533677876 53.54 0
1712533733937 53.59 0
1712533789849 53.51 0
1712533845905 53.58 0
1712533907407 53.69 0
1712533963585 53.67 0
1712534019657 53.6 0
1712534075733 53.62 0
1712534131851 53.67 0
1712534187893 53.62 0
1712534244019 53.68 0
1712534300529 53.7 0
1712534361650 53.54 0
1712534422895 53.67 0
1712534484480 53.63 0
1712534545476 53.6 0
1712534601266 53.49 0
1712534662786 53.46 0
1712534723935 53.57 0
1712534785041 53.61 0
1712534845822 53.39 0
1712534901705 53.55 0
1712534957459 53.48 0
1712535018434 53.35 0
1712535074447 53.68 0
1712535130425 53.68 0
1712535186118 53.43 0
1712535241714 53.34 0
1712535297699 53.73 0
1712535353520 53.56 0
1712535409784 53.55 0
1712535465694 53.64 0
1712535521515 53.53 0
1712535577381 53.6 0
1712535633308 53.66 0
1712535689202 53.62 0
1712535745030 53.56 0
1712535801367 53.95 0
1712535857428 53.71 0
1712535918302 53.49 0
1712535974368 53.71 0
1712536030469 53.76 0
1712536086442 53.7 0
1712536142173 53.45 0
1712536198215 53.78 0
1712536254263 53.78 0
1712536310232 53.7 0
1712536366093 53.58 0
1712536421939 53.57 0
1712536477958 53.7 0
1712536533987 53.66 0
1712536589836 53.57 0
1712536646297 53.79 0
1712536702364 53.8 0
1712536763441 53.46 0
1712536819163 53.43 0
1712536874986 53.56 0
1712536930849 53.59 0
1712536986846 53.73 0
1712537042891 53.75 0
1712537098860 53.64 0
1712537154891 53.75 0
1712537211026 53.82 0
1712537266812 53.46 0
1712537322666 53.58 0
1712537378493 53.55 0
1712537434666 53.51 0
1712537490575 53.63 0
1712537546444 53.59 0
1712537602329 53.61 0
1712537658268 53.66 0
1712537714201 53.67 0
1712537770262 53.78 0
1712537826712 53.8 0
1712537882699 53.72 0
1712537938672 53.69 0
1712537994589 53.64 0
1712538050544 53.68 0
1712538106599 53.71 0
1712538162688 53.76 0
1712538218712 53.73 0
1712538274601 53.6 0
1712538330679 53.7 0
1712538386857 53.8 0
1712538442758 53.59 0
1712538498868 53.79 0
1712538554922 53.67 0
1712538610938 53.66 0
1712538667068 53.81 0
1712538723138 53.76 0
1712538779076 53.61 0
1712538835245 53.77 0
1712538896462 53.56 0
1712538952502 53.71 0
1712539008863 53.66 0
1712539065148 53.83 0
1712539121212 53.64 0
1712539177137 53.55 0
1712539233093 53.6 0
1712539289201 53.76 0
1712539345365 53.77 0
1712539401483 53.79 0
1712539457399 53.57 0
1712539513396 53.58 0
1712539574728 53.75 0
1712539630769 53.71 0
1712539686757 53.67 0
1712539742881 53.74 0
1712539799365 53.74 0
1712539855249 53.57 0
1712539911328 53.76 0
1712539967282 53.63 0
1712540023294 53.63 0
1712540079362 53.68 0
1712540135385 53.7 0
1712540196998 53.49 0
1712540258231 53.62 0
1712540319375 53.63 0
1712540375316 53.57 0
1712540431165 53.53 0
1712540486921 53.44 0
1712540548058 53.53 0
1712540609092 53.52 0
1712540670021 53.53 0
1712540726050 53.7 0
1712540782296 53.94 0
1712540843407 53.62 0
1712540904878 53.53 0
1712540966111 53.53 0
1712541022028 53.58 0
1712541077795 53.44 0
1712541133651 53.46 0
1712541189633 53.66 0
1712541245775 53.73 0
1712541302251 53.78 0
1712541358222 53.64 0
1712541414310 53.77 0
1712541470311 53.68 0
1712541526412 53.77 0
1712541582290 53.56 0
1712541638277 53.67 0
1712541694544 53.95 0
1712541750550 53.68 0
1712541806583 53.71 0
1712541862589 53.63 0
1712541918763 53.86 0
1712541974838 53.76 0
1712542030918 53.74 0
1712542087000 53.77 0
1712542142875 53.57 0
1712542198916 53.72 0
1712542254976 53.65 0
1712542310872 53.58 0
1712542366770 53.56 0
1712542427962 53.65 0
1712542484358 53.72 0
1712542540319 53.61 0
1712542596322 53.69 0
1712542652170 53.54 0
1712542708159 53.67 0
1712542764154 53.68 0
1712542820112 53.64 0
1712542876184 53.76 0
1712542932248 53.73 0
1712542988260 53.69 0
1712543044321 53.74 0
1712543100224 53.59 0
1712543156405 53.75 0
1712543212512 53.72 0
1712543268705 53.82 0
1712543324587 53.5 0
1712543380510 53.61 0
1712543436443 53.62 0
1712543492335 53.58 0
1712543548342 53.69 0
1712543604229 53.56 0
1712543660377 53.77 0
1712543716366 53.63 0
1712543777456 53.53 0
1712543838503 53.59 0
1712543894589 53.74 0
1712543950605 53.66 0
1712544006714 53.76 0
1712544062902 53.72 0
1712544118975 53.61 0
1712544174943 53.6 0
1712544230802 53.51 0
1712544286639 53.49 0
1712544342586 53.5 0
1712544398731 53.79 0
1712544454729 53.64 0
1712544510711 53.62 0
1712544566786 53.7 0
1712544622955 53.74 0
1712544679251 53.79 0
1712544735193 53.57 0
1712544791339 53.74 0
1712544847333 53.62 0
1712544903396 53.64 0
1712544959372 53.61 0
1712545015343 53.61 0
1712545071319 53.6 0
1712545127344 53.62 0
1712545184044 53.72 0
