1712510872289 0.3149 0
1712510931001 0.0586 0
1712510991574 0.0161 0
1712511053668 -0.0108 0
1712511114654 -0.0331 0
1712511175900 -0.0225 0
1712511237014 -0.0205 0
1712511298232 -0.0539 0
1712511359498 -0.0591 0
1712511421274 -0.0814 0
1712511482487 -0.0795 0
1712511543386 -0.0706 0
1712511604137 -0.1025 0
1712511664511 -0.1046 0
1712511725054 -0.1 0
1712511786454 -0.1125 0
1712511847588 -0.0981 0
1712511908720 -0.1064 0
1712511969903 -0.1265 0
1712512030914 -0.1359 0
1712512086869 -0.1623 0
1712512143287 -0.1448 0
1712512204339 -0.184 0
1712512265209 -0.1381 0
1712512326518 -0.1841 0
1712512387522 -0.1285 0
1712512448523 -0.16 0
1712512509797 -0.234 0
1712512570712 -0.1551 0
1712512626743 -0.1975 0
1712512687645 -0.1685 0
1712512748749 -0.2076 0
1712512809779 -0.1963 0
1712512870790 -0.1891 0
1712512931754 -0.2228 0
1712512987741 -0.1805 0
1712513048913 -0.1805 0
1712513110055 -0.2173 0
1712513166036 -0.2211 0
1712513227360 -0.2193 0
1712513289202 -0.2231 0
1712513350331 -0.191 0
1712513411307 -0.2049 0
1712513472313 -0.2394 0
1712513533336 -0.2273 0
1712513594336 -0.2314 0
1712513650752 -0.2436 0
1712513706576 -0.2147 0
1712513762437 -0.2537 0
1712513818331 -0.2519 0
1712513881373 -0.2727 0
1712513942480 -0.2753 0
1712514003589 -0.2429 0
1712514064786 -0.2852 0
1712514120698 -0.2346 0
1712514181878 -0.2637 0
1712514237779 -0.2571 0
1712514293798 -0.2683 0
1712514355606 -0.2498 0
1712514416856 -0.2261 0
1712514478074 -0.2351 0
1712514533955 -0.2538 0
1712514594754 -0.259 0
1712514655642 -0.3041 0
1712514711489 -0.2572 0
1712514767392 -0.2693 0
1712514823263 -0.3156 0
1712514884075 -0.2823 0
1712514945183 -0.2656 0
1712515001280 -0.2678 0
1712515057397 -0.2558 0
1712515113639 -0.2619 0
1712515174474 -0.2594 0
1712515230424 -0.2961 0
1712515286413 -0.3184 0
1712515342281 -0.3242 0
1712515398176 -0.283 0
1712515459314 -0.3211 0
1712515520353 -0.2658 0
1712515581562 -0.3221 0
1712515642591 -0.3408 0
1712515703720 -0.3045 0
1712515759716 -0.291 0
1712515820564 -0.3224 0
1712515876644 -0.3259 0
1712515937562 -0.3087 0
1712515998651 -0.3157 0
1712516059540 -0.3319 0
1712516115297 -0.35 0
1712516171343 -0.3446 0
1712516227135 -0.3187 0
1712516283312 -0.2969 0
1712516344131 -0.3539 0
1712516405188 -0.3671 0
1712516461196 -0.336 0
1712516517262 -0.3337 0
1712516578281 -0.3188 0
1712516639480 -0.3312 0
1712516695876 -0.3857 0
1712516751826 -0.3582 0
1712516812879 -0.3844 0
1712516868659 -0.3133 0
1712516924492 -0.3548 0
1712516980476 -0.3457 0
1712517036406 -0.358 0
1712517093003 -0.3864 0
1712517154154 -0.3659 0
1712517210246 -0.3445 0
1712517266152 -0.3276 0
1712517322175 -0.3912 0
1712517378201 -0.3549 0
1712517439147 -0.3862 0
1712517500480 -0.3617 0
1712517561474 -0.3331 0
1712517622596 -0.3759 0
1712517683562 -0.3479 0
1712517739212 -0.3745 0
1712517795090 -0.3721 0
1712517851303 -0.3464 0
1712517912177 -0.3883 0
1712517967942 -0.3847 0
1712518023792 -0.3789 0
1712518079649 -0.3657 0
1712518135559 -0.4062 0
1712518191540 -0.3843 0
1712518247472 -0.3779 0
1712518303479 -0.3605 0
1712518359360 -0.3923 0
1712518415314 -0.3602 0
1712518471127 -0.3643 0
1712518527141 -0.3942 0
1712518583220 -0.3907 0
1712518639335 -0.425 0
1712518695715 -0.4058 0
1712518751856 -0.3865 0
1712518807737 -0.3901 0
1712518863829 -0.4257 0
1712518925016 -0.4412 0
1712518986118 -0.3937 0
1712519047938 -0.3957 0
1712519109240 -0.4231 0
1712519165515 -0.3972 0
1712519226574 -0.4107 0
1712519282546 -0.398 0
1712519338565 -0.4056 0
1712519394792 -0.4278 0
1712519455837 -0.4275 0
1712519511807 -0.3641 0
1712519572907 -0.435 0
1712519634114 -0.4094 0
1712519695183 -0.4463 0
1712519751148 -0.4136 0
1712519807392 -0.4001 0
1712519863368 -0.4374 0
1712519919171 -0.4063 0
1712519975279 -0.4252 0
1712520031311 -0.3884 0
1712520087428 -0.422 0
1712520143501 -0.4557 0
1712520199972 -0.3795 0
1712520255911 -0.4046 0
1712520311926 -0.4383 0
1712520368077 -0.4116 0
1712520424159 -0.3832 0
1712520480136 -0.3886 0
1712520536019 -0.4304 0
1712520592280 -0.4582 0
1712520648119 -0.4148 0
1712520704328 -0.4231 0
1712520760193 -0.4273 0
1712520816094 -0.4323 0
1712520872276 -0.421 0
1712520928320 -0.4528 0
1712520984694 -0.4262 0
1712521040785 -0.4122 0
1712521096711 -0.4243 0
1712521152730 -0.4356 0
1712521208726 -0.4529 0
1712521264824 -0.422 0
1712521326087 -0.4246 0
1712521387557 -0.4337 0
1712521448987 -0.4905 0
1712521505070 -0.4453 0
1712521561227 -0.423 0
1712521617388 -0.4677 0
1712521673499 -0.4477 0
1712521729553 -0.431 0
1712521785986 -0.4012 0
1712521842122 -0.4341 0
1712521898087 -0.4189 0
1712521954089 -0.4683 0
1712522010126 -0.4157 0
1712522066346 -0.4693 0
1712522127948 -0.4803 0
1712522189909 -0.4245 0
1712522251511 -0.4512 0
1712522307565 -0.4574 0
1712522368908 -0.468 0
1712522430223 -0.4519 0
1712522491611 -0.4606 0
1712522558663 -0.4488 0
1712522619831 -0.474 0
1712522676012 -0.4465 0
1712522732254 -0.4766 0
1712522788382 -0.4573 0
1712522844329 -0.453 0
1712522900529 -0.4764 0
1712522961937 -0.4833 0
1712523023079 -0.5055 0
1712523083933 -0.4653 0
1712523145334 -0.4697 0
1712523201357 -0.4741 0
1712523257363 -0.4491 0
1712523313438 -0.4861 0
1712523369348 -0.4678 0
1712523425278 -0.4748 0
1712523480984 -0.4851 0
1712523536854 -0.4639 0
1712523592756 -0.4734 0
1712523648669 -0.4587 0
1712523704608 -0.4811 0
1712523761009 -0.472 0
1712523817042 -0.4859 0
1712523872985 -0.4934 0
1712523928919 -0.4397 0
1712523989874 -0.4473 0
1712524045825 -0.4866 0
1712524107293 -0.4911 0
1712524168312 -0.4913 0
1712524224146 -0.4706 0
1712524284868 -0.4502 0
1712524345666 -0.4518 0
1712524406523 -0.4346 0
1712524462603 -0.4023 0
1712524518664 -0.469 0
1712524574667 -0.5085 0
1712524630388 -0.4743 0
1712524686354 -0.5126 0
1712524747420 -0.4861 0
1712524803480 -0.4725 0
1712524859800 -0.4885 0
1712524915885 -0.4648 0
1712524972050 -0.4507 0
1712525033350 -0.4984 0
1712525094511 -0.4829 0
1712525150462 -0.4904 0
1712525206490 -0.4781 0
1712525262874 -0.4697 0
1712525318771 -0.5074 0
1712525379760 -0.5237 0
1712525440506 -0.4494 0
1712525496352 -0.4316 0
1712525552337 -0.4667 0
1712525608768 -0.442 0
1712525664635 -0.4712 0
1712525720675 -0.4512 0
1712525776700 -0.515 0
1712525832847 -0.4997 0
1712525889149 -0.4964 0
1712525945339 -0.5075 0
1712526001616 -0.4583 0
1712526057393 -0.4536 0
1712526113370 -0.5173 0
1712526169312 -0.4705 0
1712526225258 -0.5103 0
1712526281251 -0.5005 0
1712526337030 -0.4624 0
1712526393222 -0.4874 0
1712526449585 -0.5148 0
1712526505428 -0.4825 0
1712526561426 -0.4862 0
1712526617555 -0.5066 0
1712526673486 -0.5199 0
1712526729521 -0.509 0
1712526785555 -0.5026 0
1712526841974 -0.4586 0
1712526898094 -0.4603 0
1712526954141 -0.5137 0
1712527010088 -0.4602 0
1712527066183 -0.4796 0
1712527122261 -0.5289 0
1712527178235 -0.4422 0
1712527234251 -0.4558 0
1712527290233 -0.5022 0
1712527346237 -0.5204 0
1712527402029 -0.5379 0
1712527458128 -0.5512 0
1712527514095 -0.5308 0
1712527570130 -0.5192 0
1712527626362 -0.5259 0
1712527682706 -0.5231 0
1712527738743 -0.5353 0
1712527794859 -0.5496 0
1712527850759 -0.5155 0
1712527906946 -0.5097 0
1712527962905 -0.4831 0
1712528018834 -0.467 0
1712528075181 -0.5327 0
1712528131247 -0.4894 0
1712528192459 -0.5421 0
1712528253642 -0.5431 0
1712528309822 -0.4939 0
1712528371024 -0.5091 0
1712528427131 -0.528 0
1712528483138 -0.5025 0
1712528539019 -0.5309 0
1712528594898 -0.506 0
1712528650849 -0.5242 0
1712528706871 -0.5138 0
1712528762904 -0.4916 0
1712528819110 -0.4847 0
1712528875115 -0.5061 0
1712528931236 -0.5232 0
1712528987314 -0.4966 0
1712529043397 -0.5148 0
1712529099434 -0.5265 0
1712529155530 -0.4791 0
1712529211555 -0.5137 0
1712529267753 -0.5027 0
1712529323835 -0.5371 0
1712529379872 -0.5563 0
1712529435869 -0.5312 0
1712529491840 -0.5255 0
1712529547867 -0.539 0
1712529604027 -0.5534 0
1712529660043 -0.546 0
1712529715960 -0.5211 0
1712529771905 -0.5121 0
1712529828057 -0.515 0
1712529884049 -0.5602 0
1712529940172 -0.5323 0
1712530002262 -0.5256 0
1712530058329 -0.4917 0
1712530114390 -0.5547 0
1712530170469 -0.5482 0
1712530226660 -0.4695 0
1712530282647 -0.5453 0
1712530338716 -0.5473 0
1712530395280 -0.5393 0
1712530451434 -0.5176 0
1712530507394 -0.5097 0
1712530563624 -0.5386 0
1712530619630 -0.5288 0
1712530675682 -0.5577 0
1712530731704 -0.5479 0
1712530788060 -0.5734 0
1712530844285 -0.5261 0
1712530900345 -0.5213 0
1712530956266 -0.5455 0
1712531012243 -0.5247 0
1712531073180 -0.5249 0
1712531129202 -0.5507 0
1712531185569 -0.5245 0
1712531241477 -0.5407 0
1712531297565 -0.5563 0
1712531353403 -0.5403 0
1712531409316 -0.5632 0
1712531465285 -0.5708 0
1712531521415 -0.5377 0
1712531577973 -0.5329 0
1712531633868 -0.5264 0
1712531689831 -0.5222 0
1712531746170 -0.5084 0
1712531802076 -0.5395 0
1712531858087 -0.5362 0
1712531914122 -0.5474 0
1712531970388 -0.533 0
1712532031332 -0.5634 0
1712532092639 -0.5141 0
1712532153699 -0.536 0
1712532214539 -0.5295 0
1712532275496 -0.5595 0
1712532331987 -0.5349 0
1712532388250 -0.5528 0
1712532444225 -0.5286 0
1712532500180 -0.5568 0
1712532556157 -0.5683 0
1712532612184 -0.5492 0
1712532668222 -0.5544 0
1712532724726 -0.5406 0
1712532780544 -0.5338 0
1712532836509 -0.5293 0
1712532892492 -0.5432 0
1712532948467 -0.5416 0
1712533004344 -0.5127 0
1712533060349 -0.5428 0
1712533116636 -0.5461 0
1712533172534 -0.5774 0
1712533228656 -0.5439 0
1712533284753 -0.5214 0
1712533340997 -0.5566 0
1712533397106 -0.525 0
1712533453247 -0.5887 0
1712533509843 -0.5526 0
1712533565915 -0.5619 0
1712533621919 -0.5894 0
1712533677863 -0.5685 0
1712533733926 -0.5631 0
1712533789834 -0.5435 0
1712533845891 -0.5708 0
1712533907393 -0.5526 0
1712533963570 -0.5925 0
1712534019645 -0.5493 0
1712534075721 -0.5792 0
1712534131833 -0.5381 0
1712534187873 -0.56 0
1712534244001 -0.5493 0
1712534300517 -0.5562 0
1712534361637 -0.5728 0
1712534422879 -0.5821 0
1712534484469 -0.5573 0
1712534545463 -0.5966 0
1712534601252 -0.5695 0
1712534662773 -0.6013 0
1712534723923 -0.5573 0
1712534785029 -0.5696 0
1712534845811 -0.5883 0
1712534901692 -0.5628 0
1712534957448 -0.5622 0
1712535018419 -0.5611 0
1712535074424 -0.5605 0
1712535130411 -0.544 0
1712535186103 -0.5493 0
1712535241701 -0.5663 0
1712535297687 -0.5769 0
1712535353509 -0.5465 0
1712535409770 -0.5454 0
1712535465681 -0.5474 0
1712535521502 -0.5448 0
1712535577370 -0.5619 0
1712535633297 -0.5335 0
1712535689191 -0.5201 0
1712535745019 -0.5951 0
1712535801346 -0.5685 0
1712535857416 -0.5676 0
1712535918288 -0.5724 0
1712535974354 -0.5594 0
1712536030457 -0.5642 0
1712536086430 -0.5293 0
1712536142162 -0.5544 0
1712536198202 -0.5724 0
1712536254250 -0.5889 0
1712536310219 -0.5629 0
1712536366074 -0.5957 0
1712536421925 -0.5911 0
1712536477944 -0.5604 0
1712536533974 -0.5458 0
1712536589824 -0.5893 0
1712536646284 -0.5722 0
1712536702348 -0.5518 0
1712536763427 -0.571 0
1712536819152 -0.5826 0
1712536874975 -0.5748 0
1712536930834 -0.556 0
1712536986833 -0.6108 0
1712537042877 -0.5797 0
1712537098846 -0.5945 0
1712537154879 -0.5782 0
1712537211012 -0.6094 0
1712537266801 -0.5952 0
1712537322655 -0.5759 0
1712537378474 -0.5542 0
1712537434653 -0.5534 0
1712537490563 -0.5512 0
1712537546433 -0.5272 0
1712537602313 -0.5538 0
1712537658254 -0.5396 0
1712537714190 -0.5998 0
1712537770246 -0.6005 0
1712537826700 -0.5676 0
1712537882689 -0.628 0
1712537938659 -0.5805 0
1712537994575 -0.5901 0
1712538050525 -0.5557 0
1712538106589 -0.5709 0
1712538162677 -0.5705 0
1712538218689 -0.6033 0
1712538274588 -0.5374 0
1712538330666 -0.5674 0
1712538386844 -0.5369 0
1712538442744 -0.5889 0
1712538498852 -0.5376 0
1712538554910 -0.5718 0
1712538610927 -0.5873 0
1712538667056 -0.5632 0
1712538723128 -0.5863 0
1712538779059 -0.6089 0
1712538835231 -0.5935 0
1712538896449 -0.5941 0
1712538952487 -0.6029 0
1712539008846 -0.5914 0
1712539065132 -0.6219 0
1712539121199 -0.5879 0
1712539177122 -0.5719 0
1712539233082 -0.594 0
1712539289187 -0.6153 0
1712539345350 -0.5878 0
1712539401465 -0.5896 0
1712539457385 -0.6191 0
1712539513384 -0.5621 0
1712539574717 -0.6045 0
1712539630756 -0.5713 0
1712539686745 -0.5843 0
1712539742869 -0.569 0
1712539799351 -0.6226 0
1712539855236 -0.5684 0
1712539911316 -0.5419 0
1712539967268 -0.6044 0
1712540023283 -0.6249 0
1712540079348 -0.6098 0
1712540135365 -0.5696 0
1712540196982 -0.6173 0
1712540258209 -0.5997 0
1712540319363 -0.6044 0
1712540375302 -0.5893 0
1712540431155 -0.585 0
1712540486908 -0.5901 0
1712540548045 -0.5917 0
1712540609075 -0.5851 0
1712540670007 -0.5524 0
1712540726038 -0.5764 0
1712540782285 -0.6036 0
1712540843395 -0.6245 0
1712540904857 -0.6238 0
1712540966097 -0.5866 0
1712541022016 -0.567 0
1712541077783 -0.5659 0
1712541133638 -0.592 0
1712541189617 -0.6159 0
1712541245753 -0.5746 0
1712541302239 -0.5967 0
1712541358210 -0.6147 0
1712541414297 -0.6126 0
1712541470298 -0.6101 0
1712541526400 -0.6166 0
1712541582278 -0.6129 0
1712541638268 -0.6001 0
1712541694532 -0.5944 0
1712541750537 -0.6053 0
1712541806570 -0.6098 0
1712541862577 -0.5839 0
1712541918752 -0.6574 0
1712541974823 -0.6184 0
1712542030903 -0.6098 0
1712542086988 -0.6053 0
1712542142864 -0.5919 0
1712542198900 -0.6093 0
1712542254961 -0.6088 0
1712542310851 -0.5394 0
1712542366756 -0.5837 0
1712542427951 -0.5977 0
1712542484344 -0.6015 0
1712542540309 -0.6236 0
1712542596311 -0.5954 0
1712542652159 -0.6084 0
1712542708144 -0.581 0
1712542764143 -0.5365 0
1712542820098 -0.586 0
1712542876173 -0.5761 0
1712542932237 -0.6001 0
1712542988248 -0.6059 0
1712543044307 -0.6211 0
1712543100208 -0.5978 0
1712543156390 -0.5988 0
1712543212498 -0.627 0
1712543268689 -0.5955 0
1712543324575 -0.6085 0
1712543380495 -0.6165 0
1712543436431 -0.5984 0
1712543492322 -0.5904 0
1712543548328 -0.6227 0
1712543604217 -0.5588 0
1712543660365 -0.6061 0
1712543716355 -0.5931 0
1712543777436 -0.6167 0
1712543838492 -0.6122 0
1712543894574 -0.5881 0
1712543950591 -0.6199 0
1712544006697 -0.5875 0
1712544062891 -0.6401 0
1712544118961 -0.6253 0
1712544174929 -0.6102 0
1712544230792 -0.5851 0
1712544286627 -0.6421 0
1712544342572 -0.6151 0
1712544398719 -0.611 0
1712544454715 -0.6134 0
1712544510696 -0.5729 0
1712544566774 -0.6227 0
1712544622937 -0.6268 0
1712544679239 -0.6125 0
1712544735182 -0.6363 0
1712544791327 -0.6117 0
1712544847321 -0.5825 0
1712544903385 -0.6294 0
1712544959361 -0.6051 0
1712545015330 -0.6306 0
1712545071301 -0.5872 0
1712545127329 -0.6253 0
1712545184033 -0.6409 0
