1707496701006 0.001 0
1707496719235 0.001 1
1707496727703 0.001 2
1707496736155 0.001 3
1707496744562 0.001 4
1707496749026 0.001 5
1707496757915 0.00099 6
1707496766344 0.00099 7
1707496774873 0.00099 8
1707496783778 0.00099 9
1707496792362 0.00099 10
1707496797550 0.00099 11
1707496806493 0.00099 12
1707496815945 0.00099 13
1707496827375 0.00099 14
1707496836950 0.00099 15
1707496845441 0.00099 16
1707496854353 0.00098 17
1707496863230 0.00098 18
1707496874264 0.00098 19
1707496883969 0.00098 20
1707496893439 0.00098 21
1707496902019 0.00098 22
1707496910829 0.00098 23
1707496919526 0.00098 24
1707496928379 0.00098 25
1707496933357 0.00098 26
1707496947457 0.00098 27
1707496955983 0.00097 28
1707496960405 0.00097 29
1707496973817 0.00097 30
1707496982349 0.00097 31
1707496992233 0.00097 32
1707497000717 0.00097 33
1707497009130 0.00097 34
1707497017693 0.00097 35
1707497026499 0.00097 36
1707497035074 0.00097 37
1707497043608 0.00097 38
1707497052085 0.00096 39
1707497060578 0.00096 40
1707497069027 0.00096 41
1707497077483 0.00096 42
1707497086148 0.00096 43
1707497094670 0.00096 44
1707497103114 0.00096 45
1707497111502 0.00096 46
1707497119853 0.00096 47
1707497128229 0.00096 48
1707497136710 0.00096 49
1707497145272 0.00095 50
1707497149712 0.00095 51
1707497155530 0.00095 52
1707497167314 0.00095 53
1707497175803 0.00095 54
1707497184317 0.00095 55
