1716303261806 34.06 0
1716303278201 11.7 0
1716303295657 11.66 0
1716303313802 11.72 0
1716303331540 11.61 0
1716303349184 11.61 0
1716303366677 11.66 0
1716303384367 11.74 0
1716303401992 11.6 0
1716303419979 11.79 0
1716303437599 11.59 0
1716303455904 11.61 0
1716303473466 11.65 0
1716303491447 11.89 0
1716303510472 11.66 0
1716303528233 11.68 0
1716303546218 11.75 0
1716303563916 11.69 0
1716303582178 11.71 0
1716303599907 11.61 0
1716303617574 11.72 0
1716303635800 11.84 0
1716303653440 11.77 0
1716303671391 11.79 0
1716303689009 11.69 0
1716303707885 11.62 0
1716303725531 11.73 0
1716303743491 11.89 0
1716303761475 11.71 0
1716303779228 11.56 0
1716303797067 11.86 0
1716303814666 11.53 0
1716303832557 11.6 0
1716303850378 11.73 0
1716303867947 11.63 0
1716303885729 11.77 0
1716303903424 11.65 0
1716303921199 11.7 0
1716303939457 11.64 0
1716303957805 12.11 0
1716303975679 11.81 0
1716303993544 11.77 0
1716304011539 11.82 0
1716304029240 11.74 0
1716304046725 11.56 0
1716304064802 11.96 0
1716304082105 11.47 0
1716304100390 11.68 0
1716304118010 11.64 0
1716304136069 11.63 0
1716304154988 11.78 0
1716304172988 11.76 0
1716304190829 11.99 0
1716304208499 11.68 0
1716304227134 11.6 0
1716304245049 11.72 0
1716304262333 11.46 0
1716304279806 11.53 0
1716304293843 11.64 0
1716304307881 11.61 0
1716304325241 11.73 0
1716304343421 11.71 0
1716304361492 11.65 0
1716304379462 11.71 0
1716304397073 11.62 0
1716304414812 11.59 0
1716304432423 11.67 0
1716304450166 11.82 0
1716304468027 11.81 0
1716304487078 11.74 0
1716304501120 11.55 0
1716304515663 12.0 0
1716304530003 11.85 0
1716304548133 11.97 0
1716304566059 11.79 0
1716304584683 12.01 0
1716304599967 11.92 0
1716304614503 11.92 0
1716304632388 11.91 0
1716304650492 12.02 0
1716304668968 11.95 0
1716304687106 11.57 0
1716304704857 11.56 0
1716304722555 11.6 0
1716304737329 11.85 0
1716304751398 11.67 0
1716304769137 11.63 0
1716304786952 11.51 0
1716304804779 11.63 0
1716304822361 11.52 0
1716304840294 11.57 0
1716304858350 11.55 0
1716304876088 11.48 0
1716304893879 11.68 0
1716304912204 11.7 0
1716304929977 11.64 0
1716304947840 11.58 0
1716304965521 11.63 0
1716304979686 11.74 0
1716304994301 11.66 0
1716305012137 11.75 0
1716305026280 11.71 0
1716305040507 11.87 0
1716305058864 11.77 0
1716305076947 11.64 0
1716305094814 11.63 0
1716305112896 11.81 0
1716305131324 11.76 0
1716305148980 11.65 0
1716305166658 11.67 0
1716305180884 11.75 0
1716305195367 11.98 0
1716305213284 11.73 0
1716305231074 11.78 0
1716305249916 11.7 0
1716305264212 11.97 0
1716305278271 11.65 0
1716305292367 11.68 0
1716305306594 11.84 0
1716305321037 11.76 0
1716305338807 11.61 0
1716305353685 11.87 0
1716305371237 11.66 0
1716305389090 11.55 0
1716305403272 11.71 0
1716305417514 11.78 0
1716305431703 11.79 0
1716305446007 11.74 0
1716305460510 11.79 0
1716305478545 11.65 0
1716305496326 11.77 0
1716305514563 11.6 0
1716305528616 11.63 0
1716305542752 11.62 0
1716305560328 11.7 0
1716305574651 11.76 0
1716305588855 11.7 0
1716305604003 11.87 0
1716305618255 11.68 0
1716305632952 11.97 0
1716305648175 11.83 0
1716305662328 11.7 0
1716305676519 11.74 0
1716305690694 11.69 0
1716305705226 12.01 0
1716305719954 12.04 0
1716305734181 11.78 0
1716305748496 11.85 0
1716305762518 11.59 0
1716305776956 12.01 0
1716305798514 11.72 0
1716305816439 11.82 0
1716305830773 11.73 0
1716305849016 11.77 0
1716305867241 11.95 0
1716305885252 12.0 0
1716305902975 11.61 0
1716305920789 11.78 0
1716305935339 11.68 0
1716305949495 11.7 0
1716305964616 11.74 0
1716305979265 11.9 0
1716305993707 11.77 0
1716306011966 11.9 0
1716306030093 11.9 0
1716306048514 11.97 0
1716306067176 11.77 0
1716306084776 11.65 0
1716306102799 11.78 0
1716306121045 11.94 0
1716306138978 11.85 0
1716306157135 11.75 0
1716306175269 12.02 0
1716306190363 11.94 0
1716306204810 11.97 0
1716306219327 12.06 0
1716306233718 11.77 0
1716306247865 11.73 0
1716306262503 11.87 0
1716306277042 12.1 0
1716306291501 11.92 0
1716306306068 12.01 0
1716306320665 11.72 0
1716306334851 11.72 0
1716306349077 11.78 0
1716306363270 11.76 0
1716306381182 11.68 0
1716306395721 11.99 0
1716306413474 11.62 0
1716306432017 12.0 0
1716306446497 11.9 0
1716306460670 11.64 0
1716306475219 11.84 0
1716306489730 11.72 0
1716306503937 11.76 0
1716306518322 11.87 0
1716306532974 11.98 0
1716306548013 11.76 0
1716306562363 11.75 0
1716306576706 11.86 0
1716306594903 11.94 0
1716306609426 11.98 0
1716306623977 11.99 0
1716306638506 11.89 0
1716306653415 11.71 0
1716306667814 11.86 0
1716306682276 11.79 0
1716306696603 11.98 0
1716306714545 11.82 0
1716306732879 11.91 0
1716306747376 11.86 0
1716306761386 11.69 0
1716306779716 12.08 0
1716306798094 11.88 0
1716306815808 11.71 0
1716306833652 11.81 0
1716306847604 11.62 0
1716306865859 11.83 0
1716306884280 11.79 0
1716306902711 11.74 0
1716306920514 11.9 0
1716306938347 11.81 0
1716306952489 11.78 0
1716306967258 11.89 0
1716306981687 12.04 0
1716306996084 11.99 0
1716307010609 12.14 0
1716307025351 11.98 0
1716307039548 11.79 0
1716307054149 11.96 0
1716307068402 11.94 0
1716307083078 12.05 0
1716307097625 12.17 0
1716307112288 11.94 0
1716307130249 11.78 0
1716307148423 11.71 0
1716307166387 11.78 0
1716307184334 11.9 0
1716307202542 11.92 0
1716307216997 11.91 0
1716307231147 11.76 0
1716307245614 12.03 0
1716307259943 11.76 0
1716307274958 12.02 0
1716307289597 11.79 0
1716307304047 11.99 0
1716307318359 11.97 0
1716307332894 11.79 0
1716307347215 11.91 0
1716307361708 11.95 0
1716307379674 11.8 0
1716307394815 11.83 0
1716307409150 11.9 0
1716307426744 11.6 0
1716307444429 11.72 0
1716307462328 11.82 0
1716307480265 11.69 0
1716307494478 11.83 0
1716307508546 11.72 0
1716307523257 12.33 0
1716307537553 11.91 0
1716307555527 11.8 0
1716307573221 11.67 0
1716307591897 12.05 0
1716307605933 11.67 0
1716307620280 11.95 0
1716307634579 11.83 0
1716307649118 12.01 0
1716307664207 11.84 0
1716307678452 11.77 0
1716307692983 12.05 0
1716307707355 11.82 0
1716307725443 12.07 0
1716307740052 12.0 0
1716307754256 11.79 0
1716307768715 11.85 0
1716307784086 11.88 0
1716307798474 11.79 0
1716307812746 11.86 0
1716307827230 11.78 0
1716307841617 11.88 0
1716307861391 12.0 0
1716307875693 11.89 0
1716307889849 11.62 0
1716307904422 12.04 0
1716307922036 11.69 0
1716307939934 11.79 0
1716307954290 11.98 0
1716307972323 11.82 0
1716307990445 11.71 0
1716308008683 11.74 0
1716308026517 11.66 0
1716308044331 11.76 0
1716308062190 11.68 0
1716308076451 11.76 0
1716308090871 12.02 0
1716308108977 11.98 0
1716308123549 12.17 0
1716308137942 11.86 0
1716308152261 11.89 0
1716308170496 11.91 0
1716308184856 11.93 0
1716308199257 11.97 0
1716308213966 11.92 0
1716308228212 11.77 0
1716308243379 12.04 0
1716308257813 12.0 0
1716308272175 11.88 0
1716308286428 11.84 0
1716308300840 11.95 0
1716308315404 11.87 0
1716308329778 11.98 0
1716308344587 11.61 0
1716308359045 11.85 0
1716308374305 11.79 0
1716308388666 11.92 0
1716308403129 11.93 0
1716308417223 11.71 0
1716308431817 12.16 0
1716308446075 11.82 0
1716308460230 11.67 0
1716308474822 11.97 0
1716308489935 11.68 0
1716308504809 11.95 0
1716308518996 11.77 0
1716308533286 11.87 0
1716308547796 11.93 0
1716308562594 11.64 0
1716308576853 11.84 0
1716308591217 11.87 0
1716308605690 12.05 0
1716308620830 11.95 0
1716308635493 11.81 0
1716308649706 11.81 0
1716308664366 12.17 0
1716308678858 11.88 0
1716308693395 11.96 0
1716308707946 11.75 0
1716308722178 11.78 0
1716308736898 12.26 0
1716308752396 12.02 0
1716308766662 11.82 0
1716308781284 11.9 0
1716308795555 11.82 0
1716308810133 12.11 0
1716308824821 11.88 0
1716308839311 11.99 0
1716308853629 11.87 0
1716308868615 11.97 0
1716308883004 11.94 0
1716308900922 11.81 0
1716308915525 11.92 0
1716308930097 11.77 0
1716308944556 11.78 0
1716308958760 11.74 0
1716308973011 11.8 0
1716308987323 11.78 0
1716309002797 11.88 0
1716309017030 11.73 0
1716309031500 11.94 0
1716309045824 11.75 0
1716309060084 11.77 0
1716309074573 11.81 0
1716309089083 11.97 0
1716309103579 12.0 0
1716309118757 12.21 0
1716309133347 11.85 0
1716309147675 11.86 0
1716309162132 11.92 0
1716309176890 12.13 0
1716309191489 11.95 0
1716309206084 11.97 0
1716309220706 11.85 0
1716309235592 11.91 0
1716309250135 11.83 0
1716309264453 11.83 0
1716309278791 11.89 0
1716309293371 11.76 0
1716309307658 11.75 0
1716309322150 12.06 0
1716309337226 11.86 0
1716309351965 11.73 0
1716309366284 11.79 0
1716309380693 11.82 0
1716309395150 11.95 0
1716309409710 11.87 0
1716309424114 11.86 0
1716309438586 11.88 0
1716309453108 11.98 0
1716309468371 11.73 0
1716309482780 11.75 0
1716309497217 11.95 0
1716309511960 11.89 0
1716309526356 11.78 0
1716309541099 12.08 0
1716309559297 11.92 0
1716309577685 11.82 0
1716309595663 11.89 0
1716309613788 11.82 0
1716309631644 11.79 0
1716309653346 11.71 0
1716309667617 11.71 0
1716309682667 11.78 0
1716309697259 12.04 0
1716309715180 11.74 0
1716309733611 12.04 0
1716309751936 11.88 0
1716309770030 11.91 0
1716309788947 11.95 0
1716309808340 12.19 0
1716309822792 11.9 0
1716309837090 11.92 0
1716309851514 11.88 0
1716309865931 12.0 0
1716309880333 12.0 0
1716309894921 12.13 0
1716309909229 11.92 0
1716309924356 11.97 0
1716309940597 12.08 0
1716309955110 12.11 0
1716309969565 11.94 0
1716309983922 12.01 0
1716309999097 11.96 0
1716310013386 11.91 0
1716310027669 11.91 0
1716310042564 11.76 0
1716310056848 11.92 0
1716310071245 11.77 0
1716310086326 12.06 0
1716310100902 11.91 0
1716310115127 11.82 0
1716310129250 11.68 0
1716310143476 11.84 0
1716310157908 12.06 0
1716310173101 11.96 0
1716310187240 11.8 0
1716310201400 11.8 0
1716310215626 11.89 0
1716310230317 11.98 0
1716310245505 12.01 0
1716310259773 11.91 0
1716310274281 12.08 0
1716310289773 12.01 0
1716310304780 11.94 0
1716310319222 12.11 0
1716310334186 12.17 0
1716310348324 11.81 0
1716310362788 12.11 0
1716310377056 11.92 0
1716310391447 12.06 0
1716310409493 12.0 0
1716310423899 11.98 0
1716310439426 11.96 0
1716310453808 12.0 0
1716310467899 11.75 0
1716310482334 11.92 0
1716310496703 11.85 0
1716310510959 11.95 0
1716310525212 11.88 0
1716310539616 11.99 0
1716310554177 11.97 0
1716310569180 11.96 0
1716310583719 11.91 0
1716310598115 11.94 0
1716310612556 11.96 0
1716310626839 11.93 0
1716310641809 11.88 0
1716310659416 11.73 0
1716310673791 12.01 0
1716310688438 12.17 0
1716310702935 11.91 0
1716310717036 11.76 0
1716310731730 11.76 0
1716310745866 11.74 0
1716310760027 11.8 0
1716310774490 11.95 0
1716310789047 12.14 0
1716310803768 12.0 0
1716310819366 11.88 0
1716310833706 11.88 0
1716310848152 11.89 0
1716310862724 11.99 0
1716310877198 11.88 0
1716310891571 11.78 0
1716310905951 11.89 0
1716310924206 12.09 0
1716310938703 12.06 0
1716310958267 12.17 0
1716310976561 12.15 0
1716310994474 11.94 0
1716311008677 11.75 0
1716311023054 12.03 0
1716311037346 11.85 0
1716311052093 12.13 0
1716311070632 11.75 0
1716311085000 11.87 0
1716311103139 11.75 0
1716311117878 11.92 0
1716311132137 11.72 0
1716311146408 11.88 0
1716311164761 11.8 0
1716311179172 11.99 0
1716311193430 11.84 0
1716311207975 12.07 0
1716311222229 11.78 0
1716311236590 11.91 0
1716311250882 11.88 0
1716311265286 11.81 0
1716311279697 11.99 0
1716311294707 12.04 0
1716311309256 11.95 0
1716311323750 11.91 0
1716311338476 12.13 0
1716311353960 12.11 0
1716311368415 11.97 0
1716311383131 12.0 0
1716311397497 11.96 0
1716311412168 11.91 0
1716311430745 12.25 0
1716311445757 12.22 0
1716311460031 11.74 0
1716311474564 12.06 0
1716311488952 11.84 0
1716311503268 11.97 0
1716311517820 11.86 0
1716311532178 11.78 0
1716311546477 11.9 0
1716311565305 11.9 0
1716311579428 11.73 0
1716311597283 11.67 0
1716311615576 11.9 0
1716311633616 11.84 0
1716311647985 11.89 0
1716311662799 12.34 0
1716311677062 11.88 0
1716311691269 11.77 0
1716311705656 11.8 0
1716311720430 11.87 0
1716311734866 11.98 0
1716311749448 12.04 0
1716311763719 11.77 0
1716311778163 11.93 0
1716311793150 11.79 0
1716311807929 11.99 0
1716311823306 11.94 0
1716311837582 11.82 0
1716311851868 11.84 0
1716311866128 11.88 0
1716311880621 12.09 0
1716311895207 11.96 0
1716311914073 11.86 0
1716311928547 12.07 0
1716311943050 11.89 0
1716311957298 11.84 0
1716311972082 12.1 0
1716311986623 11.88 0
1716312001267 11.92 0
1716312015536 11.88 0
1716312030215 12.03 0
1716312045087 11.76 0
1716312059653 11.88 0
1716312074207 12.14 0
1716312088754 12.09 0
1716312103711 11.92 0
1716312118210 12.11 0
1716312132680 11.84 0
1716312147082 11.81 0
1716312161393 11.92 0
1716312176047 12.21 0
1716312190326 11.85 0
1716312204755 11.96 0
1716312219002 11.81 0
1716312233657 12.03 0
1716312248395 12.05 0
1716312263596 12.01 0
1716312278486 12.08 0
1716312292797 11.82 0
1716312307960 12.06 0
1716312326179 11.89 0
1716312345063 11.92 0
1716312359391 11.88 0
1716312373850 12.04 0
1716312388493 11.93 0
1716312403954 12.25 0
1716312419113 11.96 0
1716312433292 11.73 0
1716312447711 11.73 0
1716312462098 11.98 0
1716312476471 11.9 0
1716312490879 11.92 0
1716312505344 11.93 0
1716312520040 12.04 0
1716312534534 11.84 0
1716312549592 11.89 0
1716312564030 12.01 0
1716312578528 11.89 0
1716312592930 11.98 0
1716312607422 12.01 0
1716312621824 11.99 0
1716312636234 11.86 0
1716312654581 12.09 0
1716312669468 11.84 0
1716312684071 11.91 0
1716312698518 11.98 0
1716312712876 11.87 0
1716312727239 11.78 0
1716312741558 11.8 0
1716312756355 11.99 0
1716312770926 11.91 0
1716312785278 11.88 0
1716312800516 12.02 0
1716312814967 11.94 0
1716312829489 11.98 0
1716312844013 11.95 0
1716312858575 11.92 0
1716312873075 11.91 0
1716312887859 11.84 0
1716312902371 11.93 0
1716312916669 11.78 0
1716312931792 12.01 0
1716312946366 11.88 0
1716312960917 12.08 0
1716312975528 12.11 0
1716312989917 11.77 0
1716313004292 11.88 0
1716313018961 11.88 0
1716313033412 11.88 0
1716313048453 12.04 0
1716313062893 11.91 0
1716313077464 12.09 0
1716313091870 11.93 0
1716313106378 12.01 0
1716313120854 11.97 0
1716313135434 11.97 0
1716313149826 11.95 0
1716313164310 11.87 0
1716313179246 11.92 0
1716313193789 11.97 0
1716313209467 12.1 0
1716313223841 11.92 0
1716313238594 12.03 0
1716313253435 11.99 0
1716313267787 11.94 0
1716313282623 11.99 0
1716313297825 11.86 0
1716313312345 11.93 0
1716313326901 12.12 0
1716313341843 12.05 0
1716313356182 11.91 0
1716313370610 11.94 0
1716313388615 11.89 0
1716313403338 12.03 0
1716313419093 12.13 0
1716313433562 11.93 0
1716313448004 12.01 0
1716313466169 11.81 0
1716313480437 11.85 0
1716313495219 11.91 0
1716313509658 11.85 0
1716313524109 11.95 0
1716313539381 11.77 0
1716313553810 11.96 0
1716313568315 12.04 0
1716313586504 11.94 0
1716313601005 12.1 0
1716313615344 11.87 0
1716313629687 11.91 0
1716313648481 12.19 0
1716313667187 11.98 0
1716313681880 12.03 0
1716313697125 12.14 0
1716313711552 11.88 0
1716313726087 12.04 0
1716313740433 11.89 0
1716313755270 12.3 0
1716313770770 12.0 0
1716313785230 12.02 0
1716313799774 12.05 0
1716313814405 12.12 0
1716313829402 12.2 0
1716313843901 11.91 0
1716313858448 12.02 0
1716313872890 11.88 0
1716313887872 12.16 0
1716313902248 11.85 0
1716313917200 12.1 0
1716313931579 11.72 0
1716313946150 12.0 0
1716313960933 11.89 0
1716313975558 11.96 0
1716313989988 11.84 0
1716314004337 11.87 0
1716314019939 11.9 0
1716314034428 11.93 0
1716314049174 12.25 0
1716314063762 11.86 0
1716314078337 12.1 0
1716314092786 11.95 0
1716314107416 11.87 0
1716314121970 12.07 0
1716314140641 11.87 0
1716314155049 11.82 0
1716314170125 12.3 0
1716314184513 11.89 0
1716314199168 11.97 0
1716314213848 12.21 0
1716314228501 12.12 0
1716314243354 11.89 0
1716314258095 12.06 0
1716314272608 11.92 0
1716314287374 12.26 0
1716314301695 11.87 0
1716314316039 11.77 0
1716314330633 12.01 0
1716314345264 11.95 0
1716314360494 11.84 0
1716314374922 11.93 0
1716314389598 12.17 0
1716314403983 11.89 0
1716314418525 12.07 0
1716314433109 12.03 0
1716314447829 11.94 0
1716314462251 11.86 0
1716314477443 12.26 0
1716314492825 12.0 0
1716314507464 12.15 0
1716314522310 12.36 0
1716314536945 11.89 0
1716314551532 12.09 0
1716314566726 12.11 0
1716314581612 11.96 0
1716314596044 11.86 0
1716314610976 11.97 0
1716314625404 11.95 0
1716314639822 11.9 0
1716314654747 11.91 0
1716314669462 12.06 0
1716314683733 11.76 0
1716314698551 12.11 0
1716314713194 11.91 0
1716314728090 11.86 0
1716314742523 11.89 0
1716314757172 12.05 0
1716314771581 11.91 0
1716314786161 11.99 0
1716314800406 11.73 0
1716314815790 11.99 0
1716314830178 11.64 0
1716314845249 12.07 0
1716314859916 11.93 0
1716314878130 12.05 0
1716314892991 12.34 0
1716314907426 11.95 0
1716314922258 12.04 0
1716314936970 12.08 0
1716314951733 12.27 0
1716314967319 12.11 0
1716314982131 12.13 0
1716314996950 11.97 0
1716315011526 11.98 0
1716315026540 12.12 0
1716315043389 12.13 0
1716315058108 11.85 0
1716315072583 11.95 0
1716315087730 12.04 0
1716315102416 12.09 0
1716315118284 12.37 0
1716315133690 12.02 0
1716315148348 12.09 0
1716315162822 11.98 0
1716315177563 12.21 0
1716315192071 11.77 0
1716315207409 12.2 0
1716315222156 12.14 0
1716315236699 11.96 0
1716315251305 12.05 0
1716315265686 11.8 0
1716315280047 11.78 0
1716315294908 12.12 0
1716315309382 11.95 0
1716315324516 12.01 0
1716315339180 12.07 0
1716315353672 11.97 0
1716315369186 12.2 0
1716315383686 11.98 0
1716315398324 12.11 0
1716315413051 12.13 0
1716315427685 11.95 0
1716315442956 12.04 0
1716315457385 11.93 0
1716315472719 12.16 0
1716315487641 12.17 0
1716315501947 11.82 0
1716315516541 12.03 0
1716315531521 12.08 0
1716315546081 11.81 0
1716315560844 11.79 0
1716315575407 12.09 0
1716315589864 11.89 0
1716315608135 11.86 0
1716315629727 11.9 0
1716315647757 11.73 0
1716315666717 11.95 0
1716315681327 12.08 0
1716315695911 12.01 0
1716315710447 12.04 0
1716315724887 11.84 0
1716315739516 12.12 0
1716315754356 12.2 0
1716315768912 11.94 0
1716315784105 12.08 0
1716315798499 11.9 0
1716315812836 11.84 0
1716315827419 11.97 0
1716315842046 12.07 0
1716315856552 11.95 0
1716315871589 12.33 0
1716315885978 11.89 0
1716315900914 11.92 0
1716315915670 12.19 0
1716315930421 12.18 0
1716315944754 12.0 0
1716315959402 12.14 0
1716315973915 12.04 0
1716315988197 11.86 0
1716316002835 12.14 0
1716316017989 11.86 0
1716316032590 12.24 0
1716316047056 12.05 0
1716316061338 11.9 0
1716316075707 11.88 0
1716316090161 11.87 0
1716316104797 12.16 0
1716316119156 11.95 0
1716316133761 12.22 0
1716316148872 12.05 0
1716316163318 12.07 0
1716316177703 12.03 0
1716316192306 12.12 0
1716316206768 11.98 0
1716316221227 12.1 0
1716316235737 11.98 0
1716316250709 12.14 0
1716316265007 11.94 0
1716316280273 12.01 0
1716316294680 11.91 0
1716316309339 12.14 0
1716316323977 12.22 0
1716316338485 12.13 0
1716316353203 12.03 0
1716316371159 11.98 0
1716316385720 12.05 0
1716316400632 11.9 0
1716316415053 12.1 0
1716316429407 11.95 0
1716316443772 11.96 0
1716316458562 12.25 0
1716316473441 11.94 0
1716316487873 12.02 0
1716316502203 11.76 0
1716316517511 12.0 0
1716316531969 12.02 0
1716316546673 11.96 0
1716316561163 11.83 0
1716316576835 13.17 0
1716316591402 12.14 0
1716316605668 11.83 0
1716316620118 11.82 0
1716316634683 12.16 0
1716316649764 11.98 0
1716316663919 11.79 0
1716316678782 12.42 0
1716316693131 11.93 0
1716316707543 12.06 0
1716316721981 12.05 0
1716316736298 11.94 0
1716316750686 12.0 0
1716316765778 12.19 0
1716316780035 11.86 0
1716316794237 11.77 0
1716316808641 12.03 0
1716316823382 11.91 0
1716316837804 12.02 0
1716316852056 11.86 0
1716316866716 12.12 0
1716316881877 12.2 0
1716316897339 12.65 0
1716316912132 12.09 0
1716316926530 12.06 0
1716316941390 12.2 0
1716316956085 11.99 0
1716316970752 12.08 0
1716316985196 12.01 0
1716317000168 12.07 0
1716317015148 12.27 0
1716317030544 11.95 0
1716317044865 11.96 0
1716317059713 12.17 0
1716317073963 11.91 0
1716317088224 11.9 0
1716317106284 11.9 0
1716317120510 11.88 0
1716317135558 12.35 0
1716317149933 12.03 0
1716317164392 11.91 0
1716317178974 12.07 0
1716317193292 11.83 0
1716317207523 11.85 0
1716317222472 12.02 0
1716317237012 12.21 0
1716317251444 11.99 0
1716317266356 12.1 0
1716317280950 11.84 0
1716317295358 12.04 0
1716317309476 11.76 0
1716317323896 12.07 0
1716317338362 12.14 0
1716317353000 11.96 0
1716317367442 12.09 0
1716317381896 12.12 0
1716317396971 12.19 0
1716317412091 12.1 0
1716317426672 11.96 0
1716317441516 12.0 0
1716317455905 12.01 0
1716317470266 11.99 0
1716317484633 11.79 0
1716317499101 12.08 0
1716317513378 11.84 0
1716317528203 11.87 0
1716317542599 11.89 0
1716317557249 12.17 0
1716317571687 11.86 0
1716317586139 12.03 0
1716317600719 11.88 0
1716317615093 11.98 0
1716317629407 11.88 0
1716317643804 12.03 0
1716317658675 11.96 0
1716317672894 11.87 0
1716317688031 12.12 0
1716317702289 11.88 0
1716317716823 12.13 0
1716317731542 12.04 0
1716317745972 12.0 0
1716317760535 12.07 0
1716317774815 11.9 0
1716317789866 11.83 0
1716317804409 12.17 0
1716317818937 11.86 0
1716317837064 11.87 0
1716317851510 12.06 0
1716317866194 11.96 0
1716317880547 11.85 0
1716317895073 11.9 0
1716317910168 11.95 0
1716317924653 11.82 0
1716317941219 11.74 0
1716317955687 12.06 0
1716317970026 11.95 0
1716317984283 11.82 0
1716317998620 11.91 0
1716318013284 12.14 0
1716318028557 12.04 0
1716318043032 12.05 0
1716318057480 11.92 0
1716318072166 12.07 0
1716318086550 11.95 0
1716318101179 12.07 0
1716318116453 12.65 0
1716318132158 12.06 0
1716318146495 11.76 0
1716318161833 11.83 0
1716318176245 11.97 0
1716318191137 12.13 0
1716318205623 12.01 0
1716318219890 11.81 0
1716318234889 12.0 0
1716318249510 12.08 0
1716318263877 11.96 0
1716318278505 12.12 0
1716318293391 11.96 0
1716318308167 12.34 0
1716318322598 12.05 0
1716318337028 12.03 0
1716318355286 12.04 0
1716318369520 11.85 0
1716318383890 11.96 0
1716318399193 12.48 0
1716318414054 11.75 0
1716318428582 12.04 0
1716318442853 11.91 0
1716318457489 12.23 0
1716318471884 11.88 0
1716318486263 11.99 0
1716318500636 11.96 0
1716318515427 12.14 0
1716318530671 12.15 0
1716318545195 11.99 0
1716318559963 12.27 0
