1716303261782 0.024637945637175876 0
1716303278169 0.04756421935036396 1
1716303295636 0.13663645874935748 2
1716303313780 0.16042508820628826 3
1716303331515 0.25654966494985526 4
1716303349162 0.39620661181720057 5
1716303366655 0.44722563883775185 6
1716303384320 0.2770937282172579 7
1716303401965 0.574870607966794 8
1716303419956 0.5224219396574538 9
1716303437576 0.5334426553782089 10
1716303455883 0.601641312180001 11
1716303473446 0.6517781152488844 12
1716303491425 0.6811240276120841 13
1716303510449 0.5870494066736348 14
1716303528211 0.7400265814736616 15
1716303546197 0.7873163334685328 16
1716303563893 0.7555200230921638 17
1716303582145 0.7462374409883891 18
1716303599884 0.768871362643632 19
1716303617554 0.8074436487400893 20
1716303635771 0.7678536559245924 21
1716303653414 0.8235415405250336 22
1716303671368 0.8312966333350102 23
1716303688969 0.8351536802245997 24
1716303707861 0.8228812919223597 25
1716303725506 0.8257017180361209 26
1716303743457 0.8137786372694226 27
1716303761450 0.8206071179071387 28
1716303779204 0.8356715490449232 29
1716303797046 0.8124931923257165 30
1716303814645 0.808865843834691 31
1716303832537 0.8306767993286236 32
1716303850355 0.85115659521056 33
1716303867924 0.8425994929644007 34
1716303885708 0.8571016255877039 35
1716303903404 0.8690062319260913 36
1716303921178 0.8584748437238865 37
1716303939433 0.859307363279941 38
1716303957784 0.840266039814321 39
1716303975654 0.8514523939088173 40
1716303993521 0.8158139399043917 41
1716304011517 0.8648141231444947 42
1716304029214 0.8676000076590755 43
1716304046701 0.8680872911325223 44
1716304064781 0.8704595175280582 45
1716304082083 0.8767652047530086 46
1716304100368 0.864185297120552 47
1716304117988 0.8730192383760093 48
1716304136044 0.8575996647420236 49
1716304154964 0.8536459079863593 50
1716304172963 0.8766270907404777 51
1716304190806 0.8799951556584261 52
1716304208476 0.8805121184178984 53
1716304227098 0.8705576176983861 54
1716304245028 0.8698908996542949 55
1716304262312 0.8913636889219564 56
1716304279784 0.8486903324713779 57
1716304293821 0.864574479044308 58
1716304307857 0.8782452557383932 59
1716304325221 0.8842803827359615 60
1716304343398 0.8870042727751125 61
1716304361466 0.8894167865302843 62
1716304379429 0.8991350722676117 63
1716304397051 0.887353056097889 64
1716304414791 0.8986402717646449 65
1716304432400 0.8775617411466671 66
1716304450139 0.8878686167768141 67
1716304468005 0.8838218785083624 68
1716304487057 0.8700838481374209 69
1716304501097 0.877876361017366 70
1716304515634 0.8829659243086079 71
1716304529983 0.8900557160545576 72
1716304548110 0.8885518981638737 73
1716304566038 0.9042895831512888 74
1716304584655 0.8778833226865679 75
1716304599937 0.8847563507457273 76
1716304614480 0.8916527687753795 77
1716304632366 0.9039507813884665 78
1716304650468 0.885496225496096 79
1716304668944 0.9023860060516996 80
1716304687082 0.8984527791914427 81
1716304704838 0.8911959751788637 82
1716304722535 0.8882294126463396 83
1716304737307 0.8844134641211903 84
1716304751345 0.8988705107248177 85
1716304769114 0.9074930213562004 86
1716304786931 0.900156995106245 87
1716304804757 0.9058931176988073 88
1716304822338 0.9001197339466529 89
1716304840257 0.8995764953950243 90
1716304858326 0.8991788528764113 91
1716304876067 0.8956554578586772 92
1716304893855 0.9117642125589014 93
1716304912183 0.8985568968398002 94
1716304929947 0.9023326223996677 95
1716304947809 0.9049699897184987 96
1716304965498 0.8842117335458202 97
1716304979643 0.8884498867335121 98
1716304994278 0.9128675413554612 99
1716305012117 0.9007459747755169 100
1716305026258 0.8999998034992188 101
1716305040469 0.913619239567316 102
1716305058837 0.9052266414408919 103
1716305076910 0.9090373046259543 104
1716305094788 0.90692767804325 105
1716305112843 0.9105890910515724 106
1716305131290 0.9054295866877982 107
1716305148959 0.9061227935753964 108
1716305166627 0.9029366888286857 109
1716305180861 0.8990628537035686 110
1716305195346 0.9074376997779173 111
1716305213262 0.9049737412143489 112
1716305231046 0.9046450929298305 113
1716305249894 0.9024206467767222 114
1716305264188 0.8888222708361709 115
1716305278247 0.9120335264701698 116
1716305292346 0.9061923501176907 117
1716305306573 0.9028725812041115 118
1716305321015 0.9138501403496891 119
1716305338781 0.904204279409622 120
1716305353663 0.906776026476123 121
1716305371211 0.9057514905707063 122
1716305389067 0.9036322852104647 123
1716305403252 0.9011961169341102 124
1716305417493 0.901896960302146 125
1716305431661 0.9045624003420101 126
1716305445981 0.9040134660455434 127
1716305460486 0.9119767525210629 128
1716305478523 0.9089095980102507 129
1716305496294 0.9063933664204978 130
1716305514540 0.8975733541855022 131
1716305528576 0.9064820646501589 132
1716305542731 0.9166323567752781 133
1716305560293 0.903799689793547 134
1716305574628 0.8431390263200201 135
1716305588833 0.9037626132756721 136
1716305603979 0.9054484036360982 137
1716305618235 0.9137391060721676 138
1716305632927 0.9003099204648218 139
1716305648154 0.9164372499854361 140
1716305662306 0.9063422036096234 141
1716305676478 0.9051460430129182 142
1716305690673 0.9083260904882611 143
1716305705203 0.8927161778356818 144
1716305719932 0.9067127455534035 145
1716305734156 0.9144669468019719 146
1716305748473 0.9115467402365832 147
1716305762495 0.9059447678459533 148
1716305776934 0.9130635925500409 149
1716305798493 0.9083511725958506 150
1716305816400 0.902600975816251 151
1716305830748 0.9190795564925184 152
1716305848989 0.9080003477316634 153
1716305867210 0.9241068065858528 154
1716305885219 0.912108496514647 155
1716305902944 0.9229501502678761 156
1716305920767 0.9057504211526529 157
1716305935316 0.912053277639762 158
1716305949474 0.9127381060893125 159
1716305964585 0.9104149813317868 160
1716305979214 0.9081449244809058 161
1716305993683 0.9174939861766043 162
1716306011939 0.9118775479474187 163
1716306030068 0.9123164582167339 164
1716306048477 0.9223886446631538 165
1716306067155 0.9206704997652767 166
1716306084750 0.9175008988950951 167
1716306102777 0.9164774707703272 168
1716306121022 0.9220614234063526 169
1716306138957 0.9211776310135175 170
1716306157102 0.9156646033965026 171
1716306175239 0.9068729399998322 172
1716306190340 0.915748697768772 173
1716306204782 0.9126610862241454 174
1716306219304 0.904399007235153 175
1716306233697 0.9053752202776463 176
1716306247843 0.9106625471105109 177
1716306262479 0.9072321436925662 178
1716306277008 0.9144080039377371 179
1716306291479 0.9181513756074229 180
1716306306041 0.9185384441527223 181
1716306320646 0.920124202938921 182
1716306334829 0.9209766083153305 183
1716306349057 0.9163552071230017 184
1716306363248 0.9206265354797122 185
1716306381161 0.914245809175808 186
1716306395688 0.9175508623737837 187
1716306413453 0.9234657070188926 188
1716306431993 0.9131746105815258 189
1716306446470 0.907549858604671 190
1716306460647 0.9075819608349716 191
1716306475189 0.9083937727935673 192
1716306489705 0.9162180316343722 193
1716306503917 0.9065228381987538 194
1716306518294 0.9118104490302273 195
1716306532943 0.9226810619180118 196
1716306547982 0.9224504214497814 197
1716306562340 0.9123953021221022 198
1716306576685 0.9176416042090075 199
1716306594879 0.9099339487832561 200
1716306609405 0.9128284973502794 201
1716306623957 0.9233559491165949 202
1716306638485 0.91827187215349 203
1716306653390 0.9172862836209893 204
1716306667790 0.9152377354147552 205
1716306682257 0.920720581147426 206
1716306696572 0.9251374009012566 207
1716306714523 0.9237907334250827 208
1716306732856 0.9154182713353007 209
1716306747356 0.9193697333731613 210
1716306761364 0.9198714591083617 211
1716306779694 0.9191014548928845 212
1716306798073 0.9210581195146675 213
1716306815787 0.9227079917904191 214
1716306833618 0.9160170081194506 215
1716306847584 0.9253741470267922 216
1716306865825 0.9193696346870586 217
1716306884259 0.9223888804062677 218
1716306902691 0.9216929574013674 219
1716306920495 0.9267164770208808 220
1716306938319 0.9164984190757471 221
1716306952469 0.923392561498507 222
1716306967236 0.916769775418859 223
1716306981665 0.9021302952153207 224
1716306996057 0.9161380602221053 225
1716307010589 0.9241747433747447 226
1716307025326 0.9290985872822204 227
1716307039527 0.9218662926928318 228
1716307054123 0.9225343389478234 229
1716307068374 0.9223975292322907 230
1716307083056 0.9164160771315829 231
1716307097603 0.921877356107898 232
1716307112268 0.9248474640486243 233
1716307130217 0.9273561903498114 234
1716307148400 0.9241265683827392 235
1716307166366 0.9216875950128811 236
1716307184313 0.9237097243009434 237
1716307202521 0.919265808944556 238
1716307216975 0.9180413608707308 239
1716307231121 0.9214643714341922 240
1716307245592 0.9209626037174248 241
1716307259910 0.9229921212852154 242
1716307274936 0.9174650822789999 243
1716307289568 0.923039689147361 244
1716307304026 0.9229456066422742 245
1716307318337 0.9232744108586006 246
1716307332862 0.9211593508565056 247
1716307347185 0.9195090426874314 248
1716307361683 0.921475560286384 249
1716307379650 0.9253435686599983 250
1716307394792 0.9182827988428285 251
1716307409126 0.9314651290291698 252
1716307426718 0.9249287463479128 253
1716307444408 0.925714224656319 254
1716307462306 0.9229755262952334 255
1716307480242 0.9226619386405258 256
1716307494457 0.9187358041429879 257
1716307508524 0.9237401247485982 258
1716307523235 0.9253179380680377 259
1716307537513 0.9278244618976865 260
1716307555504 0.9238096884756385 261
1716307573182 0.9236209630214277 262
1716307591876 0.9221179278068151 263
1716307605906 0.9127738540137869 264
1716307620256 0.918566259547375 265
1716307634553 0.9238068506511506 266
1716307649094 0.9238662875499465 267
1716307664176 0.9255859542694114 268
1716307678379 0.9275999052735139 269
1716307692937 0.9237441099960093 270
1716307707332 0.9278370791684889 271
1716307725419 0.9231332553203164 272
1716307740031 0.9158556872687896 273
1716307754232 0.9261372869684724 274
1716307768694 0.9208529048789087 275
1716307784055 0.924518386428112 276
1716307798452 0.9219275500028049 277
1716307812725 0.9257100877210037 278
1716307827204 0.9242192989284596 279
1716307841595 0.9277435221134963 280
1716307861370 0.922389082840859 281
1716307875657 0.9221031175928981 282
1716307889827 0.9245182255273198 283
1716307904400 0.9273964667330109 284
1716307922011 0.9256695307053605 285
1716307939913 0.9236874962420782 286
1716307954265 0.9258534654939616 287
1716307972302 0.9264329098625382 288
1716307990424 0.9300490758181369 289
1716308008662 0.9260272723027226 290
1716308026483 0.9282541355310063 291
1716308044295 0.9317655780997828 292
1716308062168 0.9251327612197917 293
1716308076429 0.9222622616888613 294
1716308090847 0.9344934113908373 295
1716308108955 0.9215008948592284 296
1716308123503 0.9198463315249678 297
1716308137921 0.9195055752258497 298
1716308152240 0.9211311051763892 299
1716308170465 0.9295657136340267 300
1716308184829 0.9158767166661477 301
1716308199226 0.9169505578511998 302
1716308213932 0.9261482003432717 303
1716308228190 0.927354478335812 304
1716308243356 0.9261344584728656 305
1716308257784 0.9272346303237605 306
1716308272155 0.9221729058913929 307
1716308286404 0.9168181384884169 308
1716308300818 0.9189755862377185 309
1716308315382 0.919362230665829 310
1716308329746 0.9151150151259623 311
1716308344544 0.9236290536971944 312
1716308359021 0.9232423412133964 313
1716308374284 0.9218609478516778 314
1716308388615 0.9197305290755735 315
1716308403108 0.9217627170694128 316
1716308417202 0.9195891591293663 317
1716308431797 0.9115847614703091 318
1716308446048 0.9168617675040961 319
1716308460181 0.9287441398994983 320
1716308474798 0.9264320167682119 321
1716308489896 0.9171327948950609 322
1716308504788 0.9269170776099406 323
1716308518976 0.9138684512195102 324
1716308533258 0.9235683010651079 325
1716308547775 0.9248875406753617 326
1716308562574 0.9231570948682971 327
1716308576828 0.9227331441841362 328
1716308591194 0.9278755377491409 329
1716308605659 0.932977478295153 330
1716308620795 0.9259344402271319 331
1716308635472 0.9271220343446108 332
1716308649668 0.9292865844748454 333
1716308664329 0.921554318865348 334
1716308678833 0.9265865529282302 335
1716308693359 0.9299743402449628 336
1716308707903 0.9226641869939641 337
1716308722157 0.9204240842104384 338
1716308736862 0.9247729652269489 339
1716308752373 0.9187558215229182 340
1716308766636 0.9266101177762236 341
1716308781263 0.9210571753073861 342
1716308795534 0.9278738924404891 343
1716308810112 0.9208460824710532 344
1716308824798 0.9267114680144619 345
1716308839283 0.9225958309382394 346
1716308853605 0.9246287010925417 347
1716308868594 0.9262033671011897 348
1716308882963 0.92558224745096 349
1716308900890 0.9286680181603076 350
1716308915502 0.9189271511005375 351
1716308930063 0.9268645299746606 352
1716308944527 0.9293229877940713 353
1716308958738 0.92752598194653 354
1716308972985 0.9225221816566439 355
1716308987301 0.9215600281830683 356
1716309002759 0.9209830834369909 357
1716309017007 0.919669552275963 358
1716309031444 0.9285412582917275 359
1716309045799 0.9279899781102104 360
1716309060051 0.9333179811658497 361
1716309074545 0.9267547635823252 362
1716309089050 0.928292225021553 363
1716309103558 0.9234543710234524 364
1716309118733 0.9155814989749441 365
1716309133313 0.9055212527016012 366
1716309147649 0.9168843729181283 367
1716309162095 0.9267669165899548 368
1716309176843 0.9126089980331166 369
1716309191465 0.9198645129142924 370
1716309206061 0.9295424486984202 371
1716309220683 0.920911052735987 372
1716309235569 0.92727496124704 373
1716309250112 0.9243826811037895 374
1716309264429 0.9184069130223937 375
1716309278770 0.9196933534303824 376
1716309293343 0.9301939068330123 377
1716309307624 0.9234438792812553 378
1716309322125 0.9247436297307187 379
1716309337205 0.9240641680515135 380
1716309351944 0.9291644501583959 381
1716309366263 0.9259365087977972 382
1716309380672 0.9290871880922201 383
1716309395116 0.9290495562418628 384
1716309409688 0.9284157518012814 385
1716309424093 0.9170298121305057 386
1716309438566 0.924183574166899 387
1716309453084 0.9311790812759232 388
1716309468350 0.9267385360021537 389
1716309482758 0.9231152982907965 390
1716309497196 0.925694605047238 391
1716309511938 0.9305037879616022 392
1716309526331 0.9302577095109177 393
1716309541031 0.9311315544115318 394
1716309559273 0.9281524312665375 395
1716309577664 0.9314464931650509 396
1716309595642 0.9274873635720771 397
1716309613765 0.9298194112929044 398
1716309631623 0.9296936003720434 399
1716309653322 0.9255769591422136 400
1716309667591 0.928177021934769 401
1716309682639 0.9270167870393536 402
1716309697238 0.930351292463724 403
1716309715156 0.934807780425649 404
1716309733589 0.9285197842540952 405
1716309751913 0.9325308474911167 406
1716309769973 0.9306746479793698 407
1716309788914 0.9299768841370849 408
1716309808318 0.9222603415750955 409
1716309822740 0.9247563158364009 410
1716309837069 0.9225439207316569 411
1716309851492 0.9326488080211934 412
1716309865907 0.9281762160872166 413
1716309880290 0.9244863247723879 414
1716309894869 0.9277490950589193 415
1716309909193 0.9252632800273881 416
1716309924317 0.9244820795652698 417
1716309940575 0.9296536757478487 418
1716309955085 0.92499439103218 419
1716309969543 0.9240491314667767 420
1716309983885 0.9314259119447675 421
1716309999073 0.934489973011364 422
1716310013366 0.9237096081320648 423
1716310027645 0.9310427790774494 424
1716310042543 0.9266029840193598 425
1716310056814 0.928870655810608 426
1716310071211 0.9299843040678923 427
1716310086280 0.9227744844449074 428
1716310100871 0.9263160671865717 429
1716310115106 0.9254594810639617 430
1716310129228 0.9304221513930094 431
1716310143454 0.9252474752810658 432
1716310157881 0.9216809596769963 433
1716310173080 0.9279040317917411 434
1716310187217 0.9311195369186952 435
1716310201378 0.9335860415323123 436
1716310215606 0.9282150092442439 437
1716310230290 0.9286948262478137 438
1716310245482 0.928246762999427 439
1716310259740 0.924939523407307 440
1716310274258 0.9238944449292558 441
1716310289749 0.9293240485008135 442
1716310304761 0.9169463246203318 443
1716310319201 0.9295264223572982 444
1716310334167 0.9303140749707066 445
1716310348288 0.9316343936900484 446
1716310362764 0.9267292339118315 447
1716310377034 0.9287139132369421 448
1716310391425 0.9295303855858087 449
1716310409468 0.931467473005906 450
1716310423876 0.9293523242401714 451
1716310439401 0.927570063829681 452
1716310453785 0.9293554705783004 453
1716310467879 0.9243337759007314 454
1716310482301 0.9329680112464368 455
1716310496682 0.9266975585500568 456
1716310510931 0.9284993226140775 457
1716310525189 0.9264881349883612 458
1716310539583 0.9288161530990711 459
1716310554156 0.9304635412404924 460
1716310569150 0.9245129786566709 461
1716310583691 0.9271608411458437 462
1716310598096 0.9314215321965422 463
1716310612534 0.9315372984605962 464
1716310626817 0.9300925523269297 465
1716310641788 0.9331667126593745 466
1716310659395 0.925587440162082 467
1716310673742 0.9156934333216089 468
1716310688389 0.9270556446607924 469
1716310702913 0.9228228457150225 470
1716310717006 0.9332616110469091 471
1716310731707 0.9292305536849135 472
1716310745843 0.9231124931657999 473
1716310760001 0.9267260018986515 474
1716310774466 0.9302521817225634 475
1716310789025 0.9261508256222265 476
1716310803738 0.9296225026792087 477
1716310819345 0.9239255443796738 478
1716310833672 0.9261707980812037 479
1716310848120 0.9309697842422593 480
1716310862689 0.9291251914221118 481
1716310877162 0.9336608617505968 482
1716310891542 0.9355552766700544 483
1716310905929 0.9310509045317711 484
1716310924185 0.9290236299099063 485
1716310938678 0.9307043497374058 486
1716310958238 0.9300184310792861 487
1716310976499 0.931829711589674 488
1716310994443 0.9254065168325214 489
1716311008655 0.9274614552501522 490
1716311023030 0.9310836296251604 491
1716311037315 0.931487810332723 492
1716311052072 0.9325789902524732 493
1716311070592 0.9295283734266427 494
1716311084978 0.9308015021599344 495
1716311103119 0.9187674582524877 496
1716311117839 0.9205057978060575 497
1716311132117 0.9275340395049835 498
1716311146380 0.9236963505859661 499
1716311164740 0.927492163918123 500
1716311179150 0.9299397301899424 501
1716311193407 0.9274925436453723 502
1716311207917 0.9332385054435287 503
1716311222203 0.9331757909776058 504
1716311236568 0.9252739350051944 505
1716311250838 0.9251010502621705 506
1716311265254 0.9307191570848667 507
1716311279673 0.9257099475045522 508
1716311294662 0.9307910519548358 509
1716311309233 0.9357737637706965 510
1716311323719 0.931054691025508 511
1716311338452 0.9307495957539915 512
1716311353934 0.9275891968912507 513
1716311368393 0.9253525436303613 514
1716311383108 0.9308080591524129 515
1716311397473 0.9318418419628918 516
1716311412147 0.9218495130428884 517
1716311430723 0.926994730863319 518
1716311445729 0.9282628607588693 519
1716311459998 0.9317855299371995 520
1716311474539 0.9323045560509552 521
1716311488928 0.9281472192430239 522
1716311503247 0.9292855267641428 523
1716311517786 0.9295009882534981 524
1716311532156 0.9341799768964781 525
1716311546449 0.9358702365935124 526
1716311565285 0.9293656985322784 527
1716311579408 0.9336325298570821 528
1716311597262 0.931137091076832 529
1716311615547 0.9348333521463346 530
1716311633593 0.9293262753557506 531
1716311647954 0.9273628712064852 532
1716311662778 0.9267829269094502 533
1716311677042 0.92967075933424 534
1716311691246 0.9304281212098083 535
1716311705630 0.9308840760139828 536
1716311720394 0.9371700081088025 537
1716311734831 0.9227553340478014 538
1716311749418 0.9313369086197657 539
1716311763695 0.9317166256604872 540
1716311778136 0.9245538359348187 541
1716311793129 0.9332592869043522 542
1716311807903 0.9301742269647703 543
1716311823283 0.9247144892487956 544
1716311837559 0.9225247667180899 545
1716311851844 0.9239594675639836 546
1716311866106 0.9331937841651081 547
1716311880584 0.9246883094191404 548
1716311895170 0.9256851924919127 549
1716311914052 0.9303017732417165 550
1716311928512 0.9293273653788287 551
1716311943029 0.9272920923990884 552
1716311957263 0.9302808556615175 553
1716311972043 0.9344177470950218 554
1716311986599 0.929011882881082 555
1716312001246 0.9309194346512787 556
1716312015512 0.9287843318684246 557
1716312030186 0.9370964762472275 558
1716312045051 0.9337194488693846 559
1716312059631 0.9341831143207094 560
1716312074186 0.9290632524458662 561
1716312088715 0.9250323080348447 562
1716312103689 0.9281157484132795 563
1716312118173 0.928761362664582 564
1716312132654 0.9329065347717839 565
1716312147061 0.9283298692962706 566
1716312161372 0.9284067293308947 567
1716312176025 0.9290113096239397 568
1716312190303 0.9243321462483278 569
1716312204727 0.922627913518451 570
1716312218980 0.9297558117197765 571
1716312233608 0.934596453935494 572
1716312248362 0.9317561209609736 573
1716312263564 0.9364049868513741 574
1716312278458 0.9285798483319253 575
1716312292769 0.9383716471410842 576
1716312307910 0.937705977766492 577
1716312326152 0.9343049563575946 578
1716312345041 0.9276573570693377 579
1716312359362 0.9323770294849449 580
1716312373827 0.9334740658659831 581
1716312388457 0.9305428789817339 582
1716312403906 0.932958820356799 583
1716312419093 0.9317983726576209 584
1716312433271 0.9295657714215735 585
1716312447680 0.9340975847874624 586
1716312462077 0.9278873318179862 587
1716312476447 0.9311510887289373 588
1716312490851 0.9245431336869387 589
1716312505322 0.9332974211323956 590
1716312520018 0.9306452896467996 591
1716312534498 0.9286554872643066 592
1716312549571 0.929143375981043 593
1716312563994 0.9299254927375045 594
1716312578506 0.9288403341914576 595
1716312592908 0.9312396559592573 596
1716312607393 0.9320171587291247 597
1716312621799 0.9328942264782033 598
1716312636206 0.9272328680595895 599
1716312654559 0.9290523151541706 600
1716312669441 0.9271000560925078 601
1716312684047 0.9294681670183434 602
1716312698485 0.9341088333167565 603
1716312712845 0.9287368889855427 604
1716312727216 0.9307233931681336 605
1716312741521 0.9343514641658963 606
1716312756310 0.9309863961770013 607
1716312770905 0.9261366016337528 608
1716312785255 0.9352573882638734 609
1716312800493 0.931696505344415 610
1716312814929 0.9214707489503032 611
1716312829450 0.9310712034571974 612
1716312843982 0.9286254375337863 613
1716312858555 0.9286909296252214 614
1716312873051 0.9303007464081988 615
1716312887836 0.9271504476164161 616
1716312902347 0.9347322702668016 617
1716312916643 0.9249136895561517 618
1716312931759 0.931959240099722 619
1716312946340 0.9258060324284006 620
1716312960896 0.9331138599381058 621
1716312975491 0.9337910144075887 622
1716312989895 0.9313649764648577 623
1716313004256 0.9320228989868191 624
1716313018939 0.9293787996401379 625
1716313033379 0.9251040135198565 626
1716313048413 0.9301898730998306 627
1716313062862 0.9293191028836078 628
1716313077442 0.9303091504877141 629
1716313091846 0.93291324490507 630
1716313106357 0.9232057296573721 631
1716313120830 0.9268752332101569 632
1716313135410 0.936338544930598 633
1716313149806 0.922592952196843 634
1716313164287 0.9338864151719424 635
1716313179224 0.931421927360045 636
1716313193768 0.9316976627807952 637
1716313209445 0.9240761959234499 638
1716313223820 0.9320548414414557 639
1716313238571 0.9332374185177884 640
1716313253413 0.9311614616424638 641
1716313267753 0.9358384764106328 642
1716313282585 0.930711106850752 643
1716313297802 0.9341617969899617 644
1716313312326 0.9358055967528238 645
1716313326878 0.9286867281718661 646
1716313341819 0.932917777311525 647
1716313356160 0.930474172160657 648
1716313370590 0.9285238071222359 649
1716313388579 0.9355777073856153 650
1716313403307 0.931118787826753 651
1716313419072 0.9285600477241251 652
1716313433539 0.9343863715039289 653
1716313447982 0.9377005534673191 654
1716313466149 0.9311180204134284 655
1716313480416 0.9266270894873517 656
1716313495182 0.9336077028411166 657
1716313509636 0.933811340928186 658
1716313524085 0.9291060521218574 659
1716313539357 0.9322693029355342 660
1716313553788 0.9344540141785659 661
1716313568295 0.9369649763303993 662
1716313586483 0.9288127731242849 663
1716313600983 0.9339163666180789 664
1716313615314 0.9338180797350589 665
1716313629666 0.9346829868495088 666
1716313648458 0.9340931419679114 667
1716313667158 0.9289108422869651 668
1716313681856 0.9313238260676222 669
1716313697102 0.9317245051152884 670
1716313711530 0.936717299981687 671
1716313726059 0.9279710196186626 672
1716313740411 0.929665626560826 673
1716313755236 0.93137683755503 674
1716313770744 0.9281491026639775 675
1716313785207 0.9303468363427445 676
1716313799751 0.9252052787779168 677
1716313814367 0.9236929356833888 678
1716313829380 0.923654515456816 679
1716313843877 0.9302218555570502 680
1716313858425 0.9251804209480499 681
1716313872869 0.9298675954539193 682
1716313887852 0.9329927278521395 683
1716313902213 0.9324084205646175 684
1716313917178 0.9343556384745875 685
1716313931555 0.9272813818146682 686
1716313946126 0.9223076236846101 687
1716313960891 0.9308588126817069 688
1716313975534 0.9272460516423142 689
1716313989943 0.9326286117494497 690
1716314004308 0.9271774291654641 691
1716314019916 0.9358588886591775 692
1716314034406 0.9344324492210475 693
1716314049140 0.9303234125586037 694
1716314063739 0.9283907233966273 695
1716314078314 0.9360398759400033 696
1716314092759 0.9282794847521028 697
1716314107370 0.9258981113972968 698
1716314121936 0.9305277580952346 699
1716314140618 0.9281194109878855 700
1716314155010 0.9301929930157526 701
1716314170103 0.9291724669183382 702
1716314184489 0.9316757617231644 703
1716314199147 0.9330130283985681 704
1716314213822 0.9342215970243878 705
1716314228470 0.929198816450047 706
1716314243322 0.9314127783944334 707
1716314258073 0.9330619041167135 708
1716314272585 0.9348075328109715 709
1716314287352 0.9356495875089017 710
1716314301676 0.9294252545696443 711
1716314316015 0.9274450846006621 712
1716314330599 0.9337328424938501 713
1716314345245 0.9309848427984998 714
1716314360472 0.9327294088018908 715
1716314374900 0.9385322150122258 716
1716314389575 0.9351767509610757 717
1716314403962 0.9306451932101 718
1716314418501 0.9342766529167689 719
1716314433070 0.9290213765126513 720
1716314447784 0.9344825292992961 721
1716314462220 0.930633009791515 722
1716314477421 0.9354174724302603 723
1716314492802 0.9278624942082127 724
1716314507441 0.9304098391346693 725
1716314522282 0.9343335134828971 726
1716314536923 0.9362631431772681 727
1716314551501 0.9348022179915846 728
1716314566701 0.9242651148616456 729
1716314581583 0.9305553217496119 730
1716314596007 0.9282874793270244 731
1716314610955 0.9352971777294363 732
1716314625382 0.9284222130352261 733
1716314639800 0.9280557932678991 734
1716314654725 0.9364564238530506 735
1716314669439 0.9258720546564794 736
1716314683690 0.9318164993978829 737
1716314698514 0.9351267928816389 738
1716314713173 0.9353387277014265 739
1716314728059 0.9338034041718122 740
1716314742500 0.9270414944362403 741
1716314757151 0.933423716927527 742
1716314771561 0.9325779190212561 743
1716314786137 0.9313299009777319 744
1716314800385 0.9320802919270571 745
1716314815767 0.9312743014072996 746
1716314830155 0.9344395471881201 747
1716314845215 0.9365886439202211 748
1716314859889 0.9294303664607239 749
1716314878107 0.934588768688597 750
1716314892967 0.9268529867296892 751
1716314907403 0.9255301211302052 752
1716314922217 0.9247347171329818 753
1716314936947 0.9364814884712676 754
1716314951711 0.931484865672792 755
1716314967293 0.9268830398187508 756
1716314982091 0.9260382340066199 757
1716314996926 0.9300957971125379 758
1716315011504 0.9293474192431614 759
1716315026518 0.9380288553033219 760
1716315043368 0.9319924913533585 761
1716315058085 0.9303321294867598 762
1716315072561 0.926974051591393 763
1716315087708 0.928908854996873 764
1716315102356 0.9278530182842988 765
1716315118255 0.9354195594909588 766
1716315133668 0.9311960651509145 767
1716315148326 0.9346872616112188 768
1716315162798 0.9315898974922648 769
1716315177541 0.9364857286732189 770
1716315192047 0.932369850018147 771
1716315207389 0.9372744708575432 772
1716315222134 0.9352892903998359 773
1716315236678 0.9292563498219519 774
1716315251284 0.9304960111768018 775
1716315265665 0.9278411523246856 776
1716315280023 0.932449818017448 777
1716315294887 0.9291503642348101 778
1716315309361 0.9297700710843916 779
1716315324491 0.9363063926749482 780
1716315339157 0.9347961883766747 781
1716315353653 0.9221484606488511 782
1716315369164 0.926361852429397 783
1716315383665 0.9297066824617173 784
1716315398302 0.9300020663739798 785
1716315413029 0.9362398958875556 786
1716315427664 0.9350763499038068 787
1716315442934 0.9323499257915445 788
1716315457361 0.9348275602535612 789
1716315472690 0.9313116656277827 790
1716315487616 0.9295657761584205 791
1716315501923 0.9361903844117809 792
1716315516521 0.9316128775813195 793
1716315531496 0.9356776251885842 794
1716315546056 0.9310157894419051 795
1716315560822 0.9341999181155826 796
1716315575384 0.9346797641400313 797
1716315589840 0.9352942190652346 798
1716315608116 0.935001233114194 799
1716315629707 0.9332535897920385 800
1716315647736 0.9382439742332908 801
1716315666696 0.9227316483134002 802
1716315681304 0.9361689928783865 803
1716315695887 0.9287188917169521 804
1716315710424 0.9328776356188766 805
1716315724868 0.9256253393645052 806
1716315739496 0.9374975634444783 807
1716315754337 0.9303599358227205 808
1716315768889 0.9283897263565769 809
1716315784082 0.9279882629735793 810
1716315798478 0.934030866270989 811
1716315812814 0.9399701975094489 812
1716315827395 0.9343957345766348 813
1716315842024 0.9326457472028551 814
1716315856528 0.9335518629495122 815
1716315871569 0.9284633879058154 816
1716315885956 0.9276826817826628 817
1716315900892 0.9296183899014436 818
1716315915643 0.9327215595904302 819
1716315930401 0.9292337089832031 820
1716315944732 0.9334587115006702 821
1716315959373 0.9277023139628483 822
1716315973888 0.9345980023300363 823
1716315988178 0.928275558357987 824
1716316002812 0.934459475663834 825
1716316017970 0.9315560472805995 826
1716316032569 0.9319714036087327 827
1716316047033 0.9353621511913887 828
1716316061289 0.9340993897511991 829
1716316075685 0.9271095365861365 830
1716316090142 0.9331157476569264 831
1716316104776 0.928493488226256 832
1716316119134 0.9320390426515917 833
1716316133737 0.935827325586818 834
1716316148851 0.9367772258553563 835
1716316163295 0.9285331244207603 836
1716316177668 0.9311941886158711 837
1716316192285 0.9364557476860732 838
1716316206747 0.9349449988114359 839
1716316221196 0.9242884779484871 840
1716316235711 0.9270379928172069 841
1716316250688 0.9289925185411839 842
1716316264981 0.9335619655188833 843
1716316280253 0.9289320952562977 844
1716316294657 0.9311492062038665 845
1716316309315 0.936698543925455 846
1716316323956 0.9345006053413035 847
1716316338445 0.9363671953148289 848
1716316353150 0.9324583186437906 849
1716316371120 0.9326219967033053 850
1716316385696 0.9371085900664001 851
1716316400611 0.9318839635585595 852
1716316415029 0.9353005958261118 853
1716316429384 0.9286689606246844 854
1716316443741 0.9302624751477065 855
1716316458534 0.9306153022067206 856
1716316473417 0.9301331219928937 857
1716316487833 0.9317397763991665 858
1716316502182 0.9319722600126731 859
1716316517489 0.9319940024744575 860
1716316531949 0.929626229487092 861
1716316546639 0.9313230088755379 862
1716316561141 0.93112332748649 863
1716316576812 0.9363619910243507 864
1716316591379 0.9325033813060356 865
1716316605648 0.9349421003074662 866
1716316620098 0.9312412443715342 867
1716316634646 0.9287654395704007 868
1716316649743 0.9302051366993577 869
1716316663893 0.9300234731663669 870
1716316678746 0.9307813389903384 871
1716316693109 0.9375083549297537 872
1716316707522 0.9350990346717305 873
1716316721961 0.9321211584689949 874
1716316736258 0.9327418690604619 875
1716316750665 0.9299343510543965 876
1716316765758 0.928116076412952 877
1716316780013 0.9288109755309785 878
1716316794215 0.9346951328961066 879
1716316808618 0.935478144680245 880
1716316823361 0.9373281287292827 881
1716316837782 0.9298746149917333 882
1716316852035 0.932404380476035 883
1716316866693 0.9350487711239476 884
1716316881856 0.9314690487544528 885
1716316897317 0.9286098838476667 886
1716316912111 0.9374440841687394 887
1716316926499 0.9374934950780901 888
1716316941368 0.9373137985468746 889
1716316956056 0.9256725646673134 890
1716316970729 0.9210636976616319 891
1716316985175 0.9291303024969837 892
1716317000138 0.9262935253295895 893
1716317015126 0.9269933851384083 894
1716317030514 0.9380986836018002 895
1716317044845 0.9201504127253647 896
1716317059693 0.9316065947269315 897
1716317073943 0.9308493993763679 898
1716317088201 0.9376021045780952 899
1716317106261 0.9268657792028514 900
1716317120487 0.929474459127583 901
1716317135536 0.9336549528727843 902
1716317149906 0.9273950361935892 903
1716317164361 0.9334334798032392 904
1716317178948 0.934452298207709 905
1716317193272 0.926429585489581 906
1716317207495 0.9343641800104727 907
1716317222451 0.9312377999020934 908
1716317236982 0.9310834237877715 909
1716317251422 0.9351821322354311 910
1716317266335 0.9268020235762248 911
1716317280931 0.9295379759669479 912
1716317295337 0.9325402048258417 913
1716317309455 0.9310791430685637 914
1716317323874 0.929692255569521 915
1716317338331 0.9336011808393553 916
1716317352977 0.9323255388166644 917
1716317367422 0.9302764881844311 918
1716317381873 0.9318721793428506 919
1716317396941 0.9332280570649902 920
1716317412053 0.9279541856707348 921
1716317426651 0.9297754344051162 922
1716317441495 0.9350590237828417 923
1716317455882 0.929760544748453 924
1716317470229 0.9342177680906256 925
1716317484604 0.9322774298936277 926
1716317499073 0.9300621704200456 927
1716317513354 0.9337424163171483 928
1716317528175 0.9356714644987961 929
1716317542564 0.9315301571595712 930
1716317557228 0.9339246509203373 931
1716317571661 0.9313565263341733 932
1716317586117 0.9274002130752189 933
1716317600698 0.9302411826618844 934
1716317615065 0.9327183153616745 935
1716317629386 0.9290468094551123 936
1716317643771 0.9322064797574536 937
1716317658639 0.9340747206591405 938
1716317672865 0.9352495749076973 939
1716317688007 0.9317132256988359 940
1716317702268 0.9357613081632961 941
1716317716779 0.9318556409961615 942
1716317731514 0.9359402187816516 943
1716317745951 0.9317981264853085 944
1716317760512 0.9328624659423063 945
1716317774794 0.93148117723826 946
1716317789846 0.9330176992463294 947
1716317804363 0.9264866411501647 948
1716317818901 0.9360463308517531 949
1716317837042 0.9381348517857733 950
1716317851490 0.9335020169465388 951
1716317866159 0.9348735730607305 952
1716317880520 0.9347835721251476 953
1716317895036 0.9358054238757386 954
1716317910126 0.9340539296018265 955
1716317924632 0.9306818192082975 956
1716317941200 0.9317701790037022 957
1716317955665 0.9332939331209561 958
1716317970003 0.9296878895886653 959
1716317984260 0.9340913345680399 960
1716317998599 0.9379170441791937 961
1716318013261 0.9305588886294149 962
1716318028518 0.9348523775654947 963
1716318042995 0.92868529199527 964
1716318057459 0.937694548345484 965
1716318072145 0.9332107050342245 966
1716318086529 0.933772923137913 967
1716318101157 0.9328079825128226 968
1716318116170 0.9318120269441817 969
1716318132130 0.9268016023990283 970
1716318146473 0.9324524371538968 971
1716318161812 0.9343173430731015 972
1716318176224 0.9279608444293349 973
1716318191116 0.9377439435151027 974
1716318205604 0.9276297247225412 975
1716318219833 0.9333856304641625 976
1716318234838 0.9264056229656511 977
1716318249489 0.9317731455301624 978
1716318263854 0.9349448972835642 979
1716318278484 0.940017374242664 980
1716318293368 0.93549838543943 981
1716318308146 0.9338046709265764 982
1716318322577 0.933220517447498 983
1716318337007 0.9382433016236792 984
1716318355263 0.9327884867316 985
1716318369499 0.9307448768677732 986
1716318383870 0.9347422813194345 987
1716318399168 0.9340133974849224 988
1716318414033 0.928514042560292 989
1716318428560 0.9360357810756049 990
1716318442831 0.9345813607356156 991
1716318457453 0.9285465076103835 992
1716318471862 0.9315738366209337 993
1716318486244 0.9288669728124156 994
1716318500603 0.9327767606927461 995
1716318515383 0.9331649447538806 996
1716318530640 0.9304545818050433 997
1716318545173 0.9383407785916426 998
1716318559926 0.9368842837534826 999
