1715178013610 467.57 0
1715178231590 173.46 0
1715178495427 225.63 0
1715178766237 247.03 0
1715179030790 238.66 0
1715179312288 253.77 0
1715179558838 244.1 0
1715179825793 259.27 0
1715180079125 204.71 0
1715180350790 269.29 0
1715180629268 260.16 0
1715180899190 225.8 0
1715181175678 227.53 0
1715181440395 219.04 0
1715181710255 225.69 0
1715181975529 230.7 0
1715182216398 238.35 0
1715182467863 243.28 0
1715182742102 271.05 0
1715183003660 259.14 0
1715183260295 254.21 0
1715183513394 250.64 0
1715183772807 256.91 0
1715184050923 274.97 0
1715184284954 231.58 0
1715184550516 262.64 0
1715184834440 281.45 0
1715185093369 256.32 0
1715185339410 243.45 0
1715185582267 240.34 0
1715185844013 259.19 0
1715186092407 245.21 0
1715186373937 271.2 0
1715186613332 236.6 0
1715186866263 250.44 0
1715187148471 279.69 0
1715187408789 257.55 0
1715187673195 261.87 0
1715187927725 251.35 0
1715188209956 279.76 0
1715188448637 236.12 0
1715188708282 257.08 0
1715188980565 269.8 0
1715189222921 239.76 0
1715189471683 246.17 0
1715189756376 237.66 0
1715190019580 217.35 0
1715190302478 252.93 0
1715190569841 264.91 0
1715190823634 251.22 0
1715191089226 234.14 0
1715191375145 283.28 0
1715191629146 251.52 0
1715191879019 247.35 0
1715192154386 272.88 0
1715192395164 238.22 0
1715192644818 247.05 0
1715192884555 236.63 0
1715193153282 266.12 0
1715193421833 258.97 0
1715193679242 254.86 0
1715193917371 235.46 0
1715194167859 247.87 0
1715194432174 261.73 0
1715194697036 261.99 0
1715194943759 244.03 0
1715195196378 250.08 0
1715195463047 264.15 0
1715195714827 249.22 0
1715196001682 284.33 0
1715196258861 253.72 0
1715196524707 263.3 0
1715196778603 251.13 0
1715197042691 261.52 0
1715197313200 260.09 0
1715197570945 254.8 0
1715197841265 233.77 0
1715198136934 264.67 0
1715198377091 224.04 0
1715198632182 252.55 0
1715198882333 247.6 0
1715199150313 265.48 0
1715199414396 261.52 0
1715199657746 240.71 0
1715199936441 276.09 0
1715200168876 229.87 0
1715200448909 277.47 0
1715200712526 254.14 0
1715200958829 243.73 0
1715201235208 273.81 0
1715201472385 234.58 0
1715201745432 270.5 0
1715201956698 208.55 0
1715202222842 263.52 0
1715202479122 245.62 0
1715202755445 273.8 0
1715202999522 241.53 0
1715203238840 236.69 0
1715203490457 218.22 0
1715203729341 236.28 0
1715204050693 273.29 0
1715204297332 244.15 0
1715204590483 289.87 0
1715204841497 248.43 0
1715205106831 262.76 0
1715205357774 248.17 0
1715205617351 256.94 0
1715205885897 265.81 0
1715206136066 247.67 0
1715206380974 242.36 0
1715206643849 260.32 0
1715206902287 255.95 0
1715207145284 240.53 0
1715207421433 273.36 0
1715207657953 233.93 0
1715207929657 262.18 0
1715208225001 292.89 0
1715208462147 234.67 0
1715208726959 262.34 0
1715208960165 230.55 0
1715209212021 249.38 0
1715209460000 245.48 0
1715209719828 256.67 0
1715210002174 270.79 0
1715210253884 249.15 0
1715210520491 227.5 0
1715210784125 261.17 0
1715211053418 239.9 0
1715211331051 240.27 0
1715211603509 237.24 0
1715211851999 219.43 0
1715212146216 246.78 0
1715212422009 271.84 0
1715212695716 271.28 0
1715212948820 243.17 0
1715213212425 260.89 0
1715213480015 265.21 0
1715213751169 268.57 0
1715213989177 235.52 0
1715214244740 252.6 0
1715214523382 276.16 0
1715214779921 254.1 0
1715215060507 270.62 0
1715215285023 222.12 0
1715215548062 260.6 0
1715215809666 259.2 0
1715216071086 209.64 0
1715216348640 275.06 0
1715216630701 279.51 0
1715216859501 225.92 0
1715217144493 249.48 0
1715217416253 269.34 0
1715217672749 254.09 0
1715217940246 264.51 0
1715218172435 229.76 0
1715218453226 278.22 0
1715218714064 257.94 0
1715218989370 272.91 0
1715219242424 250.68 0
1715219494773 249.39 0
1715219770250 231.4 0
1715220032598 221.52 0
1715220309723 230.55 0
1715220566297 252.23 0
1715220818520 249.84 0
1715221086671 264.81 0
1715221354973 265.89 0
1715221589116 231.09 0
1715221847659 256.07 0
1715222106702 256.59 0
1715222363022 245.55 0
1715222650699 285.23 0
1715222892985 239.82 0
1715223151767 213.22 0
1715223408771 254.51 0
1715223690539 244.06 0
1715223943914 250.87 0
1715224226819 247.36 0
1715224483890 254.66 0
1715224750857 264.43 0
1715225042972 289.66 0
1715225293574 213.11 0
1715225548927 221.18 0
1715225811537 235.42 0
1715226074984 248.34 0
1715226367704 290.27 0
1715226601625 231.41 0
1715226855493 251.36 0
1715227129176 271.21 0
1715227383473 251.83 0
1715227615753 229.85 0
1715227891336 244.69 0
1715228156941 244.77 0
1715228421196 261.77 0
1715228664997 241.33 0
1715228934368 259.74 0
1715229199033 260.6 0
1715229444749 243.26 0
1715229732493 285.29 0
1715229978197 243.15 0
1715230263514 262.76 0
