1715177546021 0.00145 300
1715178058096 0.00145 301
1715178268506 0.00145 302
1715178519179 0.00145 303
1715178792088 0.00145 304
1715179058465 0.00144 305
1715179314684 0.00144 306
1715179566506 0.00144 307
1715179874311 0.00144 308
1715180081480 0.00144 309
1715180368622 0.00143 310
1715180673370 0.00143 311
1715180947626 0.00143 312
1715181221347 0.00143 313
1715181484425 0.00143 314
1715181744806 0.00142 315
1715181978013 0.00142 316
1715182224574 0.00142 317
1715182470459 0.00142 318
1715182744513 0.00142 319
1715183006071 0.00142 320
1715183262747 0.00141 321
1715183515875 0.00141 322
1715183775797 0.00141 323
1715184053364 0.00141 324
1715184287362 0.00141 325
1715184552975 0.0014 326
1715184836874 0.0014 327
1715185095940 0.0014 328
1715185341917 0.0014 329
1715185584762 0.0014 330
1715185847192 0.00139 331
1715186102489 0.00139 332
1715186376714 0.00139 333
1715186615790 0.00139 334
1715186868757 0.00139 335
1715187151048 0.00139 336
1715187411303 0.00138 337
1715187675730 0.00138 338
1715187930176 0.00138 339
1715188212410 0.00138 340
1715188451184 0.00138 341
1715188710747 0.00137 342
1715188983147 0.00137 343
1715189225486 0.00137 344
1715189518699 0.00137 345
1715189803122 0.00137 346
1715190049443 0.00136 347
1715190304926 0.00136 348
1715190572394 0.00136 349
1715190855075 0.00136 350
1715191091730 0.00136 351
1715191377602 0.00136 352
1715191631655 0.00135 353
1715191881490 0.00135 354
1715192156927 0.00135 355
1715192397759 0.00135 356
1715192647913 0.00135 357
1715192887148 0.00134 358
1715193162847 0.00134 359
1715193424293 0.00134 360
1715193681905 0.00134 361
1715193919942 0.00134 362
1715194170419 0.00133 363
1715194434757 0.00133 364
1715194699723 0.00133 365
1715194946283 0.00133 366
1715195198877 0.00133 367
1715195465535 0.00133 368
1715195717341 0.00132 369
1715196004550 0.00132 370
1715196261392 0.00132 371
1715196527292 0.00132 372
1715196781165 0.00132 373
1715197053081 0.00131 374
1715197316117 0.00131 375
1715197607482 0.00131 376
1715197872244 0.00131 377
1715198152897 0.00131 378
1715198379622 0.0013 379
1715198634723 0.0013 380
1715198884818 0.0013 381
1715199152859 0.0013 382
1715199417020 0.0013 383
1715199660314 0.0013 384
1715199938989 0.00129 385
1715200171426 0.00129 386
1715200458364 0.00129 387
1715200715092 0.00129 388
1715200961387 0.00129 389
1715201237777 0.00128 390
1715201474922 0.00128 391
1715201748096 0.00128 392
1715201959307 0.00128 393
1715202233324 0.00128 394
1715202481620 0.00127 395
1715202757975 0.00127 396
1715203002140 0.00127 397
1715203272192 0.00127 398
1715203493055 0.00127 399
1715203777333 0.00126 400
1715204053167 0.00126 401
1715204299905 0.00126 402
1715204593046 0.00126 403
1715204844059 0.00126 404
1715205109511 0.00126 405
1715205360397 0.00125 406
1715205619917 0.00125 407
1715205888386 0.00125 408
1715206138591 0.00125 409
1715206383523 0.00125 410
1715206646321 0.00124 411
1715206904744 0.00124 412
1715207148064 0.00124 413
1715207423906 0.00124 414
1715207667460 0.00124 415
1715207932067 0.00123 416
1715208227407 0.00123 417
1715208464596 0.00123 418
1715208729603 0.00123 419
1715208962610 0.00123 420
1715209214503 0.00122 421
1715209462503 0.00122 422
1715209731371 0.00122 423
1715210004668 0.00122 424
1715210292979 0.00122 425
1715210522935 0.00122 426
1715210813503 0.00121 427
1715211090561 0.00121 428
1715211366257 0.00121 429
1715211632492 0.00121 430
1715211899421 0.00121 431
1715212149880 0.0012 432
1715212424424 0.0012 433
1715212705451 0.0012 434
1715212951525 0.0012 435
1715213214796 0.0012 436
1715213482576 0.00119 437
1715213753607 0.00119 438
1715213992136 0.00119 439
1715214247197 0.00119 440
1715214525812 0.00119 441
1715214789854 0.00118 442
1715215062889 0.00118 443
1715215287459 0.00118 444
1715215550449 0.00118 445
1715215861373 0.00118 446
1715216073556 0.00118 447
1715216351085 0.00117 448
1715216633567 0.00117 449
1715216894999 0.00117 450
1715217146823 0.00117 451
1715217418648 0.00117 452
1715217675582 0.00116 453
1715217942664 0.00116 454
1715218174843 0.00116 455
1715218456113 0.00116 456
1715218716445 0.00116 457
1715218991725 0.00115 458
1715219245368 0.00115 459
1715219538833 0.00115 460
1715219811066 0.00115 461
1715220079161 0.00115 462
1715220314018 0.00114 463
1715220568656 0.00114 464
1715220821830 0.00114 465
1715221089052 0.00114 466
1715221358014 0.00114 467
1715221591567 0.00114 468
1715221850106 0.00113 469
1715222117032 0.00113 470
1715222365389 0.00113 471
1715222653155 0.00113 472
1715222938472 0.00113 473
1715223154155 0.00112 474
1715223446473 0.00112 475
1715223692908 0.00112 476
1715223979452 0.00112 477
1715224229204 0.00112 478
1715224486372 0.00111 479
1715224753298 0.00111 480
1715225080454 0.00111 481
1715225327688 0.00111 482
1715225576100 0.00111 483
1715225826638 0.0011 484
1715226077421 0.0011 485
1715226370130 0.0011 486
1715226604129 0.0011 487
1715226857952 0.0011 488
1715227131625 0.00109 489
1715227385896 0.00109 490
1715227646626 0.00109 491
1715227912163 0.00109 492
1715228159375 0.00109 493
1715228423659 0.00109 494
1715228674579 0.00108 495
1715228938412 0.00108 496
1715229201475 0.00108 497
1715229447181 0.00108 498
1715229735044 0.00108 499
1715230000713 0.00107 500
1715230265992 0.00107 501
