1715178013551 0.7207342213232499 300
1715178231472 0.7219385516603332 301
1715178494096 0.7245901209014171 302
1715178766168 0.711059523069427 303
1715179030720 0.6998931996315251 304
1715179312202 0.6651433528270635 305
1715179558757 0.7148550187661832 306
1715179825737 0.7320660846802662 307
1715180078990 0.6845552116023603 308
1715180350662 0.7090916122215126 309
1715180628757 0.7371643865566985 310
1715180899140 0.7557757318817645 311
1715181175124 0.7074739295666036 312
1715181440344 0.7086766375921673 313
1715181710083 0.7392401261100088 314
1715181975388 0.671328001553414 315
1715182216341 0.6771491944180916 316
1715182467822 0.6882092211682092 317
1715182741477 0.6656804061944217 318
1715183003623 0.5749737450381642 319
1715183260252 0.7058427775363163 320
1715183513352 0.7032689434818571 321
1715183772757 0.6094608734896928 322
1715184050717 0.7226406922530599 323
1715184284913 0.6472276347872676 324
1715184549974 0.7369423389456565 325
1715184834408 0.6925458255053597 326
1715185093156 0.6922619861677365 327
1715185339359 0.734413084347581 328
1715185582227 0.7303033759628114 329
1715185843898 0.6331227737167809 330
1715186092367 0.6974204918402346 331
1715186373663 0.6931594469694526 332
1715186613270 0.5978747355853974 333
1715186866197 0.7184743002129064 334
1715187148388 0.6183709450930779 335
1715187408450 0.7493907775016049 336
1715187673142 0.7224168801522391 337
1715187926980 0.7253008515119869 338
1715188209897 0.7162936253200757 339
1715188448498 0.7645656018902183 340
1715188708231 0.7246179808270525 341
1715188980517 0.716829911035945 342
1715189222884 0.7336129277025483 343
1715189471617 0.7533540390317283 344
1715189756326 0.7318772803459027 345
1715190019533 0.7364447997176973 346
1715190302323 0.6837861258921465 347
1715190569805 0.7214126752780565 348
1715190823586 0.6668196634793617 349
1715191089180 0.723365205449676 350
1715191374972 0.676970366102997 351
1715191629090 0.685775697802382 352
1715191878974 0.6995184924376046 353
1715192154342 0.7373088030874597 354
1715192395118 0.619276977149032 355
1715192644774 0.7403354198698666 356
1715192884498 0.6839388916131893 357
1715193153238 0.6838547109312699 358
1715193421783 0.7035722675960071 359
1715193679125 0.6954882331060522 360
1715193917263 0.7861143891757669 361
1715194167787 0.6682196411038107 362
1715194432110 0.7391003280316348 363
1715194696700 0.75764764886958 364
1715194943712 0.7236603332911798 365
1715195196332 0.7064929721682088 366
1715195462993 0.6924936678163621 367
1715195714721 0.7438183931104586 368
1715196001633 0.6971279200851492 369
1715196258242 0.623852036846255 370
1715196524663 0.717709639829969 371
1715196778371 0.7062757532537306 372
1715197042652 0.7692868662038789 373
1715197313136 0.7570746456562374 374
1715197570883 0.7509749631712512 375
1715197841231 0.7739758208065249 376
1715198136886 0.7280729713076276 377
1715198376916 0.7163591873723533 378
1715198632141 0.6558064684885224 379
1715198882289 0.7455980449260323 380
1715199150222 0.7200181956111964 381
1715199414335 0.687219265794195 382
1715199657700 0.6573097941282187 383
1715199936366 0.7683499870741678 384
1715200168828 0.7098960020525121 385
1715200448783 0.7077209557663026 386
1715200712472 0.6999342187527952 387
1715200958797 0.7355985403059114 388
1715201235164 0.7221395950561266 389
1715201472320 0.7059503860363289 390
1715201743024 0.7190475333910686 391
1715201956619 0.751026031997099 392
1715202222779 0.6967701908385936 393
1715202478905 0.7591081273949375 394
1715202755368 0.7092275793541992 395
1715202999477 0.7512070332450098 396
1715203238803 0.7581831983029766 397
1715203490381 0.7111174597489109 398
1715203729305 0.7188475496542112 399
1715204050590 0.6773699409920826 400
1715204297286 0.7724795131557894 401
1715204589741 0.7340338659843049 402
1715204841448 0.6833175545526592 403
1715205106785 0.7549076811220558 404
1715205357645 0.72972537878103 405
1715205617304 0.6872797729272122 406
1715205885697 0.7036361435587063 407
1715206135991 0.7111389069864924 408
1715206380926 0.7443948824027978 409
1715206643810 0.6930095878470548 410
1715206902233 0.7266513239721946 411
1715207145241 0.7134244681958758 412
1715207421383 0.733991661790203 413
1715207657800 0.7306431889321943 414
1715207929601 0.6761800938656852 415
1715208224918 0.7597902424364492 416
1715208462047 0.6885800141300848 417
1715208726810 0.6997571966009015 418
1715208960122 0.7216165413717228 419
1715209211947 0.7533100090398956 420
1715209459951 0.7319579718306276 421
1715209719043 0.7463797271383079 422
1715210002126 0.7502623865632785 423
1715210253791 0.7552394985321905 424
1715210520451 0.6783520668459931 425
1715210784078 0.781056633441694 426
1715211053367 0.7764877883966625 427
1715211330749 0.7795042837943078 428
1715211603471 0.7745324070958014 429
1715211851891 0.7835295478210133 430
1715212146147 0.6423994512603041 431
1715212421670 0.7347482544042114 432
1715212695676 0.7612824998599466 433
1715212948509 0.6731928513233546 434
1715213212387 0.7125287871689739 435
1715213479980 0.7172731781050612 436
1715213751103 0.7337377705945085 437
1715213989097 0.7428668760377558 438
1715214244704 0.7709449023861191 439
1715214523288 0.7635756544438461 440
1715214779886 0.7781517091951211 441
1715215060434 0.7606615443185146 442
1715215284982 0.7539709497867727 443
1715215548024 0.7417592691181034 444
1715215809613 0.7781033746319987 445
1715216070985 0.7407622505864874 446
1715216348588 0.7078097587101482 447
1715216630568 0.7860118220030773 448
1715216859451 0.689377525658304 449
1715217144454 0.7402541881314992 450
1715217416057 0.7397598824077775 451
1715217672700 0.7486873110888445 452
1715217940055 0.7430947437140051 453
1715218172381 0.7806819277006768 454
1715218453042 0.7342735810966058 455
1715218714009 0.7445373631003327 456
1715218989250 0.7124579633802571 457
1715219242365 0.7833742111727376 458
1715219494715 0.7895138206379417 459
1715219770200 0.7589009365888127 460
1715220032559 0.759406309477289 461
1715220309506 0.7304412782122769 462
1715220566218 0.7287151059711732 463
1715220818449 0.7654947352785569 464
1715221086614 0.7509169961779646 465
1715221354827 0.740880835536611 466
1715221589074 0.7352073282053863 467
1715221847605 0.734991543802454 468
1715222106664 0.7218420968278387 469
1715222362541 0.7825315684558947 470
1715222650595 0.75849236306728 471
1715222892942 0.8134387094898944 472
1715223151650 0.7473816974965236 473
1715223408629 0.7786913591085447 474
1715223690504 0.7434364033718439 475
1715223943647 0.7869208031597167 476
1715224226776 0.716174143250889 477
1715224483835 0.7729797765525652 478
1715224750765 0.7685227640343391 479
1715225042921 0.791822427636818 480
1715225293537 0.7701526909777219 481
1715225548834 0.7667080433986662 482
1715225811490 0.7895454855792278 483
1715226074945 0.7202550131724744 484
1715226367649 0.7566433515230641 485
1715226601478 0.7821624809364813 486
1715226855457 0.7592560049583191 487
1715227129131 0.7735293404750452 488
1715227383420 0.7735520606843271 489
1715227615709 0.796121236433093 490
1715227891281 0.807745197296875 491
1715228156898 0.7342980233906714 492
1715228421104 0.746784371634893 493
1715228664950 0.7803378682778616 494
1715228934243 0.737105448701708 495
1715229198989 0.7588810768785056 496
1715229444695 0.7590497517655326 497
1715229732438 0.6928096511098979 498
1715229978155 0.7578540172758285 499
1715230263434 0.7585087380104045 500
