1715178013587 -0.2644 0
1715178231554 -0.3379 0
1715178495399 -0.369 0
1715178766208 -0.3811 0
1715179030767 -0.3401 0
1715179312231 -0.3202 0
1715179558807 -0.2999 0
1715179825768 -0.3593 0
1715180079098 -0.3662 0
1715180350762 -0.36 0
1715180629235 -0.3722 0
1715180899166 -0.381 0
1715181175653 -0.3732 0
1715181440380 -0.3345 0
1715181710216 -0.3461 0
1715181975504 -0.3662 0
1715182216378 -0.3519 0
1715182467848 -0.4085 0
1715182741979 -0.3233 0
1715183003647 -0.3835 0
1715183260280 -0.3539 0
1715183513379 -0.3703 0
1715183772786 -0.3844 0
1715184050891 -0.3781 0
1715184284941 -0.3439 0
1715184550486 -0.3056 0
1715184834425 -0.3318 0
1715185093342 -0.4031 0
1715185339385 -0.4212 0
1715185582252 -0.4272 0
1715185843973 -0.3686 0
1715186092394 -0.4258 0
1715186373907 -0.3409 0
1715186613314 -0.3215 0
1715186866231 -0.3465 0
1715187148441 -0.4079 0
1715187408766 -0.3689 0
1715187673172 -0.3743 0
1715187927703 -0.404 0
1715188209931 -0.3809 0
1715188448609 -0.4 0
1715188708263 -0.4058 0
1715188980547 -0.3625 0
1715189222907 -0.3804 0
1715189471656 -0.4177 0
1715189756359 -0.3646 0
1715190019564 -0.3735 0
1715190302452 -0.4189 0
1715190569828 -0.4142 0
1715190823614 -0.3898 0
1715191089211 -0.3782 0
1715191375121 -0.3258 0
1715191629119 -0.3641 0
1715191878997 -0.4367 0
1715192154369 -0.4129 0
1715192395143 -0.4204 0
1715192644803 -0.3728 0
1715192884534 -0.4088 0
1715193153264 -0.3858 0
1715193421813 -0.4258 0
1715193679214 -0.386 0
1715193917357 -0.4011 0
1715194167832 -0.3928 0
1715194432148 -0.4194 0
1715194697004 -0.3999 0
1715194943744 -0.4063 0
1715195196364 -0.404 0
1715195463026 -0.3888 0
1715195714799 -0.4339 0
1715196001663 -0.3619 0
1715196258833 -0.4026 0
1715196524691 -0.3937 0
1715196778570 -0.3996 0
1715197042676 -0.4138 0
1715197313169 -0.4169 0
1715197570915 -0.4253 0
1715197841253 -0.4647 0
1715198136910 -0.3872 0
1715198377062 -0.3562 0
1715198632162 -0.4582 0
1715198882320 -0.4076 0
1715199150298 -0.3804 0
1715199414371 -0.3689 0
1715199657725 -0.4377 0
1715199936417 -0.431 0
1715200168851 -0.3793 0
1715200448889 -0.3767 0
1715200712499 -0.419 0
1715200958816 -0.3955 0
1715201235189 -0.3671 0
1715201472357 -0.3894 0
1715201745416 -0.405 0
1715201956666 -0.4289 0
1715202222824 -0.3771 0
1715202479095 -0.398 0
1715202755419 -0.4534 0
1715202999505 -0.3685 0
1715203238827 -0.4406 0
1715203490434 -0.4395 0
1715203729329 -0.4747 0
1715204050650 -0.4156 0
1715204297315 -0.3703 0
1715204590456 -0.4605 0
1715204841472 -0.3666 0
1715205106815 -0.4285 0
1715205357751 -0.4382 0
1715205617335 -0.441 0
1715205885871 -0.4416 0
1715206136050 -0.4348 0
1715206380949 -0.4557 0
1715206643835 -0.4346 0
1715206902267 -0.4405 0
1715207145271 -0.4344 0
1715207421418 -0.452 0
1715207657927 -0.4457 0
1715207929631 -0.455 0
1715208224977 -0.4746 0
1715208462075 -0.3942 0
1715208726931 -0.3895 0
1715208960149 -0.4356 0
1715209211996 -0.4053 0
1715209459980 -0.419 0
1715209719760 -0.426 0
1715210002152 -0.4525 0
1715210253860 -0.4149 0
1715210520478 -0.44 0
1715210784104 -0.4602 0
1715211053398 -0.4685 0
1715211331025 -0.4409 0
1715211603496 -0.4256 0
1715211851974 -0.4195 0
1715212146194 -0.4384 0
1715212421974 -0.4153 0
1715212695700 -0.4636 0
1715212948795 -0.4542 0
1715213212413 -0.3793 0
1715213480002 -0.4278 0
1715213751140 -0.4925 0
1715213989150 -0.4479 0
1715214244727 -0.4378 0
1715214523358 -0.4716 0
1715214779908 -0.4571 0
1715215060472 -0.4252 0
1715215285007 -0.3956 0
1715215548049 -0.4475 0
1715215809648 -0.4802 0
1715216071060 -0.4416 0
1715216348615 -0.477 0
1715216630671 -0.4818 0
1715216859482 -0.4136 0
1715217144477 -0.3891 0
1715217416228 -0.4602 0
1715217672728 -0.463 0
1715217940223 -0.4734 0
1715218172418 -0.444 0
1715218453085 -0.4362 0
1715218714047 -0.4519 0
1715218989349 -0.4439 0
1715219242403 -0.4106 0
1715219494747 -0.4167 0
1715219770231 -0.4522 0
1715220032584 -0.487 0
1715220309704 -0.5081 0
1715220566269 -0.4322 0
1715220818491 -0.4736 0
1715221086647 -0.422 0
1715221354944 -0.4853 0
1715221589100 -0.4565 0
1715221847634 -0.4542 0
1715222106689 -0.454 0
1715222362977 -0.4443 0
1715222650670 -0.4983 0
1715222892969 -0.447 0
1715223151740 -0.4229 0
1715223408743 -0.4352 0
1715223690526 -0.4606 0
1715223943880 -0.4413 0
1715224226804 -0.4923 0
1715224483863 -0.4576 0
1715224750831 -0.4941 0
1715225042953 -0.4859 0
1715225293559 -0.4537 0
1715225548902 -0.4792 0
1715225811520 -0.4787 0
1715226074971 -0.4304 0
1715226367683 -0.4525 0
1715226601539 -0.48 0
1715226855480 -0.4521 0
1715227129161 -0.4581 0
1715227383455 -0.4666 0
1715227615740 -0.4603 0
1715227891314 -0.4843 0
1715228156921 -0.4583 0
1715228421157 -0.4415 0
1715228664981 -0.4773 0
1715228934318 -0.4726 0
1715229199012 -0.4729 0
1715229444732 -0.4577 0
1715229732471 -0.4936 0
1715229978183 -0.4748 0
1715230263479 -0.5016 0
