1711835767536 0.001 0
1711835813707 0.001 1
1711835849799 0.001 2
1711835885987 0.001 3
1711835923342 0.001 4
1711835947494 0.001 5
1711835983927 0.001 6
1711836007884 0.001 7
1711836031367 0.001 8
1711836067764 0.001 9
1711836091827 0.001 10
1711836116183 0.001 11
1711836152835 0.001 12
1711836189800 0.001 13
1711836213491 0.001 14
1711836237735 0.001 15
1711836262615 0.001 16
1711836300907 0.001 17
1711836325981 0.001 18
1711836336442 0.001 19
1711836346851 0.001 20
1711836371358 0.001 21
1711836381854 0.001 22
1711836392269 0.001 23
1711836429325 0.001 24
1711836453807 0.001 25
1711836477513 0.001 26
1711836501796 0.001 27
1711836512222 0.001 28
1711836536710 0.001 29
1711836560974 0.001 30
1711836584668 0.001 31
1711836595047 0.001 32
1711836605470 0.001 33
1711836615861 0.001 34
1711836652807 0.001 35
1711836663272 0.001 36
1711836673722 0.001 37
1711836697729 0.001 38
1711836708297 0.001 39
1711836731982 0.001 40
1711836742560 0.001 41
1711836766342 0.001 42
1711836803555 0.001 43
1711836814147 0.001 44
1711836838456 0.001 45
1711836862210 0.001 46
1711836899007 0.001 47
1711836936004 0.001 48
1711836946459 0.001 49
1711836970392 0.001 50
1711836980844 0.001 51
1711836991622 0.001 52
1711837002176 0.001 53
1711837012654 0.001 54
1711837023207 0.001 55
1711837033708 0.001 56
1711837044213 0.001 57
1711837054968 0.001 58
1711837079237 0.001 59
1711837104133 0.001 60
1711837128324 0.001 61
1711837152035 0.001 62
1711837162726 0.001 63
1711837173371 0.001 64
1711837184129 0.001 65
1711837194813 0.001 66
1711837205458 0.001 67
1711837216368 0.001 68
1711837227012 0.001 69
1711837250863 0.001 70
1711837275871 0.001 71
1711837286554 0.001 72
1711837297256 0.001 73
1711837307915 0.001 74
1711837319156 0.001 75
1711837329876 0.001 76
1711837340507 0.001 77
1711837351207 0.001 78
1711837361859 0.001 79
1711837372571 0.001 80
1711837383194 0.001 81
1711837393964 0.001 82
1711837418307 0.001 83
1711837441982 0.001 84
1711837466503 0.001 85
1711837477236 0.001 86
1711837487758 0.001 87
1711837498209 0.001 88
1711837508899 0.001 89
1711837519466 0.001 90
1711837530315 0.001 91
1711837540785 0.001 92
1711837551325 0.001 93
1711837561780 0.001 94
1711837572253 0.001 95
1711837582853 0.001 96
1711837593447 0.001 97
1711837604121 0.001 98
1711837615422 0.001 99
1711837639978 0.001 100
1711837650581 0.001 101
1711837661194 0.001 102
1711837671824 0.001 103
1711837682431 0.001 104
1711837705938 0.001 105
1711837716673 0.001 106
1711837727738 0.001 107
1711837738335 0.001 108
1711837749037 0.001 109
1711837759718 0.001 110
1711837770328 0.001 111
1711837780886 0.001 112
1711837804641 0.001 113
1711837829114 0.001 114
1711837853383 0.001 115
1711837877518 0.001 116
1711837901322 0.001 117
1711837925835 0.001 118
1711837949522 0.001 119
1711837973772 0.001 120
1711838011348 0.001 121
1711838035895 0.001 122
1711838060011 0.001 123
1711838084304 0.001 124
1711838094773 0.001 125
1711838105336 0.001 126
1711838115986 0.001 127
1711838127177 0.001 128
1711838137984 0.001 129
1711838148701 0.001 130
1711838159369 0.001 131
1711838169906 0.001 132
1711838180562 0.001 133
1711838191107 0.001 134
1711838201720 0.001 135
1711838212889 0.001 136
1711838223481 0.001 137
1711838234094 0.001 138
1711838244852 0.001 139
1711838255480 0.001 140
1711838266217 0.001 141
1711838276944 0.001 142
1711838287504 0.001 143
1711838298470 0.001 144
1711838309198 0.001 145
1711838319835 0.001 146
1711838330624 0.001 147
1711838341390 0.001 148
1711838352033 0.001 149
1711838376719 0.001 150
1711838387568 0.001 151
1711838398863 0.001 152
1711838409458 0.001 153
1711838433349 0.001 154
1711838457348 0.001 155
1711838481275 0.001 156
1711838491920 0.001 157
1711838511989 0.001 158
1711838535807 0.001 159
1711838559918 0.001 160
1711838570434 0.001 161
1711838581026 0.001 162
1711838591634 0.001 163
1711838602323 0.001 164
1711838626568 0.001 165
1711838650353 0.001 166
1711838661030 0.001 167
1711838671759 0.001 168
1711838695718 0.001 169
1711838719775 0.001 170
1711838744272 0.001 171
1711838768689 0.001 172
1711838779470 0.001 173
1711838790219 0.001 174
1711838814022 0.001 175
1711838838116 0.001 176
1711838875312 0.001 177
1711838899545 0.001 178
1711838910152 0.001 179
1711838920793 0.001 180
1711838931398 0.001 181
1711838941998 0.001 182
1711838952712 0.001 183
1711838977006 0.001 184
1711839000830 0.001 185
1711839024558 0.001 186
1711839035099 0.001 187
1711839058878 0.001 188
1711839083263 0.001 189
1711839107467 0.001 190
1711839118137 0.001 191
1711839128862 0.001 192
1711839153134 0.001 193
1711839177830 0.001 194
1711839201881 0.001 195
1711839212555 0.001 196
1711839223800 0.001 197
1711839234472 0.001 198
1711839245174 0.001 199
1711839282429 0.001 200
1711839307186 0.001 201
1711839317832 0.001 202
1711839328454 0.001 203
1711839339360 0.001 204
1711839349958 0.001 205
1711839373711 0.001 206
1711839397487 0.001 207
1711839408145 0.001 208
1711839418882 0.001 209
1711839429614 0.001 210
1711839440659 0.001 211
1711839451253 0.001 212
1711839461754 0.001 213
1711839485784 0.001 214
1711839510205 0.001 215
1711839520652 0.001 216
1711839531106 0.001 217
1711839541594 0.001 218
1711839552494 0.001 219
1711839563065 0.001 220
1711839573543 0.001 221
1711839584117 0.001 222
1711839594701 0.001 223
1711839618751 0.001 224
1711839629228 0.001 225
1711839653475 0.001 226
1711839664062 0.001 227
1711839674594 0.001 228
1711839698368 0.001 229
1711839722716 0.001 230
1711839746690 0.001 231
1711839757131 0.001 232
1711839768107 0.001 233
1711839778696 0.001 234
1711839789329 0.001 235
1711839799893 0.001 236
1711839810361 0.001 237
1711839820844 0.001 238
1711839831408 0.001 239
1711839842077 0.001 240
1711839853081 0.001 241
1711839863693 0.001 242
1711839874314 0.001 243
1711839884934 0.001 244
1711839895592 0.001 245
1711839906265 0.001 246
1711839916899 0.001 247
1711839927498 0.001 248
1711839938190 0.001 249
1711839962989 0.001 250
1711839973565 0.001 251
1711840011280 0.001 252
1711840021782 0.001 253
1711840032300 0.001 254
1711840042793 0.001 255
1711840053284 0.001 256
1711840064149 0.001 257
1711840074774 0.001 258
1711840085421 0.001 259
1711840095909 0.001 260
1711840106533 0.001 261
1711840130297 0.001 262
1711840140919 0.001 263
1711840151582 0.001 264
1711840162604 0.001 265
1711840173123 0.001 266
1711840183658 0.001 267
1711840194218 0.001 268
1711840204787 0.001 269
1711840215330 0.001 270
1711840239347 0.001 271
1711840249895 0.001 272
1711840274024 0.001 273
1711840298463 0.001 274
1711840308972 0.001 275
1711840319415 0.001 276
1711840330024 0.001 277
1711840340545 0.001 278
1711840351153 0.001 279
1711840361811 0.001 280
1711840372849 0.001 281
1711840397165 0.001 282
1711840407658 0.001 283
1711840418168 0.001 284
1711840428821 0.001 285
1711840439476 0.001 286
1711840463719 0.001 287
1711840474503 0.001 288
1711840485045 0.001 289
1711840508875 0.001 290
1711840532635 0.001 291
1711840556777 0.001 292
1711840581128 0.001 293
1711840591593 0.001 294
1711840602244 0.001 295
1711840613098 0.001 296
1711840623684 0.001 297
1711840634385 0.001 298
1711840645151 0.001 299
1711840682759 0.001 300
1711840707619 0.001 301
1711840731981 0.001 302
1711840742470 0.001 303
1711840766256 0.001 304
1711840790863 0.001 305
1711840814708 0.001 306
1711840825694 0.001 307
1711840836170 0.001 308
1711840859835 0.001 309
1711840870432 0.001 310
1711840894157 0.001 311
1711840904647 0.001 312
1711840915214 0.001 313
1711840925808 0.001 314
1711840936653 0.001 315
1711840947180 0.001 316
1711840970905 0.001 317
1711840981515 0.001 318
1711841005132 0.001 319
1711841029747 0.001 320
1711841054056 0.001 321
1711841064667 0.001 322
1711841075302 0.001 323
1711841085860 0.001 324
1711841096411 0.001 325
1711841106962 0.001 326
1711841117578 0.001 327
1711841128201 0.001 328
1711841139404 0.001 329
1711841150272 0.001 330
1711841160896 0.001 331
1711841171477 0.001 332
1711841182035 0.001 333
1711841192539 0.001 334
1711841203094 0.001 335
1711841213659 0.001 336
1711841224749 0.001 337
1711841235398 0.001 338
1711841246064 0.001 339
1711841256710 0.001 340
1711841267292 0.001 341
1711841277970 0.001 342
1711841288748 0.001 343
1711841299290 0.001 344
1711841310013 0.001 345
1711841321067 0.001 346
1711841331671 0.001 347
1711841356339 0.001 348
1711841366906 0.001 349
1711841391009 0.001 350
1711841401538 0.001 351
1711841412129 0.001 352
1711841423161 0.001 353
1711841433906 0.001 354
1711841444513 0.001 355
1711841455097 0.001 356
1711841465699 0.001 357
1711841476466 0.001 358
1711841487095 0.001 359
1711841497719 0.001 360
1711841508791 0.001 361
1711841519392 0.001 362
1711841530129 0.001 363
1711841540924 0.001 364
1711841551547 0.001 365
1711841562261 0.001 366
1711841572959 0.001 367
1711841583609 0.001 368
1711841594838 0.001 369
1711841605624 0.001 370
1711841616292 0.001 371
1711841626952 0.001 372
1711841637528 0.001 373
1711841648100 0.001 374
1711841658660 0.001 375
1711841669295 0.001 376
1711841680326 0.001 377
1711841690900 0.001 378
1711841701554 0.001 379
1711841712160 0.001 380
1711841722924 0.001 381
1711841733575 0.001 382
1711841744363 0.001 383
1711841755084 0.001 384
1711841766264 0.001 385
1711841776969 0.001 386
1711841787576 0.001 387
1711841798258 0.001 388
1711841808941 0.001 389
1711841819739 0.001 390
1711841830455 0.001 391
1711841854546 0.001 392
1711841880311 0.001 393
1711841904433 0.001 394
1711841914983 0.001 395
1711841925771 0.001 396
1711841936359 0.001 397
1711841947146 0.001 398
1711841957867 0.001 399
1711841982588 0.001 400
1711841993215 0.001 401
1711842017441 0.001 402
1711842041592 0.001 403
1711842065381 0.001 404
1711842075933 0.001 405
1711842087417 0.001 406
1711842098235 0.001 407
1711842108965 0.001 408
1711842119586 0.001 409
1711842143427 0.001 410
1711842167508 0.001 411
1711842191165 0.001 412
1711842202192 0.001 413
1711842212711 0.001 414
1711842223210 0.001 415
1711842233824 0.001 416
1711842244343 0.001 417
1711842254843 0.001 418
1711842265400 0.001 419
1711842290037 0.001 420
1711842300950 0.001 421
1711842311747 0.001 422
1711842322422 0.001 423
1711842333024 0.001 424
1711842343712 0.001 425
1711842354495 0.001 426
1711842365208 0.001 427
1711842375729 0.001 428
1711842386687 0.001 429
1711842397180 0.001 430
1711842407884 0.001 431
1711842418452 0.001 432
1711842428953 0.001 433
1711842439620 0.001 434
1711842450148 0.001 435
1711842460735 0.001 436
1711842471441 0.001 437
1711842482280 0.001 438
1711842492801 0.001 439
1711842503402 0.001 440
1711842513940 0.001 441
1711842524465 0.001 442
1711842535106 0.001 443
1711842559792 0.001 444
1711842570348 0.001 445
1711842581134 0.001 446
1711842591601 0.001 447
1711842602252 0.001 448
1711842612966 0.001 449
1711842636664 0.001 450
1711842647241 0.001 451
1711842657770 0.001 452
1711842668246 0.001 453
1711842679082 0.001 454
1711842689627 0.001 455
1711842700191 0.001 456
1711842710863 0.001 457
1711842721569 0.001 458
1711842732258 0.001 459
1711842742859 0.001 460
1711842753485 0.001 461
1711842764452 0.001 462
1711842775042 0.001 463
1711842785584 0.001 464
1711842796123 0.001 465
1711842806845 0.001 466
1711842817543 0.001 467
1711842828126 0.001 468
1711842838715 0.001 469
1711842849273 0.001 470
1711842860254 0.001 471
1711842870780 0.001 472
1711842895810 0.001 473
1711842906270 0.001 474
1711842916795 0.001 475
1711842927428 0.001 476
1711842937983 0.001 477
1711842948579 0.001 478
1711842959537 0.001 479
1711842983323 0.001 480
1711843008286 0.001 481
1711843032169 0.001 482
1711843057207 0.001 483
1711843067847 0.001 484
1711843078972 0.001 485
1711843089557 0.001 486
1711843100400 0.001 487
1711843111015 0.001 488
1711843121617 0.001 489
1711843132294 0.001 490
1711843143010 0.001 491
1711843168030 0.001 492
1711843192835 0.001 493
1711843217360 0.001 494
1711843241179 0.001 495
1711843265262 0.001 496
1711843289738 0.001 497
1711843314036 0.001 498
1711843324952 0.001 499
1711843349184 0.001 500
1711843359852 0.001 501
1711843370531 0.001 502
1711843381089 0.001 503
1711843391590 0.001 504
1711843402134 0.001 505
1711843413069 0.001 506
1711843423615 0.001 507
1711843434168 0.001 508
1711843444768 0.001 509
1711843455488 0.001 510
1711843466161 0.001 511
1711843476769 0.001 512
1711843487332 0.001 513
1711843497860 0.001 514
1711843508907 0.001 515
1711843519559 0.001 516
1711843543714 0.001 517
1711843554216 0.001 518
1711843564844 0.001 519
1711843575399 0.001 520
1711843585909 0.001 521
1711843596466 0.001 522
1711843607414 0.001 523
1711843617967 0.001 524
1711843628540 0.001 525
1711843639115 0.001 526
1711843649764 0.001 527
1711843660328 0.001 528
1711843670977 0.001 529
1711843681528 0.001 530
1711843692522 0.001 531
1711843703141 0.001 532
1711843713734 0.001 533
1711843724257 0.001 534
1711843734783 0.001 535
1711843745333 0.001 536
1711843755912 0.001 537
1711843766640 0.001 538
1711843777278 0.001 539
1711843788279 0.001 540
1711843798773 0.001 541
1711843809454 0.001 542
1711843820160 0.001 543
1711843830800 0.001 544
1711843841574 0.001 545
1711843865683 0.001 546
1711843876288 0.001 547
1711843887250 0.001 548
1711843898015 0.001 549
1711843921870 0.001 550
1711843932417 0.001 551
1711843942920 0.001 552
1711843966618 0.001 553
1711843977147 0.001 554
1711843987686 0.001 555
1711843998555 0.001 556
1711844022400 0.001 557
1711844047497 0.001 558
1711844058010 0.001 559
1711844068683 0.001 560
1711844079239 0.001 561
1711844089760 0.001 562
1711844100562 0.001 563
1711844111236 0.001 564
1711844121929 0.001 565
1711844132525 0.001 566
1711844157093 0.001 567
1711844181252 0.001 568
1711844191865 0.001 569
1711844202664 0.001 570
1711844226762 0.001 571
1711844237511 0.001 572
1711844248252 0.001 573
1711844272526 0.001 574
1711844283256 0.001 575
1711844293962 0.001 576
1711844305036 0.001 577
1711844315856 0.001 578
1711844326560 0.001 579
1711844337444 0.001 580
1711844348132 0.001 581
1711844358858 0.001 582
1711844369669 0.001 583
1711844380807 0.001 584
1711844391434 0.001 585
1711844415027 0.001 586
1711844439229 0.001 587
1711844463400 0.001 588
1711844487278 0.001 589
1711844511591 0.001 590
1711844535520 0.001 591
1711844559463 0.001 592
1711844583545 0.001 593
1711844594051 0.001 594
1711844604514 0.001 595
1711844615177 0.001 596
1711844640163 0.001 597
1711844650642 0.001 598
1711844661190 0.001 599
1711844685441 0.001 600
1711844696153 0.001 601
1711844706869 0.001 602
1711844717464 0.001 603
1711844728474 0.001 604
1711844739140 0.001 605
1711844749819 0.001 606
1711844760429 0.001 607
1711844771067 0.001 608
1711844781803 0.001 609
1711844792401 0.001 610
1711844803527 0.001 611
1711844814609 0.001 612
1711844825289 0.001 613
1711844835992 0.001 614
1711844846563 0.001 615
1711844857099 0.001 616
1711844867625 0.001 617
1711844878221 0.001 618
1711844888768 0.001 619
1711844899682 0.001 620
1711844910257 0.001 621
1711844920797 0.001 622
1711844931337 0.001 623
1711844941861 0.001 624
1711844952405 0.001 625
1711844963184 0.001 626
1711844973759 0.001 627
1711844984308 0.001 628
1711844995157 0.001 629
1711845005940 0.001 630
1711845016630 0.001 631
1711845027259 0.001 632
1711845037914 0.001 633
1711845048580 0.001 634
1711845059173 0.001 635
1711845069763 0.001 636
1711845080892 0.001 637
1711845091674 0.001 638
1711845102280 0.001 639
1711845112856 0.001 640
1711845123410 0.001 641
1711845134063 0.001 642
1711845144689 0.001 643
1711845155264 0.001 644
1711845166372 0.001 645
1711845177072 0.001 646
1711845187684 0.001 647
1711845198256 0.001 648
1711845208928 0.001 649
1711845233205 0.001 650
1711845243930 0.001 651
1711845254513 0.001 652
1711845265573 0.001 653
1711845276300 0.001 654
1711845286894 0.001 655
1711845297451 0.001 656
1711845308017 0.001 657
1711845318764 0.001 658
1711845329373 0.001 659
1711845340205 0.001 660
1711845351348 0.001 661
1711845375241 0.001 662
1711845399570 0.001 663
1711845423716 0.001 664
1711845448472 0.001 665
1711845459067 0.001 666
1711845469642 0.001 667
1711845494394 0.001 668
1711845517966 0.001 669
1711845528788 0.001 670
1711845539423 0.001 671
1711845550093 0.001 672
1711845560700 0.001 673
1711845571319 0.001 674
1711845582343 0.001 675
1711845592993 0.001 676
1711845603637 0.001 677
1711845614365 0.001 678
1711845625021 0.001 679
1711845635622 0.001 680
1711845646257 0.001 681
1711845656862 0.001 682
1711845680199 0.001 683
1711845703586 0.001 684
1711845714237 0.001 685
1711845724880 0.001 686
1711845735576 0.001 687
1711845746251 0.001 688
1711845756981 0.001 689
1711845768105 0.001 690
1711845778893 0.001 691
1711845789685 0.001 692
1711845800547 0.001 693
1711845811223 0.001 694
1711845821861 0.001 695
1711845832630 0.001 696
1711845843548 0.001 697
1711845854577 0.001 698
1711845865473 0.001 699
1711845888809 0.001 700
1711845899403 0.001 701
1711845909961 0.001 702
1711845920551 0.001 703
1711845931162 0.001 704
1711845967763 0.001 705
1711845991222 0.001 706
1711846014906 0.001 707
1711846025604 0.001 708
1711846036318 0.001 709
1711846046879 0.001 710
1711846057802 0.001 711
1711846068447 0.001 712
1711846079044 0.001 713
1711846089871 0.001 714
1711846100485 0.001 715
1711846111295 0.001 716
1711846121929 0.001 717
1711846132664 0.001 718
1711846143285 0.001 719
1711846154231 0.001 720
1711846164915 0.001 721
1711846175558 0.001 722
1711846186230 0.001 723
1711846196901 0.001 724
1711846207713 0.001 725
1711846218475 0.001 726
1711846229162 0.001 727
1711846240077 0.001 728
1711846250775 0.001 729
1711846261424 0.001 730
1711846284795 0.001 731
1711846308371 0.001 732
1711846318911 0.001 733
1711846355493 0.001 734
1711846366220 0.001 735
1711846376789 0.001 736
1711846400023 0.001 737
1711846410685 0.001 738
1711846433963 0.001 739
1711846444741 0.001 740
1711846455604 0.001 741
1711846466387 0.001 742
1711846477108 0.001 743
1711846487823 0.001 744
1711846498496 0.001 745
1711846509125 0.001 746
1711846519808 0.001 747
1711846530812 0.001 748
1711846541551 0.001 749
1711846564911 0.001 750
1711846575590 0.001 751
1711846586372 0.001 752
1711846597102 0.001 753
1711846607693 0.001 754
1711846618304 0.001 755
1711846629427 0.001 756
1711846652744 0.001 757
1711846663373 0.001 758
1711846686726 0.001 759
1711846697374 0.001 760
1711846708093 0.001 761
1711846718838 0.001 762
1711846729631 0.001 763
1711846740749 0.001 764
1711846751517 0.001 765
1711846762190 0.001 766
1711846772880 0.001 767
1711846783662 0.001 768
1711846794428 0.001 769
1711846805099 0.001 770
1711846815737 0.001 771
1711846826649 0.001 772
1711846837260 0.001 773
1711846847914 0.001 774
1711846858530 0.001 775
1711846869301 0.001 776
1711846879953 0.001 777
1711846890695 0.001 778
1711846901898 0.001 779
1711846912599 0.001 780
1711846923254 0.001 781
1711846934014 0.001 782
1711846944905 0.001 783
1711846955776 0.001 784
1711846966628 0.001 785
1711846977343 0.001 786
1711847001801 0.001 787
1711847012453 0.001 788
1711847023085 0.001 789
1711847033751 0.001 790
1711847057225 0.001 791
1711847080800 0.001 792
1711847091649 0.001 793
1711847102757 0.001 794
1711847113417 0.001 795
1711847124075 0.001 796
1711847147778 0.001 797
1711847171322 0.001 798
1711847194796 0.001 799
1711847230921 0.001 800
1711847254613 0.001 801
1711847277966 0.001 802
1711847288645 0.001 803
1711847299500 0.001 804
1711847310282 0.001 805
1711847320949 0.001 806
1711847331939 0.001 807
1711847342656 0.001 808
1711847353320 0.001 809
1711847364181 0.001 810
1711847374957 0.001 811
1711847385670 0.001 812
1711847396379 0.001 813
1711847407211 0.001 814
1711847418345 0.001 815
1711847429238 0.001 816
1711847439959 0.001 817
1711847450795 0.001 818
1711847461411 0.001 819
1711847472045 0.001 820
1711847482567 0.001 821
1711847493075 0.001 822
1711847503934 0.001 823
1711847514655 0.001 824
1711847525291 0.001 825
1711847535897 0.001 826
1711847546379 0.001 827
1711847556911 0.001 828
1711847580053 0.001 829
1711847590511 0.001 830
1711847613840 0.001 831
1711847624551 0.001 832
1711847635032 0.001 833
1711847645699 0.001 834
1711847656336 0.001 835
1711847666850 0.001 836
1711847677414 0.001 837
1711847688329 0.001 838
1711847699004 0.001 839
1711847709556 0.001 840
1711847732855 0.001 841
1711847755917 0.001 842
1711847766478 0.001 843
1711847776957 0.001 844
1711847787517 0.001 845
1711847798377 0.001 846
1711847808869 0.001 847
1711847819457 0.001 848
1711847830073 0.001 849
1711847853151 0.001 850
1711847863682 0.001 851
1711847874208 0.001 852
1711847884714 0.001 853
1711847895229 0.001 854
1711847906096 0.001 855
1711847916642 0.001 856
1711847927268 0.001 857
1711847937783 0.001 858
1711847948414 0.001 859
1711847959076 0.001 860
1711847969784 0.001 861
1711847980487 0.001 862
1711847991510 0.001 863
1711848002067 0.001 864
1711848012573 0.001 865
1711848023222 0.001 866
1711848033969 0.001 867
1711848044509 0.001 868
1711848054997 0.001 869
1711848065612 0.001 870
1711848076151 0.001 871
1711848087001 0.001 872
1711848097695 0.001 873
1711848108288 0.001 874
1711848118794 0.001 875
1711848129456 0.001 876
1711848140124 0.001 877
1711848150705 0.001 878
1711848161322 0.001 879
1711848172289 0.001 880
1711848182813 0.001 881
1711848193483 0.001 882
1711848204047 0.001 883
1711848214585 0.001 884
1711848225250 0.001 885
1711848235756 0.001 886
1711848246309 0.001 887
1711848256879 0.001 888
1711848267847 0.001 889
1711848278409 0.001 890
1711848288930 0.001 891
1711848299498 0.001 892
1711848309975 0.001 893
1711848333295 0.001 894
1711848344016 0.001 895
1711848354964 0.001 896
1711848365465 0.001 897
1711848375967 0.001 898
1711848386539 0.001 899
1711848409752 0.001 900
1711848420351 0.001 901
1711848443641 0.001 902
1711848454236 0.001 903
1711848465317 0.001 904
1711848476072 0.001 905
1711848486830 0.001 906
1711848497544 0.001 907
1711848508120 0.001 908
1711848518880 0.001 909
1711848529576 0.001 910
1711848540325 0.001 911
1711848551055 0.001 912
1711848587634 0.001 913
1711848611343 0.001 914
1711848634651 0.001 915
1711848658235 0.001 916
1711848681666 0.001 917
1711848692554 0.001 918
1711848703211 0.001 919
1711848713908 0.001 920
1711848737457 0.001 921
1711848748062 0.001 922
1711848758647 0.001 923
1711848769191 0.001 924
1711848780407 0.001 925
1711848791179 0.001 926
1711848801877 0.001 927
1711848812447 0.001 928
1711848822971 0.001 929
1711848833445 0.001 930
1711848843987 0.001 931
1711848854548 0.001 932
1711848865080 0.001 933
1711848875992 0.001 934
1711848886478 0.001 935
1711848896979 0.001 936
1711848920229 0.001 937
1711848943423 0.001 938
1711848967144 0.001 939
1711848977609 0.001 940
1711848988076 0.001 941
1711848998794 0.001 942
1711849009274 0.001 943
1711849019825 0.001 944
1711849030493 0.001 945
1711849041181 0.001 946
1711849064582 0.001 947
1711849088139 0.001 948
1711849099008 0.001 949
1711849123069 0.001 950
1711849133562 0.001 951
1711849144119 0.001 952
1711849154653 0.001 953
1711849165205 0.001 954
1711849175819 0.001 955
1711849186405 0.001 956
1711849197442 0.001 957
1711849208189 0.001 958
1711849218801 0.001 959
1711849229565 0.001 960
1711849240570 0.001 961
1711849251271 0.001 962
1711849261901 0.001 963
1711849272569 0.001 964
1711849283595 0.001 965
1711849307979 0.001 966
1711849331633 0.001 967
1711849342212 0.001 968
1711849365888 0.001 969
1711849376405 0.001 970
1711849386918 0.001 971
1711849398074 0.001 972
1711849408628 0.001 973
1711849419174 0.001 974
1711849429717 0.001 975
1711849440397 0.001 976
1711849463900 0.001 977
1711849474521 0.001 978
1711849485091 0.001 979
1711849496015 0.001 980
1711849506718 0.001 981
1711849517394 0.001 982
1711849527955 0.001 983
1711849538541 0.001 984
1711849549116 0.001 985
1711849559799 0.001 986
1711849570411 0.001 987
1711849581007 0.001 988
1711849592127 0.001 989
1711849602729 0.001 990
1711849613537 0.001 991
1711849624304 0.001 992
1711849634894 0.001 993
1711849645415 0.001 994
1711849655941 0.001 995
1711849666444 0.001 996
1711849676967 0.001 997
1711849687752 0.001 998
1711849698290 0.001 999
1711849722262 0.001 1000
1711849732786 0.001 1001
1711849743346 0.001 1002
1711849753997 0.001 1003
1711849764524 0.001 1004
1711849775476 0.001 1005
1711849786048 0.001 1006
1711849796701 0.001 1007
1711849807351 0.001 1008
1711849817962 0.001 1009
1711849855264 0.001 1010
1711849865930 0.001 1011
1711849876898 0.001 1012
1711849887480 0.001 1013
1711849898116 0.001 1014
1711849908694 0.001 1015
1711849919503 0.001 1016
1711849930258 0.001 1017
1711849941036 0.001 1018
1711849951579 0.001 1019
1711849962256 0.001 1020
1711849973320 0.001 1021
1711849984059 0.001 1022
1711849994831 0.001 1023
1711850018208 0.001 1024
1711850041596 0.001 1025
1711850065145 0.001 1026
1711850088332 0.001 1027
1711850099291 0.001 1028
1711850109826 0.001 1029
1711850120366 0.001 1030
1711850131108 0.001 1031
1711850141747 0.001 1032
1711850152314 0.001 1033
1711850162924 0.001 1034
1711850173538 0.001 1035
1711850184518 0.001 1036
1711850195111 0.001 1037
1711850205685 0.001 1038
1711850216234 0.001 1039
1711850226786 0.001 1040
1711850237555 0.001 1041
1711850248312 0.001 1042
1711850258904 0.001 1043
1711850269845 0.001 1044
1711850280417 0.001 1045
1711850290997 0.001 1046
1711850301811 0.001 1047
1711850312649 0.001 1048
1711850323372 0.001 1049
1711850346961 0.001 1050
1711850357580 0.001 1051
1711850368546 0.001 1052
1711850379061 0.001 1053
1711850389701 0.001 1054
1711850400375 0.001 1055
1711850411237 0.001 1056
1711850421754 0.001 1057
1711850432324 0.001 1058
1711850442883 0.001 1059
1711850453424 0.001 1060
1711850464397 0.001 1061
1711850475096 0.001 1062
1711850485648 0.001 1063
1711850496219 0.001 1064
1711850506810 0.001 1065
1711850517617 0.001 1066
1711850528204 0.001 1067
1711850538771 0.001 1068
1711850549506 0.001 1069
1711850560509 0.001 1070
1711850571144 0.001 1071
1711850581845 0.001 1072
1711850592483 0.001 1073
1711850603192 0.001 1074
1711850613851 0.001 1075
1711850624524 0.001 1076
1711850635074 0.001 1077
1711850646071 0.001 1078
1711850656637 0.001 1079
1711850667223 0.001 1080
1711850677751 0.001 1081
1711850701596 0.001 1082
1711850712129 0.001 1083
1711850722637 0.001 1084
1711850733150 0.001 1085
1711850743943 0.001 1086
1711850754498 0.001 1087
1711850765078 0.001 1088
1711850775612 0.001 1089
1711850786180 0.001 1090
1711850796709 0.001 1091
1711850807324 0.001 1092
1711850817871 0.001 1093
1711850828835 0.001 1094
1711850839509 0.001 1095
1711850850220 0.001 1096
1711850860809 0.001 1097
1711850871396 0.001 1098
1711850881979 0.001 1099
1711850905462 0.001 1100
1711850916435 0.001 1101
1711850927047 0.001 1102
1711850937731 0.001 1103
1711850948339 0.001 1104
1711850958918 0.001 1105
1711850969476 0.001 1106
1711850980051 0.001 1107
1711850990688 0.001 1108
1711851001516 0.001 1109
1711851012652 0.001 1110
1711851023237 0.001 1111
1711851046577 0.001 1112
1711851069981 0.001 1113
1711851093676 0.001 1114
1711851104181 0.001 1115
1711851114713 0.001 1116
1711851125615 0.001 1117
1711851136340 0.001 1118
1711851146974 0.001 1119
1711851157603 0.001 1120
1711851168285 0.001 1121
1711851178956 0.001 1122
1711851189685 0.001 1123
1711851200290 0.001 1124
1711851211396 0.001 1125
1711851222128 0.001 1126
1711851232759 0.001 1127
1711851243428 0.001 1128
1711851254014 0.001 1129
1711851264582 0.001 1130
1711851275161 0.001 1131
1711851285718 0.001 1132
1711851296370 0.001 1133
1711851307365 0.001 1134
1711851317982 0.001 1135
1711851328609 0.001 1136
1711851339168 0.001 1137
1711851349812 0.001 1138
1711851360478 0.001 1139
1711851371076 0.001 1140
1711851381817 0.001 1141
1711851392930 0.001 1142
1711851403553 0.001 1143
1711851414198 0.001 1144
1711851424824 0.001 1145
1711851435445 0.001 1146
1711851446033 0.001 1147
1711851456643 0.001 1148
1711851467241 0.001 1149
1711851490634 0.001 1150
1711851501534 0.001 1151
1711851512162 0.001 1152
1711851522826 0.001 1153
1711851533539 0.001 1154
1711851544156 0.001 1155
1711851554745 0.001 1156
1711851565365 0.001 1157
1711851589728 0.001 1158
1711851600616 0.001 1159
1711851611317 0.001 1160
1711851621982 0.001 1161
1711851632606 0.001 1162
1711851643254 0.001 1163
1711851653878 0.001 1164
1711851664546 0.001 1165
1711851675548 0.001 1166
1711851686184 0.001 1167
1711851696826 0.001 1168
1711851707499 0.001 1169
1711851718173 0.001 1170
1711851728824 0.001 1171
1711851739536 0.001 1172
1711851750168 0.001 1173
1711851761172 0.001 1174
1711851771785 0.001 1175
1711851782674 0.001 1176
1711851793349 0.001 1177
1711851804011 0.001 1178
1711851814640 0.001 1179
1711851825264 0.001 1180
1711851836060 0.001 1181
1711851846807 0.001 1182
1711851857765 0.001 1183
1711851868357 0.001 1184
1711851879014 0.001 1185
1711851889616 0.001 1186
1711851900235 0.001 1187
1711851910946 0.001 1188
1711851921579 0.001 1189
1711851932208 0.001 1190
1711851943115 0.001 1191
1711851953721 0.001 1192
1711851964303 0.001 1193
1711851975028 0.001 1194
1711851985730 0.001 1195
1711851996333 0.001 1196
1711852006968 0.001 1197
1711852017726 0.001 1198
1711852028667 0.001 1199
1711852051765 0.001 1200
1711852062364 0.001 1201
1711852073035 0.001 1202
1711852083674 0.001 1203
1711852094267 0.001 1204
1711852104961 0.001 1205
1711852116094 0.001 1206
1711852126837 0.001 1207
1711852137589 0.001 1208
1711852148308 0.001 1209
1711852158902 0.001 1210
1711852169571 0.001 1211
1711852180173 0.001 1212
1711852190794 0.001 1213
1711852201831 0.001 1214
1711852212501 0.001 1215
1711852223127 0.001 1216
1711852233886 0.001 1217
1711852244625 0.001 1218
1711852255266 0.001 1219
1711852265932 0.001 1220
1711852276661 0.001 1221
1711852287292 0.001 1222
1711852298317 0.001 1223
1711852309021 0.001 1224
1711852319710 0.001 1225
1711852330346 0.001 1226
1711852341040 0.001 1227
1711852351931 0.001 1228
1711852362678 0.001 1229
1711852373366 0.001 1230
1711852384442 0.001 1231
1711852395035 0.001 1232
1711852405657 0.001 1233
1711852416263 0.001 1234
1711852426879 0.001 1235
1711852437466 0.001 1236
1711852448233 0.001 1237
1711852458930 0.001 1238
1711852469980 0.001 1239
1711852480638 0.001 1240
1711852491271 0.001 1241
1711852527618 0.001 1242
1711852538342 0.001 1243
1711852549159 0.001 1244
1711852559909 0.001 1245
1711852570606 0.001 1246
1711852581699 0.001 1247
1711852592473 0.001 1248
1711852603108 0.001 1249
1711852627305 0.001 1250
1711852637864 0.001 1251
1711852648467 0.001 1252
1711852659121 0.001 1253
1711852670213 0.001 1254
1711852680867 0.001 1255
1711852691526 0.001 1256
1711852702193 0.001 1257
1711852712959 0.001 1258
1711852723701 0.001 1259
1711852734387 0.001 1260
1711852745085 0.001 1261
1711852756174 0.001 1262
1711852767033 0.001 1263
1711852777726 0.001 1264
1711852788452 0.001 1265
1711852799304 0.001 1266
1711852810058 0.001 1267
1711852820807 0.001 1268
1711852831512 0.001 1269
1711852842545 0.001 1270
1711852853194 0.001 1271
1711852863791 0.001 1272
1711852874445 0.001 1273
1711852885052 0.001 1274
1711852895646 0.001 1275
1711852906362 0.001 1276
1711852917027 0.001 1277
1711852928113 0.001 1278
1711852938717 0.001 1279
1711852949308 0.001 1280
1711852959882 0.001 1281
1711852970462 0.001 1282
1711852981086 0.001 1283
1711852991715 0.001 1284
1711853002347 0.001 1285
1711853013185 0.001 1286
1711853024367 0.001 1287
1711853034977 0.001 1288
1711853045596 0.001 1289
1711853056257 0.001 1290
1711853067051 0.001 1291
1711853077793 0.001 1292
1711853088468 0.001 1293
1711853099116 0.001 1294
1711853110135 0.001 1295
1711853120771 0.001 1296
1711853131358 0.001 1297
1711853142105 0.001 1298
1711853166111 0.001 1299
1711853190177 0.001 1300
1711853214142 0.001 1301
1711853238260 0.001 1302
1711853261660 0.001 1303
1711853285159 0.001 1304
1711853308675 0.001 1305
1711853332380 0.001 1306
1711853343380 0.001 1307
1711853353966 0.001 1308
1711853364542 0.001 1309
1711853375164 0.001 1310
1711853385739 0.001 1311
1711853396590 0.001 1312
1711853407379 0.001 1313
1711853418059 0.001 1314
1711853429091 0.001 1315
1711853439911 0.001 1316
1711853450598 0.001 1317
1711853461214 0.001 1318
1711853472060 0.001 1319
1711853482769 0.001 1320
1711853493457 0.001 1321
1711853504321 0.001 1322
1711853515323 0.001 1323
1711853526034 0.001 1324
1711853536690 0.001 1325
1711853547506 0.001 1326
1711853558134 0.001 1327
1711853568766 0.001 1328
1711853579376 0.001 1329
1711853589982 0.001 1330
1711853600666 0.001 1331
1711853611556 0.001 1332
1711853622156 0.001 1333
1711853632837 0.001 1334
1711853643511 0.001 1335
1711853654175 0.001 1336
1711853664832 0.001 1337
1711853675474 0.001 1338
1711853686123 0.001 1339
1711853697050 0.001 1340
1711853720398 0.001 1341
1711853731088 0.001 1342
1711853741703 0.001 1343
1711853752393 0.001 1344
1711853763055 0.001 1345
1711853773709 0.001 1346
1711853784769 0.001 1347
1711853795421 0.001 1348
1711853806077 0.001 1349
1711853829874 0.001 1350
1711853840683 0.001 1351
1711853851461 0.001 1352
1711853862147 0.001 1353
1711853872901 0.001 1354
1711853884067 0.001 1355
1711853894917 0.001 1356
1711853905686 0.001 1357
1711853916430 0.001 1358
1711853927119 0.001 1359
1711853937950 0.001 1360
1711853948636 0.001 1361
1711853959314 0.001 1362
1711853970440 0.001 1363
1711853981066 0.001 1364
1711853991798 0.001 1365
1711854002606 0.001 1366
1711854013265 0.001 1367
1711854024048 0.001 1368
1711854034797 0.001 1369
1711854045541 0.001 1370
1711854056627 0.001 1371
1711854067276 0.001 1372
1711854077942 0.001 1373
1711854088784 0.001 1374
1711854099453 0.001 1375
1711854110246 0.001 1376
1711854120957 0.001 1377
1711854131763 0.001 1378
1711854142940 0.001 1379
1711854153720 0.001 1380
1711854164386 0.001 1381
1711854175061 0.001 1382
1711854185700 0.001 1383
1711854196373 0.001 1384
1711854207024 0.001 1385
1711854217742 0.001 1386
1711854241941 0.001 1387
1711854252739 0.001 1388
1711854263408 0.001 1389
1711854274102 0.001 1390
1711854284730 0.001 1391
1711854295402 0.001 1392
1711854306251 0.001 1393
1711854317427 0.001 1394
1711854328146 0.001 1395
1711854338828 0.001 1396
1711854349470 0.001 1397
1711854360147 0.001 1398
1711854370830 0.001 1399
1711854394348 0.001 1400
1711854405000 0.001 1401
1711854416079 0.001 1402
1711854426797 0.001 1403
1711854437486 0.001 1404
1711854448228 0.001 1405
1711854459013 0.001 1406
1711854469693 0.001 1407
1711854480372 0.001 1408
1711854491077 0.001 1409
1711854502150 0.001 1410
1711854512815 0.001 1411
1711854523479 0.001 1412
1711854534162 0.001 1413
1711854544902 0.001 1414
1711854555613 0.001 1415
1711854566384 0.001 1416
1711854577040 0.001 1417
1711854588092 0.001 1418
1711854598844 0.001 1419
1711854609598 0.001 1420
1711854620396 0.001 1421
1711854631146 0.001 1422
1711854641825 0.001 1423
1711854652533 0.001 1424
1711854663298 0.001 1425
1711854674436 0.001 1426
1711854685137 0.001 1427
1711854695812 0.001 1428
1711854706562 0.001 1429
1711854717231 0.001 1430
1711854727974 0.001 1431
1711854738804 0.001 1432
1711854749598 0.001 1433
1711854760789 0.001 1434
1711854771491 0.001 1435
1711854782282 0.001 1436
1711854792950 0.001 1437
1711854803790 0.001 1438
1711854814463 0.001 1439
1711854825136 0.001 1440
1711854835815 0.001 1441
1711854846843 0.001 1442
1711854857512 0.001 1443
1711854868201 0.001 1444
1711854879144 0.001 1445
1711854903451 0.001 1446
1711854914075 0.001 1447
1711854924772 0.001 1448
1711854935878 0.001 1449
1711854959617 0.001 1450
1711854970471 0.001 1451
1711854981267 0.001 1452
1711854991937 0.001 1453
1711855002598 0.001 1454
1711855013264 0.001 1455
1711855024009 0.001 1456
1711855035159 0.001 1457
1711855045846 0.001 1458
1711855056544 0.001 1459
1711855067249 0.001 1460
1711855077955 0.001 1461
1711855088724 0.001 1462
1711855099409 0.001 1463
1711855110110 0.001 1464
1711855121194 0.001 1465
1711855131936 0.001 1466
1711855142637 0.001 1467
1711855153322 0.001 1468
1711855163985 0.001 1469
1711855174655 0.001 1470
1711855185488 0.001 1471
1711855196235 0.001 1472
1711855207333 0.001 1473
1711855218077 0.001 1474
1711855228758 0.001 1475
1711855239463 0.001 1476
1711855250147 0.001 1477
1711855260830 0.001 1478
1711855271536 0.001 1479
1711855282303 0.001 1480
1711855293402 0.001 1481
1711855304177 0.001 1482
1711855314892 0.001 1483
1711855325604 0.001 1484
1711855349207 0.001 1485
1711855359828 0.001 1486
1711855383358 0.001 1487
1711855394422 0.001 1488
1711855405125 0.001 1489
1711855415880 0.001 1490
1711855426702 0.001 1491
1711855437505 0.001 1492
1711855448185 0.001 1493
1711855458926 0.001 1494
1711855469612 0.001 1495
1711855480755 0.001 1496
1711855491505 0.001 1497
1711855502381 0.001 1498
1711855513353 0.001 1499
1711855537366 0.001 1500
1711855548092 0.001 1501
1711855558755 0.001 1502
1711855569441 0.001 1503
1711855580548 0.001 1504
1711855591285 0.001 1505
1711855601957 0.001 1506
1711855612948 0.001 1507
1711855623900 0.001 1508
1711855634637 0.001 1509
1711855645376 0.001 1510
1711855656062 0.001 1511
1711855667128 0.001 1512
1711855677878 0.001 1513
1711855688586 0.001 1514
1711855699414 0.001 1515
1711855710175 0.001 1516
1711855720889 0.001 1517
1711855731875 0.001 1518
1711855742588 0.001 1519
1711855766693 0.001 1520
1711855777445 0.001 1521
1711855788192 0.001 1522
1711855799127 0.001 1523
1711855810077 0.001 1524
1711855821018 0.001 1525
1711855831886 0.001 1526
1711855842714 0.001 1527
1711855853842 0.001 1528
1711855864721 0.001 1529
1711855875543 0.001 1530
1711855886356 0.001 1531
1711855897098 0.001 1532
1711855908059 0.001 1533
1711855918872 0.001 1534
1711855929656 0.001 1535
1711855940825 0.001 1536
1711855951566 0.001 1537
1711855962453 0.001 1538
1711855986315 0.001 1539
1711856010050 0.001 1540
1711856020718 0.001 1541
1711856031455 0.001 1542
1711856042416 0.001 1543
1711856053170 0.001 1544
1711856064087 0.001 1545
1711856074981 0.001 1546
1711856098839 0.001 1547
1711856109684 0.001 1548
1711856120390 0.001 1549
1711856143881 0.001 1550
1711856154747 0.001 1551
1711856165587 0.001 1552
1711856176432 0.001 1553
1711856187367 0.001 1554
1711856198155 0.001 1555
1711856208994 0.001 1556
1711856219788 0.001 1557
1711856231000 0.001 1558
1711856241981 0.001 1559
1711856253032 0.001 1560
1711856264028 0.001 1561
1711856274806 0.001 1562
1711856285511 0.001 1563
1711856296255 0.001 1564
1711856307580 0.001 1565
1711856318422 0.001 1566
1711856329196 0.001 1567
1711856339973 0.001 1568
1711856350694 0.001 1569
1711856361508 0.001 1570
1711856372291 0.001 1571
1711856383133 0.001 1572
1711856394247 0.001 1573
1711856405014 0.001 1574
1711856415783 0.001 1575
1711856426626 0.001 1576
1711856437409 0.001 1577
1711856448128 0.001 1578
1711856458822 0.001 1579
1711856469554 0.001 1580
1711856480653 0.001 1581
1711856491449 0.001 1582
1711856502429 0.001 1583
1711856513196 0.001 1584
1711856524062 0.001 1585
1711856534771 0.001 1586
1711856545471 0.001 1587
1711856556148 0.001 1588
1711856567361 0.001 1589
1711856578090 0.001 1590
1711856588795 0.001 1591
1711856599655 0.001 1592
1711856610614 0.001 1593
1711856621404 0.001 1594
1711856632143 0.001 1595
1711856642993 0.001 1596
1711856654178 0.001 1597
1711856664934 0.001 1598
1711856675696 0.001 1599
1711856699270 0.001 1600
1711856709923 0.001 1601
1711856720600 0.001 1602
1711856731322 0.001 1603
1711856742456 0.001 1604
1711856753279 0.001 1605
1711856764201 0.001 1606
1711856774895 0.001 1607
1711856785658 0.001 1608
1711856796576 0.001 1609
1711856807387 0.001 1610
1711856818109 0.001 1611
1711856829304 0.001 1612
1711856840178 0.001 1613
1711856850964 0.001 1614
1711856861702 0.001 1615
1711856872434 0.001 1616
1711856883147 0.001 1617
1711856893864 0.001 1618
1711856904591 0.001 1619
1711856915757 0.001 1620
1711856926612 0.001 1621
1711856937489 0.001 1622
1711856948236 0.001 1623
1711856959062 0.001 1624
1711856969908 0.001 1625
1711856980683 0.001 1626
1711856991787 0.001 1627
1711857002585 0.001 1628
1711857013279 0.001 1629
1711857024003 0.001 1630
1711857034774 0.001 1631
1711857045466 0.001 1632
1711857056254 0.001 1633
1711857067015 0.001 1634
1711857078165 0.001 1635
1711857088960 0.001 1636
1711857099936 0.001 1637
1711857110819 0.001 1638
1711857121640 0.001 1639
1711857132341 0.001 1640
1711857142977 0.001 1641
1711857153688 0.001 1642
1711857164743 0.001 1643
1711857175396 0.001 1644
1711857186032 0.001 1645
1711857196669 0.001 1646
1711857207277 0.001 1647
1711857217930 0.001 1648
1711857228698 0.001 1649
1711857252538 0.001 1650
1711857263752 0.001 1651
1711857274615 0.001 1652
1711857285353 0.001 1653
1711857296240 0.001 1654
1711857307008 0.001 1655
1711857330842 0.001 1656
1711857341655 0.001 1657
1711857352405 0.001 1658
1711857363688 0.001 1659
1711857374373 0.001 1660
1711857385141 0.001 1661
1711857395816 0.001 1662
1711857406576 0.001 1663
1711857417266 0.001 1664
1711857428002 0.001 1665
1711857438772 0.001 1666
1711857449918 0.001 1667
1711857460756 0.001 1668
1711857471707 0.001 1669
1711857482496 0.001 1670
1711857493335 0.001 1671
1711857504168 0.001 1672
1711857514878 0.001 1673
1711857525988 0.001 1674
1711857536715 0.001 1675
1711857547610 0.001 1676
1711857558310 0.001 1677
1711857568973 0.001 1678
1711857579663 0.001 1679
1711857590413 0.001 1680
1711857601138 0.001 1681
1711857612237 0.001 1682
1711857622913 0.001 1683
1711857633592 0.001 1684
1711857644280 0.001 1685
1711857655090 0.001 1686
1711857665746 0.001 1687
1711857676464 0.001 1688
1711857687241 0.001 1689
1711857698386 0.001 1690
1711857709197 0.001 1691
1711857719901 0.001 1692
1711857730706 0.001 1693
1711857741669 0.001 1694
1711857752408 0.001 1695
1711857763088 0.001 1696
1711857773797 0.001 1697
1711857784889 0.001 1698
1711857795738 0.001 1699
1711857819586 0.001 1700
1711857830396 0.001 1701
1711857841207 0.001 1702
1711857852031 0.001 1703
1711857862778 0.001 1704
1711857873635 0.001 1705
1711857884804 0.001 1706
1711857895542 0.001 1707
1711857906218 0.001 1708
1711857916974 0.001 1709
1711857927917 0.001 1710
1711857938711 0.001 1711
1711857949603 0.001 1712
1711857960353 0.001 1713
1711857971437 0.001 1714
1711857982153 0.001 1715
1711857992901 0.001 1716
1711858003688 0.001 1717
1711858027635 0.001 1718
1711858051260 0.001 1719
1711858061966 0.001 1720
1711858072981 0.001 1721
1711858083806 0.001 1722
1711858094730 0.001 1723
1711858105468 0.001 1724
1711858116234 0.001 1725
1711858126959 0.001 1726
1711858137714 0.001 1727
1711858148511 0.001 1728
1711858159646 0.001 1729
1711858170472 0.001 1730
1711858181254 0.001 1731
1711858192061 0.001 1732
1711858202874 0.001 1733
1711858213597 0.001 1734
1711858224421 0.001 1735
1711858235251 0.001 1736
1711858246324 0.001 1737
1711858257029 0.001 1738
1711858267764 0.001 1739
1711858278485 0.001 1740
1711858289201 0.001 1741
1711858299891 0.001 1742
1711858310652 0.001 1743
1711858321559 0.001 1744
1711858332549 0.001 1745
1711858344037 0.001 1746
1711858355036 0.001 1747
1711858365750 0.001 1748
1711858376430 0.001 1749
1711858400066 0.001 1750
1711858410842 0.001 1751
1711858421626 0.001 1752
1711858433026 0.001 1753
1711858443808 0.001 1754
1711858454545 0.001 1755
1711858465505 0.001 1756
1711858476176 0.001 1757
1711858486884 0.001 1758
1711858497645 0.001 1759
1711858508513 0.001 1760
1711858532631 0.001 1761
1711858543456 0.001 1762
1711858554140 0.001 1763
1711858564861 0.001 1764
1711858575661 0.001 1765
1711858586461 0.001 1766
1711858597205 0.001 1767
1711858608364 0.001 1768
1711858619113 0.001 1769
1711858630010 0.001 1770
1711858640997 0.001 1771
1711858651899 0.001 1772
1711858662611 0.001 1773
1711858673459 0.001 1774
1711858684311 0.001 1775
1711858695129 0.001 1776
1711858706490 0.001 1777
1711858717336 0.001 1778
1711858728065 0.001 1779
1711858738858 0.001 1780
1711858762864 0.001 1781
1711858773577 0.001 1782
1711858784424 0.001 1783
1711858795609 0.001 1784
1711858806318 0.001 1785
1711858817064 0.001 1786
1711858827828 0.001 1787
1711858838635 0.001 1788
1711858849337 0.001 1789
1711858860103 0.001 1790
1711858870793 0.001 1791
1711858881940 0.001 1792
1711858892647 0.001 1793
1711858903692 0.001 1794
1711858914617 0.001 1795
1711858925384 0.001 1796
1711858936128 0.001 1797
1711858946858 0.001 1798
1711858957675 0.001 1799
1711858981528 0.001 1800
1711858992184 0.001 1801
1711859002859 0.001 1802
1711859013573 0.001 1803
1711859024256 0.001 1804
1711859035010 0.001 1805
1711859045921 0.001 1806
1711859056901 0.001 1807
1711859067981 0.001 1808
1711859078703 0.001 1809
1711859089475 0.001 1810
1711859100321 0.001 1811
1711859111171 0.001 1812
1711859121998 0.001 1813
1711859132702 0.001 1814
1711859144053 0.001 1815
1711859154884 0.001 1816
1711859165595 0.001 1817
1711859176358 0.001 1818
1711859187135 0.001 1819
1711859197829 0.001 1820
1711859208536 0.001 1821
1711859219270 0.001 1822
1711859229936 0.001 1823
1711859240959 0.001 1824
1711859251744 0.001 1825
1711859262438 0.001 1826
1711859273178 0.001 1827
1711859283877 0.001 1828
1711859294624 0.001 1829
1711859305429 0.001 1830
1711859316189 0.001 1831
1711859327201 0.001 1832
1711859338032 0.001 1833
1711859348798 0.001 1834
1711859359546 0.001 1835
1711859370346 0.001 1836
1711859381310 0.001 1837
1711859392272 0.001 1838
1711859403120 0.001 1839
1711859414188 0.001 1840
1711859424891 0.001 1841
1711859435623 0.001 1842
1711859446371 0.001 1843
1711859457067 0.001 1844
1711859467940 0.001 1845
1711859478757 0.001 1846
1711859489940 0.001 1847
1711859500649 0.001 1848
1711859511442 0.001 1849
1711859534878 0.001 1850
1711859545520 0.001 1851
1711859556180 0.001 1852
1711859566915 0.001 1853
1711859577626 0.001 1854
1711859589065 0.001 1855
1711859600002 0.001 1856
1711859610894 0.001 1857
1711859621874 0.001 1858
1711859632695 0.001 1859
1711859643431 0.001 1860
1711859654203 0.001 1861
1711859664947 0.001 1862
1711859676056 0.001 1863
1711859686903 0.001 1864
1711859697661 0.001 1865
1711859708417 0.001 1866
1711859719126 0.001 1867
1711859730050 0.001 1868
1711859740938 0.001 1869
1711859751882 0.001 1870
1711859763267 0.001 1871
1711859774176 0.001 1872
1711859785014 0.001 1873
1711859795719 0.001 1874
1711859806472 0.001 1875
1711859817358 0.001 1876
1711859828066 0.001 1877
1711859838963 0.001 1878
1711859850197 0.001 1879
1711859861116 0.001 1880
1711859871995 0.001 1881
1711859882908 0.001 1882
1711859893704 0.001 1883
1711859904509 0.001 1884
1711859915282 0.001 1885
1711859925999 0.001 1886
1711859937163 0.001 1887
1711859947932 0.001 1888
1711859971850 0.001 1889
1711859995698 0.001 1890
1711860006424 0.001 1891
1711860025840 0.001 1892
1711860036891 0.001 1893
1711860047588 0.001 1894
1711860058355 0.001 1895
1711860069068 0.001 1896
1711860079847 0.001 1897
1711860090594 0.001 1898
1711860101307 0.001 1899
1711860125184 0.001 1900
1711860136485 0.001 1901
1711860147357 0.001 1902
1711860158132 0.001 1903
1711860168871 0.001 1904
1711860179603 0.001 1905
1711860190368 0.001 1906
1711860201426 0.001 1907
1711860212277 0.001 1908
1711860223551 0.001 1909
1711860234344 0.001 1910
1711860245158 0.001 1911
1711860256024 0.001 1912
1711860266805 0.001 1913
1711860277631 0.001 1914
1711860288590 0.001 1915
1711860299582 0.001 1916
1711860310994 0.001 1917
1711860321930 0.001 1918
1711860332755 0.001 1919
1711860343687 0.001 1920
1711860354592 0.001 1921
1711860365344 0.001 1922
1711860376112 0.001 1923
1711860386910 0.001 1924
1711860398153 0.001 1925
1711860409106 0.001 1926
1711860419949 0.001 1927
1711860430653 0.001 1928
1711860441367 0.001 1929
1711860452215 0.001 1930
1711860462956 0.001 1931
1711860474232 0.001 1932
1711860484997 0.001 1933
1711860495744 0.001 1934
1711860506471 0.001 1935
1711860517219 0.001 1936
1711860528009 0.001 1937
1711860538794 0.001 1938
1711860549546 0.001 1939
1711860560679 0.001 1940
1711860571428 0.001 1941
1711860582194 0.001 1942
1711860593263 0.001 1943
1711860604234 0.001 1944
1711860615093 0.001 1945
1711860625974 0.001 1946
1711860636938 0.001 1947
1711860648086 0.001 1948
1711860658899 0.001 1949
1711860682542 0.001 1950
1711860693324 0.001 1951
1711860704208 0.001 1952
1711860715091 0.001 1953
1711860725816 0.001 1954
1711860736948 0.001 1955
1711860747938 0.001 1956
1711860758907 0.001 1957
1711860769936 0.001 1958
1711860780713 0.001 1959
1711860791548 0.001 1960
1711860802330 0.001 1961
1711860813237 0.001 1962
1711860824454 0.001 1963
1711860835283 0.001 1964
1711860846044 0.001 1965
1711860856959 0.001 1966
1711860867770 0.001 1967
1711860878588 0.001 1968
1711860889420 0.001 1969
1711860900220 0.001 1970
1711860911387 0.001 1971
1711860922126 0.001 1972
1711860932968 0.001 1973
1711860943737 0.001 1974
1711860954482 0.001 1975
1711860965272 0.001 1976
1711860976129 0.001 1977
1711860986901 0.001 1978
1711860997916 0.001 1979
1711861008692 0.001 1980
1711861019431 0.001 1981
1711861030255 0.001 1982
1711861040972 0.001 1983
1711861051776 0.001 1984
1711861062626 0.001 1985
1711861073559 0.001 1986
1711861084787 0.001 1987
1711861095560 0.001 1988
1711861106309 0.001 1989
1711861117134 0.001 1990
1711861127914 0.001 1991
1711861138724 0.001 1992
1711861149574 0.001 1993
1711861160690 0.001 1994
1711861171446 0.001 1995
1711861182270 0.001 1996
1711861193109 0.001 1997
1711861204037 0.001 1998
1711861214895 0.001 1999
1711861238817 0.001 2000
1711861249596 0.001 2001
1711861260614 0.001 2002
1711861271358 0.001 2003
1711861282138 0.001 2004
1711861292870 0.001 2005
1711861303848 0.001 2006
1711861314873 0.001 2007
1711861325766 0.001 2008
1711861337056 0.001 2009
1711861347940 0.001 2010
1711861358965 0.001 2011
1711861369745 0.001 2012
1711861380548 0.001 2013
1711861391343 0.001 2014
1711861402138 0.001 2015
1711861412872 0.001 2016
1711861424140 0.001 2017
1711861435233 0.001 2018
1711861446076 0.001 2019
1711861470055 0.001 2020
1711861480791 0.001 2021
1711861491606 0.001 2022
1711861502358 0.001 2023
1711861513498 0.001 2024
1711861524276 0.001 2025
1711861535033 0.001 2026
1711861545894 0.001 2027
1711861556746 0.001 2028
1711861567599 0.001 2029
1711861578364 0.001 2030
1711861589120 0.001 2031
1711861599938 0.001 2032
1711861611083 0.001 2033
1711861621836 0.001 2034
1711861632633 0.001 2035
1711861643420 0.001 2036
1711861654230 0.001 2037
1711861665004 0.001 2038
1711861676050 0.001 2039
1711861687248 0.001 2040
1711861697984 0.001 2041
1711861708854 0.001 2042
1711861719610 0.001 2043
1711861756849 0.001 2044
1711861781101 0.001 2045
1711861791980 0.001 2046
1711861802831 0.001 2047
1711861813610 0.001 2048
1711861824291 0.001 2049
1711861847687 0.001 2050
1711861871472 0.001 2051
1711861882115 0.001 2052
1711861902325 0.001 2053
1711861913119 0.001 2054
1711861923894 0.001 2055
1711861934531 0.001 2056
1711861945282 0.001 2057
1711861956102 0.001 2058
1711861966739 0.001 2059
1711861977347 0.001 2060
1711861988030 0.001 2061
1711861999119 0.001 2062
1711862009886 0.001 2063
1711862020542 0.001 2064
1711862031135 0.001 2065
1711862041776 0.001 2066
1711862052364 0.001 2067
1711862062997 0.001 2068
1711862073594 0.001 2069
1711862084609 0.001 2070
1711862095249 0.001 2071
1711862105930 0.001 2072
1711862116551 0.001 2073
1711862127264 0.001 2074
1711862137897 0.001 2075
1711862148487 0.001 2076
1711862172429 0.001 2077
1711862196696 0.001 2078
1711862220512 0.001 2079
1711862244081 0.001 2080
1711862254607 0.001 2081
1711862265183 0.001 2082
1711862275787 0.001 2083
1711862286438 0.001 2084
1711862297076 0.001 2085
1711862308137 0.001 2086
1711862318857 0.001 2087
1711862329521 0.001 2088
1711862340244 0.001 2089
1711862350948 0.001 2090
1711862361639 0.001 2091
1711862372310 0.001 2092
1711862382994 0.001 2093
1711862394048 0.001 2094
1711862404713 0.001 2095
1711862415480 0.001 2096
1711862426096 0.001 2097
1711862436868 0.001 2098
1711862447560 0.001 2099
1711862471264 0.001 2100
1711862481814 0.001 2101
1711862492737 0.001 2102
1711862503359 0.001 2103
1711862513945 0.001 2104
1711862524574 0.001 2105
1711862535330 0.001 2106
1711862546051 0.001 2107
1711862556686 0.001 2108
1711862567333 0.001 2109
1711862578329 0.001 2110
1711862589001 0.001 2111
1711862612993 0.001 2112
1711862636818 0.001 2113
1711862660654 0.001 2114
1711862684704 0.001 2115
1711862695722 0.001 2116
1711862706316 0.001 2117
1711862716920 0.001 2118
1711862727545 0.001 2119
1711862738466 0.001 2120
1711862749103 0.001 2121
1711862759859 0.001 2122
1711862770577 0.001 2123
1711862781685 0.001 2124
1711862792358 0.001 2125
1711862803007 0.001 2126
1711862813746 0.001 2127
1711862824384 0.001 2128
1711862835098 0.001 2129
1711862845827 0.001 2130
1711862856480 0.001 2131
1711862867114 0.001 2132
1711862878192 0.001 2133
1711862888813 0.001 2134
1711862899645 0.001 2135
1711862910348 0.001 2136
1711862921063 0.001 2137
1711862931818 0.001 2138
1711862942461 0.001 2139
1711862953067 0.001 2140
1711862963807 0.001 2141
1711862975008 0.001 2142
1711862985757 0.001 2143
1711862996429 0.001 2144
1711863007115 0.001 2145
1711863017750 0.001 2146
1711863028355 0.001 2147
1711863038935 0.001 2148
1711863049650 0.001 2149
1711863074124 0.001 2150
1711863084693 0.001 2151
1711863095269 0.001 2152
1711863105842 0.001 2153
1711863116538 0.001 2154
1711863127177 0.001 2155
1711863137838 0.001 2156
1711863148703 0.001 2157
1711863159826 0.001 2158
1711863170592 0.001 2159
1711863181276 0.001 2160
1711863191906 0.001 2161
1711863202511 0.001 2162
1711863213107 0.001 2163
1711863223763 0.001 2164
1711863234379 0.001 2165
1711863244988 0.001 2166
1711863256017 0.001 2167
1711863266755 0.001 2168
1711863277397 0.001 2169
1711863288085 0.001 2170
1711863298701 0.001 2171
1711863309378 0.001 2172
1711863320148 0.001 2173
1711863330954 0.001 2174
1711863341969 0.001 2175
1711863352585 0.001 2176
1711863363229 0.001 2177
1711863374012 0.001 2178
1711863384676 0.001 2179
1711863395432 0.001 2180
1711863406139 0.001 2181
1711863416748 0.001 2182
1711863427754 0.001 2183
1711863438333 0.001 2184
1711863449009 0.001 2185
1711863459658 0.001 2186
1711863470272 0.001 2187
1711863481014 0.001 2188
1711863491662 0.001 2189
1711863502432 0.001 2190
1711863513162 0.001 2191
1711863524381 0.001 2192
1711863535057 0.001 2193
1711863545785 0.001 2194
1711863556651 0.001 2195
1711863567431 0.001 2196
1711863578254 0.001 2197
1711863588972 0.001 2198
1711863599581 0.001 2199
1711863623959 0.001 2200
1711863634622 0.001 2201
1711863645266 0.001 2202
1711863655876 0.001 2203
1711863666575 0.001 2204
1711863677310 0.001 2205
1711863688038 0.001 2206
1711863698792 0.001 2207
1711863709544 0.001 2208
1711863720666 0.001 2209
1711863731421 0.001 2210
1711863742160 0.001 2211
1711863752982 0.001 2212
1711863763624 0.001 2213
1711863774238 0.001 2214
1711863784887 0.001 2215
1711863795538 0.001 2216
1711863806897 0.001 2217
1711863817640 0.001 2218
1711863828462 0.001 2219
1711863839209 0.001 2220
1711863850066 0.001 2221
1711863860683 0.001 2222
1711863884646 0.001 2223
1711863908517 0.001 2224
1711863933158 0.001 2225
1711863943768 0.001 2226
1711863954447 0.001 2227
1711863965396 0.001 2228
1711863976071 0.001 2229
1711863986800 0.001 2230
1711863997490 0.001 2231
1711864008156 0.001 2232
1711864019569 0.001 2233
1711864030403 0.001 2234
1711864041135 0.001 2235
1711864051885 0.001 2236
1711864062709 0.001 2237
1711864073428 0.001 2238
1711864084084 0.001 2239
1711864094794 0.001 2240
1711864105499 0.001 2241
1711864116566 0.001 2242
1711864127206 0.001 2243
1711864137859 0.001 2244
1711864148475 0.001 2245
1711864159066 0.001 2246
1711864169741 0.001 2247
1711864180353 0.001 2248
1711864190993 0.001 2249
1711864215122 0.001 2250
1711864225805 0.001 2251
1711864236438 0.001 2252
1711864247032 0.001 2253
1711864257695 0.001 2254
1711864268328 0.001 2255
1711864278953 0.001 2256
1711864289607 0.001 2257
1711864300706 0.001 2258
1711864311488 0.001 2259
1711864322129 0.001 2260
1711864332747 0.001 2261
1711864343349 0.001 2262
1711864353956 0.001 2263
1711864364628 0.001 2264
1711864375231 0.001 2265
1711864386362 0.001 2266
1711864396994 0.001 2267
1711864407741 0.001 2268
1711864418376 0.001 2269
1711864429174 0.001 2270
1711864440048 0.001 2271
1711864450881 0.001 2272
1711864461657 0.001 2273
1711864472342 0.001 2274
1711864483279 0.001 2275
1711864494160 0.001 2276
1711864504828 0.001 2277
1711864515540 0.001 2278
1711864526201 0.001 2279
1711864536856 0.001 2280
1711864547475 0.001 2281
1711864558140 0.001 2282
1711864569247 0.001 2283
1711864580046 0.001 2284
1711864590743 0.001 2285
1711864601388 0.001 2286
1711864612104 0.001 2287
1711864622880 0.001 2288
1711864633569 0.001 2289
1711864644329 0.001 2290
1711864655381 0.001 2291
1711864666032 0.001 2292
1711864676689 0.001 2293
1711864687307 0.001 2294
1711864697962 0.001 2295
1711864708690 0.001 2296
1711864719347 0.001 2297
1711864729965 0.001 2298
1711864740731 0.001 2299
1711864765019 0.001 2300
1711864775602 0.001 2301
1711864786254 0.001 2302
1711864796875 0.001 2303
1711864807622 0.001 2304
1711864818303 0.001 2305
1711864829062 0.001 2306
1711864839838 0.001 2307
1711864851025 0.001 2308
1711864861726 0.001 2309
1711864872420 0.001 2310
1711864883322 0.001 2311
1711864894155 0.001 2312
1711864904830 0.001 2313
1711864915468 0.001 2314
1711864926136 0.001 2315
1711864936845 0.001 2316
1711864947910 0.001 2317
1711864958670 0.001 2318
1711864969325 0.001 2319
1711864980001 0.001 2320
1711864990673 0.001 2321
1711865001298 0.001 2322
1711865011934 0.001 2323
1711865035833 0.001 2324
1711865046921 0.001 2325
1711865057564 0.001 2326
1711865068370 0.001 2327
1711865079040 0.001 2328
1711865089635 0.001 2329
1711865100254 0.001 2330
1711865111016 0.001 2331
1711865121792 0.001 2332
1711865132942 0.001 2333
1711865143611 0.001 2334
1711865154213 0.001 2335
1711865164960 0.001 2336
1711865175649 0.001 2337
1711865186423 0.001 2338
1711865197114 0.001 2339
1711865207948 0.001 2340
1711865218719 0.001 2341
1711865229923 0.001 2342
1711865240570 0.001 2343
1711865251346 0.001 2344
1711865262012 0.001 2345
1711865272878 0.001 2346
1711865283717 0.001 2347
1711865294452 0.001 2348
1711865305079 0.001 2349
1711865328905 0.001 2350
1711865339640 0.001 2351
1711865350275 0.001 2352
1711865360986 0.001 2353
1711865371630 0.001 2354
1711865382247 0.001 2355
1711865392900 0.001 2356
1711865403585 0.001 2357
1711865414690 0.001 2358
1711865425438 0.001 2359
1711865436241 0.001 2360
1711865447150 0.001 2361
1711865457888 0.001 2362
1711865468577 0.001 2363
1711865479320 0.001 2364
1711865490097 0.001 2365
1711865500809 0.001 2366
1711865511905 0.001 2367
1711865522542 0.001 2368
1711865533395 0.001 2369
1711865544049 0.001 2370
1711865554753 0.001 2371
1711865565375 0.001 2372
1711865576039 0.001 2373
1711865586672 0.001 2374
1711865597500 0.001 2375
1711865608554 0.001 2376
1711865619186 0.001 2377
1711865629790 0.001 2378
1711865640574 0.001 2379
1711865651332 0.001 2380
1711865661936 0.001 2381
1711865672622 0.001 2382
1711865683401 0.001 2383
1711865694477 0.001 2384
1711865705149 0.001 2385
1711865715769 0.001 2386
1711865726423 0.001 2387
1711865737057 0.001 2388
1711865747744 0.001 2389
1711865758411 0.001 2390
1711865769082 0.001 2391
1711865780295 0.001 2392
1711865791208 0.001 2393
1711865801905 0.001 2394
1711865812537 0.001 2395
1711865823184 0.001 2396
1711865833848 0.001 2397
1711865844489 0.001 2398
1711865855186 0.001 2399
1711865879598 0.001 2400
1711865890320 0.001 2401
1711865901003 0.001 2402
1711865911717 0.001 2403
1711865922411 0.001 2404
1711865933193 0.001 2405
1711865944037 0.001 2406
1711865954795 0.001 2407
1711865965457 0.001 2408
1711865976633 0.001 2409
1711865987319 0.001 2410
1711865998211 0.001 2411
1711866008971 0.001 2412
1711866019655 0.001 2413
1711866030343 0.001 2414
1711866041085 0.001 2415
1711866051773 0.001 2416
1711866062860 0.001 2417
1711866073628 0.001 2418
1711866084458 0.001 2419
1711866095159 0.001 2420
1711866105821 0.001 2421
1711866116558 0.001 2422
1711866127375 0.001 2423
1711866138060 0.001 2424
1711866149157 0.001 2425
1711866159831 0.001 2426
1711866170472 0.001 2427
1711866181119 0.001 2428
1711866191814 0.001 2429
1711866202589 0.001 2430
1711866213289 0.001 2431
1711866224033 0.001 2432
1711866234704 0.001 2433
1711866245985 0.001 2434
1711866256634 0.001 2435
1711866267531 0.001 2436
1711866278440 0.001 2437
1711866289253 0.001 2438
1711866299900 0.001 2439
1711866310579 0.001 2440
1711866321290 0.001 2441
1711866332396 0.001 2442
1711866343072 0.001 2443
1711866353736 0.001 2444
1711866364465 0.001 2445
1711866375384 0.001 2446
1711866386109 0.001 2447
1711866396782 0.001 2448
1711866407444 0.001 2449
1711866431901 0.001 2450
1711866442654 0.001 2451
1711866453453 0.001 2452
1711866464127 0.001 2453
1711866474877 0.001 2454
1711866485573 0.001 2455
1711866496278 0.001 2456
1711866506973 0.001 2457
1711866517669 0.001 2458
1711866528744 0.001 2459
1711866539488 0.001 2460
1711866550324 0.001 2461
1711866561088 0.001 2462
1711866571806 0.001 2463
1711866582536 0.001 2464
1711866593266 0.001 2465
1711866604012 0.001 2466
1711866615143 0.001 2467
1711866625850 0.001 2468
1711866636610 0.001 2469
1711866647272 0.001 2470
1711866657938 0.001 2471
1711866668587 0.001 2472
1711866679237 0.001 2473
1711866689897 0.001 2474
1711866700531 0.001 2475
1711866711516 0.001 2476
1711866722224 0.001 2477
1711866733030 0.001 2478
1711866743792 0.001 2479
1711866754618 0.001 2480
1711866765375 0.001 2481
1711866776029 0.001 2482
1711866786702 0.001 2483
1711866797813 0.001 2484
1711866808478 0.001 2485
1711866819286 0.001 2486
1711866830187 0.001 2487
1711866840953 0.001 2488
1711866851745 0.001 2489
1711866862453 0.001 2490
1711866873278 0.001 2491
1711866884432 0.001 2492
1711866895171 0.001 2493
1711866905886 0.001 2494
1711866916585 0.001 2495
1711866927488 0.001 2496
1711866938235 0.001 2497
1711866948890 0.001 2498
1711866959555 0.001 2499
1711866984302 0.001 2500
1711866995174 0.001 2501
1711867006070 0.001 2502
1711867016779 0.001 2503
1711867027430 0.001 2504
1711867038204 0.001 2505
1711867048899 0.001 2506
1711867059867 0.001 2507
1711867070991 0.001 2508
1711867081817 0.001 2509
1711867092763 0.001 2510
1711867103776 0.001 2511
1711867114657 0.001 2512
1711867125548 0.001 2513
1711867136299 0.001 2514
1711867147116 0.001 2515
1711867157868 0.001 2516
1711867169041 0.001 2517
1711867179754 0.001 2518
1711867190623 0.001 2519
1711867201507 0.001 2520
1711867212298 0.001 2521
1711867223002 0.001 2522
1711867233711 0.001 2523
1711867244517 0.001 2524
1711867255709 0.001 2525
1711867266420 0.001 2526
1711867277140 0.001 2527
1711867287774 0.001 2528
1711867298559 0.001 2529
1711867309222 0.001 2530
1711867319994 0.001 2531
1711867330734 0.001 2532
1711867341483 0.001 2533
1711867352662 0.001 2534
1711867363340 0.001 2535
1711867373994 0.001 2536
1711867384669 0.001 2537
1711867395431 0.001 2538
1711867406185 0.001 2539
1711867416889 0.001 2540
1711867427610 0.001 2541
1711867438721 0.001 2542
1711867449462 0.001 2543
1711867460323 0.001 2544
1711867471187 0.001 2545
1711867482133 0.001 2546
1711867492853 0.001 2547
1711867503515 0.001 2548
1711867514159 0.001 2549
1711867538545 0.001 2550
1711867549278 0.001 2551
1711867560017 0.001 2552
1711867570857 0.001 2553
1711867581731 0.001 2554
1711867592428 0.001 2555
1711867603108 0.001 2556
1711867613800 0.001 2557
1711867624897 0.001 2558
1711867635737 0.001 2559
1711867646702 0.001 2560
1711867657489 0.001 2561
1711867668379 0.001 2562
1711867679179 0.001 2563
1711867689999 0.001 2564
1711867700701 0.001 2565
1711867711831 0.001 2566
1711867722509 0.001 2567
1711867733165 0.001 2568
1711867743846 0.001 2569
1711867754590 0.001 2570
1711867765267 0.001 2571
1711867775957 0.001 2572
1711867786715 0.001 2573
1711867797484 0.001 2574
1711867808784 0.001 2575
1711867819709 0.001 2576
1711867830512 0.001 2577
1711867841196 0.001 2578
1711867851885 0.001 2579
1711867862750 0.001 2580
1711867873575 0.001 2581
1711867884429 0.001 2582
1711867895483 0.001 2583
1711867906155 0.001 2584
1711867916823 0.001 2585
1711867927637 0.001 2586
1711867938436 0.001 2587
1711867949081 0.001 2588
1711867959900 0.001 2589
1711867970651 0.001 2590
1711867981363 0.001 2591
1711867992436 0.001 2592
1711868003191 0.001 2593
1711868013856 0.001 2594
1711868024540 0.001 2595
1711868035348 0.001 2596
1711868046079 0.001 2597
1711868056725 0.001 2598
1711868067570 0.001 2599
1711868092027 0.001 2600
1711868102712 0.001 2601
1711868113352 0.001 2602
1711868137368 0.001 2603
1711868148063 0.001 2604
1711868158762 0.001 2605
1711868169523 0.001 2606
1711868180542 0.001 2607
1711868191333 0.001 2608
1711868202036 0.001 2609
1711868212731 0.001 2610
1711868223460 0.001 2611
1711868234284 0.001 2612
1711868245040 0.001 2613
1711868255774 0.001 2614
1711868266927 0.001 2615
1711868277591 0.001 2616
1711868288361 0.001 2617
1711868299291 0.001 2618
1711868309986 0.001 2619
1711868320668 0.001 2620
1711868331398 0.001 2621
1711868342065 0.001 2622
1711868352787 0.001 2623
1711868363876 0.001 2624
1711868374536 0.001 2625
1711868385177 0.001 2626
1711868395827 0.001 2627
1711868406735 0.001 2628
1711868417462 0.001 2629
1711868428092 0.001 2630
1711868438804 0.001 2631
1711868450449 0.001 2632
1711868461215 0.001 2633
1711868471999 0.001 2634
1711868482680 0.001 2635
1711868493374 0.001 2636
1711868504099 0.001 2637
1711868514870 0.001 2638
1711868525557 0.001 2639
1711868536441 0.001 2640
1711868547986 0.001 2641
1711868558738 0.001 2642
1711868569507 0.001 2643
1711868580293 0.001 2644
1711868591003 0.001 2645
1711868601722 0.001 2646
1711868612422 0.001 2647
1711868623132 0.001 2648
1711868634444 0.001 2649
1711868658575 0.001 2650
1711868669366 0.001 2651
1711868680082 0.001 2652
1711868690903 0.001 2653
1711868701630 0.001 2654
1711868712396 0.001 2655
1711868723530 0.001 2656
1711868734234 0.001 2657
1711868744929 0.001 2658
1711868755616 0.001 2659
1711868766417 0.001 2660
1711868777134 0.001 2661
1711868787897 0.001 2662
1711868798749 0.001 2663
1711868809874 0.001 2664
1711868820707 0.001 2665
1711868831518 0.001 2666
1711868842246 0.001 2667
1711868853182 0.001 2668
1711868863939 0.001 2669
1711868874679 0.001 2670
1711868885623 0.001 2671
1711868896347 0.001 2672
1711868907436 0.001 2673
1711868918121 0.001 2674
1711868928781 0.001 2675
1711868939410 0.001 2676
1711868950105 0.001 2677
1711868960793 0.001 2678
1711868971592 0.001 2679
1711868982344 0.001 2680
1711868993504 0.001 2681
1711869004161 0.001 2682
1711869014878 0.001 2683
1711869025556 0.001 2684
1711869036303 0.001 2685
1711869047037 0.001 2686
1711869057718 0.001 2687
1711869068382 0.001 2688
1711869079014 0.001 2689
1711869090016 0.001 2690
1711869100711 0.001 2691
1711869111381 0.001 2692
1711869122184 0.001 2693
1711869132886 0.001 2694
1711869143640 0.001 2695
1711869154377 0.001 2696
1711869165193 0.001 2697
1711869176275 0.001 2698
1711869187173 0.001 2699
1711869211323 0.001 2700
1711869222038 0.001 2701
1711869232851 0.001 2702
1711869243761 0.001 2703
1711869254453 0.001 2704
1711869265206 0.001 2705
1711869276294 0.001 2706
1711869286983 0.001 2707
1711869297708 0.001 2708
1711869308424 0.001 2709
1711869319163 0.001 2710
1711869329880 0.001 2711
1711869340646 0.001 2712
1711869351504 0.001 2713
1711869362651 0.001 2714
1711869373567 0.001 2715
1711869384475 0.001 2716
1711869395227 0.001 2717
1711869405997 0.001 2718
1711869416726 0.001 2719
1711869427418 0.001 2720
1711869438219 0.001 2721
1711869449317 0.001 2722
1711869460084 0.001 2723
1711869470747 0.001 2724
1711869481483 0.001 2725
1711869492224 0.001 2726
1711869502896 0.001 2727
1711869513786 0.001 2728
1711869524632 0.001 2729
1711869535828 0.001 2730
1711869546484 0.001 2731
1711869557145 0.001 2732
1711869568014 0.001 2733
1711869578970 0.001 2734
1711869589903 0.001 2735
1711869600616 0.001 2736
1711869611352 0.001 2737
1711869622166 0.001 2738
1711869633180 0.001 2739
1711869643872 0.001 2740
1711869654509 0.001 2741
1711869665184 0.001 2742
1711869675869 0.001 2743
1711869686548 0.001 2744
1711869697191 0.001 2745
1711869707980 0.001 2746
1711869719177 0.001 2747
1711869729954 0.001 2748
1711869740731 0.001 2749
1711869764954 0.001 2750
1711869775752 0.001 2751
1711869786459 0.001 2752
1711869797128 0.001 2753
1711869807802 0.001 2754
1711869818911 0.001 2755
1711869829678 0.001 2756
1711869840399 0.001 2757
1711869851256 0.001 2758
1711869861999 0.001 2759
1711869872752 0.001 2760
1711869883650 0.001 2761
1711869894352 0.001 2762
1711869905636 0.001 2763
1711869916440 0.001 2764
1711869927345 0.001 2765
1711869938024 0.001 2766
1711869948875 0.001 2767
1711869959739 0.001 2768
1711869970467 0.001 2769
1711869981413 0.001 2770
1711869992224 0.001 2771
1711870003328 0.001 2772
1711870014058 0.001 2773
1711870024734 0.001 2774
1711870035520 0.001 2775
1711870046217 0.001 2776
1711870056914 0.001 2777
1711870067652 0.001 2778
1711870078400 0.001 2779
1711870089596 0.001 2780
1711870100310 0.001 2781
1711870110969 0.001 2782
1711870121727 0.001 2783
1711870132422 0.001 2784
1711870143339 0.001 2785
1711870154212 0.001 2786
1711870164918 0.001 2787
1711870175667 0.001 2788
1711870186695 0.001 2789
1711870197505 0.001 2790
1711870208329 0.001 2791
1711870219012 0.001 2792
1711870229724 0.001 2793
1711870240498 0.001 2794
1711870251273 0.001 2795
1711870261989 0.001 2796
1711870273093 0.001 2797
1711870283837 0.001 2798
1711870294546 0.001 2799
1711870318688 0.001 2800
1711870329356 0.001 2801
1711870339980 0.001 2802
1711870350648 0.001 2803
1711870361694 0.001 2804
1711870372388 0.001 2805
1711870383110 0.001 2806
1711870393812 0.001 2807
1711870404508 0.001 2808
1711870415192 0.001 2809
1711870425919 0.001 2810
1711870436655 0.001 2811
1711870447399 0.001 2812
1711870458675 0.001 2813
1711870469387 0.001 2814
1711870480219 0.001 2815
1711870491104 0.001 2816
1711870501799 0.001 2817
1711870512581 0.001 2818
1711870523322 0.001 2819
1711870534038 0.001 2820
1711870545152 0.001 2821
1711870555926 0.001 2822
1711870566605 0.001 2823
1711870577303 0.001 2824
1711870588104 0.001 2825
1711870598834 0.001 2826
1711870609635 0.001 2827
1711870620373 0.001 2828
1711870631195 0.001 2829
1711870642297 0.001 2830
1711870652950 0.001 2831
1711870663664 0.001 2832
1711870674415 0.001 2833
1711870685202 0.001 2834
1711870696048 0.001 2835
1711870706826 0.001 2836
1711870717495 0.001 2837
1711870728794 0.001 2838
1711870739477 0.001 2839
1711870750184 0.001 2840
1711870760851 0.001 2841
1711870771514 0.001 2842
1711870782241 0.001 2843
1711870792940 0.001 2844
1711870803703 0.001 2845
1711870814764 0.001 2846
1711870825654 0.001 2847
1711870836346 0.001 2848
1711870847051 0.001 2849
1711870870950 0.001 2850
1711870881697 0.001 2851
1711870892401 0.001 2852
1711870903115 0.001 2853
1711870914234 0.001 2854
1711870924910 0.001 2855
1711870935639 0.001 2856
1711870946419 0.001 2857
1711870957213 0.001 2858
1711870967964 0.001 2859
1711870978809 0.001 2860
1711870989575 0.001 2861
1711871000344 0.001 2862
1711871011381 0.001 2863
1711871022182 0.001 2864
1711871032914 0.001 2865
1711871043653 0.001 2866
1711871054469 0.001 2867
1711871065255 0.001 2868
1711871075991 0.001 2869
1711871086740 0.001 2870
1711871097828 0.001 2871
1711871108645 0.001 2872
1711871119371 0.001 2873
1711871130073 0.001 2874
1711871140851 0.001 2875
1711871151553 0.001 2876
1711871162263 0.001 2877
1711871173003 0.001 2878
1711871184360 0.001 2879
1711871195193 0.001 2880
1711871206048 0.001 2881
1711871216878 0.001 2882
1711871227621 0.001 2883
1711871238374 0.001 2884
1711871249249 0.001 2885
1711871260076 0.001 2886
1711871271182 0.001 2887
1711871282026 0.001 2888
1711871292897 0.001 2889
1711871303630 0.001 2890
1711871314528 0.001 2891
1711871325245 0.001 2892
1711871335964 0.001 2893
1711871346663 0.001 2894
1711871357723 0.001 2895
1711871368528 0.001 2896
1711871379315 0.001 2897
1711871390101 0.001 2898
1711871400938 0.001 2899
1711871425070 0.001 2900
1711871435893 0.001 2901
1711871447108 0.001 2902
1711871457924 0.001 2903
1711871468624 0.001 2904
1711871479374 0.001 2905
1711871490128 0.001 2906
1711871500891 0.001 2907
1711871511726 0.001 2908
1711871522495 0.001 2909
1711871533727 0.001 2910
1711871544573 0.001 2911
1711871555383 0.001 2912
1711871566307 0.001 2913
1711871577151 0.001 2914
1711871587934 0.001 2915
1711871598752 0.001 2916
1711871609666 0.001 2917
1711871620468 0.001 2918
1711871631763 0.001 2919
1711871642665 0.001 2920
1711871653631 0.001 2921
1711871664411 0.001 2922
1711871675295 0.001 2923
1711871686017 0.001 2924
1711871696839 0.001 2925
1711871707583 0.001 2926
1711871718798 0.001 2927
1711871729501 0.001 2928
1711871740347 0.001 2929
1711871751117 0.001 2930
1711871761884 0.001 2931
1711871772633 0.001 2932
1711871783367 0.001 2933
1711871794112 0.001 2934
1711871805714 0.001 2935
1711871816661 0.001 2936
1711871827550 0.001 2937
1711871838371 0.001 2938
1711871849264 0.001 2939
1711871860037 0.001 2940
1711871870974 0.001 2941
1711871881758 0.001 2942
1711871893144 0.001 2943
1711871903941 0.001 2944
1711871914710 0.001 2945
1711871925534 0.001 2946
1711871936565 0.001 2947
1711871947679 0.001 2948
1711871958438 0.001 2949
1711871982430 0.001 2950
1711871993485 0.001 2951
1711872004165 0.001 2952
1711872014996 0.001 2953
1711872025850 0.001 2954
1711872036652 0.001 2955
1711872047417 0.001 2956
1711872058187 0.001 2957
1711872068979 0.001 2958
1711872080182 0.001 2959
1711872091074 0.001 2960
1711872101992 0.001 2961
1711872112921 0.001 2962
1711872123740 0.001 2963
1711872134714 0.001 2964
1711872145518 0.001 2965
1711872156361 0.001 2966
1711872167534 0.001 2967
1711872178360 0.001 2968
1711872189092 0.001 2969
1711872199879 0.001 2970
1711872224333 0.001 2971
1711872235156 0.001 2972
1711872245896 0.001 2973
1711872256686 0.001 2974
1711872267868 0.001 2975
1711872278793 0.001 2976
1711872289746 0.001 2977
1711872300553 0.001 2978
1711872311588 0.001 2979
1711872322493 0.001 2980
1711872333322 0.001 2981
1711872344257 0.001 2982
1711872369349 0.001 2983
1711872393746 0.001 2984
1711872404535 0.001 2985
1711872415250 0.001 2986
1711872426000 0.001 2987
1711872436833 0.001 2988
1711872447627 0.001 2989
1711872458542 0.001 2990
1711872469731 0.001 2991
1711872480654 0.001 2992
1711872491408 0.001 2993
1711872502319 0.001 2994
1711872513129 0.001 2995
1711872523960 0.001 2996
1711872534832 0.001 2997
1711872545660 0.001 2998
1711872556964 0.001 2999
1711872580973 0.001 3000
1711872592034 0.001 3001
1711872602787 0.001 3002
1711872613486 0.001 3003
1711872624311 0.001 3004
1711872635111 0.001 3005
1711872646038 0.001 3006
1711872657087 0.001 3007
1711872668003 0.001 3008
1711872678910 0.001 3009
1711872689770 0.001 3010
1711872700515 0.001 3011
1711872711299 0.001 3012
1711872722046 0.001 3013
1711872732946 0.001 3014
1711872744038 0.001 3015
1711872755044 0.001 3016
1711872766045 0.001 3017
1711872776974 0.001 3018
1711872787768 0.001 3019
1711872798590 0.001 3020
1711872809322 0.001 3021
1711872820604 0.001 3022
1711872831347 0.001 3023
1711872842118 0.001 3024
1711872852981 0.001 3025
1711872863808 0.001 3026
1711872874535 0.001 3027
1711872885296 0.001 3028
1711872896007 0.001 3029
1711872906813 0.001 3030
1711872918343 0.001 3031
1711872929207 0.001 3032
1711872939940 0.001 3033
1711872950663 0.001 3034
1711872961379 0.001 3035
1711872972356 0.001 3036
1711872983344 0.001 3037
1711872994193 0.001 3038
1711873005374 0.001 3039
1711873016111 0.001 3040
1711873026863 0.001 3041
1711873037814 0.001 3042
1711873048735 0.001 3043
1711873059463 0.001 3044
1711873070203 0.001 3045
1711873080927 0.001 3046
1711873092111 0.001 3047
1711873102918 0.001 3048
1711873113659 0.001 3049
1711873137855 0.001 3050
1711873148600 0.001 3051
1711873159416 0.001 3052
1711873170120 0.001 3053
1711873180867 0.001 3054
1711873192014 0.001 3055
1711873202822 0.001 3056
1711873213603 0.001 3057
1711873224349 0.001 3058
1711873235140 0.001 3059
1711873246061 0.001 3060
1711873270617 0.001 3061
1711873281746 0.001 3062
1711873292504 0.001 3063
1711873303234 0.001 3064
1711873314021 0.001 3065
1711873324893 0.001 3066
1711873335825 0.001 3067
1711873346800 0.001 3068
1711873357757 0.001 3069
1711873369143 0.001 3070
1711873380142 0.001 3071
1711873390951 0.001 3072
1711873401867 0.001 3073
1711873412718 0.001 3074
1711873423752 0.001 3075
1711873434650 0.001 3076
1711873445481 0.001 3077
1711873456218 0.001 3078
1711873467460 0.001 3079
1711873478213 0.001 3080
1711873488988 0.001 3081
1711873499887 0.001 3082
1711873510701 0.001 3083
1711873521516 0.001 3084
1711873532238 0.001 3085
1711873542957 0.001 3086
1711873554116 0.001 3087
1711873565002 0.001 3088
1711873575710 0.001 3089
1711873586416 0.001 3090
1711873597205 0.001 3091
1711873607929 0.001 3092
1711873618680 0.001 3093
1711873629416 0.001 3094
1711873640570 0.001 3095
1711873651293 0.001 3096
1711873662250 0.001 3097
1711873673177 0.001 3098
1711873683961 0.001 3099
1711873708564 0.001 3100
1711873719247 0.001 3101
1711873730000 0.001 3102
1711873741159 0.001 3103
1711873751913 0.001 3104
1711873762656 0.001 3105
1711873773476 0.001 3106
1711873784452 0.001 3107
1711873795242 0.001 3108
1711873806063 0.001 3109
1711873816887 0.001 3110
1711873828078 0.001 3111
1711873838854 0.001 3112
1711873849639 0.001 3113
1711873860575 0.001 3114
1711873871364 0.001 3115
1711873882116 0.001 3116
1711873892842 0.001 3117
1711873903674 0.001 3118
1711873914955 0.001 3119
1711873925796 0.001 3120
1711873936640 0.001 3121
1711873947622 0.001 3122
1711873958385 0.001 3123
1711873969256 0.001 3124
1711873980143 0.001 3125
1711873991031 0.001 3126
1711874002326 0.001 3127
1711874013139 0.001 3128
1711874024027 0.001 3129
1711874034937 0.001 3130
1711874045826 0.001 3131
1711874056694 0.001 3132
1711874067472 0.001 3133
1711874078239 0.001 3134
1711874089398 0.001 3135
1711874100225 0.001 3136
1711874111032 0.001 3137
1711874121879 0.001 3138
1711874132671 0.001 3139
1711874143474 0.001 3140
1711874154224 0.001 3141
1711874164983 0.001 3142
1711874175761 0.001 3143
1711874186847 0.001 3144
1711874197783 0.001 3145
1711874208574 0.001 3146
1711874219444 0.001 3147
1711874230210 0.001 3148
1711874240952 0.001 3149
1711874265616 0.001 3150
1711874276837 0.001 3151
1711874287763 0.001 3152
1711874311700 0.001 3153
1711874322640 0.001 3154
1711874333543 0.001 3155
1711874344471 0.001 3156
1711874355355 0.001 3157
1711874380229 0.001 3158
1711874404674 0.001 3159
1711874428996 0.001 3160
1711874453355 0.001 3161
1711874464122 0.001 3162
1711874474848 0.001 3163
1711874485629 0.001 3164
1711874496775 0.001 3165
1711874507500 0.001 3166
1711874518225 0.001 3167
1711874529110 0.001 3168
1711874539993 0.001 3169
1711874550891 0.001 3170
1711874561825 0.001 3171
1711874572676 0.001 3172
1711874583909 0.001 3173
1711874594849 0.001 3174
1711874605582 0.001 3175
1711874616375 0.001 3176
1711874627116 0.001 3177
1711874637952 0.001 3178
1711874648718 0.001 3179
1711874659447 0.001 3180
1711874670554 0.001 3181
1711874681287 0.001 3182
1711874692066 0.001 3183
1711874702899 0.001 3184
1711874713662 0.001 3185
1711874724393 0.001 3186
1711874735169 0.001 3187
1711874745854 0.001 3188
1711874756964 0.001 3189
1711874767682 0.001 3190
1711874778457 0.001 3191
1711874789236 0.001 3192
1711874800010 0.001 3193
1711874810768 0.001 3194
1711874821502 0.001 3195
1711874832249 0.001 3196
1711874843015 0.001 3197
1711874854216 0.001 3198
1711874865118 0.001 3199
1711874889292 0.001 3200
1711874900044 0.001 3201
1711874910728 0.001 3202
1711874921417 0.001 3203
1711874932126 0.001 3204
1711874942846 0.001 3205
1711874953871 0.001 3206
1711874964711 0.001 3207
1711874975633 0.001 3208
1711874986493 0.001 3209
1711874997219 0.001 3210
1711875008049 0.001 3211
1711875018912 0.001 3212
1711875029674 0.001 3213
1711875040716 0.001 3214
1711875051438 0.001 3215
1711875062499 0.001 3216
1711875073259 0.001 3217
1711875084145 0.001 3218
1711875095073 0.001 3219
1711875105863 0.001 3220
1711875116611 0.001 3221
1711875127901 0.001 3222
1711875138662 0.001 3223
1711875149529 0.001 3224
1711875160265 0.001 3225
1711875171052 0.001 3226
1711875182076 0.001 3227
1711875192883 0.001 3228
1711875204017 0.001 3229
1711875214733 0.001 3230
1711875225554 0.001 3231
1711875236308 0.001 3232
1711875247145 0.001 3233
1711875257940 0.001 3234
1711875268817 0.001 3235
1711875293722 0.001 3236
1711875304905 0.001 3237
1711875315780 0.001 3238
1711875326654 0.001 3239
1711875337498 0.001 3240
1711875348220 0.001 3241
1711875358933 0.001 3242
1711875369732 0.001 3243
1711875380570 0.001 3244
1711875391744 0.001 3245
1711875402526 0.001 3246
1711875413402 0.001 3247
1711875424175 0.001 3248
1711875434975 0.001 3249
1711875459044 0.001 3250
1711875469866 0.001 3251
1711875480735 0.001 3252
1711875491886 0.001 3253
1711875502701 0.001 3254
1711875513451 0.001 3255
1711875524408 0.001 3256
1711875535340 0.001 3257
1711875546155 0.001 3258
1711875556938 0.001 3259
1711875567684 0.001 3260
1711875578865 0.001 3261
1711875589683 0.001 3262
1711875600455 0.001 3263
1711875611217 0.001 3264
1711875621994 0.001 3265
1711875632744 0.001 3266
1711875643496 0.001 3267
1711875654241 0.001 3268
1711875665545 0.001 3269
1711875676331 0.001 3270
1711875687074 0.001 3271
1711875697811 0.001 3272
1711875708548 0.001 3273
1711875719324 0.001 3274
1711875730053 0.001 3275
1711875741083 0.001 3276
1711875751842 0.001 3277
1711875763039 0.001 3278
1711875773825 0.001 3279
1711875784628 0.001 3280
1711875795405 0.001 3281
1711875806183 0.001 3282
1711875816926 0.001 3283
1711875827659 0.001 3284
1711875838433 0.001 3285
1711875849914 0.001 3286
1711875860815 0.001 3287
1711875871702 0.001 3288
1711875882472 0.001 3289
1711875893363 0.001 3290
1711875904149 0.001 3291
1711875914988 0.001 3292
1711875925948 0.001 3293
1711875937371 0.001 3294
1711875948230 0.001 3295
1711875959191 0.001 3296
1711875970189 0.001 3297
1711875981024 0.001 3298
1711875991908 0.001 3299
1711876016435 0.001 3300
1711876027306 0.001 3301
1711876038444 0.001 3302
1711876049196 0.001 3303
1711876059926 0.001 3304
1711876070661 0.001 3305
1711876081482 0.001 3306
1711876092371 0.001 3307
1711876103148 0.001 3308
1711876114062 0.001 3309
1711876125253 0.001 3310
1711876136035 0.001 3311
1711876146793 0.001 3312
1711876157552 0.001 3313
1711876168330 0.001 3314
1711876179101 0.001 3315
1711876189859 0.001 3316
1711876200591 0.001 3317
1711876211821 0.001 3318
1711876222743 0.001 3319
1711876233727 0.001 3320
1711876244660 0.001 3321
1711876255471 0.001 3322
1711876266415 0.001 3323
1711876277278 0.001 3324
1711876288409 0.001 3325
1711876299702 0.001 3326
1711876310591 0.001 3327
1711876321354 0.001 3328
1711876332211 0.001 3329
1711876342973 0.001 3330
1711876353958 0.001 3331
1711876364830 0.001 3332
1711876375661 0.001 3333
1711876386872 0.001 3334
1711876397725 0.001 3335
1711876408640 0.001 3336
1711876419516 0.001 3337
1711876430395 0.001 3338
1711876441312 0.001 3339
1711876452393 0.001 3340
1711876463574 0.001 3341
1711876474421 0.001 3342
1711876485529 0.001 3343
1711876496460 0.001 3344
1711876507428 0.001 3345
1711876518395 0.001 3346
1711876529482 0.001 3347
1711876540449 0.001 3348
1711876551545 0.001 3349
1711876576427 0.001 3350
1711876587246 0.001 3351
1711876598000 0.001 3352
1711876608758 0.001 3353
1711876619538 0.001 3354
1711876630347 0.001 3355
1711876641255 0.001 3356
1711876652061 0.001 3357
1711876663444 0.001 3358
1711876674368 0.001 3359
1711876685362 0.001 3360
1711876696197 0.001 3361
1711876707185 0.001 3362
1711876718119 0.001 3363
1711876728969 0.001 3364
1711876739858 0.001 3365
1711876751345 0.001 3366
1711876762404 0.001 3367
1711876773377 0.001 3368
1711876784341 0.001 3369
1711876795339 0.001 3370
1711876806392 0.001 3371
1711876817226 0.001 3372
1711876828117 0.001 3373
1711876839554 0.001 3374
1711876850618 0.001 3375
1711876861517 0.001 3376
1711876872436 0.001 3377
1711876883370 0.001 3378
1711876894178 0.001 3379
1711876904931 0.001 3380
1711876915761 0.001 3381
1711876926991 0.001 3382
1711876937784 0.001 3383
1711876948669 0.001 3384
1711876959437 0.001 3385
1711876970349 0.001 3386
1711876981127 0.001 3387
1711876991965 0.001 3388
1711877002729 0.001 3389
1711877014187 0.001 3390
1711877025112 0.001 3391
1711877035891 0.001 3392
1711877046770 0.001 3393
1711877057587 0.001 3394
1711877068409 0.001 3395
1711877079392 0.001 3396
1711877090389 0.001 3397
1711877102139 0.001 3398
1711877113146 0.001 3399
1711877138085 0.001 3400
1711877149030 0.001 3401
1711877159789 0.001 3402
1711877170869 0.001 3403
1711877181872 0.001 3404
1711877193644 0.001 3405
1711877204584 0.001 3406
1711877215582 0.001 3407
1711877226506 0.001 3408
1711877237505 0.001 3409
1711877248530 0.001 3410
1711877259536 0.001 3411
1711877270418 0.001 3412
1711877281349 0.001 3413
1711877292677 0.001 3414
1711877303581 0.001 3415
1711877314516 0.001 3416
1711877325412 0.001 3417
1711877336406 0.001 3418
1711877347212 0.001 3419
1711877358240 0.001 3420
1711877369126 0.001 3421
1711877380331 0.001 3422
1711877391434 0.001 3423
1711877402380 0.001 3424
1711877413344 0.001 3425
1711877424138 0.001 3426
1711877435231 0.001 3427
1711877446275 0.001 3428
1711877457189 0.001 3429
1711877468571 0.001 3430
1711877479460 0.001 3431
1711877490486 0.001 3432
1711877501611 0.001 3433
1711877512509 0.001 3434
1711877523353 0.001 3435
1711877534174 0.001 3436
1711877545430 0.001 3437
1711877556222 0.001 3438
1711877567270 0.001 3439
1711877578260 0.001 3440
1711877589335 0.001 3441
1711877600394 0.001 3442
1711877611312 0.001 3443
1711877622265 0.001 3444
1711877633536 0.001 3445
1711877644663 0.001 3446
1711877655595 0.001 3447
1711877666383 0.001 3448
1711877677350 0.001 3449
1711877702176 0.001 3450
1711877713117 0.001 3451
1711877724075 0.001 3452
1711877735634 0.001 3453
1711877746604 0.001 3454
1711877757551 0.001 3455
1711877768531 0.001 3456
1711877779484 0.001 3457
1711877790355 0.001 3458
1711877801326 0.001 3459
1711877812134 0.001 3460
1711877823506 0.001 3461
1711877834362 0.001 3462
1711877845362 0.001 3463
1711877856353 0.001 3464
1711877867348 0.001 3465
1711877878472 0.001 3466
1711877889431 0.001 3467
1711877900306 0.001 3468
1711877911530 0.001 3469
1711877922700 0.001 3470
1711877933670 0.001 3471
1711877944557 0.001 3472
1711877955540 0.001 3473
1711877966397 0.001 3474
1711877977316 0.001 3475
1711877988213 0.001 3476
1711877999551 0.001 3477
1711878010395 0.001 3478
1711878021283 0.001 3479
1711878032238 0.001 3480
1711878043043 0.001 3481
1711878053813 0.001 3482
1711878064631 0.001 3483
1711878075401 0.001 3484
1711878086588 0.001 3485
1711878097401 0.001 3486
1711878108273 0.001 3487
1711878119265 0.001 3488
1711878130337 0.001 3489
1711878141215 0.001 3490
1711878152008 0.001 3491
1711878162897 0.001 3492
1711878174228 0.001 3493
1711878185130 0.001 3494
1711878195965 0.001 3495
1711878206888 0.001 3496
1711878217723 0.001 3497
1711878228541 0.001 3498
1711878239436 0.001 3499
1711878264146 0.001 3500
1711878275011 0.001 3501
1711878285983 0.001 3502
1711878296857 0.001 3503
1711878307634 0.001 3504
1711878318423 0.001 3505
1711878329244 0.001 3506
1711878340028 0.001 3507
1711878351675 0.001 3508
1711878362536 0.001 3509
1711878373436 0.001 3510
1711878384331 0.001 3511
1711878395145 0.001 3512
1711878406104 0.001 3513
1711878416936 0.001 3514
1711878427937 0.001 3515
1711878439320 0.001 3516
1711878450198 0.001 3517
1711878461025 0.001 3518
1711878471861 0.001 3519
1711878482704 0.001 3520
1711878493532 0.001 3521
1711878504542 0.001 3522
1711878515456 0.001 3523
1711878526705 0.001 3524
1711878537656 0.001 3525
1711878548470 0.001 3526
1711878559285 0.001 3527
1711878570110 0.001 3528
1711878581007 0.001 3529
1711878591872 0.001 3530
1711878602768 0.001 3531
1711878614110 0.001 3532
1711878625137 0.001 3533
1711878636363 0.001 3534
1711878647257 0.001 3535
1711878658179 0.001 3536
1711878668993 0.001 3537
1711878680028 0.001 3538
1711878690911 0.001 3539
1711878702146 0.001 3540
1711878713067 0.001 3541
1711878723964 0.001 3542
1711878734935 0.001 3543
1711878745794 0.001 3544
1711878756647 0.001 3545
1711878767625 0.001 3546
