1715760210571 3.5205 0
1715760390767 1.2559 0
1715760630307 0.8371 0
1715760904697 0.647 0
1715761135637 0.6 0
1715761392787 0.5121 0
1715761662157 0.5404 0
1715761907082 0.5531 0
1715762156218 0.4961 0
1715762453989 0.4768 0
1715762713191 0.5032 0
1715762960066 0.4853 0
1715763224133 0.4791 0
1715763494814 0.4761 0
1715763766950 0.4569 0
1715764027768 0.4547 0
1715764294429 0.4476 0
1715764553699 0.4597 0
1715764798853 0.4264 0
1715765066632 0.4342 0
1715765330077 0.4416 0
1715765558186 0.4115 0
1715765846715 0.4039 0
1715766086070 0.4119 0
1715766354582 0.4383 0
1715766624813 0.4028 0
1715766882694 0.4089 0
1715767126488 0.4446 0
1715767390066 0.4076 0
1715767661705 0.3932 0
1715767877616 0.4267 0
1715768127322 0.3898 0
1715768391301 0.3395 0
1715768619083 0.3469 0
1715768868784 0.4124 0
1715769138249 0.3654 0
1715769421798 0.3606 0
1715769670284 0.4011 0
1715769930948 0.3224 0
1715770188074 0.3191 0
1715770435870 0.2843 0
1715770708600 0.3352 0
1715771001071 0.2948 0
1715771265269 0.3345 0
1715771519961 0.3059 0
1715771768970 0.3328 0
1715772022156 0.2926 0
1715772326012 0.3037 0
1715772537475 0.3078 0
1715772796755 0.2685 0
1715773078323 0.2854 0
1715773355382 0.2523 0
1715773639740 0.2941 0
1715773905489 0.2452 0
1715774168478 0.2903 0
1715774446124 0.3062 0
1715774677136 0.2399 0
1715774930447 0.2573 0
1715775178055 0.2808 0
1715775434677 0.2403 0
1715775662609 0.2666 0
1715775967379 0.2337 0
1715776229697 0.2436 0
1715776477169 0.2551 0
1715776725630 0.2722 0
1715776995193 0.2501 0
1715777254527 0.1972 0
1715777489203 0.2268 0
1715777746082 0.2388 0
1715778002794 0.2052 0
1715778253838 0.1748 0
1715778493251 0.2091 0
1715778770781 0.2364 0
1715779014320 0.2291 0
1715779270994 0.2681 0
1715779519716 0.149 0
1715779801520 0.2034 0
1715780071765 0.2027 0
1715780321274 0.2142 0
1715780595391 0.1842 0
1715780862017 0.2136 0
1715781108100 0.1757 0
1715781372718 0.1779 0
1715781634518 0.1847 0
1715781882904 0.1734 0
1715782149427 0.1539 0
1715782416970 0.1532 0
1715782673210 0.1703 0
1715782921811 0.1394 0
1715783163609 0.1314 0
1715783452940 0.1421 0
1715783721045 0.1272 0
1715783985772 0.0726 0
1715784219986 0.0946 0
1715784490764 0.1259 0
1715784760323 0.1412 0
1715785012455 0.1199 0
1715785258513 0.1362 0
1715785562787 0.0858 0
1715785795406 0.0971 0
1715786088070 0.1183 0
1715786353704 0.0917 0
1715786605959 0.0911 0
1715786869836 0.0812 0
1715787138803 0.1438 0
1715787393358 0.0936 0
1715787650216 0.0707 0
1715787886396 0.0608 0
1715788168044 0.0128 0
1715788390324 0.064 0
1715788670171 0.0264 0
1715788898340 -0.0098 0
1715789191616 0.0215 0
1715789459266 0.0013 0
1715789719051 0.0133 0
1715790023629 -0.0212 0
1715790277163 0.0152 0
1715790567619 -0.0017 0
1715790815300 0.0187 0
1715791047135 0.0453 0
1715791311724 0.0297 0
1715791542657 -0.053 0
1715791826942 0.0421 0
1715792085010 0.0407 0
1715792318404 0.0059 0
1715792605025 -0.0495 0
1715792854331 -0.0086 0
1715793125551 -0.0489 0
1715793368653 0.0017 0
1715793617530 -0.051 0
1715793860730 -0.0461 0
1715794133587 -0.1045 0
1715794397593 -0.0101 0
1715794634482 0.0047 0
1715794873117 -0.0799 0
1715795141079 -0.0291 0
1715795417213 -0.0819 0
1715795656748 0.0075 0
1715795891402 -0.0307 0
1715796148853 -0.013 0
1715796405695 -0.0793 0
1715796667090 -0.0718 0
1715796928630 -0.0714 0
1715797195110 -0.1259 0
1715797434730 -0.0874 0
1715797702334 0.0028 0
1715797944886 -0.105 0
1715798205562 -0.115 0
1715798440817 -0.1337 0
1715798744788 -0.1092 0
1715798987868 -0.0714 0
1715799233624 -0.0831 0
1715799518496 -0.1065 0
1715799769149 -0.0872 0
1715800014949 -0.1046 0
1715800246819 -0.1074 0
1715800485259 -0.0577 0
1715800788651 -0.0533 0
1715801010052 -0.1076 0
1715801258951 -0.1651 0
1715801532452 -0.1507 0
1715801785274 -0.1234 0
1715802045402 -0.0854 0
1715802318103 -0.1074 0
1715802578853 -0.1091 0
1715802830540 -0.1203 0
1715803099832 -0.0883 0
1715803354038 -0.1713 0
1715803604019 -0.1343 0
1715803857399 -0.1775 0
1715804091386 -0.1053 0
1715804338320 -0.0706 0
1715804580906 -0.1248 0
1715804820796 -0.1272 0
1715805058256 -0.1161 0
1715805323241 -0.1523 0
1715805561565 -0.1753 0
1715805837509 -0.1516 0
1715806112674 -0.1557 0
1715806358107 -0.1571 0
1715806607793 -0.1979 0
1715806849703 -0.1479 0
1715807098412 -0.1356 0
1715807384397 -0.1212 0
1715807637772 -0.2008 0
1715807883767 -0.1358 0
1715808128453 -0.164 0
1715808368189 -0.1772 0
1715808621631 -0.2149 0
1715808876332 -0.2231 0
1715809131883 -0.1879 0
1715809403638 -0.1902 0
1715809677707 -0.187 0
1715809942635 -0.1834 0
1715810186132 -0.1708 0
1715810428585 -0.1627 0
1715810728150 -0.2529 0
1715810970625 -0.2191 0
1715811215152 -0.1922 0
1715811468634 -0.1704 0
1715811752176 -0.1808 0
1715811994729 -0.2112 0
1715812231849 -0.2398 0
1715812492581 -0.1731 0
1715812741864 -0.2521 0
1715812972239 -0.1782 0
1715813236844 -0.228 0
1715813494047 -0.2411 0
1715813747939 -0.1534 0
1715813998384 -0.2064 0
1715814249436 -0.1765 0
1715814488258 -0.1946 0
1715814739246 -0.2139 0
1715814993610 -0.2722 0
1715815239090 -0.2224 0
1715815537328 -0.2388 0
1715815770206 -0.2516 0
1715816011564 -0.2042 0
1715816263367 -0.2255 0
1715816482297 -0.2799 0
1715816725892 -0.2016 0
1715816986761 -0.1829 0
1715817217611 -0.2179 0
1715817471580 -0.2352 0
1715817694518 -0.2621 0
1715817957133 -0.2541 0
1715818192368 -0.2311 0
1715818450995 -0.2787 0
1715818702477 -0.1885 0
1715818950370 -0.2852 0
1715819198996 -0.2635 0
1715819448051 -0.2668 0
1715819702799 -0.2526 0
1715819944618 -0.2567 0
1715820203457 -0.2634 0
1715820465683 -0.3214 0
1715820742835 -0.2579 0
1715820984632 -0.2625 0
1715821211284 -0.252 0
1715821481890 -0.1999 0
1715821728934 -0.2947 0
1715821978570 -0.2521 0
1715822257789 -0.2658 0
1715822472414 -0.2702 0
1715822728866 -0.2623 0
1715822984474 -0.2855 0
1715823238993 -0.2659 0
1715823492321 -0.2797 0
1715823761879 -0.2857 0
1715824009176 -0.2973 0
1715824255326 -0.3081 0
1715824511962 -0.3344 0
1715824754287 -0.2969 0
1715825022536 -0.2995 0
1715825273029 -0.3033 0
1715825540433 -0.3127 0
1715825807464 -0.3118 0
1715826072119 -0.286 0
1715826315085 -0.2992 0
1715826578913 -0.2649 0
1715826843787 -0.275 0
1715827086545 -0.2918 0
1715827351457 -0.2694 0
1715827603278 -0.2888 0
1715827862650 -0.3374 0
1715828098488 -0.3231 0
1715828362596 -0.346 0
1715828641682 -0.2833 0
1715828892116 -0.337 0
1715829147694 -0.3167 0
1715829390196 -0.2994 0
1715829656695 -0.3009 0
1715829898801 -0.2974 0
1715830142148 -0.2854 0
1715830407213 -0.3164 0
1715830661529 -0.2817 0
1715830910540 -0.3586 0
1715831173460 -0.3313 0
1715831426511 -0.3189 0
1715831676138 -0.2944 0
1715831927586 -0.3226 0
1715832189218 -0.3112 0
1715832426003 -0.3174 0
1715832700013 -0.335 0
1715832943764 -0.2188 0
1715833216076 -0.2732 0
1715833474532 -0.3525 0
1715833708111 -0.3216 0
1715833976660 -0.3448 0
1715834218607 -0.3115 0
1715834469384 -0.3358 0
1715834718327 -0.3303 0
1715834971951 -0.3022 0
1715835224675 -0.3194 0
1715835475791 -0.3081 0
1715835716626 -0.3581 0
1715835993100 -0.3275 0
1715836244309 -0.3686 0
1715836488623 -0.3353 0
1715836772611 -0.3403 0
1715837038668 -0.3378 0
1715837294125 -0.3309 0
1715837558700 -0.3369 0
1715837771089 -0.3473 0
1715838027843 -0.3113 0
1715838271305 -0.3636 0
1715838536794 -0.3831 0
1715838786399 -0.3543 0
1715839024421 -0.3203 0
1715839288886 -0.3463 0
1715839545012 -0.3531 0
1715839784350 -0.3269 0
1715840034322 -0.3169 0
1715840268303 -0.3356 0
1715840550317 -0.3577 0
1715840805900 -0.3252 0
1715841036460 -0.3026 0
1715841313287 -0.339 0
1715841548625 -0.3552 0
1715841808676 -0.3576 0
1715842034765 -0.3408 0
1715842303559 -0.3202 0
1715842537983 -0.385 0
1715842795518 -0.3211 0
1715843045135 -0.3122 0
1715843327551 -0.3302 0
1715843568884 -0.3791 0
1715843821943 -0.3594 0
1715844071296 -0.349 0
1715844306726 -0.3674 0
1715844586145 -0.3718 0
1715844817445 -0.368 0
1715845090826 -0.3724 0
1715845326558 -0.351 0
1715845606229 -0.3752 0
1715845858738 -0.3747 0
1715846097566 -0.3778 0
1715846384772 -0.3633 0
1715846617668 -0.3708 0
1715846883887 -0.3289 0
1715847122892 -0.3805 0
1715847385403 -0.4119 0
1715847632068 -0.3791 0
1715847922072 -0.3575 0
1715848173662 -0.3301 0
1715848413417 -0.3371 0
1715848669324 -0.3731 0
1715848937012 -0.3772 0
1715849222047 -0.3701 0
1715849488829 -0.3673 0
1715849750596 -0.3463 0
1715850015334 -0.3401 0
1715850265874 -0.3758 0
1715850530793 -0.4048 0
1715850772392 -0.4023 0
1715851075553 -0.3972 0
1715851293473 -0.3635 0
1715851564869 -0.411 0
1715851799440 -0.4013 0
1715852081749 -0.354 0
1715852318729 -0.3899 0
1715852575951 -0.3837 0
1715852828464 -0.377 0
1715853062842 -0.3906 0
1715853338429 -0.3476 0
1715853607487 -0.3599 0
1715853853446 -0.3545 0
1715854111695 -0.3618 0
1715854361502 -0.4105 0
1715854616650 -0.3981 0
1715854879428 -0.35 0
1715855135979 -0.4039 0
1715855405972 -0.3486 0
1715855691873 -0.3948 0
1715855952983 -0.3665 0
1715856190313 -0.3793 0
1715856459633 -0.4172 0
1715856741906 -0.425 0
1715857007970 -0.4121 0
1715857261587 -0.3726 0
1715857520881 -0.3631 0
1715857771039 -0.3473 0
1715858014128 -0.4015 0
1715858255059 -0.4069 0
1715858501780 -0.3812 0
1715858789706 -0.3928 0
1715859010107 -0.4218 0
1715859277835 -0.3816 0
1715859513570 -0.4072 0
1715859789167 -0.4401 0
1715860068684 -0.4058 0
1715860315670 -0.4261 0
1715860580906 -0.388 0
1715860825357 -0.4151 0
1715861065142 -0.3787 0
1715861353031 -0.4457 0
1715861601855 -0.419 0
1715861853874 -0.4278 0
1715862136000 -0.4152 0
1715862390519 -0.3492 0
1715862648692 -0.3873 0
1715862884430 -0.4209 0
1715863133201 -0.405 0
1715863418159 -0.435 0
1715863662181 -0.4076 0
1715863899337 -0.4462 0
1715864182397 -0.3802 0
1715864421146 -0.392 0
1715864660642 -0.3981 0
1715864951456 -0.3784 0
1715865185449 -0.4125 0
1715865475956 -0.3738 0
1715865700382 -0.3922 0
1715865948553 -0.3829 0
1715866211777 -0.3707 0
1715866459140 -0.3783 0
1715866701925 -0.4357 0
1715866930972 -0.4299 0
1715867176662 -0.3796 0
1715867440699 -0.4151 0
1715867724891 -0.393 0
1715867954995 -0.4386 0
1715868237287 -0.436 0
1715868490936 -0.3937 0
1715868752111 -0.4169 0
1715868997017 -0.4208 0
1715869227828 -0.461 0
1715869505112 -0.4516 0
1715869756668 -0.4066 0
1715870029092 -0.4813 0
1715870317095 -0.4701 0
1715870547593 -0.4614 0
1715870798790 -0.4591 0
1715871052508 -0.4322 0
1715871304155 -0.4096 0
1715871540993 -0.4093 0
1715871796381 -0.4058 0
1715872047776 -0.4156 0
1715872323837 -0.4782 0
1715872564863 -0.4144 0
1715872820479 -0.4334 0
1715873065789 -0.4308 0
1715873295491 -0.44 0
1715873585766 -0.4686 0
1715873817524 -0.4015 0
1715874115059 -0.3912 0
1715874337817 -0.4533 0
1715874582181 -0.4639 0
1715874862706 -0.4672 0
1715875119660 -0.432 0
1715875352231 -0.4775 0
1715875598005 -0.4159 0
1715875849470 -0.4512 0
1715876124183 -0.4078 0
1715876375233 -0.4165 0
1715876616498 -0.4134 0
1715876857700 -0.447 0
1715877094517 -0.4772 0
1715877343235 -0.42 0
1715877621858 -0.4689 0
1715877879138 -0.4281 0
1715878116979 -0.4241 0
1715878370350 -0.4305 0
1715878634538 -0.4205 0
1715878926714 -0.4436 0
1715879163500 -0.4092 0
1715879423436 -0.4763 0
1715879654892 -0.4229 0
1715879930797 -0.448 0
1715880185526 -0.4627 0
1715880438917 -0.4188 0
1715880697058 -0.5045 0
1715880945906 -0.4187 0
1715881187229 -0.4422 0
1715881457901 -0.4944 0
1715881674302 -0.4573 0
1715881927431 -0.4606 0
1715882174674 -0.4335 0
1715882455531 -0.4532 0
1715882683840 -0.432 0
1715882981562 -0.3901 0
1715883209536 -0.4241 0
1715883465924 -0.4724 0
1715883712766 -0.4589 0
1715883976673 -0.4827 0
1715884226964 -0.4619 0
1715884457865 -0.4192 0
1715884707042 -0.4925 0
1715884954396 -0.39 0
1715885201072 -0.445 0
1715885427702 -0.4592 0
1715885661433 -0.4312 0
1715885946179 -0.4424 0
1715886174372 -0.3945 0
1715886415643 -0.466 0
1715886672194 -0.4745 0
1715886915982 -0.451 0
1715887188753 -0.4726 0
1715887454073 -0.4523 0
1715887684795 -0.4509 0
1715887952828 -0.4552 0
1715888187987 -0.4251 0
1715888422346 -0.4235 0
1715888665755 -0.5341 0
1715888915986 -0.4952 0
1715889176035 -0.4374 0
1715889401108 -0.4695 0
1715889668080 -0.4399 0
1715889902110 -0.4452 0
1715890135021 -0.4861 0
1715890378670 -0.5268 0
1715890666861 -0.4922 0
1715890911878 -0.439 0
1715891137333 -0.4677 0
1715891396897 -0.4274 0
1715891672411 -0.4604 0
1715891909032 -0.4286 0
1715892160664 -0.44 0
1715892412623 -0.4427 0
1715892694893 -0.4462 0
1715892953713 -0.4978 0
1715893183436 -0.4801 0
1715893429489 -0.4675 0
1715893719733 -0.4689 0
1715893941938 -0.4969 0
1715894182405 -0.4707 0
1715894440049 -0.4443 0
1715894707027 -0.4572 0
1715894951676 -0.4709 0
1715895204969 -0.4696 0
1715895463463 -0.4721 0
1715895748707 -0.4565 0
1715895998638 -0.481 0
1715896259171 -0.4849 0
1715896525218 -0.4383 0
1715896795787 -0.4533 0
1715897009423 -0.4538 0
1715897322525 -0.509 0
1715897556185 -0.5006 0
1715897810342 -0.4636 0
1715898049643 -0.4887 0
1715898306316 -0.4557 0
1715898577548 -0.4739 0
1715898806928 -0.4496 0
1715899077488 -0.4179 0
1715899359157 -0.4133 0
1715899616525 -0.4784 0
1715899886735 -0.4791 0
1715900132765 -0.5288 0
1715900381645 -0.4534 0
1715900658320 -0.4582 0
1715900888482 -0.4903 0
1715901144023 -0.5274 0
1715901386055 -0.5152 0
1715901635764 -0.4658 0
1715901907079 -0.468 0
1715902141574 -0.4297 0
1715902397634 -0.4408 0
1715902636824 -0.4805 0
1715902876316 -0.4701 0
1715903126074 -0.4084 0
1715903362147 -0.416 0
1715903623411 -0.4429 0
1715903863726 -0.4651 0
1715904125013 -0.4785 0
1715904358351 -0.4597 0
1715904628035 -0.503 0
1715904881173 -0.4794 0
1715905144481 -0.457 0
1715905385245 -0.4811 0
1715905627654 -0.4714 0
1715905898801 -0.4798 0
1715906146936 -0.4832 0
1715906379968 -0.5031 0
1715906663394 -0.4824 0
1715906906859 -0.4506 0
1715907161071 -0.4824 0
1715907408566 -0.4871 0
1715907648937 -0.4651 0
1715907908770 -0.537 0
1715908169014 -0.4893 0
1715908424421 -0.4964 0
1715908672504 -0.4874 0
1715908943153 -0.4752 0
1715909197682 -0.4896 0
1715909423708 -0.461 0
1715909679995 -0.474 0
1715909917815 -0.4784 0
1715910177815 -0.4942 0
1715910406304 -0.472 0
1715910697592 -0.4697 0
1715910960400 -0.4818 0
1715911203799 -0.4796 0
1715911481975 -0.5064 0
1715911699818 -0.4858 0
1715911953444 -0.4955 0
1715912217569 -0.4806 0
1715912471041 -0.4554 0
1715912743012 -0.525 0
1715912976840 -0.4898 0
1715913248787 -0.5203 0
1715913510182 -0.4792 0
1715913792915 -0.5069 0
1715914027727 -0.4935 0
1715914278877 -0.5263 0
1715914511896 -0.4625 0
1715914793535 -0.5115 0
1715915037068 -0.4773 0
1715915268171 -0.4689 0
1715915526019 -0.4903 0
1715915775840 -0.4604 0
1715916024137 -0.5236 0
1715916274200 -0.5237 0
1715916570655 -0.5181 0
1715916782939 -0.5154 0
1715917049966 -0.4759 0
1715917270624 -0.5126 0
1715917533302 -0.5072 0
1715917760742 -0.5251 0
1715918036058 -0.4993 0
1715918290201 -0.4854 0
1715918544673 -0.4941 0
1715918804094 -0.512 0
1715919077156 -0.5284 0
1715919360783 -0.5421 0
1715919587722 -0.5025 0
1715919858564 -0.4762 0
1715920096306 -0.4889 0
1715920353366 -0.5074 0
1715920584621 -0.5002 0
1715920828247 -0.51 0
1715921090435 -0.5447 0
1715921334409 -0.4876 0
1715921598041 -0.5071 0
1715921872492 -0.5752 0
1715922094092 -0.5382 0
1715922354609 -0.4921 0
1715922631033 -0.5054 0
1715922874099 -0.5061 0
1715923132730 -0.5527 0
1715923366427 -0.4996 0
1715923640293 -0.5329 0
1715923893727 -0.5149 0
1715924137611 -0.551 0
1715924396139 -0.4904 0
1715924666028 -0.5489 0
1715924930142 -0.5299 0
1715925203995 -0.4601 0
1715925472375 -0.5162 0
1715925722156 -0.4719 0
1715925969609 -0.5076 0
1715926267110 -0.5115 0
1715926513020 -0.5253 0
1715926759099 -0.5366 0
1715927012073 -0.5338 0
1715927268581 -0.5309 0
1715927518381 -0.5255 0
1715927776230 -0.5196 0
1715928008573 -0.5022 0
1715928263687 -0.4701 0
1715928516294 -0.511 0
1715928755978 -0.5419 0
1715929033789 -0.5334 0
1715929274081 -0.5037 0
1715929532274 -0.5282 0
1715929804470 -0.4985 0
1715930053898 -0.5312 0
1715930279794 -0.5501 0
1715930529381 -0.5291 0
1715930816834 -0.5287 0
1715931089862 -0.5214 0
1715931333130 -0.5295 0
1715931606526 -0.5167 0
1715931859002 -0.5553 0
1715932105872 -0.5063 0
1715932335166 -0.5488 0
1715932627751 -0.5317 0
1715932869892 -0.4883 0
1715933143993 -0.4992 0
1715933409103 -0.5292 0
1715933644299 -0.4963 0
1715933887276 -0.529 0
1715934166056 -0.5128 0
1715934427254 -0.4842 0
1715934671267 -0.5144 0
1715934923726 -0.4628 0
1715935192759 -0.5231 0
1715935438563 -0.5311 0
1715935681252 -0.4854 0
1715935965480 -0.5202 0
1715936229824 -0.4764 0
1715936479267 -0.5188 0
1715936761309 -0.5339 0
1715936987048 -0.52 0
1715937263678 -0.5093 0
1715937505188 -0.5406 0
1715937749466 -0.5138 0
1715938038022 -0.5511 0
1715938294941 -0.5251 0
1715938550754 -0.4871 0
1715938811147 -0.4953 0
1715939035245 -0.5459 0
1715939303341 -0.5138 0
1715939591056 -0.5161 0
1715939840752 -0.5386 0
1715940092498 -0.5153 0
1715940336336 -0.5307 0
1715940588827 -0.5307 0
1715940873862 -0.5491 0
1715941115385 -0.5185 0
1715941394622 -0.5332 0
1715941649113 -0.5653 0
1715941873722 -0.4717 0
1715942130893 -0.5149 0
1715942368740 -0.5778 0
1715942621342 -0.5634 0
1715942890413 -0.5396 0
1715943157139 -0.5058 0
1715943409503 -0.4896 0
1715943664880 -0.5351 0
1715943906521 -0.5159 0
1715944134619 -0.5113 0
1715944403050 -0.5197 0
1715944663971 -0.5072 0
1715944916059 -0.5537 0
1715945172307 -0.5352 0
1715945428924 -0.5415 0
1715945691506 -0.5014 0
1715945949589 -0.5171 0
1715946211635 -0.5025 0
1715946475821 -0.5459 0
1715946724015 -0.5205 0
1715946963089 -0.4944 0
1715947222948 -0.5271 0
1715947473544 -0.4916 0
1715947731998 -0.5486 0
1715947972183 -0.5503 0
1715948214512 -0.5166 0
1715948461812 -0.522 0
1715948710559 -0.5353 0
1715948973125 -0.5236 0
1715949205995 -0.5222 0
1715949440122 -0.5428 0
1715949707395 -0.552 0
1715949969730 -0.5281 0
1715950190073 -0.537 0
1715950472488 -0.5416 0
1715950706973 -0.5529 0
1715950944343 -0.564 0
1715951204114 -0.5508 0
1715951477443 -0.5345 0
1715951735906 -0.5085 0
1715951980256 -0.4803 0
1715952229680 -0.527 0
1715952489793 -0.5443 0
1715952752706 -0.5291 0
1715952994246 -0.5255 0
1715953239826 -0.5194 0
1715953487500 -0.5688 0
1715953743496 -0.5848 0
1715953993211 -0.5647 0
1715954252548 -0.5428 0
1715954502167 -0.5318 0
1715954739484 -0.551 0
1715954974373 -0.5406 0
1715955229026 -0.5355 0
1715955486742 -0.5055 0
1715955796568 -0.554 0
1715956012502 -0.5332 0
1715956292400 -0.5302 0
1715956549505 -0.5354 0
1715956804396 -0.5671 0
1715957084102 -0.5457 0
1715957346976 -0.5462 0
1715957602932 -0.5268 0
1715957820732 -0.5678 0
1715958098960 -0.5618 0
1715958350055 -0.6061 0
1715958598163 -0.5249 0
1715958902066 -0.5217 0
1715959139285 -0.512 0
1715959391821 -0.533 0
1715959627903 -0.5338 0
1715959894983 -0.541 0
1715960161157 -0.5318 0
1715960404013 -0.5525 0
1715960649295 -0.5529 0
1715960899025 -0.5715 0
1715961168730 -0.5616 0
1715961434876 -0.5552 0
1715961671982 -0.5537 0
1715961961364 -0.5538 0
1715962195217 -0.5228 0
1715962458864 -0.5408 0
1715962723533 -0.5416 0
1715962983420 -0.5416 0
1715963227903 -0.5404 0
1715963480330 -0.5582 0
1715963700589 -0.5304 0
1715963936320 -0.5432 0
1715964212756 -0.5435 0
1715964448277 -0.5286 0
1715964716191 -0.5215 0
1715964984654 -0.5317 0
1715965216599 -0.5495 0
1715965495877 -0.5701 0
1715965719200 -0.5368 0
1715965970169 -0.5653 0
1715966186481 -0.5248 0
1715966466762 -0.5247 0
1715966711882 -0.5343 0
1715966992066 -0.5849 0
1715967238267 -0.5652 0
1715967477897 -0.5278 0
1715967741658 -0.5583 0
1715967994764 -0.5703 0
1715968257276 -0.5676 0
1715968487482 -0.5474 0
1715968730883 -0.5766 0
1715969007242 -0.5439 0
1715969254497 -0.5659 0
1715969512016 -0.5849 0
1715969774871 -0.5812 0
1715970044774 -0.5206 0
1715970276594 -0.5223 0
1715970528370 -0.5435 0
1715970777037 -0.5556 0
1715971022749 -0.5687 0
1715971265507 -0.5374 0
1715971530685 -0.5964 0
1715971775554 -0.579 0
1715972032320 -0.5906 0
1715972271919 -0.6 0
1715972542992 -0.5587 0
1715972780813 -0.5252 0
1715973039397 -0.554 0
1715973282264 -0.5433 0
1715973524262 -0.5205 0
1715973739495 -0.599 0
1715973997804 -0.561 0
1715974241627 -0.5171 0
1715974487559 -0.5556 0
1715974720217 -0.5575 0
1715974984604 -0.5478 0
1715975236561 -0.5232 0
1715975517112 -0.5514 0
1715975750098 -0.5373 0
1715976009938 -0.5649 0
1715976253511 -0.5466 0
1715976507815 -0.5484 0
1715976775279 -0.5729 0
1715977014911 -0.5561 0
1715977295239 -0.5894 0
1715977521595 -0.5697 0
1715977750305 -0.5796 0
1715978030613 -0.5289 0
1715978285729 -0.54 0
1715978519620 -0.5394 0
1715978781507 -0.5421 0
1715979027639 -0.57 0
1715979272921 -0.5666 0
1715979537219 -0.5863 0
1715979794945 -0.5498 0
1715980048537 -0.581 0
1715980303151 -0.5698 0
1715980570968 -0.5907 0
1715980829117 -0.6003 0
1715981093231 -0.5782 0
1715981355820 -0.568 0
1715981601258 -0.5138 0
1715981839895 -0.6011 0
1715982115751 -0.5776 0
1715982370335 -0.5937 0
1715982607891 -0.5674 0
1715982866580 -0.5324 0
1715983123173 -0.5157 0
1715983363126 -0.5741 0
1715983611238 -0.5902 0
1715983856357 -0.5571 0
1715984126719 -0.533 0
1715984365684 -0.5953 0
1715984608148 -0.6036 0
1715984889482 -0.5713 0
1715985140016 -0.5925 0
1715985402370 -0.5756 0
1715985676039 -0.5816 0
1715985891135 -0.5759 0
1715986168211 -0.5935 0
1715986401315 -0.5717 0
1715986650760 -0.5903 0
1715986927877 -0.5651 0
1715987126154 -0.5532 0
1715987420903 -0.5639 0
1715987669938 -0.5543 0
1715987927481 -0.5729 0
1715988154353 -0.5471 0
1715988445906 -0.5423 0
1715988659195 -0.5754 0
1715988959184 -0.5772 0
1715989195132 -0.5505 0
1715989458896 -0.5784 0
1715989706074 -0.6003 0
1715989984577 -0.5582 0
1715990206822 -0.5583 0
1715990476445 -0.5608 0
1715990747755 -0.5638 0
1715990989886 -0.5984 0
1715991255681 -0.5963 0
1715991541102 -0.5626 0
1715991768522 -0.5567 0
1715992029214 -0.5529 0
1715992288770 -0.559 0
1715992537003 -0.5218 0
1715992771336 -0.5749 0
1715993020621 -0.5413 0
1715993270546 -0.5414 0
1715993521776 -0.5564 0
1715993820790 -0.5814 0
1715994068487 -0.5386 0
1715994289882 -0.5791 0
1715994573119 -0.5549 0
1715994813503 -0.5861 0
1715995074411 -0.5771 0
1715995316202 -0.5929 0
1715995583690 -0.5256 0
1715995831743 -0.5971 0
1715996079302 -0.595 0
1715996317040 -0.559 0
1715996602330 -0.6088 0
1715996842100 -0.5656 0
1715997096922 -0.5498 0
1715997338038 -0.5388 0
1715997622878 -0.5986 0
1715997852744 -0.5475 0
1715998123035 -0.5795 0
1715998354694 -0.5633 0
1715998607617 -0.5564 0
1715998860619 -0.5845 0
1715999080675 -0.6104 0
1715999364838 -0.5781 0
1715999590707 -0.5894 0
1715999880272 -0.5547 0
1716000111498 -0.5338 0
1716000377301 -0.5947 0
1716000624020 -0.6065 0
1716000893445 -0.583 0
1716001123128 -0.606 0
1716001380376 -0.5729 0
1716001631028 -0.5758 0
1716001891710 -0.5823 0
1716002124359 -0.5648 0
1716002390779 -0.6004 0
1716002653679 -0.5778 0
1716002903444 -0.5978 0
1716003158115 -0.5898 0
1716003389546 -0.581 0
1716003669864 -0.5673 0
1716003919650 -0.5831 0
1716004175094 -0.6083 0
1716004433396 -0.6002 0
1716004685437 -0.5539 0
1716004916249 -0.5622 0
1716005169085 -0.6249 0
1716005416819 -0.6017 0
1716005664926 -0.5787 0
1716005920197 -0.5643 0
1716006167020 -0.6039 0
1716006404482 -0.598 0
1716006656338 -0.5883 0
1716006906101 -0.6081 0
1716007155182 -0.5837 0
1716007427708 -0.5906 0
1716007678492 -0.6206 0
1716007950176 -0.5704 0
1716008204643 -0.6212 0
1716008486982 -0.5808 0
1716008720163 -0.5779 0
1716008965538 -0.6295 0
1716009230284 -0.5866 0
1716009489595 -0.5952 0
1716009725954 -0.5678 0
1716009993821 -0.5649 0
1716010246056 -0.591 0
1716010492268 -0.5884 0
1716010744052 -0.5509 0
1716011027504 -0.574 0
1716011269829 -0.597 0
1716011507466 -0.586 0
1716011776411 -0.5955 0
1716012033023 -0.5885 0
1716012253340 -0.5941 0
1716012556068 -0.5708 0
1716012818858 -0.61 0
1716013067662 -0.6012 0
1716013335110 -0.5794 0
1716013597593 -0.5715 0
1716013848763 -0.6032 0
1716014100766 -0.6235 0
1716014347672 -0.5703 0
1716014608504 -0.5601 0
