1708765682984 42.36 0
1708765689556 5.59 0
1708765704993 14.91 0
1708765713399 3.34 0
1708765721538 3.33 0
1708765730193 3.35 0
1708765738600 3.34 0
1708765747319 3.35 0
1708765755309 3.34 0
1708765763229 3.35 0
1708765770982 3.35 0
1708765778674 3.35 0
1708765786502 3.37 0
1708765794092 3.35 0
1708765801721 3.35 0
1708765809412 3.35 0
1708765817418 3.35 0
1708765825140 3.35 0
1708765832886 3.35 0
1708765836777 3.35 0
1708765840662 3.34 0
1708765848366 3.35 0
1708765852225 3.34 0
1708765856088 3.35 0
1708765863807 3.35 0
1708765871425 3.35 0
1708765879069 3.35 0
1708765886697 3.35 0
1708765894607 3.35 0
1708765902401 3.35 0
1708765906290 3.35 0
1708765910162 3.34 0
1708765914046 3.35 0
1708765917930 3.35 0
1708765921812 3.34 0
1708765929451 3.35 0
1708765933335 3.35 0
1708765937331 3.34 0
1708765941214 3.34 0
1708765945096 3.34 0
1708765948990 3.35 0
1708765952894 3.35 0
1708765956756 3.35 0
1708765960624 3.34 0
1708765964496 3.35 0
1708765968422 3.4 0
1708765972285 3.35 0
1708765976154 3.35 0
1708765980019 3.35 0
1708765983888 3.34 0
1708765992023 3.36 0
1708765999589 3.35 0
1708766003565 3.35 0
1708766007437 3.34 0
1708766011311 3.35 0
1708766015188 3.35 0
1708766019071 3.35 0
1708766022949 3.35 0
1708766026822 3.35 0
1708766030702 3.34 0
1708766034669 3.42 0
1708766038883 3.36 0
1708766042777 3.35 0
1708766046677 3.35 0
1708766050577 3.35 0
1708766058421 3.36 0
1708766066139 3.37 0
1708766070148 3.36 0
1708766074053 3.35 0
1708766077950 3.35 0
1708766081870 3.36 0
1708766085771 3.35 0
1708766089686 3.35 0
1708766093593 3.35 0
1708766097500 3.35 0
1708766101396 3.35 0
1708766109191 3.35 0
1708766116857 3.35 0
1708766120763 3.35 0
1708766124669 3.35 0
1708766128583 3.36 0
1708766132489 3.35 0
1708766136511 3.35 0
1708766140384 3.34 0
1708766144264 3.35 0
1708766148149 3.36 0
1708766152026 3.35 0
1708766155904 3.35 0
1708766159792 3.35 0
1708766163669 3.35 0
1708766167562 3.36 0
1708766171569 3.35 0
1708766175456 3.35 0
1708766179338 3.35 0
1708766183219 3.35 0
1708766187106 3.35 0
1708766190987 3.35 0
1708766194881 3.35 0
1708766198768 3.35 0
1708766202647 3.34 0
1708766210580 3.35 0
1708766214470 3.35 0
1708766218364 3.36 0
1708766222258 3.35 0
1708766226153 3.35 0
1708766230055 3.36 0
1708766233957 3.35 0
1708766237850 3.35 0
1708766245619 3.35 0
1708766249513 3.35 0
1708766253402 3.35 0
1708766257286 3.34 0
1708766261175 3.35 0
1708766269003 3.36 0
1708766272896 3.34 0
1708766280854 3.35 0
1708766288544 3.35 0
1708766296329 3.35 0
1708766300227 3.35 0
1708766307954 3.36 0
1708766315746 3.35 0
1708766323461 3.35 0
1708766331216 3.36 0
1708766338923 3.36 0
1708766346778 3.36 0
1708766350788 3.36 0
1708766354683 3.35 0
1708766358577 3.35 0
1708766366310 3.36 0
1708766374062 3.36 0
1708766381774 3.36 0
1708766389583 3.37 0
1708766397372 3.35 0
1708766401280 3.36 0
1708766405184 3.36 0
1708766409119 3.35 0
1708766413031 3.36 0
1708766416950 3.37 0
1708766420993 3.49 0
1708766424917 3.36 0
1708766433742 3.37 0
1708766442604 3.35 0
1708766451483 3.36 0
1708766459956 3.35 0
1708766467719 3.35 0
1708766475418 3.36 0
1708766483145 3.36 0
1708766490862 3.37 0
1708766498750 3.36 0
1708766506469 3.36 0
1708766514215 3.36 0
1708766521946 3.36 0
1708766525854 3.35 0
1708766533657 3.35 0
1708766537564 3.34 0
1708766541483 3.36 0
1708766549296 3.36 0
1708766553205 3.35 0
1708766557121 3.35 0
1708766561038 3.35 0
1708766568936 3.37 0
1708766576631 3.36 0
1708766584349 3.36 0
1708766592143 3.36 0
1708766599963 3.35 0
1708766607672 3.35 0
1708766611571 3.35 0
1708766615472 3.35 0
1708766619383 3.36 0
1708766623285 3.35 0
1708766627205 3.36 0
1708766635134 3.36 0
1708766639039 3.35 0
1708766642943 3.35 0
1708766646845 3.35 0
1708766650752 3.35 0
1708766654664 3.36 0
1708766658565 3.34 0
1708766662483 3.35 0
1708766666383 3.34 0
1708766670445 3.36 0
1708766678205 3.36 0
1708766685931 3.36 0
1708766693730 3.36 0
1708766701456 3.36 0
1708766709442 3.36 0
1708766717167 3.36 0
1708766721067 3.35 0
1708766728869 3.35 0
1708766736600 3.36 0
1708766744407 3.36 0
1708766752166 3.37 0
1708766756075 3.34 0
1708766759989 3.35 0
1708766767808 3.35 0
1708766775636 3.35 0
1708766783453 3.35 0
1708766787373 3.34 0
1708766791290 3.35 0
1708766795207 3.35 0
1708766803601 3.36 0
1708766807557 3.39 0
1708766811481 3.36 0
1708766815393 3.35 0
1708766819307 3.35 0
1708766823219 3.35 0
1708766827099 3.35 0
1708766830984 3.35 0
1708766834868 3.35 0
1708766838743 3.34 0
1708766846646 3.36 0
1708766854332 3.37 0
1708766858208 3.35 0
1708766862097 3.35 0
1708766866001 3.36 0
1708766869894 3.36 0
1708766873785 3.35 0
1708766877796 3.36 0
1708766881672 3.34 0
1708766885553 3.35 0
1708766889443 3.36 0
1708766893319 3.35 0
1708766897204 3.35 0
1708766901088 3.35 0
1708766904972 3.35 0
1708766908859 3.35 0
1708766912883 3.36 0
1708766916765 3.35 0
1708766920654 3.35 0
1708766924544 3.35 0
1708766928428 3.35 0
1708766936241 3.35 0
1708766943935 3.36 0
1708766951855 3.35 0
1708766955731 3.34 0
1708766959620 3.36 0
1708766963509 3.35 0
1708766967398 3.35 0
1708766971289 3.36 0
1708766975200 3.36 0
1708766979100 3.35 0
1708766987101 3.35 0
1708766991000 3.35 0
1708766998762 3.36 0
1708767006528 3.36 0
1708767010431 3.36 0
1708767018457 3.35 0
1708767026166 3.35 0
1708767030064 3.36 0
1708767033972 3.36 0
1708767041776 3.36 0
1708767045674 3.35 0
1708767049577 3.36 0
1708767057530 3.35 0
1708767061429 3.35 0
1708767065337 3.36 0
1708767073091 3.35 0
1708767080800 3.36 0
1708767088639 3.35 0
1708767092531 3.35 0
1708767096433 3.36 0
1708767104237 3.37 0
1708767108131 3.35 0
1708767112027 3.35 0
1708767115927 3.35 0
1708767123866 3.36 0
1708767127761 3.35 0
1708767131667 3.36 0
1708767135558 3.35 0
1708767139454 3.35 0
1708767143353 3.36 0
1708767151193 3.35 0
1708767155078 3.35 0
1708767159096 3.35 0
1708767162987 3.35 0
1708767166882 3.35 0
1708767170779 3.35 0
1708767174669 3.35 0
1708767182521 3.35 0
1708767190297 3.36 0
1708767194318 3.36 0
1708767202085 3.35 0
1708767205981 3.35 0
1708767213772 3.35 0
1708767217669 3.35 0
1708767225421 3.36 0
1708767233224 3.36 0
1708767237120 3.35 0
1708767241023 3.35 0
1708767248778 3.35 0
1708767252681 3.35 0
1708767260459 3.36 0
1708767264466 3.35 0
1708767268363 3.35 0
1708767272268 3.36 0
1708767276170 3.35 0
1708767280084 3.36 0
1708767283981 3.35 0
1708767287881 3.35 0
1708767291775 3.35 0
1708767299734 3.36 0
1708767303633 3.35 0
1708767307529 3.35 0
1708767311434 3.36 0
1708767315334 3.35 0
1708767319237 3.35 0
1708767323133 3.35 0
1708767327031 3.35 0
1708767334941 3.36 0
1708767342757 3.36 0
1708767346657 3.36 0
1708767350551 3.34 0
1708767354441 3.35 0
1708767358340 3.35 0
1708767362240 3.35 0
1708767370099 3.36 0
1708767377795 3.35 0
1708767385549 3.36 0
1708767393301 3.35 0
1708767397197 3.35 0
1708767405096 3.36 0
1708767412799 3.35 0
1708767416698 3.35 0
1708767420597 3.35 0
1708767424496 3.35 0
1708767428426 3.35 0
1708767436215 3.36 0
1708767440238 3.35 0
1708767444143 3.35 0
1708767448048 3.35 0
1708767451957 3.35 0
1708767459684 3.35 0
1708767467460 3.36 0
1708767475249 3.35 0
1708767483111 3.35 0
1708767487025 3.35 0
1708767490930 3.35 0
1708767494840 3.35 0
1708767498758 3.36 0
1708767502668 3.35 0
1708767510493 3.36 0
1708767518284 3.35 0
1708767526084 3.35 0
1708767533790 3.35 0
1708767541601 3.36 0
1708767549428 3.35 0
1708767553342 3.35 0
1708767557266 3.36 0
1708767561185 3.36 0
1708767565090 3.35 0
1708767573017 3.37 0
1708767577048 3.35 0
1708767584879 3.35 0
1708767588783 3.35 0
1708767596550 3.35 0
1708767604296 3.35 0
1708767608206 3.35 0
1708767616075 3.35 0
1708767623802 3.35 0
1708767631491 3.36 0
1708767635408 3.35 0
1708767639332 3.36 0
1708767647337 3.36 0
1708767655170 3.35 0
1708767659072 3.35 0
1708767662986 3.36 0
1708767670758 3.35 0
1708767678474 3.35 0
1708767686406 3.36 0
1708767690323 3.35 0
1708767694239 3.36 0
1708767698150 3.35 0
1708767702071 3.36 0
1708767705988 3.35 0
1708767709902 3.35 0
1708767713821 3.36 0
1708767717845 3.35 0
1708767721764 3.35 0
1708767725677 3.35 0
1708767729595 3.36 0
1708767733514 3.36 0
1708767737433 3.36 0
1708767741343 3.35 0
1708767745274 3.37 0
1708767749325 3.36 0
1708767753243 3.36 0
1708767761034 3.36 0
1708767764955 3.35 0
1708767772771 3.35 0
1708767776695 3.36 0
1708767784652 3.36 0
1708767792461 3.37 0
1708767796378 3.35 0
1708767804238 3.36 0
1708767808154 3.35 0
1708767812077 3.36 0
1708767820000 3.35 0
1708767823928 3.36 0
1708767827849 3.35 0
1708767831773 3.36 0
1708767839558 3.36 0
1708767843495 3.36 0
1708767847546 3.36 0
1708767851512 3.35 0
1708767855436 3.35 0
1708767859365 3.36 0
1708767863280 3.35 0
1708767867198 3.35 0
1708767871123 3.35 0
1708767875051 3.36 0
1708767879107 3.36 0
1708767882986 3.34 0
1708767886878 3.35 0
1708767890770 3.35 0
1708767894662 3.35 0
1708767902442 3.35 0
1708767910271 3.35 0
1708767914240 3.42 0
1708767922019 3.36 0
1708767925916 3.35 0
1708767933787 3.35 0
1708767941529 3.35 0
1708767945420 3.35 0
1708767949373 3.42 0
1708767953264 3.34 0
1708767961039 3.35 0
1708767968771 3.36 0
1708767972666 3.35 0
1708767976555 3.35 0
1708767980444 3.35 0
1708767988324 3.36 0
1708767996002 3.35 0
1708767999887 3.35 0
1708768003788 3.36 0
1708768011421 3.35 0
1708768019310 3.35 0
1708768027134 3.35 0
1708768031020 3.35 0
1708768034909 3.35 0
1708768038804 3.35 0
1708768042697 3.36 0
1708768046589 3.35 0
1708768050472 3.34 0
1708768054504 3.35 0
1708768058393 3.35 0
1708768062284 3.35 0
1708768066175 3.35 0
1708768070066 3.35 0
1708768073960 3.35 0
1708768077859 3.35 0
1708768085603 3.35 0
1708768089615 3.35 0
1708768093522 3.36 0
1708768097419 3.36 0
1708768101309 3.35 0
1708768105188 3.35 0
1708768109081 3.35 0
1708768112965 3.34 0
1708768116858 3.35 0
1708768120749 3.35 0
1708768128627 3.35 0
1708768136407 3.35 0
1708768144114 3.36 0
1708768151927 3.35 0
1708768155819 3.35 0
1708768159822 3.35 0
1708768163716 3.35 0
1708768167600 3.35 0
1708768171493 3.35 0
1708768175383 3.36 0
1708768179282 3.36 0
1708768187134 3.36 0
1708768194999 3.35 0
1708768202777 3.35 0
1708768210556 3.36 0
1708768218371 3.36 0
1708768226098 3.36 0
1708768233944 3.36 0
1708768241721 3.36 0
1708768249513 3.36 0
1708768253411 3.35 0
1708768261286 3.36 0
1708768269117 3.36 0
1708768273005 3.35 0
1708768276900 3.36 0
1708768280798 3.35 0
1708768288641 3.36 0
1708768296406 3.36 0
1708768304245 3.36 0
1708768308166 3.35 0
1708768316057 3.35 0
1708768323799 3.35 0
1708768327724 3.38 0
1708768331651 3.36 0
1708768335708 3.38 0
1708768339608 3.35 0
1708768343497 3.35 0
1708768347397 3.35 0
1708768351288 3.35 0
1708768355182 3.35 0
1708768366996 3.37 0
1708768371014 3.35 0
1708768374904 3.35 0
1708768378801 3.35 0
1708768382700 3.35 0
1708768386603 3.36 0
1708768390496 3.35 0
1708768394397 3.35 0
1708768398288 3.34 0
1708768402181 3.35 0
1708768406206 3.35 0
1708768413955 3.35 0
1708768421741 3.36 0
1708768429500 3.36 0
1708768437247 3.38 0
1708768445211 3.36 0
1708768452972 3.36 0
