1708765640622 0.001 0
1708765683964 0.001 1
1708765690077 0.001 2
1708765710058 0.001 3
1708765718209 0.001 4
1708765726843 0.001 5
1708765735259 0.001 6
1708765743968 0.001 7
1708765751966 0.001 8
1708765759880 0.001 9
1708765767632 0.001 10
1708765775324 0.001 11
1708765783125 0.001 12
1708765790737 0.001 13
1708765798368 0.001 14
1708765806059 0.001 15
1708765814065 0.001 16
1708765821785 0.001 17
1708765829537 0.001 18
1708765833428 0.001 19
1708765837318 0.001 20
1708765845014 0.001 21
1708765848881 0.001 22
1708765852740 0.001 23
1708765860453 0.001 24
1708765868070 0.001 25
1708765875721 0.001 26
1708765883343 0.001 27
1708765891253 0.001 28
1708765899046 0.001 29
1708765902934 0.001 30
1708765906820 0.001 31
1708765910695 0.001 32
1708765914576 0.001 33
1708765918469 0.001 34
1708765926101 0.001 35
1708765929988 0.001 36
1708765933984 0.001 37
1708765937868 0.001 38
1708765941751 0.001 39
1708765945639 0.001 40
1708765949540 0.001 41
1708765953408 0.001 42
1708765957278 0.001 43
1708765961143 0.001 44
1708765965025 0.001 45
1708765968938 0.001 46
1708765972798 0.001 47
1708765976671 0.001 48
1708765980543 0.001 49
1708765988665 0.001 50
1708765996237 0.001 51
1708766000218 0.001 52
1708766004090 0.001 53
1708766007961 0.001 54
1708766011836 0.001 55
1708766015723 0.001 56
1708766019596 0.001 57
1708766023473 0.001 58
1708766027356 0.001 59
1708766031242 0.001 60
1708766035522 0.001 61
1708766039426 0.001 62
1708766043321 0.001 63
1708766047222 0.001 64
1708766055061 0.001 65
1708766062771 0.001 66
1708766066790 0.001 67
1708766070700 0.001 68
1708766074601 0.001 69
1708766078506 0.001 70
1708766082423 0.001 71
1708766086330 0.001 72
1708766090243 0.001 73
1708766094144 0.001 74
1708766098044 0.001 75
1708766105842 0.001 76
1708766113507 0.001 77
1708766117413 0.001 78
1708766121314 0.001 79
1708766125225 0.001 80
1708766129139 0.001 81
1708766133157 0.001 82
1708766137038 0.001 83
1708766140913 0.001 84
1708766144791 0.001 85
1708766148674 0.001 86
1708766152552 0.001 87
1708766156437 0.001 88
1708766160320 0.001 89
1708766164200 0.001 90
1708766168217 0.001 91
1708766172101 0.001 92
1708766175986 0.001 93
1708766179866 0.001 94
1708766183749 0.001 95
1708766187636 0.001 96
1708766191526 0.001 97
1708766195417 0.001 98
1708766199300 0.001 99
1708766207227 0.001 100
1708766211120 0.001 101
1708766215005 0.001 102
1708766218905 0.001 103
1708766222797 0.001 104
1708766226695 0.001 105
1708766230605 0.001 106
1708766234498 0.001 107
1708766242268 0.001 108
1708766246161 0.001 109
1708766250052 0.001 110
1708766253939 0.001 111
1708766257823 0.001 112
1708766265643 0.001 113
1708766269551 0.001 114
1708766277497 0.001 115
1708766285197 0.001 116
1708766292972 0.001 117
1708766296874 0.001 118
1708766304591 0.001 119
1708766312392 0.001 120
1708766320103 0.001 121
1708766327856 0.001 122
1708766335565 0.001 123
1708766343418 0.001 124
1708766347430 0.001 125
1708766351330 0.001 126
1708766355230 0.001 127
1708766362951 0.001 128
1708766370699 0.001 129
1708766378414 0.001 130
1708766386208 0.001 131
1708766394016 0.001 132
1708766397920 0.001 133
1708766401822 0.001 134
1708766405764 0.001 135
1708766409672 0.001 136
1708766413581 0.001 137
1708766417505 0.001 138
1708766421551 0.001 139
1708766430371 0.001 140
1708766439249 0.001 141
1708766448125 0.001 142
1708766456603 0.001 143
1708766464367 0.001 144
1708766472061 0.001 145
1708766479783 0.001 146
1708766487487 0.001 147
1708766495391 0.001 148
1708766503110 0.001 149
1708766510854 0.001 150
1708766518584 0.001 151
1708766522500 0.001 152
1708766530304 0.001 153
1708766534218 0.001 154
1708766538125 0.001 155
1708766545938 0.001 156
1708766549853 0.001 157
1708766553770 0.001 158
1708766557684 0.001 159
1708766565567 0.001 160
1708766573267 0.001 161
1708766580989 0.001 162
1708766588782 0.001 163
1708766596609 0.001 164
1708766604317 0.001 165
1708766608219 0.001 166
1708766612119 0.001 167
1708766616025 0.001 168
1708766619938 0.001 169
1708766623847 0.001 170
1708766631774 0.001 171
1708766635690 0.001 172
1708766639593 0.001 173
1708766643497 0.001 174
1708766647399 0.001 175
1708766651303 0.001 176
1708766655220 0.001 177
1708766659128 0.001 178
1708766663037 0.001 179
1708766667088 0.001 180
1708766674847 0.001 181
1708766682570 0.001 182
1708766690363 0.001 183
1708766698094 0.001 184
1708766706080 0.001 185
1708766713806 0.001 186
1708766717720 0.001 187
1708766725519 0.001 188
1708766733239 0.001 189
1708766741048 0.001 190
1708766748796 0.001 191
1708766752729 0.001 192
1708766756638 0.001 193
1708766764452 0.001 194
1708766772280 0.001 195
1708766780105 0.001 196
1708766784026 0.001 197
1708766787936 0.001 198
1708766791854 0.001 199
1708766800237 0.001 200
1708766804165 0.001 201
1708766808121 0.001 202
1708766812039 0.001 203
1708766815957 0.001 204
1708766819868 0.001 205
1708766823749 0.001 206
1708766827628 0.001 207
1708766831516 0.001 208
1708766835398 0.001 209
1708766843287 0.001 210
1708766850965 0.001 211
1708766854859 0.001 212
1708766858742 0.001 213
1708766862638 0.001 214
1708766866528 0.001 215
1708766870434 0.001 216
1708766874430 0.001 217
1708766878327 0.001 218
1708766882203 0.001 219
1708766886086 0.001 220
1708766889971 0.001 221
1708766893853 0.001 222
1708766897737 0.001 223
1708766901620 0.001 224
1708766905507 0.001 225
1708766909524 0.001 226
1708766913415 0.001 227
1708766917300 0.001 228
1708766921187 0.001 229
1708766925073 0.001 230
1708766932890 0.001 231
1708766940574 0.001 232
1708766948507 0.001 233
1708766952386 0.001 234
1708766956263 0.001 235
1708766960155 0.001 236
1708766964045 0.001 237
1708766967930 0.001 238
1708766971842 0.001 239
1708766975746 0.001 240
1708766983748 0.001 241
1708766987648 0.001 242
1708766995398 0.001 243
1708767003171 0.001 244
1708767007073 0.001 245
1708767015103 0.001 246
1708767022809 0.001 247
1708767026706 0.001 248
1708767030611 0.001 249
1708767038417 0.001 250
1708767042320 0.001 251
1708767046218 0.001 252
1708767054174 0.001 253
1708767058077 0.001 254
1708767061978 0.001 255
1708767069736 0.001 256
1708767077443 0.001 257
1708767085284 0.001 258
1708767089184 0.001 259
1708767093076 0.001 260
1708767100868 0.001 261
1708767104782 0.001 262
1708767108677 0.001 263
1708767112573 0.001 264
1708767120502 0.001 265
1708767124411 0.001 266
1708767128306 0.001 267
1708767132211 0.001 268
1708767136099 0.001 269
1708767139995 0.001 270
1708767147842 0.001 271
1708767151728 0.001 272
1708767155746 0.001 273
1708767159635 0.001 274
1708767163526 0.001 275
1708767167432 0.001 276
1708767171317 0.001 277
1708767179165 0.001 278
1708767186930 0.001 279
1708767190961 0.001 280
1708767198727 0.001 281
1708767202633 0.001 282
1708767210421 0.001 283
1708767214317 0.001 284
1708767222061 0.001 285
1708767229860 0.001 286
1708767233773 0.001 287
1708767237669 0.001 288
1708767245425 0.001 289
1708767249326 0.001 290
1708767257098 0.001 291
1708767261117 0.001 292
1708767265012 0.001 293
1708767268910 0.001 294
1708767272814 0.001 295
1708767276724 0.001 296
1708767280630 0.001 297
1708767284529 0.001 298
1708767288425 0.001 299
1708767296372 0.001 300
1708767300284 0.001 301
1708767304181 0.001 302
1708767308077 0.001 303
1708767311982 0.001 304
1708767315883 0.001 305
1708767319781 0.001 306
1708767323680 0.001 307
1708767331581 0.001 308
1708767339394 0.001 309
1708767343298 0.001 310
1708767347204 0.001 311
1708767351092 0.001 312
1708767354992 0.001 313
1708767358888 0.001 314
1708767366734 0.001 315
1708767374445 0.001 316
1708767382184 0.001 317
1708767389946 0.001 318
1708767393846 0.001 319
1708767401732 0.001 320
1708767409444 0.001 321
1708767413348 0.001 322
1708767417245 0.001 323
1708767421147 0.001 324
1708767425070 0.001 325
1708767432854 0.001 326
1708767436882 0.001 327
1708767440789 0.001 328
1708767444696 0.001 329
1708767448601 0.001 330
1708767456329 0.001 331
1708767464102 0.001 332
1708767471898 0.001 333
1708767479763 0.001 334
1708767483668 0.001 335
1708767487579 0.001 336
1708767491489 0.001 337
1708767495400 0.001 338
1708767499316 0.001 339
1708767507131 0.001 340
1708767514932 0.001 341
1708767522728 0.001 342
1708767530433 0.001 343
1708767538242 0.001 344
1708767546073 0.001 345
1708767549987 0.001 346
1708767553906 0.001 347
1708767557828 0.001 348
1708767561741 0.001 349
1708767569647 0.001 350
1708767573700 0.001 351
1708767581526 0.001 352
1708767585431 0.001 353
1708767593196 0.001 354
1708767600943 0.001 355
1708767604858 0.001 356
1708767612719 0.001 357
1708767620446 0.001 358
1708767628130 0.001 359
1708767632052 0.001 360
1708767635968 0.001 361
1708767643978 0.001 362
1708767651821 0.001 363
1708767655722 0.001 364
1708767659629 0.001 365
1708767667404 0.001 366
1708767675122 0.001 367
1708767683041 0.001 368
1708767686966 0.001 369
1708767690879 0.001 370
1708767694797 0.001 371
1708767698711 0.001 372
1708767702631 0.001 373
1708767706547 0.001 374
1708767710462 0.001 375
1708767714497 0.001 376
1708767718408 0.001 377
1708767722323 0.001 378
1708767726237 0.001 379
1708767730155 0.001 380
1708767734073 0.001 381
1708767737993 0.001 382
1708767741907 0.001 383
1708767745967 0.001 384
1708767749885 0.001 385
1708767757676 0.001 386
1708767761603 0.001 387
1708767769418 0.001 388
1708767773337 0.001 389
1708767781292 0.001 390
1708767789093 0.001 391
1708767793029 0.001 392
1708767800877 0.001 393
1708767804804 0.001 394
1708767808719 0.001 395
1708767816646 0.001 396
1708767820566 0.001 397
1708767824494 0.001 398
1708767828416 0.001 399
1708767836199 0.001 400
1708767840137 0.001 401
1708767844182 0.001 402
1708767848157 0.001 403
1708767852081 0.001 404
1708767856006 0.001 405
1708767859933 0.001 406
1708767863848 0.001 407
1708767867773 0.001 408
1708767871692 0.001 409
1708767875749 0.001 410
1708767879640 0.001 411
1708767883525 0.001 412
1708767887414 0.001 413
1708767891309 0.001 414
1708767899088 0.001 415
1708767906922 0.001 416
1708767910818 0.001 417
1708767918661 0.001 418
1708767922559 0.001 419
1708767930430 0.001 420
1708767938176 0.001 421
1708767942072 0.001 422
1708767945954 0.001 423
1708767949918 0.001 424
1708767957682 0.001 425
1708767965414 0.001 426
1708767969310 0.001 427
1708767973203 0.001 428
1708767977094 0.001 429
1708767984963 0.001 430
1708767992650 0.001 431
1708767996540 0.001 432
1708768000424 0.001 433
1708768008072 0.001 434
1708768015955 0.001 435
1708768023782 0.001 436
1708768027670 0.001 437
1708768031555 0.001 438
1708768035449 0.001 439
1708768039334 0.001 440
1708768043235 0.001 441
1708768047126 0.001 442
1708768051152 0.001 443
1708768055043 0.001 444
1708768058933 0.001 445
1708768062821 0.001 446
1708768066711 0.001 447
1708768070604 0.001 448
1708768074506 0.001 449
1708768082245 0.001 450
1708768086262 0.001 451
1708768090162 0.001 452
1708768094054 0.001 453
1708768097956 0.001 454
1708768101840 0.001 455
1708768105728 0.001 456
1708768109618 0.001 457
1708768113506 0.001 458
1708768117395 0.001 459
1708768125272 0.001 460
1708768133054 0.001 461
1708768140756 0.001 462
1708768148571 0.001 463
1708768152467 0.001 464
1708768156467 0.001 465
1708768160364 0.001 466
1708768164250 0.001 467
1708768168143 0.001 468
1708768172025 0.001 469
1708768175923 0.001 470
1708768183775 0.001 471
1708768191646 0.001 472
1708768199422 0.001 473
1708768207191 0.001 474
1708768215012 0.001 475
1708768222735 0.001 476
1708768230586 0.001 477
1708768238357 0.001 478
1708768246152 0.001 479
1708768250055 0.001 480
1708768257927 0.001 481
1708768265759 0.001 482
1708768269655 0.001 483
1708768273540 0.001 484
1708768277444 0.001 485
1708768285279 0.001 486
1708768293049 0.001 487
1708768300883 0.001 488
1708768304817 0.001 489
1708768312702 0.001 490
1708768320444 0.001 491
1708768324341 0.001 492
1708768328289 0.001 493
1708768332330 0.001 494
1708768336253 0.001 495
1708768340144 0.001 496
1708768344046 0.001 497
1708768347938 0.001 498
1708768351833 0.001 499
1708768363628 0.001 500
1708768367663 0.001 501
1708768371557 0.001 502
1708768375448 0.001 503
1708768379345 0.001 504
1708768383245 0.001 505
1708768387146 0.001 506
1708768391044 0.001 507
1708768394941 0.001 508
1708768398834 0.001 509
1708768402853 0.001 510
1708768410607 0.001 511
1708768418383 0.001 512
1708768426142 0.001 513
1708768433870 0.001 514
1708768441845 0.001 515
1708768449612 0.001 516
