1708765682977 0.008976725154809833 0
1708765689550 0.00682042718079686 1
1708765704987 0.012730982105644514 2
1708765713391 0.0316458566492556 3
1708765721532 0.028381307672043016 4
1708765730187 0.031425091478779074 5
1708765738595 0.03572922803710072 6
1708765747312 0.04925089012517522 7
1708765755304 0.03824264362397646 8
1708765763223 0.03644216078362249 9
1708765770977 0.041107238322150685 10
1708765778669 0.02667452858370905 11
1708765786496 0.04450843713881418 12
1708765794084 0.0461123036413358 13
1708765801715 0.043439655363216444 14
1708765809406 0.03935796786481892 15
1708765817413 0.045080765852280824 16
1708765825134 0.03534073810519277 17
1708765832881 0.025330921733161166 18
1708765836770 0.03143981987847971 19
1708765840656 0.05373111378912016 20
1708765848359 0.030719883822120212 21
1708765852220 0.035674703113427866 22
1708765856082 0.043540723838800394 23
1708765863801 0.038915477963831484 24
1708765871420 0.044773884637658 25
1708765879064 0.03902774426597851 26
1708765886692 0.04406347940171614 27
1708765894601 0.053451832898421196 28
1708765902396 0.021792192262124803 29
1708765906284 0.050601045961623035 30
1708765910157 0.03021876366421205 31
1708765914041 0.0392175639042781 32
1708765917925 0.040725779749841325 33
1708765921806 0.05012221468632093 34
1708765929445 0.0335838691152719 35
1708765933330 0.030943275511298017 36
1708765937325 0.029626695814908007 37
1708765941208 0.036427190647403684 38
1708765945090 0.04984755099575414 39
1708765948985 0.047085250468992104 40
1708765952889 0.02343008327122461 41
1708765956751 0.021453010536902798 42
1708765960619 0.04816681659075428 43
1708765964490 0.05114465261995346 44
1708765968417 0.0359117991807352 45
1708765972280 0.026064808376723394 46
1708765976148 0.03555770415488864 47
1708765980014 0.05662354326251128 48
1708765983882 0.05190955189379358 49
1708765992018 0.06532585776328888 50
1708765999584 1.3456267110040646e-06 51
1708766003560 0.04658533350582333 52
1708766007431 0.010504661046667649 53
1708766011305 0.03565890245058807 54
1708766015183 0.06155851259299421 55
1708766019065 0.016265707725147065 56
1708766022944 0.041736197866087316 57
1708766026816 0.06245320686743679 58
1708766030697 0.04409859188678183 59
1708766034664 0.0456660618698637 60
1708766038877 0.03275540705113373 61
1708766042772 0.06234101242972048 62
1708766046672 0.039684150791088654 63
1708766050572 0.06076422015446352 64
1708766058415 0.05612619393851924 65
1708766066134 0.00679563624013308 66
1708766070143 0.047853047520360285 67
1708766074047 0.042650725193933765 68
1708766077944 0.03267473362936031 69
1708766081865 0.04359261977547524 70
1708766085765 0.045839863888902335 71
1708766089681 0.05296467501179984 72
1708766093588 0.055928553664274676 73
1708766097494 0.049865709770502115 74
1708766101391 0.0576776197070796 75
1708766109186 0.0582611621910547 76
1708766116852 0.03561481444812803 77
1708766120758 0.050009727949265434 78
1708766124664 0.0497562191645706 79
1708766128578 0.050876857409952785 80
1708766132484 0.0 81
1708766136506 0.06104961759040351 82
1708766140379 0.0037099940630432337 83
1708766144258 0.049929535561165 84
1708766148144 0.057064670179473184 85
1708766152021 0.0030586765077076283 86
1708766155899 0.05368691210602155 87
1708766159787 0.0006191209492467616 88
1708766163663 0.013603166915832413 89
1708766167557 0.04620854389155214 90
1708766171563 0.05961862769058567 91
1708766175450 0.036993683300789754 92
1708766179333 0.054137304003585324 93
1708766183213 0.02332008851322674 94
1708766187100 0.057897122042342736 95
1708766190981 2.8676569490269427e-05 96
1708766194875 0.05293505025316736 97
1708766198763 0.05890512410190992 98
1708766202641 0.04977184732600444 99
1708766210575 0.05046574950439759 100
1708766214465 0.048888284745757654 101
1708766218359 0.031175952865324943 102
1708766222252 0.04531919831239949 103
1708766226147 0.0653286732749695 104
1708766230048 0.05742267310718943 105
1708766233952 0.05703488178084704 106
1708766237845 0.060164368475843374 107
1708766245613 0.03873643731200766 108
1708766249507 0.05252278479881775 109
1708766253396 0.021771565576748676 110
1708766257281 0.06307559756888247 111
1708766261169 0.07065337791841617 112
1708766268997 0.04516671428054386 113
1708766272891 0.07319262918374161 114
1708766280848 0.06784669855748783 115
1708766288539 0.06365168881192727 116
1708766296323 0.04556701334028746 117
1708766300220 0.0658631492883238 118
1708766307949 0.08530367543755848 119
1708766315741 0.05796682111636402 120
1708766323454 0.06667123353296031 121
1708766331211 0.08201890546384494 122
1708766338918 0.06966750279579383 123
1708766346772 0.05573042426758938 124
1708766350783 0.0594462377304512 125
1708766354678 0.05700830758641727 126
1708766358572 0.08209001707152448 127
1708766366305 0.07543468766166746 128
1708766374056 0.06427971619971683 129
1708766381768 0.07549851042717917 130
1708766389578 0.06683922838916605 131
1708766397366 0.0414045502753514 132
1708766401275 0.02247363340101222 133
1708766405178 0.09408130411780578 134
1708766409113 0.05141750694392359 135
1708766413026 0.06764755825734191 136
1708766416945 0.07498068321248952 137
1708766420988 0.08371787779695038 138
1708766424911 0.08273793086729234 139
1708766433736 0.0869281743173729 140
1708766442598 0.11250127504914567 141
1708766451478 0.12077268519752576 142
1708766459951 0.1187727509328618 143
1708766467713 0.11287182455637296 144
1708766475413 0.09212065931532341 145
1708766483140 0.12522113414805244 146
1708766490856 0.12326990745659525 147
1708766498744 0.10483020148739154 148
1708766506463 0.07647592744185085 149
1708766514209 0.12626103491486246 150
1708766521940 0.07279062489354017 151
1708766525849 0.12823171260774083 152
1708766533651 0.058896080216286846 153
1708766537559 0.10594295169275389 154
1708766541478 0.15446344913414875 155
1708766549291 0.055454459566453534 156
1708766553200 0.10122002983763047 157
1708766557115 0.0937830161279453 158
1708766561032 0.17357343250789997 159
1708766568931 0.14314862780389176 160
1708766576626 0.14820437210603174 161
1708766584343 0.1254281145072045 162
1708766592137 0.13685944640101028 163
1708766599957 0.13980523877889725 164
1708766607667 0.11450575475250951 165
1708766611566 0.09552709585086615 166
1708766615467 0.10522451964603714 167
1708766619378 0.11581804410861768 168
1708766623279 0.14761489630709554 169
1708766627200 0.14099717490356206 170
1708766635129 0.07896589545188423 171
1708766639034 0.11381505812767023 172
1708766642937 0.09913085116932728 173
1708766646840 0.07555195781546906 174
1708766650746 0.15504386467426812 175
1708766654659 0.11148979662472445 176
1708766658560 0.1539891102491619 177
1708766662477 0.09912582906540869 178
1708766666378 0.14039607696990522 179
1708766670440 0.14518890482186947 180
1708766678200 0.13462474158810325 181
1708766685926 0.1332377367555246 182
1708766693725 0.13653293685253892 183
1708766701451 0.13593985927824148 184
1708766709437 0.12845181448167478 185
1708766717161 0.12543995358607754 186
1708766721062 0.14775192110647353 187
1708766728864 0.1601889328921027 188
1708766736594 0.1423116912932934 189
1708766744401 0.1514975855783867 190
1708766752160 0.11926061073552179 191
1708766756070 0.13818928710974815 192
1708766759984 0.1444773398347876 193
1708766767803 0.1429032685582937 194
1708766775631 0.144723876918763 195
1708766783448 0.07621573021143134 196
1708766787368 0.14435429128460103 197
1708766791285 0.09734305276045314 198
1708766795201 0.14206324710300355 199
1708766803596 0.1448391523148719 200
1708766807552 0.10576047781327941 201
1708766811475 0.12836930570973346 202
1708766815388 0.1365697088911804 203
1708766819302 0.18302730635301645 204
1708766823213 0.12021279866255134 205
1708766827094 0.15845138021205923 206
1708766830979 0.11691004876059569 207
1708766834863 0.14288168086834319 208
1708766838737 0.15843032835993504 209
1708766846641 0.1609976824742748 210
1708766854327 0.07532718595888824 211
1708766858203 0.15455308928744477 212
1708766862091 0.11182601907825816 213
1708766865996 0.15810241176317577 214
1708766869889 0.14949387447974913 215
1708766873779 0.12769428131885557 216
1708766877791 0.140488005243709 217
1708766881667 0.11164511594818304 218
1708766885548 0.10467101131268718 219
1708766889438 0.15748582714422113 220
1708766893314 0.12192770177760268 221
1708766897198 0.1558836278737569 222
1708766901083 0.12214070473894706 223
1708766904967 0.15771767214775584 224
1708766908854 0.11523339982906561 225
1708766912878 0.12908303830453102 226
1708766916760 0.16995241667478458 227
1708766920649 0.1100411333078338 228
1708766924539 0.17488051656700654 229
1708766928423 0.18107509062777968 230
1708766936235 0.15099415592782148 231
1708766943930 0.1564730563625574 232
1708766951849 0.1255721316775437 233
1708766955726 0.14619031131679866 234
1708766959615 0.15279096676414422 235
1708766963503 0.10798569928303256 236
1708766967393 0.11914998590728805 237
1708766971284 0.19056829064067327 238
1708766975194 0.1421353742019509 239
1708766979094 0.16877993641617609 240
1708766987095 0.12594020729493735 241
1708766990995 0.17575470568487334 242
1708766998756 0.16466434848465486 243
1708767006523 0.14079734152431322 244
1708767010425 0.18282248752828117 245
1708767018452 0.16002662877113727 246
1708767026160 0.14539135202117343 247
1708767030059 0.11619335070453364 248
1708767033967 0.15297261522212804 249
1708767041770 0.1499569307385849 250
1708767045668 0.16827122646862738 251
1708767049571 0.19537588671795733 252
1708767057525 0.12186519807015884 253
1708767061424 0.175849714264953 254
1708767065332 0.20197168239823002 255
1708767073086 0.1679730893084369 256
1708767080795 0.17398303105500054 257
1708767088634 0.14340064763733584 258
1708767092526 0.16858636429610369 259
1708767096428 0.1935130026274307 260
1708767104232 0.15265123209171103 261
1708767108126 0.16384244646898663 262
1708767112022 0.15258448690507398 263
1708767115922 0.1894195553113722 264
1708767123860 0.12268602470503415 265
1708767127756 0.11820176260434515 266
1708767131661 0.20658067379436293 267
1708767135553 0.1626829627517384 268
1708767139449 0.19227947372418133 269
1708767143348 0.18390914950244439 270
1708767151187 0.1589087875353285 271
1708767155072 0.16007066826640728 272
1708767159090 0.15781183070327895 273
1708767162982 0.14964790322408816 274
1708767166877 0.1695126794779336 275
1708767170774 0.18637143301245196 276
1708767174664 0.19820387008896984 277
1708767182516 0.19018977667584605 278
1708767190291 0.1590394074950751 279
1708767194313 0.2179098391836894 280
1708767202079 0.16109438396524078 281
1708767205976 0.19639485768605736 282
1708767213767 0.15474314416903098 283
1708767217663 0.20126394151943272 284
1708767225416 0.1874530535768345 285
1708767233219 0.15072047431405877 286
1708767237115 0.2007973951429179 287
1708767241018 0.20090542446873869 288
1708767248772 0.15958547794404263 289
1708767252676 0.20626565896094348 290
1708767260453 0.10900127855825964 291
1708767264461 0.21451373487513667 292
1708767268357 0.18618863329516172 293
1708767272263 0.16922082161640778 294
1708767276165 0.17037254777823946 295
1708767280079 0.14346032604834916 296
1708767283976 0.22387709181250234 297
1708767287876 0.15201736750119793 298
1708767291770 0.1861925639483519 299
1708767299729 0.21053457688433597 300
1708767303627 0.1728771032926414 301
1708767307524 0.17052056805660804 302
1708767311429 0.1805728314166824 303
1708767315329 0.15786899217844721 304
1708767319232 0.1871870378649604 305
1708767323128 0.19362426766091667 306
1708767327025 0.2248561160403756 307
1708767334935 0.20685807947120763 308
1708767342752 0.1757017244362178 309
1708767346651 0.13577940770011745 310
1708767350545 0.20240988829719223 311
1708767354436 0.1823291481206444 312
1708767358334 0.19066997753526718 313
1708767362235 0.2223688869586436 314
1708767370094 0.205613413064174 315
1708767377789 0.20501618447158448 316
1708767385544 0.1926929631977255 317
1708767393296 0.1780630203691353 318
1708767397191 0.22204954777109454 319
1708767405091 0.2259203772102 320
1708767412794 0.11087513096413017 321
1708767416692 0.22143740163580317 322
1708767420591 0.18519635872553863 323
1708767424490 0.18242795927559066 324
1708767428420 0.29668883338859603 325
1708767436209 0.14553977577054036 326
1708767440233 0.19313305994858135 327
1708767444136 0.2073270031047076 328
1708767448043 0.20383955830350037 329
1708767451952 0.27011363938739463 330
1708767459679 0.20932990533730417 331
1708767467455 0.2299692339580868 332
1708767475244 0.2161485986386854 333
1708767483106 0.1747751022958227 334
1708767487020 0.2327070848371948 335
1708767490925 0.19418967322288733 336
1708767494833 0.18816062357171592 337
1708767498753 0.22441955747291914 338
1708767502663 0.2729914868845704 339
1708767510488 0.25310622502249286 340
1708767518279 0.2268134845638333 341
1708767526079 0.23019734384259513 342
1708767533784 0.2578481431174598 343
1708767541596 0.22453426893607895 344
1708767549423 0.2099516728083445 345
1708767553337 0.17964105805642336 346
1708767557261 0.20192089114453451 347
1708767561180 0.24057363809397192 348
1708767565084 0.2374362474068441 349
1708767573012 0.2334619369960073 350
1708767577043 0.2485254466092484 351
1708767584873 0.19844770030937858 352
1708767588778 0.27128159803788604 353
1708767596545 0.25497246948074637 354
1708767604291 0.18820657977113342 355
1708767608200 0.2732793828829689 356
1708767616070 0.27814759863874533 357
1708767623796 0.25585947432523126 358
1708767631485 0.18916996307446332 359
1708767635403 0.26429264104561623 360
1708767639326 0.2642703766771905 361
1708767647332 0.24710547493696192 362
1708767655165 0.19364280890359328 363
1708767659066 0.2724027815768222 364
1708767662981 0.28780955582264967 365
1708767670752 0.24737488340492175 366
1708767678469 0.291565344388659 367
1708767686401 0.16194517969523894 368
1708767690318 0.23640776148443413 369
1708767694234 0.3061482918848876 370
1708767698144 0.2188069128043104 371
1708767702066 0.28981717515481964 372
1708767705982 0.1682351296924113 373
1708767709897 0.20816481368805068 374
1708767713815 0.32573722511851055 375
1708767717839 0.19500903110131132 376
1708767721759 0.30256537762968544 377
1708767725672 0.12842303591155585 378
1708767729589 0.26539890117425363 379
1708767733509 0.2577381823193711 380
1708767737427 0.25525425989715195 381
1708767741338 0.19597693923232445 382
1708767745269 0.25057939276723096 383
1708767749319 0.31642949982381985 384
1708767753238 0.2770004624234461 385
1708767761028 0.22372013894729603 386
1708767764949 0.2919956587252707 387
1708767772766 0.22354792966319956 388
1708767776690 0.31344181026059414 389
1708767784647 0.2633352340268972 390
1708767792455 0.24694644415570643 391
1708767796373 0.28042898351235096 392
1708767804233 0.25707650379490343 393
1708767808147 0.22195163231666665 394
1708767812071 0.3414858705666846 395
1708767819994 0.2429468616157669 396
1708767823923 0.2667205319410358 397
1708767827843 0.2592517248929659 398
1708767831768 0.26926057216317284 399
1708767839553 0.26566373197191273 400
1708767843489 0.20420456947244012 401
1708767847541 0.21847341195160802 402
1708767851507 0.2210808939052996 403
1708767855430 0.28820600112537986 404
1708767859360 0.3043852857413618 405
1708767863275 0.25068666938115874 406
1708767867192 0.25017337692933694 407
1708767871117 0.22913185917103382 408
1708767875045 0.2976796124040159 409
1708767879101 0.2864126858774095 410
1708767882981 0.17782814071979647 411
1708767886873 0.30483268683167286 412
1708767890765 0.23852305882117134 413
1708767894656 0.32369962733284824 414
1708767902437 0.32067498288330615 415
1708767910266 0.23509237336493677 416
1708767914235 0.3063843989861223 417
1708767922013 0.25165341962673654 418
1708767925910 0.3203134567654641 419
1708767933781 0.3112358475828644 420
1708767941524 0.2127212802782194 421
1708767945414 0.25954436201263803 422
1708767949368 0.2708452008565485 423
1708767953259 0.34984933795295103 424
1708767961033 0.2954038340172278 425
1708767968766 0.23439417198569573 426
1708767972661 0.2604257609269784 427
1708767976549 0.2783577047186469 428
1708767980438 0.3364562147801333 429
1708767988319 0.31960473577214443 430
1708767995997 0.2563185316565712 431
1708767999882 0.30206958548031737 432
1708768003783 0.32554004700743605 433
1708768011416 0.3455934915350252 434
1708768019305 0.3634750045065436 435
1708768027129 0.20037294171339204 436
1708768031014 0.2372557458967512 437
1708768034904 0.24280506148888453 438
1708768038799 0.2513158824862279 439
1708768042692 0.26804231137472967 440
1708768046583 0.20252054783162848 441
1708768050466 0.30733059929433104 442
1708768054499 0.2632108586474643 443
1708768058388 0.3009000708123517 444
1708768062279 0.3384450152602254 445
1708768066169 0.2262217133997954 446
1708768070060 0.37354920727169816 447
1708768073955 0.24730714519863067 448
1708768077852 0.2980031483161957 449
1708768085597 0.33265073986203547 450
1708768089610 0.28188571605566654 451
1708768093517 0.28196422061845344 452
1708768097413 0.30805110820615045 453
1708768101303 0.2668455422010712 454
1708768105183 0.36358444907441917 455
1708768109076 0.2594460210832619 456
1708768112959 0.33193252197181355 457
1708768116853 0.29860103118249487 458
1708768120744 0.35057059716184613 459
1708768128621 0.3474936267152912 460
1708768136402 0.3270489037033331 461
1708768144108 0.38377556435340576 462
1708768151922 0.2819940424152146 463
1708768155813 0.3387563199539748 464
1708768159817 0.31064175865365845 465
1708768163711 0.22276343636258714 466
1708768167595 0.3668166346107658 467
1708768171487 0.2650576453223784 468
1708768175378 0.38119324955398526 469
1708768179277 0.3569975019601404 470
1708768187129 0.3411361044794287 471
1708768194994 0.35729026554832405 472
1708768202772 0.33401236936900064 473
1708768210551 0.36419548213831654 474
1708768218366 0.41432636641093123 475
1708768226093 0.360932876392195 476
1708768233939 0.4145658940405251 477
1708768241716 0.3638331473208377 478
1708768249508 0.3428123499480691 479
1708768253406 0.43003213794936823 480
1708768261281 0.37509859522850497 481
1708768269111 0.3582661898003804 482
1708768273000 0.27251915793518927 483
1708768276895 0.3929303673467806 484
1708768280793 0.4025742148909147 485
1708768288636 0.4506397440743005 486
1708768296401 0.4265136046584965 487
1708768304240 0.3571905520127749 488
1708768308161 0.4201683436220795 489
1708768316051 0.44709407830566444 490
1708768323794 0.3114449274795054 491
1708768327719 0.37544447377346385 492
1708768331646 0.2703189502987506 493
1708768335703 0.4410423347213326 494
1708768339602 0.3840218366553799 495
1708768343491 0.3165323790618352 496
1708768347391 0.3407706249178743 497
1708768351282 0.4333370912809032 498
1708768355177 0.491301989877739 499
1708768366990 0.33196585433482867 500
1708768371009 0.3852950560311026 501
1708768374899 0.3769576733181848 502
1708768378796 0.3623856881295075 503
1708768382695 0.3231655616650751 504
1708768386597 0.31871146162456565 505
1708768390491 0.3239062633927138 506
1708768394391 0.38172447441129054 507
1708768398282 0.41962454372134783 508
1708768402176 0.42274518624266594 509
1708768406201 0.5039524410040025 510
1708768413949 0.43224803390850486 511
1708768421735 0.43358485562700994 512
1708768429494 0.4572356848746541 513
1708768437242 0.4263799032557514 514
1708768445205 0.4918964699828227 515
1708768452966 0.42581935375641383 516
