1706898378507 16.38 0
1706898390935 6.48 0
1706898403575 6.48 0
1706898416237 6.5 0
1706898428821 6.5 0
1706898441402 6.48 0
1706898453905 6.49 0
1706898460971 6.49 0
1706898468174 6.5 0
1706898475269 6.5 0
1706898484313 8.48 0
1706898492605 7.72 0
1706898505011 6.5 0
1706898517610 6.49 0
1706898530316 6.49 0
1706898542859 6.5 0
1706898555410 6.5 0
1706898567933 6.51 0
1706898580518 6.55 0
1706898593101 6.5 0
1706898600186 6.49 0
1706898607289 6.5 0
1706898619809 6.5 0
1706898632454 6.5 0
1706898644857 6.51 0
1706898657397 6.5 0
1706898664479 6.5 0
1706898671565 6.51 0
1706898678647 6.5 0
1706898685820 6.59 0
1706898698415 6.5 0
1706898711191 6.51 0
1706898723902 6.51 0
1706898736432 6.5 0
1706898748955 6.5 0
1706898756054 6.5 0
1706898768682 6.51 0
1706898775787 6.51 0
1706898788450 6.56 0
1706898795556 6.51 0
1706898808115 6.51 0
1706898820681 6.5 0
1706898833209 6.55 0
1706898845817 6.51 0
1706898858397 6.51 0
1706898865500 6.51 0
1706898877967 6.51 0
1706898890561 6.5 0
1706898903686 6.51 0
1706898910775 6.51 0
1706898918500 6.51 0
1706898925588 6.51 0
1706898938246 6.51 0
1706898945340 6.51 0
1706898952458 6.51 0
1706898964983 6.51 0
1706898972067 6.5 0
1706898984590 6.52 0
1706898997198 6.51 0
1706899009999 6.51 0
1706899017104 6.51 0
1706899024213 6.51 0
1706899036825 6.51 0
1706899049712 6.51 0
1706899062394 6.51 0
1706899075022 6.51 0
1706899087623 6.51 0
1706899094781 6.56 0
1706899107401 6.51 0
1706899120033 6.51 0
1706899132783 6.5 0
1706899145457 6.57 0
1706899158237 6.51 0
1706899170667 6.5 0
1706899183318 6.5 0
1706899196007 6.55 0
1706899203117 6.51 0
1706899210223 6.51 0
1706899222987 6.5 0
1706899235612 6.51 0
1706899248435 6.51 0
1706899255552 6.5 0
1706899267800 6.51 0
1706899279858 6.51 0
1706899292047 6.5 0
1706899304229 6.5 0
1706899311316 6.51 0
1706899318402 6.51 0
1706899330509 6.51 0
1706899342683 6.51 0
1706899354922 6.5 0
1706899362007 6.51 0
1706899369092 6.5 0
1706899376175 6.5 0
1706899385287 8.53 0
1706899397435 6.51 0
1706899409619 6.5 0
1706899421821 6.51 0
1706899433870 6.51 0
1706899445884 6.52 0
1706899463097 6.51 0
1706899475096 6.5 0
1706899487252 6.51 0
1706899499488 6.51 0
1706899511720 6.51 0
1706899524369 6.51 0
1706899531446 6.5 0
1706899538539 6.51 0
1706899545760 6.51 0
1706899558322 6.51 0
1706899570865 6.53 0
1706899583440 6.51 0
1706899596005 6.5 0
1706899608599 6.51 0
1706899621179 6.51 0
1706899628271 6.5 0
1706899635366 6.5 0
1706899642599 6.52 0
1706899650600 7.41 0
1706899659764 8.57 0
1706899672402 6.5 0
1706899679501 6.51 0
1706899692218 6.56 0
1706899699311 6.5 0
1706899711960 6.51 0
1706899719069 6.51 0
1706899726185 6.51 0
1706899733297 6.51 0
1706899741671 7.77 0
1706899748891 6.61 0
1706899758867 9.37 0
1706899768688 9.21 0
1706899781163 6.5 0
1706899788263 6.5 0
1706899796271 7.41 0
1706899808947 6.51 0
1706899816057 6.5 0
1706899828767 6.5 0
1706899841191 6.49 0
1706899853892 6.5 0
1706899860998 6.49 0
1706899868111 6.51 0
1706899876457 7.73 0
1706899888971 6.5 0
1706899901543 6.5 0
1706899908653 6.5 0
1706899921137 6.51 0
1706899933764 6.51 0
1706899946404 6.51 0
1706899958987 6.5 0
1706899971451 6.51 0
1706899978546 6.5 0
1706899985646 6.5 0
1706899998308 6.5 0
1706900005419 6.5 0
1706900012535 6.51 0
1706900025193 6.5 0
1706900037936 6.5 0
1706900045174 6.51 0
1706900057862 6.51 0
1706900070574 6.51 0
1706900083400 6.5 0
1706900096017 6.51 0
1706900108653 6.51 0
1706900121223 6.51 0
1706900128317 6.51 0
1706900140995 6.51 0
1706900153727 6.5 0
1706900166359 6.51 0
1706900173460 6.5 0
1706900180575 6.51 0
1706900187685 6.51 0
1706900200384 6.51 0
1706900207486 6.5 0
1706900214580 6.5 0
1706900227352 6.5 0
1706900239945 6.56 0
1706900252638 6.5 0
1706900259739 6.5 0
1706900272537 6.5 0
1706900285113 6.5 0
1706900292326 6.5 0
1706900305033 6.5 0
1706900317602 6.51 0
1706900330234 6.51 0
1706900343112 6.51 0
1706900355592 6.51 0
1706900368415 6.51 0
1706900381019 6.56 0
1706900393658 6.51 0
1706900406185 6.5 0
1706900418774 6.51 0
1706900425892 6.51 0
1706900433131 6.5 0
1706900446023 6.51 0
1706900453134 6.5 0
1706900460719 6.97 0
1706900467857 6.52 0
1706900476455 7.98 0
1706900485844 8.64 0
1706900498612 6.51 0
1706900505729 6.5 0
1706900513532 7.19 0
1706900522935 8.79 0
1706900535766 6.51 0
1706900548320 6.5 0
1706900555388 6.5 0
1706900562465 6.5 0
1706900575017 6.5 0
1706900587691 6.5 0
1706900594777 6.51 0
1706900607410 6.51 0
1706900619885 6.5 0
1706900631860 6.51 0
1706900644165 6.51 0
1706900656208 6.5 0
1706900663281 6.5 0
1706900670367 6.51 0
1706900677455 6.5 0
1706900685981 7.82 0
1706900694830 8.27 0
1706900702892 7.49 0
1706900711513 8.05 0
1706900719946 7.86 0
1706900727329 6.8 0
1706900739417 6.5 0
1706900751521 6.5 0
1706900763610 6.49 0
1706900770680 6.5 0
1706900777763 6.51 0
1706900784847 6.5 0
1706900793367 7.94 0
1706900805540 6.49 0
1706900812630 6.51 0
1706900821897 8.69 0
1706900831400 8.92 0
1706900840757 8.77 0
1706900852929 6.5 0
1706900865447 6.51 0
1706900877463 6.51 0
1706900889487 6.5 0
1706900896591 6.51 0
1706900903686 6.5 0
1706900910901 6.5 0
1706900919088 7.59 0
1706900926177 6.5 0
1706900935503 8.73 0
1706900947593 6.5 0
1706900954679 6.5 0
1706900966847 6.5 0
1706900978911 6.5 0
1706900986002 6.5 0
1706900993104 6.51 0
1706901000196 6.5 0
1706901008281 7.49 0
1706901018295 9.28 0
1706901026399 7.5 0
1706901035102 8.1 0
1706901047225 6.51 0
1706901059363 6.51 0
1706901071623 6.51 0
1706901078706 6.5 0
1706901085806 6.51 0
1706901098247 6.5 0
1706901105335 6.5 0
1706901112429 6.5 0
1706901119664 6.51 0
1706901132282 6.5 0
1706901145001 6.5 0
1706901152094 6.51 0
1706901164701 6.5 0
1706901171902 6.5 0
1706901184515 6.51 0
1706901197015 6.5 0
1706901204118 6.51 0
1706901211214 6.5 0
1706901218376 6.57 0
1706901225478 6.51 0
1706901232568 6.5 0
1706901239661 6.5 0
1706901247801 7.54 0
1706901256930 8.53 0
1706901264993 7.46 0
1706901277697 6.51 0
1706901290455 6.51 0
1706901302937 6.5 0
1706901310033 6.51 0
1706901317150 6.51 0
1706901324324 6.58 0
1706901336842 6.5 0
1706901343959 6.51 0
1706901351074 6.5 0
1706901358177 6.5 0
1706901367613 8.83 0
1706901380331 6.5 0
1706901392755 6.5 0
1706901399860 6.5 0
1706901406957 6.5 0
1706901414066 6.51 0
1706901421324 6.65 0
1706901434110 6.51 0
1706901441217 6.51 0
1706901448309 6.5 0
1706901456579 7.67 0
1706901464272 7.1 0
1706901472598 7.7 0
1706901480270 7.07 0
1706901488242 7.37 0
1706901496897 8.05 0
1706901504923 7.42 0
1706901512509 6.98 0
1706901519626 6.52 0
1706901527202 6.98 0
1706901534300 6.49 0
1706901543525 8.49 0
1706901552794 8.67 0
1706901561447 8.05 0
1706901570230 8.18 0
1706901579236 8.41 0
1706901587977 8.14 0
1706901596616 8.04 0
1706901605612 8.26 0
1706901612711 6.49 0
1706901621666 8.34 0
1706901630643 8.38 0
1706901639159 7.91 0
1706901647116 7.36 0
1706901655013 7.3 0
1706901667792 6.5 0
1706901680333 6.5 0
1706901687427 6.49 0
1706901694532 6.5 0
1706901701630 6.5 0
1706901714256 6.56 0
1706901726714 6.51 0
1706901739323 6.5 0
1706901751922 6.51 0
1706901764584 6.5 0
1706901771687 6.5 0
1706901778791 6.5 0
1706901786554 7.15 0
1706901793673 6.5 0
1706901806270 6.5 0
1706901813519 6.5 0
1706901826121 6.51 0
1706901833220 6.49 0
1706901840329 6.5 0
1706901847836 6.9 0
1706901856614 8.16 0
1706901865154 7.93 0
1706901883115 6.5 0
1706901895890 6.51 0
1706901902999 6.5 0
1706901910111 6.5 0
1706901917348 6.51 0
1706901924666 6.71 0
1706901933463 8.18 0
1706901942837 8.76 0
1706901950392 6.94 0
1706901958309 7.3 0
1706901966943 8.02 0
1706901979810 6.5 0
1706901986921 6.5 0
1706901994024 6.5 0
1706902006634 6.5 0
1706902019356 6.56 0
1706902031992 6.5 0
1706902039106 6.5 0
1706902046213 6.5 0
1706902058739 6.5 0
1706902065849 6.5 0
1706902078592 6.5 0
1706902091282 6.5 0
1706902098403 6.51 0
1706902105516 6.51 0
1706902112634 6.5 0
1706902119740 6.5 0
1706902126975 6.51 0
1706902134145 6.56 0
1706902145517 10.76 0
1706902158322 6.5 0
1706902170893 6.5 0
1706902178143 6.5 0
1706902185269 6.5 0
1706902197824 6.51 0
1706902204948 6.5 0
1706902212079 6.5 0
1706902219204 6.5 0
1706902226476 6.51 0
1706902235940 8.85 0
1706902248523 6.5 0
1706902261127 6.5 0
1706902268258 6.5 0
1706902275510 6.51 0
1706902282636 6.5 0
1706902289756 6.5 0
1706902297640 7.26 0
1706902310161 6.5 0
1706902317271 6.49 0
1706902330109 6.5 0
1706902348094 6.5 0
1706902360680 6.5 0
1706902373581 6.51 0
1706902380706 6.5 0
1706902387826 6.5 0
1706902400439 6.51 0
1706902413072 6.51 0
1706902420262 6.57 0
1706902427380 6.5 0
1706902434510 6.5 0
1706902442828 7.69 0
1706902449919 6.5 0
1706902458485 7.98 0
1706902467771 8.7 0
1706902477539 9.18 0
1706902486750 8.61 0
1706902494543 7.19 0
1706902502960 7.82 0
1706902511906 8.35 0
1706902520102 7.6 0
1706902531068 10.37 0
1706902541393 9.73 0
1706902548738 6.6 0
1706902557644 8.31 0
1706902566911 8.67 0
1706902574014 6.5 0
1706902583277 8.66 0
1706902593244 9.37 0
1706902602546 8.7 0
1706902611397 8.26 0
1706902619423 7.28 0
1706902628332 8.32 0
1706902637579 8.65 0
1706902647588 9.41 0
1706902655707 7.52 0
1706902664224 7.93 0
1706902671985 7.15 0
1706902680752 8.03 0
1706902688433 7.09 0
1706902698106 9.07 0
1706902705822 7.12 0
1706902714882 8.47 0
1706902723043 7.56 0
1706902731129 7.49 0
1706902741511 9.78 0
1706902749115 6.86 0
1706902756656 6.94 0
1706902765744 8.49 0
1706902773076 6.74 0
1706902781473 7.8 0
1706902794074 6.5 0
1706902801302 6.51 0
1706902808398 6.5 0
1706902815500 6.51 0
1706902822598 6.5 0
1706902835285 6.5 0
1706902848018 6.5 0
1706902860855 6.49 0
1706902873340 6.49 0
1706902880404 6.49 0
1706902887495 6.5 0
1706902894581 6.5 0
1706902901741 6.57 0
1706902908848 6.51 0
1706902915942 6.5 0
1706902924163 7.63 0
1706902932035 7.28 0
1706902940314 7.68 0
1706902950080 9.17 0
1706902958165 7.48 0
1706902966405 7.5 0
1706902974269 7.26 0
1706902986896 6.5 0
1706902993994 6.49 0
1706903006640 6.5 0
1706903019432 6.5 0
1706903026523 6.5 0
1706903033618 6.5 0
1706903046191 6.5 0
1706903058779 6.51 0
1706903066011 6.5 0
1706903073122 6.5 0
1706903081240 7.5 0
1706903090381 8.53 0
1706903097974 6.98 0
1706903105783 7.19 0
1706903115879 9.49 0
1706903125580 9.1 0
1706903135665 9.47 0
1706903142787 6.5 0
1706903152048 8.65 0
1706903159758 7.09 0
1706903172569 6.5 0
1706903185269 6.5 0
1706903197917 6.5 0
1706903210590 6.5 0
1706903217710 6.51 0
1706903224828 6.5 0
1706903233516 7.95 0
1706903242181 8.05 0
1706903254705 6.5 0
1706903262409 7.1 0
1706903269958 6.94 0
1706903280555 9.98 0
1706903293338 6.5 0
1706903305947 6.5 0
1706903313038 6.49 0
1706903320150 6.5 0
1706903332694 6.51 0
1706903339929 6.51 0
1706903352554 6.5 0
1706903359662 6.5 0
1706903366783 6.51 0
1706903375129 7.73 0
1706903382249 6.5 0
1706903389498 6.51 0
1706903396966 6.86 0
1706903404076 6.5 0
1706903412627 7.95 0
1706903419736 6.5 0
1706903428389 8.04 0
1706903437366 8.36 0
1706903445453 7.47 0
1706903453676 7.47 0
1706903462097 7.8 0
1706903470997 8.29 0
1706903480658 9.05 0
1706903488574 7.32 0
1706903496369 7.18 0
1706903506367 9.38 0
1706903514317 7.21 0
1706903522117 7.18 0
1706903531742 9.01 0
1706903540683 8.33 0
1706903548858 7.56 0
1706903558433 8.97 0
1706903566674 7.64 0
1706903577913 10.63 0
1706903586557 7.9 0
1706903596242 9.07 0
1706903605300 8.45 0
1706903613481 7.56 0
1706903620601 6.5 0
1706903627944 6.73 0
1706903635612 7.06 0
1706903643497 7.15 0
1706903653368 9.26 0
1706903661089 7.1 0
1706903669866 8.16 0
1706903678305 7.83 0
1706903690996 6.5 0
1706903698178 6.57 0
1706903705301 6.51 0
1706903712423 6.5 0
1706903719556 6.51 0
1706903728504 8.33 0
1706903736168 7.04 0
1706903745492 8.7 0
1706903753336 7.22 0
1706903761411 7.45 0
1706903769349 7.32 0
1706903777950 7.98 0
1706903785360 6.79 0
1706903793333 7.36 0
1706903801929 7.99 0
1706903809319 6.77 0
1706903817710 7.77 0
1706903825861 7.54 0
1706903833884 7.4 0
1706903841931 7.44 0
1706903850723 8.18 0
1706903860220 8.88 0
1706903867415 6.58 0
1706903879922 6.5 0
1706903887046 6.5 0
1706903899550 6.5 0
1706903912152 6.55 0
1706903924697 6.5 0
1706903931813 6.49 0
1706903938926 6.5 0
1706903946049 6.5 0
1706903953173 6.5 0
1706903961051 7.25 0
1706903968766 7.08 0
1706903976825 7.44 0
1706903989363 6.5 0
1706903996480 6.5 0
1706904003605 6.51 0
1706904010785 6.56 0
1706904020288 8.89 0
1706904027888 6.98 0
1706904036066 7.56 0
1706904044192 7.51 0
1706904054876 10.06 0
1706904063807 8.31 0
1706904071465 7.03 0
1706904079143 7.06 0
1706904087338 7.57 0
1706904099699 6.5 0
1706904111946 6.5 0
1706904124169 6.5 0
1706904131293 6.5 0
1706904138419 6.5 0
1706904145553 6.51 0
1706904155087 8.92 0
1706904164293 8.59 0
1706904171419 6.49 0
1706904178689 6.51 0
1706904187723 8.41 0
1706904195361 7.01 0
1706904202706 6.72 0
1706904212873 9.54 0
1706904221250 7.75 0
1706904230273 8.4 0
1706904238437 7.4 0
1706904247103 8.04 0
1706904254361 6.63 0
1706904263146 8.15 0
1706904271099 7.33 0
1706904281310 9.59 0
1706904291042 9.11 0
1706904299608 7.94 0
1706904307140 6.9 0
1706904315277 7.51 0
1706904322471 6.57 0
1706904332761 9.67 0
1706904341755 8.37 0
1706904350925 8.54 0
1706904358124 6.57 0
1706904366706 7.95 0
1706904374290 6.96 0
1706904381757 6.84 0
1706904389533 7.15 0
1706904398801 8.64 0
1706904406884 7.45 0
1706904414823 7.31 0
1706904423932 8.49 0
1706904432073 7.51 0
1706904440309 7.61 0
1706904449535 8.59 0
1706904457601 7.44 0
1706904467405 9.18 0
1706904478713 10.69 0
1706904486631 7.29 0
1706904494753 7.49 0
1706904504886 9.51 0
1706904512291 6.78 0
1706904520197 7.28 0
1706904528666 7.84 0
1706904536833 7.54 0
1706904548947 6.5 0
1706904556832 7.27 0
1706904565771 8.31 0
1706904574968 8.57 0
1706904583495 7.9 0
1706904592818 8.69 0
1706904602037 8.59 0
1706904609416 6.76 0
1706904621732 6.5 0
1706904633842 6.5 0
1706904645970 6.5 0
1706904658090 6.51 0
1706904665217 6.51 0
1706904672348 6.51 0
1706904679471 6.5 0
1706904686596 6.5 0
1706904695374 8.03 0
1706904704566 8.56 0
1706904713365 8.17 0
1706904723177 9.18 0
1706904731533 7.72 0
1706904740776 8.6 0
1706904749759 8.35 0
1706904759632 9.11 0
1706904769450 9.19 0
1706904778426 8.33 0
1706904786995 7.93 0
1706904794672 7.04 0
1706904803740 8.42 0
1706904812736 8.36 0
1706904821172 7.67 0
1706904830751 8.95 0
1706904838564 7.18 0
1706904846884 7.68 0
1706904854567 7.04 0
1706904863425 8.22 0
1706904872183 8.12 0
1706904879969 7.01 0
1706904888581 7.97 0
1706904897579 8.36 0
1706904906237 8.02 0
1706904917387 10.51 0
1706904925031 7.0 0
1706904933164 7.5 0
1706904943157 9.22 0
1706904950293 6.5 0
1706904960839 9.91 0
1706904968410 6.92 0
1706904978401 9.35 0
1706904986081 7.05 0
1706904998437 6.5 0
1706905005567 6.5 0
1706905013115 6.92 0
1706905021767 8.01 0
1706905030742 8.34 0
1706905039945 8.57 0
1706905052363 6.51 0
1706905064551 6.51 0
1706905071701 6.5 0
1706905078840 6.5 0
1706905087874 8.39 0
1706905097358 8.85 0
1706905105048 7.05 0
1706905114886 9.2 0
1706905123137 7.61 0
1706905130491 6.71 0
1706905139039 7.91 0
1706905147777 8.1 0
1706905155593 7.18 0
1706905164993 8.77 0
1706905173837 8.21 0
1706905181752 7.28 0
1706905189797 7.41 0
1706905199033 8.61 0
1706905207993 8.32 0
1706905216522 7.9 0
1706905226288 9.14 0
1706905235407 8.48 0
1706905246706 10.67 0
1706905257877 10.54 0
1706905265384 6.88 0
1706905273839 7.82 0
1706905280963 6.49 0
1706905288250 6.5 0
1706905297452 8.57 0
1706905306749 8.66 0
1706905315130 7.75 0
1706905323709 7.95 0
1706905332115 7.77 0
1706905341259 8.51 0
1706905349104 7.2 0
1706905357873 8.13 0
1706905365949 7.44 0
1706905377147 10.57 0
1706905387512 9.73 0
1706905396949 8.8 0
1706905404583 7.0 0
1706905414063 8.85 0
1706905423575 8.87 0
1706905432362 8.15 0
1706905444513 6.5 0
1706905451647 6.5 0
1706905459141 6.86 0
1706905466786 7.01 0
1706905475934 8.51 0
1706905484825 8.25 0
1706905492865 7.4 0
1706905502492 8.99 0
1706905510612 7.48 0
1706905519374 8.13 0
1706905527822 7.8 0
1706905537734 9.28 0
1706905546099 7.72 0
1706905554251 7.51 0
1706905564380 9.47 0
1706905572574 7.56 0
1706905584900 6.58 0
1706905597066 6.51 0
1706905604192 6.5 0
1706905616460 6.5 0
1706905623597 6.5 0
1706905635906 6.51 0
1706905648158 6.5 0
1706905660378 6.5 0
1706905673155 6.5 0
1706905680423 6.51 0
1706905687570 6.5 0
1706905695995 7.78 0
1706905703816 7.18 0
1706905716492 6.5 0
1706905723617 6.49 0
1706905730834 6.58 0
1706905737975 6.5 0
1706905746248 7.63 0
1706905755013 8.12 0
1706905762476 6.82 0
1706905773093 9.98 0
1706905780730 6.98 0
1706905787964 6.59 0
1706905796184 7.57 0
1706905805403 8.57 0
1706905813137 7.09 0
1706905820287 6.5 0
1706905830507 9.57 0
1706905839369 8.2 0
1706905846857 6.82 0
1706905857151 9.64 0
1706905864632 6.81 0
1706905875483 10.19 0
1706905884129 8.0 0
1706905896823 6.5 0
1706905904041 6.58 0
1706905911186 6.5 0
1706905923855 6.51 0
1706905930997 6.5 0
1706905943636 6.49 0
1706905956414 6.5 0
1706905969067 6.49 0
1706905981698 6.5 0
1706905994453 6.51 0
1706906001724 6.51 0
1706906008869 6.5 0
1706906017160 7.64 0
1706906025046 7.24 0
1706906033426 7.74 0
1706906043528 9.45 0
1706906052280 8.1 0
1706906061594 8.53 0
1706906069257 7.01 0
1706906077832 7.93 0
1706906086576 8.13 0
1706906094856 7.66 0
1706906102785 7.32 0
1706906111821 8.42 0
1706906120600 8.17 0
1706906128132 6.92 0
1706906136494 7.75 0
1706906145555 8.44 0
1706906153845 7.67 0
1706906162538 8.07 0
1706906172373 9.21 0
1706906179483 6.49 0
1706906187416 7.18 0
1706906194537 6.51 0
1706906202314 7.15 0
1706906211549 8.61 0
1706906220453 8.29 0
1706906228396 7.32 0
1706906239064 10.05 0
1706906248302 8.61 0
1706906255432 6.51 0
1706906264571 8.51 0
1706906272303 7.1 0
1706906282746 9.82 0
1706906291086 7.72 0
1706906299037 7.32 0
1706906308180 8.53 0
1706906315623 6.68 0
1706906325248 9.0 0
1706906333835 7.97 0
1706906346370 6.5 0
1706906353488 6.5 0
1706906360605 6.5 0
1706906368205 6.98 0
1706906377028 8.07 0
1706906384497 6.85 0
1706906392823 7.7 0
1706906401827 8.38 0
1706906410165 7.72 0
1706906419659 8.87 0
1706906426775 6.5 0
1706906434037 6.5 0
1706906443010 8.35 0
1706906455707 6.5 0
1706906468554 6.5 0
1706906475677 6.5 0
1706906488530 6.51 0
1706906495640 6.5 0
1706906502756 6.5 0
1706906509877 6.5 0
1706906516996 6.5 0
1706906525092 7.47 0
1706906532898 7.19 0
1706906540289 6.77 0
1706906547532 6.62 0
1706906557212 9.06 0
1706906566415 8.59 0
1706906574908 7.86 0
1706906587527 6.5 0
1706906594625 6.49 0
1706906601866 6.5 0
1706906608976 6.5 0
1706906616558 6.96 0
1706906625161 7.98 0
1706906634746 8.97 0
1706906643483 8.11 0
1706906650906 6.81 0
1706906661013 9.34 0
1706906669724 8.09 0
1706906677875 7.53 0
1706906685550 7.06 0
1706906695131 8.97 0
1706906703880 8.12 0
1706906712232 7.74 0
1706906720669 7.81 0
1706906730493 9.06 0
1706906738319 7.2 0
1706906745866 6.93 0
1706906754211 7.72 0
1706906764104 9.27 0
1706906777014 6.5 0
1706906784205 6.58 0
1706906791321 6.5 0
1706906798458 6.5 0
1706906807248 8.17 0
1706906814837 6.97 0
1706906822906 7.44 0
1706906832175 8.65 0
1706906839780 6.98 0
1706906848705 8.17 0
1706906858759 9.43 0
1706906867192 7.81 0
1706906875304 7.49 0
1706906884166 8.24 0
1706906892149 7.36 0
1706906904803 6.57 0
1706906911932 6.51 0
1706906924581 6.5 0
1706906931699 6.5 0
1706906939065 6.74 0
1706906947433 7.75 0
1706906957270 9.22 0
1706906967719 9.7 0
1706906977280 8.94 0
1706906985449 7.53 0
1706906995897 9.83 0
1706907004301 7.78 0
1706907011421 6.49 0
1706907019897 7.86 0
1706907027764 7.25 0
1706907037676 9.29 0
1706907045235 6.94 0
1706907055247 9.39 0
1706907063385 7.5 0
1706907071514 7.5 0
1706907080506 8.38 0
1706907088527 7.4 0
1706907098596 9.31 0
1706907108283 9.06 0
1706907119063 10.16 0
1706907127773 8.09 0
1706907137351 8.95 0
1706907146911 8.94 0
1706907154019 6.49 0
1706907162248 7.47 0
1706907169697 6.83 0
1706907177164 6.84 0
1706907185894 8.11 0
1706907193835 7.32 0
1706907202121 7.67 0
1706907214838 6.5 0
1706907222093 6.5 0
1706907230351 7.63 0
1706907238942 7.97 0
1706907249829 10.26 0
1706907257730 7.27 0
1706907266082 7.72 0
1706907274388 7.68 0
1706907284902 9.88 0
1706907292541 6.86 0
1706907300064 6.89 0
1706907308230 7.54 0
1706907315700 6.84 0
1706907323647 7.31 0
1706907334599 10.32 0
1706907342206 6.98 0
1706907349430 6.59 0
1706907358466 8.4 0
1706907369446 10.35 0
1706907376576 6.5 0
1706907384970 7.76 0
1706907393316 7.72 0
1706907400446 6.49 0
1706907408415 7.33 0
1706907417561 8.36 0
1706907426077 7.88 0
1706907434400 7.68 0
1706907442399 7.36 0
1706907449859 6.82 0
1706907459631 9.15 0
1706907469831 9.57 0
1706907477910 7.31 0
1706907485604 7.06 0
1706907494092 7.86 0
1706907502699 7.97 0
1706907513130 9.79 0
1706907521527 7.76 0
1706907530570 8.41 0
1706907538279 6.93 0
1706907546684 7.77 0
1706907557594 10.28 0
1706907565419 7.18 0
1706907574575 8.51 0
1706907585178 9.97 0
1706907595582 9.77 0
1706907602918 6.7 0
1706907612402 8.71 0
1706907620748 7.71 0
1706907629590 8.21 0
1706907637653 7.43 0
