1706898378502 2.2109 0
1706898390931 0.9162 0
1706898403571 0.7048 0
1706898416233 0.7629 0
1706898428817 0.7263 0
1706898441398 0.5981 0
1706898453900 0.7014 0
1706898460967 0.6283 0
1706898468170 0.6146 0
1706898475265 0.6419 0
1706898484309 0.5229 0
1706898492601 0.6399 0
1706898505007 0.4855 0
1706898517605 0.5622 0
1706898530311 0.558 0
1706898542855 0.5931 0
1706898555407 0.5688 0
1706898567929 0.6095 0
1706898580514 0.5878 0
1706898593097 0.6338 0
1706898600182 0.6133 0
1706898607285 0.5952 0
1706898619805 0.6548 0
1706898632449 0.553 0
1706898644853 0.5395 0
1706898657394 0.5569 0
1706898664475 0.5016 0
1706898671561 0.5795 0
1706898678643 0.5444 0
1706898685815 0.5779 0
1706898698411 0.5146 0
1706898711187 0.5947 0
1706898723898 0.6545 0
1706898736428 0.4426 0
1706898748952 0.5336 0
1706898756050 0.5506 0
1706898768678 0.4795 0
1706898775783 0.5376 0
1706898788447 0.5638 0
1706898795552 0.5243 0
1706898808111 0.5771 0
1706898820676 0.4875 0
1706898833205 0.4232 0
1706898845814 0.539 0
1706898858392 0.4836 0
1706898865496 0.6024 0
1706898877963 0.5428 0
1706898890557 0.3764 0
1706898903683 0.4909 0
1706898910771 0.4694 0
1706898918496 0.5298 0
1706898925584 0.4791 0
1706898938242 0.458 0
1706898945335 0.497 0
1706898952454 0.4454 0
1706898964979 0.4821 0
1706898972063 0.4048 0
1706898984586 0.5231 0
1706898997194 0.4619 0
1706899009995 0.4315 0
1706899017101 0.3636 0
1706899024209 0.3978 0
1706899036821 0.5096 0
1706899049708 0.4223 0
1706899062391 0.4518 0
1706899075018 0.4948 0
1706899087619 0.4892 0
1706899094778 0.4385 0
1706899107397 0.4688 0
1706899120029 0.4702 0
1706899132779 0.4325 0
1706899145453 0.4424 0
1706899158232 0.3772 0
1706899170663 0.3711 0
1706899183314 0.406 0
1706899196003 0.4195 0
1706899203113 0.4556 0
1706899210220 0.4804 0
1706899222982 0.3819 0
1706899235607 0.3844 0
1706899248432 0.3299 0
1706899255548 0.4305 0
1706899267796 0.2912 0
1706899279854 0.3627 0
1706899292042 0.4108 0
1706899304225 0.3941 0
1706899311312 0.4559 0
1706899318399 0.3586 0
1706899330505 0.4724 0
1706899342679 0.3817 0
1706899354918 0.3718 0
1706899362003 0.3512 0
1706899369088 0.3242 0
1706899376171 0.3912 0
1706899385283 0.3089 0
1706899397431 0.2355 0
1706899409616 0.3698 0
1706899421817 0.4069 0
1706899433866 0.3492 0
1706899445880 0.3142 0
1706899463093 0.2915 0
1706899475092 0.2917 0
1706899487248 0.2741 0
1706899499484 0.3668 0
1706899511716 0.2426 0
1706899524365 0.3957 0
1706899531442 0.3595 0
1706899538535 0.2688 0
1706899545756 0.3244 0
1706899558317 0.2992 0
1706899570859 0.3306 0
1706899583436 0.3644 0
1706899596001 0.3054 0
1706899608594 0.2656 0
1706899621175 0.2537 0
1706899628267 0.3315 0
1706899635362 0.2672 0
1706899642595 0.316 0
1706899650596 0.2229 0
1706899659760 0.3449 0
1706899672398 0.2112 0
1706899679497 0.2402 0
1706899692214 0.2469 0
1706899699307 0.2725 0
1706899711956 0.2806 0
1706899719064 0.2992 0
1706899726181 0.3523 0
1706899733292 0.3636 0
1706899741666 0.2486 0
1706899748887 0.2848 0
1706899758863 0.2147 0
1706899768684 0.3609 0
1706899781159 0.2347 0
1706899788259 0.2723 0
1706899796266 0.2057 0
1706899808944 0.2161 0
1706899816052 0.1976 0
1706899828763 0.2229 0
1706899841187 0.1848 0
1706899853888 0.2574 0
1706899860994 0.1756 0
1706899868107 0.17 0
1706899876452 0.1929 0
1706899888967 0.2896 0
1706899901539 0.1889 0
1706899908649 0.1939 0
1706899921134 0.2851 0
1706899933760 0.3196 0
1706899946400 0.1811 0
1706899958983 0.295 0
1706899971447 0.1579 0
1706899978542 0.0767 0
1706899985642 0.1982 0
1706899998304 0.163 0
1706900005415 0.2314 0
1706900012531 0.216 0
1706900025189 0.2317 0
1706900037932 0.2495 0
1706900045170 0.1807 0
1706900057858 0.1625 0
1706900070570 0.1653 0
1706900083396 0.1557 0
1706900096013 0.1493 0
1706900108649 0.1563 0
1706900121219 0.1544 0
1706900128313 0.1386 0
1706900140990 0.1167 0
1706900153723 0.1518 0
1706900166355 0.1715 0
1706900173456 0.134 0
1706900180571 0.1784 0
1706900187681 0.1763 0
1706900200380 0.2462 0
1706900207482 0.2215 0
1706900214576 0.0778 0
1706900227347 0.093 0
1706900239941 0.1235 0
1706900252635 0.1935 0
1706900259735 0.086 0
1706900272533 0.095 0
1706900285109 0.1481 0
1706900292322 0.1076 0
1706900305029 0.084 0
1706900317598 0.1051 0
1706900330230 0.1846 0
1706900343108 0.1434 0
1706900355587 0.0876 0
1706900368411 0.0406 0
1706900381015 0.1427 0
1706900393655 0.1483 0
1706900406181 0.1338 0
1706900418770 0.2209 0
1706900425888 0.1143 0
1706900433127 0.1094 0
1706900446019 0.0671 0
1706900453130 0.0304 0
1706900460715 0.0462 0
1706900467853 0.0817 0
1706900476451 0.1827 0
1706900485839 0.0996 0
1706900498608 0.0885 0
1706900505725 0.0742 0
1706900513528 0.0643 0
1706900522930 0.0562 0
1706900535762 0.089 0
1706900548317 0.0291 0
1706900555383 -0.0495 0
1706900562460 0.0236 0
1706900575013 0.0293 0
1706900587687 0.0756 0
1706900594772 0.0929 0
1706900607405 0.0421 0
1706900619881 0.1027 0
1706900631856 -0.022 0
1706900644161 0.0606 0
1706900656204 0.0354 0
1706900663276 0.0555 0
1706900670363 0.0416 0
1706900677452 0.053 0
1706900685977 0.0133 0
1706900694826 -0.0323 0
1706900702888 -0.0269 0
1706900711510 0.1136 0
1706900719942 0.0731 0
1706900727325 0.1084 0
1706900739413 0.0447 0
1706900751517 0.0193 0
1706900763606 -0.0401 0
1706900770676 0.0612 0
1706900777759 -0.0041 0
1706900784844 -0.0924 0
1706900793364 0.0954 0
1706900805537 0.116 0
1706900812627 0.1079 0
1706900821893 0.1095 0
1706900831396 -0.0265 0
1706900840753 0.0213 0
1706900852925 0.0391 0
1706900865443 -0.0212 0
1706900877459 -0.0857 0
1706900889482 0.1172 0
1706900896587 0.0378 0
1706900903682 -0.0725 0
1706900910897 -0.0588 0
1706900919084 -0.0659 0
1706900926174 -0.1134 0
1706900935500 -0.0717 0
1706900947589 -0.0035 0
1706900954675 -0.0151 0
1706900966843 0.0239 0
1706900978907 0.0019 0
1706900985998 0.0144 0
1706900993100 -0.0769 0
1706901000192 -0.1032 0
1706901008277 -0.0588 0
1706901018291 -0.1163 0
1706901026395 -0.0688 0
1706901035098 -0.0551 0
1706901047221 -0.0278 0
1706901059359 -0.0215 0
1706901071619 -0.0708 0
1706901078702 -0.0385 0
1706901085802 -0.0602 0
1706901098243 -0.0124 0
1706901105331 -0.0109 0
1706901112425 -0.0916 0
1706901119660 -0.042 0
1706901132278 -0.0844 0
1706901144997 -0.0334 0
1706901152090 -0.0296 0
1706901164698 0.0443 0
1706901171898 -0.1056 0
1706901184511 0.0117 0
1706901197010 0.0429 0
1706901204114 -0.0894 0
1706901211210 -0.0518 0
1706901218372 -0.1049 0
1706901225474 -0.1208 0
1706901232564 -0.075 0
1706901239656 -0.0758 0
1706901247796 -0.0109 0
1706901256926 0.001 0
1706901264989 -0.0129 0
1706901277693 -0.0171 0
1706901290451 -0.1508 0
1706901302933 -0.1177 0
1706901310028 -0.1064 0
1706901317146 -0.1393 0
1706901324320 -0.1312 0
1706901336838 -0.0489 0
1706901343954 -0.1053 0
1706901351070 -0.0907 0
1706901358173 -0.0822 0
1706901367610 -0.1124 0
1706901380327 -0.1363 0
1706901392751 -0.1088 0
1706901399856 -0.1458 0
1706901406953 -0.09 0
1706901414062 -0.0544 0
1706901421320 -0.1708 0
1706901434106 -0.0737 0
1706901441213 -0.0583 0
1706901448305 -0.1308 0
1706901456575 -0.1361 0
1706901464268 -0.2199 0
1706901472595 -0.1408 0
1706901480266 -0.0536 0
1706901488238 -0.2018 0
1706901496892 -0.1081 0
1706901504919 -0.1395 0
1706901512504 -0.1792 0
1706901519622 -0.1944 0
1706901527198 -0.1681 0
1706901534296 -0.1658 0
1706901543522 -0.1238 0
1706901552791 -0.1812 0
1706901561444 -0.1337 0
1706901570226 -0.0973 0
1706901579232 -0.0729 0
1706901587973 -0.1965 0
1706901596612 -0.1976 0
1706901605608 -0.12 0
1706901612707 -0.225 0
1706901621662 -0.1974 0
1706901630639 -0.1956 0
1706901639154 -0.1053 0
1706901647111 -0.1433 0
1706901655009 -0.1983 0
1706901667788 -0.1684 0
1706901680329 -0.174 0
1706901687423 -0.1664 0
1706901694528 -0.2183 0
1706901701626 -0.2499 0
1706901714252 -0.1828 0
1706901726710 -0.1444 0
1706901739319 -0.1787 0
1706901751918 -0.131 0
1706901764579 -0.1658 0
1706901771683 -0.2257 0
1706901778788 -0.1502 0
1706901786551 -0.2302 0
1706901793669 -0.1641 0
1706901806266 -0.2477 0
1706901813515 -0.1827 0
1706901826117 -0.1449 0
1706901833216 -0.2197 0
1706901840325 -0.0407 0
1706901847832 -0.1407 0
1706901856610 -0.1556 0
1706901865150 -0.1944 0
1706901883111 -0.1465 0
1706901895886 -0.2939 0
1706901902995 -0.1578 0
1706901910107 -0.2263 0
1706901917344 -0.1458 0
1706901924662 -0.2018 0
1706901933458 -0.147 0
1706901942833 -0.2345 0
1706901950388 -0.2479 0
1706901958305 -0.2633 0
1706901966939 -0.159 0
1706901979806 -0.2463 0
1706901986917 -0.2341 0
1706901994020 -0.2659 0
1706902006629 -0.1681 0
1706902019351 -0.2238 0
1706902031966 -0.2321 0
1706902039102 -0.2157 0
1706902046209 -0.1594 0
1706902058735 -0.2416 0
1706902065845 -0.1591 0
1706902078588 -0.2822 0
1706902091278 -0.2153 0
1706902098399 -0.2201 0
1706902105512 -0.2433 0
1706902112630 -0.2137 0
1706902119736 -0.1459 0
1706902126972 -0.2005 0
1706902134141 -0.2123 0
1706902145512 -0.2693 0
1706902158319 -0.238 0
1706902170888 -0.15 0
1706902178139 -0.1732 0
1706902185264 -0.2121 0
1706902197820 -0.2029 0
1706902204944 -0.2574 0
1706902212075 -0.2189 0
1706902219200 -0.2385 0
1706902226472 -0.2219 0
1706902235936 -0.1969 0
1706902248519 -0.2273 0
1706902261123 -0.2126 0
1706902268254 -0.1867 0
1706902275506 -0.2755 0
1706902282632 -0.2538 0
1706902289752 -0.2287 0
1706902297636 -0.2864 0
1706902310157 -0.2654 0
1706902317267 -0.2508 0
1706902330105 -0.1653 0
1706902348090 -0.2813 0
1706902360676 -0.2421 0
1706902373577 -0.1859 0
1706902380702 -0.2273 0
1706902387823 -0.2982 0
1706902400435 -0.2617 0
1706902413068 -0.3171 0
1706902420258 -0.365 0
1706902427375 -0.2871 0
1706902434505 -0.2342 0
1706902442824 -0.3024 0
1706902449915 -0.2949 0
1706902458481 -0.3571 0
1706902467767 -0.2727 0
1706902477535 -0.3122 0
1706902486745 -0.3336 0
1706902494538 -0.2798 0
1706902502956 -0.231 0
1706902511902 -0.2562 0
1706902520098 -0.2527 0
1706902531064 -0.3106 0
1706902541389 -0.2137 0
1706902548734 -0.3164 0
1706902557640 -0.2489 0
1706902566907 -0.1898 0
1706902574009 -0.3016 0
1706902583273 -0.305 0
1706902593240 -0.3124 0
1706902602542 -0.251 0
1706902611393 -0.1719 0
1706902619419 -0.2894 0
1706902628328 -0.3019 0
1706902637575 -0.3415 0
1706902647584 -0.2631 0
1706902655703 -0.2558 0
1706902664220 -0.3507 0
1706902671981 -0.2817 0
1706902680748 -0.1898 0
1706902688429 -0.2737 0
1706902698103 -0.3106 0
1706902705818 -0.2908 0
1706902714878 -0.2994 0
1706902723039 -0.329 0
1706902731125 -0.2789 0
1706902741507 -0.2654 0
1706902749110 -0.3354 0
1706902756652 -0.2883 0
1706902765740 -0.2067 0
1706902773072 -0.2405 0
1706902781469 -0.2938 0
1706902794069 -0.2346 0
1706902801299 -0.3445 0
1706902808394 -0.3243 0
1706902815496 -0.262 0
1706902822594 -0.295 0
1706902835280 -0.2942 0
1706902848013 -0.3343 0
1706902860850 -0.3031 0
1706902873337 -0.2187 0
1706902880400 -0.3178 0
1706902887491 -0.2569 0
1706902894577 -0.2587 0
1706902901737 -0.3025 0
1706902908844 -0.3409 0
1706902915938 -0.3621 0
1706902924158 -0.2866 0
1706902932032 -0.3478 0
1706902940310 -0.2847 0
1706902950076 -0.3387 0
1706902958161 -0.3382 0
1706902966401 -0.3103 0
1706902974265 -0.2949 0
1706902986891 -0.2539 0
1706902993990 -0.3973 0
1706903006635 -0.3119 0
1706903019428 -0.3377 0
1706903026519 -0.3326 0
1706903033614 -0.3885 0
1706903046187 -0.3303 0
1706903058775 -0.2372 0
1706903066007 -0.3098 0
1706903073118 -0.2082 0
1706903081236 -0.3573 0
1706903090377 -0.287 0
1706903097970 -0.3273 0
1706903105779 -0.2807 0
1706903115876 -0.3197 0
1706903125576 -0.319 0
1706903135661 -0.3403 0
1706903142783 -0.2773 0
1706903152044 -0.3576 0
1706903159754 -0.3911 0
1706903172565 -0.328 0
1706903185265 -0.3801 0
1706903197912 -0.3702 0
1706903210586 -0.3221 0
1706903217705 -0.3251 0
1706903224824 -0.3771 0
1706903233512 -0.2931 0
1706903242177 -0.3144 0
1706903254701 -0.3491 0
1706903262405 -0.3731 0
1706903269954 -0.3626 0
1706903280551 -0.2915 0
1706903293334 -0.3427 0
1706903305944 -0.3778 0
1706903313034 -0.3402 0
1706903320146 -0.2798 0
1706903332690 -0.4065 0
1706903339925 -0.3606 0
1706903352550 -0.3189 0
1706903359658 -0.4021 0
1706903366779 -0.4106 0
1706903375124 -0.3646 0
1706903382245 -0.372 0
1706903389494 -0.4181 0
1706903396962 -0.4539 0
1706903404073 -0.3141 0
1706903412623 -0.2849 0
1706903419731 -0.326 0
1706903428385 -0.3083 0
1706903437361 -0.2675 0
1706903445449 -0.3265 0
1706903453673 -0.3425 0
1706903462093 -0.3549 0
1706903470993 -0.4166 0
1706903480654 -0.3654 0
1706903488570 -0.3546 0
1706903496365 -0.3491 0
1706903506363 -0.3638 0
1706903514314 -0.4068 0
1706903522112 -0.2854 0
1706903531738 -0.2972 0
1706903540679 -0.3428 0
1706903548854 -0.3543 0
1706903558428 -0.2838 0
1706903566670 -0.3037 0
1706903577909 -0.2966 0
1706903586553 -0.3389 0
1706903596239 -0.3547 0
1706903605295 -0.3606 0
1706903613477 -0.3518 0
1706903620597 -0.3227 0
1706903627940 -0.3419 0
1706903635608 -0.312 0
1706903643493 -0.3575 0
1706903653364 -0.3241 0
1706903661084 -0.3244 0
1706903669862 -0.325 0
1706903678301 -0.4219 0
1706903690991 -0.3906 0
1706903698174 -0.3899 0
1706903705297 -0.4344 0
1706903712419 -0.4036 0
1706903719552 -0.3674 0
1706903728500 -0.3666 0
1706903736164 -0.3831 0
1706903745488 -0.3353 0
1706903753331 -0.3292 0
1706903761407 -0.3064 0
1706903769345 -0.4616 0
1706903777945 -0.3614 0
1706903785356 -0.3007 0
1706903793330 -0.3142 0
1706903801925 -0.388 0
1706903809314 -0.2691 0
1706903817706 -0.3755 0
1706903825857 -0.4069 0
1706903833880 -0.3305 0
1706903841927 -0.3364 0
1706903850719 -0.377 0
1706903860216 -0.3414 0
1706903867411 -0.3994 0
1706903879919 -0.3874 0
1706903887042 -0.3337 0
1706903899546 -0.3442 0
1706903912147 -0.4164 0
1706903924693 -0.3633 0
1706903931809 -0.3077 0
1706903938922 -0.4076 0
1706903946045 -0.3586 0
1706903953168 -0.3781 0
1706903961047 -0.3574 0
1706903968762 -0.3482 0
1706903976821 -0.3641 0
1706903989359 -0.3661 0
1706903996477 -0.3729 0
1706904003601 -0.3395 0
1706904010781 -0.3988 0
1706904020284 -0.3571 0
1706904027884 -0.403 0
1706904036061 -0.4067 0
1706904044188 -0.4078 0
1706904054872 -0.3852 0
1706904063803 -0.3779 0
1706904071461 -0.3652 0
1706904079139 -0.3253 0
1706904087334 -0.4049 0
1706904099695 -0.4283 0
1706904111942 -0.3868 0
1706904124165 -0.4173 0
1706904131289 -0.3799 0
1706904138415 -0.3747 0
1706904145549 -0.4083 0
1706904155083 -0.3544 0
1706904164289 -0.4259 0
1706904171415 -0.3975 0
1706904178685 -0.3879 0
1706904187719 -0.4169 0
1706904195357 -0.3946 0
1706904202702 -0.4474 0
1706904212869 -0.3638 0
1706904221246 -0.4123 0
1706904230269 -0.4106 0
1706904238433 -0.4167 0
1706904247098 -0.4204 0
1706904254357 -0.4339 0
1706904263141 -0.3821 0
1706904271095 -0.3383 0
1706904281306 -0.4347 0
1706904291038 -0.4205 0
1706904299605 -0.3481 0
1706904307136 -0.3544 0
1706904315273 -0.3524 0
1706904322468 -0.4619 0
1706904332758 -0.2675 0
1706904341751 -0.3318 0
1706904350920 -0.3991 0
1706904358120 -0.4677 0
1706904366701 -0.4699 0
1706904374286 -0.3639 0
1706904381753 -0.4635 0
1706904389529 -0.4156 0
1706904398798 -0.4273 0
1706904406880 -0.508 0
1706904414819 -0.3853 0
1706904423928 -0.3994 0
1706904432069 -0.3071 0
1706904440305 -0.4645 0
1706904449531 -0.3694 0
1706904457597 -0.3927 0
1706904467401 -0.3733 0
1706904478709 -0.4081 0
1706904486627 -0.396 0
1706904494749 -0.4024 0
1706904504881 -0.3852 0
1706904512287 -0.4408 0
1706904520193 -0.3883 0
1706904528661 -0.4517 0
1706904536829 -0.4953 0
1706904548943 -0.4301 0
1706904556828 -0.4433 0
1706904565767 -0.4135 0
1706904574964 -0.3867 0
1706904583491 -0.4085 0
1706904592813 -0.4039 0
1706904602033 -0.4508 0
1706904609411 -0.4299 0
1706904621728 -0.3837 0
1706904633838 -0.4011 0
1706904645966 -0.4179 0
1706904658086 -0.4311 0
1706904665213 -0.4093 0
1706904672344 -0.4217 0
1706904679468 -0.4109 0
1706904686591 -0.3883 0
1706904695370 -0.3685 0
1706904704562 -0.4535 0
1706904713361 -0.445 0
1706904723173 -0.4078 0
1706904731528 -0.5141 0
1706904740772 -0.4497 0
1706904749755 -0.3817 0
1706904759628 -0.4156 0
1706904769446 -0.4719 0
1706904778422 -0.4557 0
1706904786991 -0.3947 0
1706904794667 -0.4806 0
1706904803736 -0.3916 0
1706904812732 -0.4479 0
1706904821168 -0.4459 0
1706904830747 -0.4511 0
1706904838560 -0.3672 0
1706904846880 -0.428 0
1706904854562 -0.482 0
1706904863420 -0.4133 0
1706904872179 -0.4539 0
1706904879965 -0.3726 0
1706904888577 -0.4007 0
1706904897575 -0.4142 0
1706904906233 -0.4399 0
1706904917383 -0.4383 0
1706904925027 -0.48 0
1706904933160 -0.5034 0
1706904943153 -0.4317 0
1706904950290 -0.4194 0
1706904960834 -0.3675 0
1706904968406 -0.4231 0
1706904978397 -0.446 0
1706904986077 -0.5019 0
1706904998433 -0.4009 0
1706905005563 -0.4561 0
1706905013111 -0.4073 0
1706905021763 -0.411 0
1706905030738 -0.423 0
1706905039941 -0.5028 0
1706905052359 -0.4716 0
1706905064547 -0.3727 0
1706905071697 -0.463 0
1706905078835 -0.3776 0
1706905087870 -0.3981 0
1706905097354 -0.4159 0
1706905105044 -0.4038 0
1706905114882 -0.4899 0
1706905123131 -0.3932 0
1706905130487 -0.3937 0
1706905139035 -0.4747 0
1706905147773 -0.4607 0
1706905155590 -0.4221 0
1706905164988 -0.4538 0
1706905173833 -0.4796 0
1706905181748 -0.4307 0
1706905189793 -0.4227 0
1706905199029 -0.4709 0
1706905207988 -0.4524 0
1706905216518 -0.4824 0
1706905226284 -0.4276 0
1706905235403 -0.4549 0
1706905246701 -0.4028 0
1706905257873 -0.4025 0
1706905265380 -0.4301 0
1706905273835 -0.3836 0
1706905280959 -0.3825 0
1706905288246 -0.4449 0
1706905297448 -0.4135 0
1706905306745 -0.404 0
1706905315126 -0.4735 0
1706905323704 -0.4559 0
1706905332111 -0.4898 0
1706905341255 -0.4605 0
1706905349100 -0.494 0
1706905357869 -0.4126 0
1706905365945 -0.3845 0
1706905377143 -0.4687 0
1706905387507 -0.4383 0
1706905396945 -0.4314 0
1706905404578 -0.4945 0
1706905414059 -0.4735 0
1706905423571 -0.4326 0
1706905432357 -0.4566 0
1706905444509 -0.4293 0
1706905451643 -0.4761 0
1706905459137 -0.4838 0
1706905466783 -0.4378 0
1706905475931 -0.4266 0
1706905484821 -0.4374 0
1706905492861 -0.4143 0
1706905502488 -0.4598 0
1706905510608 -0.394 0
1706905519370 -0.3758 0
1706905527819 -0.4744 0
1706905537730 -0.4016 0
1706905546095 -0.4718 0
1706905554247 -0.4256 0
1706905564376 -0.4986 0
1706905572570 -0.4316 0
1706905584896 -0.4397 0
1706905597062 -0.5272 0
1706905604188 -0.4161 0
1706905616456 -0.4214 0
1706905623593 -0.4815 0
1706905635902 -0.4109 0
1706905648154 -0.4459 0
1706905660374 -0.4535 0
1706905673151 -0.4875 0
1706905680419 -0.4529 0
1706905687566 -0.4728 0
1706905695991 -0.479 0
1706905703811 -0.4655 0
1706905716488 -0.4602 0
1706905723613 -0.4868 0
1706905730831 -0.457 0
1706905737971 -0.4021 0
1706905746243 -0.4953 0
1706905755009 -0.5057 0
1706905762472 -0.4035 0
1706905773089 -0.4488 0
1706905780727 -0.4609 0
1706905787960 -0.5014 0
1706905796181 -0.5192 0
1706905805399 -0.5406 0
1706905813133 -0.5576 0
1706905820283 -0.4355 0
1706905830503 -0.4719 0
1706905839365 -0.3917 0
1706905846853 -0.4407 0
1706905857147 -0.46 0
1706905864628 -0.4514 0
1706905875479 -0.4212 0
1706905884124 -0.466 0
1706905896819 -0.4443 0
1706905904037 -0.5234 0
1706905911182 -0.4407 0
1706905923851 -0.4443 0
1706905930993 -0.5525 0
1706905943633 -0.5283 0
1706905956410 -0.4726 0
1706905969063 -0.4163 0
1706905981694 -0.3743 0
1706905994450 -0.438 0
1706906001720 -0.5195 0
1706906008865 -0.4098 0
1706906017157 -0.4562 0
1706906025042 -0.5126 0
1706906033422 -0.4122 0
1706906043525 -0.523 0
1706906052276 -0.4945 0
1706906061590 -0.4907 0
1706906069252 -0.4967 0
1706906077827 -0.5053 0
1706906086572 -0.5112 0
1706906094852 -0.4539 0
1706906102781 -0.4883 0
1706906111817 -0.4426 0
1706906120596 -0.3751 0
1706906128128 -0.5234 0
1706906136490 -0.5076 0
1706906145551 -0.4331 0
1706906153841 -0.4347 0
1706906162534 -0.4673 0
1706906172368 -0.4694 0
1706906179479 -0.4467 0
1706906187413 -0.4682 0
1706906194533 -0.5278 0
1706906202310 -0.4555 0
1706906211545 -0.4789 0
1706906220449 -0.4315 0
1706906228392 -0.4892 0
1706906239060 -0.4905 0
1706906248298 -0.4601 0
1706906255428 -0.4692 0
1706906264566 -0.516 0
1706906272299 -0.4838 0
1706906282742 -0.4314 0
1706906291082 -0.4819 0
1706906299032 -0.4378 0
1706906308176 -0.4277 0
1706906315620 -0.4547 0
1706906325244 -0.4794 0
1706906333831 -0.4677 0
1706906346366 -0.4801 0
1706906353484 -0.572 0
1706906360601 -0.5092 0
1706906368201 -0.4659 0
1706906377024 -0.4476 0
1706906384493 -0.4721 0
1706906392819 -0.4748 0
1706906401823 -0.473 0
1706906410161 -0.5272 0
1706906419655 -0.4759 0
1706906426771 -0.4065 0
1706906434034 -0.5073 0
1706906443006 -0.499 0
1706906455703 -0.4594 0
1706906468550 -0.4724 0
1706906475673 -0.4447 0
1706906488526 -0.4356 0
1706906495635 -0.502 0
1706906502752 -0.469 0
1706906509872 -0.5647 0
1706906516992 -0.5162 0
1706906525088 -0.5167 0
1706906532894 -0.4965 0
1706906540284 -0.4524 0
1706906547528 -0.4757 0
1706906557207 -0.4369 0
1706906566411 -0.4505 0
1706906574904 -0.505 0
1706906587523 -0.4782 0
1706906594621 -0.4954 0
1706906601862 -0.4665 0
1706906608972 -0.5087 0
1706906616554 -0.5165 0
1706906625157 -0.5037 0
1706906634742 -0.5025 0
1706906643478 -0.4475 0
1706906650902 -0.4861 0
1706906661009 -0.4808 0
1706906669720 -0.5244 0
1706906677871 -0.4923 0
1706906685546 -0.5067 0
1706906695127 -0.4592 0
1706906703876 -0.5064 0
1706906712228 -0.5205 0
1706906720665 -0.4775 0
1706906730489 -0.4697 0
1706906738315 -0.5386 0
1706906745862 -0.5181 0
1706906754207 -0.4833 0
1706906764097 -0.4966 0
1706906777010 -0.501 0
1706906784200 -0.5297 0
1706906791317 -0.4729 0
1706906798454 -0.512 0
1706906807244 -0.4746 0
1706906814833 -0.4572 0
1706906822902 -0.4407 0
1706906832171 -0.4918 0
1706906839776 -0.5658 0
1706906848701 -0.5178 0
1706906858756 -0.4988 0
1706906867188 -0.4766 0
1706906875300 -0.5132 0
1706906884161 -0.5023 0
1706906892145 -0.4717 0
1706906904798 -0.5298 0
1706906911928 -0.5065 0
1706906924577 -0.5267 0
1706906931695 -0.5025 0
1706906939060 -0.5007 0
1706906947430 -0.4739 0
1706906957266 -0.5224 0
1706906967715 -0.4763 0
1706906977275 -0.4393 0
1706906985444 -0.4835 0
1706906995894 -0.4652 0
1706907004297 -0.5376 0
1706907011417 -0.4776 0
1706907019892 -0.4833 0
1706907027760 -0.499 0
1706907037673 -0.5415 0
1706907045231 -0.5243 0
1706907055243 -0.4889 0
1706907063381 -0.4575 0
1706907071510 -0.4896 0
1706907080503 -0.5736 0
1706907088523 -0.4899 0
1706907098592 -0.5106 0
1706907108279 -0.457 0
1706907119059 -0.504 0
1706907127768 -0.5225 0
1706907137347 -0.4485 0
1706907146907 -0.556 0
1706907154015 -0.4662 0
1706907162244 -0.472 0
1706907169693 -0.4897 0
1706907177160 -0.4461 0
1706907185890 -0.534 0
1706907193830 -0.4987 0
1706907202117 -0.4972 0
1706907214834 -0.5184 0
1706907222089 -0.4868 0
1706907230347 -0.4892 0
1706907238939 -0.4992 0
1706907249825 -0.5083 0
1706907257726 -0.5621 0
1706907266078 -0.5135 0
1706907274384 -0.5813 0
1706907284898 -0.449 0
1706907292537 -0.5721 0
1706907300059 -0.5485 0
1706907308226 -0.5278 0
1706907315696 -0.5429 0
1706907323643 -0.5184 0
1706907334594 -0.4501 0
1706907342201 -0.5279 0
1706907349426 -0.5395 0
1706907358462 -0.477 0
1706907369442 -0.5621 0
1706907376571 -0.5651 0
1706907384966 -0.4861 0
1706907393312 -0.5524 0
1706907400442 -0.5008 0
1706907408411 -0.5458 0
1706907417557 -0.4856 0
1706907426073 -0.528 0
1706907434396 -0.5222 0
1706907442395 -0.5218 0
1706907449855 -0.4812 0
1706907459627 -0.5381 0
1706907469827 -0.5323 0
1706907477906 -0.5472 0
1706907485600 -0.5138 0
1706907494088 -0.5317 0
1706907502695 -0.5132 0
1706907513126 -0.5653 0
1706907521523 -0.4947 0
1706907530566 -0.5261 0
1706907538275 -0.543 0
1706907546680 -0.5095 0
1706907557590 -0.5352 0
1706907565415 -0.5572 0
1706907574570 -0.5394 0
1706907585174 -0.4555 0
1706907595577 -0.4692 0
1706907602915 -0.4783 0
1706907612398 -0.4552 0
1706907620744 -0.5664 0
1706907629586 -0.5314 0
1706907637648 -0.534 0
