1716151479607 0.002 0
1716151520819 0.002 1
1716151538302 0.002 2
1716151557381 0.002 3
1716151571877 0.00199 4
1716151587114 0.00199 5
1716151605405 0.00199 6
1716151623574 0.00199 7
1716151641694 0.00199 8
1716151660004 0.00199 9
1716151677908 0.00198 10
1716151696822 0.00198 11
1716151714821 0.00198 12
1716151733301 0.00198 13
1716151751684 0.00198 14
1716151769984 0.00197 15
1716151788406 0.00197 16
1716151807600 0.00197 17
1716151825864 0.00197 18
1716151844311 0.00197 19
1716151862471 0.00197 20
1716151881388 0.00196 21
1716151899630 0.00196 22
1716151917737 0.00196 23
1716151936323 0.00196 24
1716151954893 0.00196 25
1716151972840 0.00195 26
1716151991221 0.00195 27
1716152009148 0.00195 28
1716152027603 0.00195 29
1716152046042 0.00195 30
1716152064848 0.00195 31
1716152082913 0.00194 32
1716152101208 0.00194 33
1716152119400 0.00194 34
1716152137768 0.00194 35
1716152156259 0.00194 36
1716152174394 0.00194 37
1716152192963 0.00193 38
1716152210887 0.00193 39
1716152229104 0.00193 40
1716152247532 0.00193 41
1716152265366 0.00193 42
1716152284293 0.00192 43
1716152302218 0.00192 44
1716152320445 0.00192 45
1716152338442 0.00192 46
1716152356541 0.00192 47
1716152374616 0.00192 48
1716152392849 0.00191 49
1716152412444 0.00191 50
1716152430939 0.00191 51
1716152448634 0.00191 52
1716152462886 0.00191 53
1716152480833 0.0019 54
1716152498792 0.0019 55
1716152517229 0.0019 56
1716152535378 0.0019 57
1716152553652 0.0019 58
1716152571560 0.0019 59
1716152589807 0.00189 60
1716152608056 0.00189 61
1716152622283 0.00189 62
1716152637311 0.00189 63
1716152652007 0.00189 64
1716152670973 0.00188 65
1716152685542 0.00188 66
1716152700085 0.00188 67
1716152718035 0.00188 68
1716152736545 0.00188 69
1716152754308 0.00188 70
1716152772896 0.00187 71
1716152790879 0.00187 72
1716152809078 0.00187 73
1716152827141 0.00187 74
1716152845474 0.00187 75
1716152863613 0.00186 76
1716152882117 0.00186 77
1716152900379 0.00186 78
1716152919069 0.00186 79
1716152937291 0.00186 80
1716152955635 0.00186 81
1716152974190 0.00185 82
1716152992605 0.00185 83
1716153010728 0.00185 84
1716153028764 0.00185 85
1716153047015 0.00185 86
1716153061576 0.00184 87
1716153076042 0.00184 88
1716153091094 0.00184 89
1716153105460 0.00184 90
1716153119957 0.00184 91
1716153134445 0.00184 92
1716153148831 0.00183 93
1716153168794 0.00183 94
1716153186964 0.00183 95
1716153204745 0.00183 96
1716153223508 0.00183 97
1716153241638 0.00182 98
1716153260167 0.00182 99
1716153281428 0.00182 100
1716153295814 0.00182 101
1716153313923 0.00182 102
1716153332537 0.00182 103
1716153350803 0.00181 104
1716153368918 0.00181 105
1716153386915 0.00181 106
1716153401644 0.00181 107
1716153420169 0.00181 108
1716153434751 0.0018 109
1716153449851 0.0018 110
1716153464552 0.0018 111
1716153482713 0.0018 112
1716153501158 0.0018 113
1716153519053 0.0018 114
1716153533919 0.00179 115
1716153548505 0.00179 116
1716153563047 0.00179 117
1716153578189 0.00179 118
1716153592725 0.00179 119
1716153607512 0.00178 120
1716153622415 0.00178 121
1716153636804 0.00178 122
1716153651453 0.00178 123
1716153665974 0.00178 124
1716153680623 0.00178 125
1716153695379 0.00177 126
1716153709778 0.00177 127
1716153727931 0.00177 128
1716153746188 0.00177 129
1716153764096 0.00177 130
1716153778624 0.00176 131
1716153793356 0.00176 132
1716153807892 0.00176 133
1716153822468 0.00176 134
1716153837038 0.00176 135
1716153855510 0.00176 136
1716153873745 0.00175 137
1716153892756 0.00175 138
1716153907216 0.00175 139
1716153922499 0.00175 140
1716153936888 0.00175 141
1716153951510 0.00174 142
1716153966045 0.00174 143
1716153980622 0.00174 144
1716153995190 0.00174 145
1716154009778 0.00174 146
1716154024385 0.00174 147
1716154039111 0.00173 148
1716154053537 0.00173 149
1716154072141 0.00173 150
1716154086487 0.00173 151
1716154101234 0.00173 152
1716154115786 0.00172 153
1716154130661 0.00172 154
1716154145339 0.00172 155
1716154160684 0.00172 156
1716154175749 0.00172 157
1716154190367 0.00172 158
1716154204870 0.00171 159
1716154219499 0.00171 160
1716154234072 0.00171 161
1716154249221 0.00171 162
1716154264163 0.00171 163
1716154279285 0.0017 164
1716154293700 0.0017 165
1716154311810 0.0017 166
1716154329596 0.0017 167
1716154347649 0.0017 168
1716154365702 0.00169 169
1716154380086 0.00169 170
1716154395003 0.00169 171
1716154409368 0.00169 172
1716154427501 0.00169 173
1716154445754 0.00169 174
1716154463786 0.00168 175
1716154482329 0.00168 176
1716154500276 0.00168 177
1716154518984 0.00168 178
1716154537343 0.00168 179
1716154555465 0.00167 180
1716154573490 0.00167 181
1716154591688 0.00167 182
1716154606216 0.00167 183
1716154621159 0.00167 184
1716154635692 0.00167 185
1716154653721 0.00166 186
1716154671828 0.00166 187
1716154686424 0.00166 188
1716154701108 0.00166 189
1716154715890 0.00166 190
1716154730944 0.00165 191
1716154745943 0.00165 192
1716154760860 0.00165 193
1716154775969 0.00165 194
1716154790516 0.00165 195
1716154805124 0.00165 196
1716154819735 0.00164 197
1716154834675 0.00164 198
1716154852914 0.00164 199
1716154875021 0.00164 200
1716154893012 0.00164 201
1716154911204 0.00163 202
1716154929540 0.00163 203
1716154947955 0.00163 204
1716154966253 0.00163 205
1716154980721 0.00163 206
1716154998740 0.00163 207
1716155016805 0.00162 208
1716155031519 0.00162 209
1716155049909 0.00162 210
1716155064794 0.00162 211
1716155082655 0.00162 212
1716155096947 0.00161 213
1716155111732 0.00161 214
1716155125994 0.00161 215
1716155140331 0.00161 216
1716155154850 0.00161 217
1716155169429 0.0016 218
1716155184271 0.0016 219
1716155198698 0.0016 220
1716155213185 0.0016 221
1716155227745 0.0016 222
1716155242397 0.0016 223
1716155256606 0.00159 224
1716155271086 0.00159 225
1716155285448 0.00159 226
1716155299875 0.00159 227
1716155314885 0.00159 228
1716155329210 0.00158 229
1716155344028 0.00158 230
1716155358540 0.00158 231
1716155376630 0.00158 232
1716155394903 0.00158 233
1716155413029 0.00158 234
1716155431758 0.00157 235
1716155449700 0.00157 236
1716155464203 0.00157 237
1716155482297 0.00157 238
1716155496882 0.00157 239
1716155515110 0.00156 240
1716155529567 0.00156 241
1716155543902 0.00156 242
1716155558702 0.00156 243
1716155573385 0.00156 244
1716155587957 0.00155 245
1716155602383 0.00155 246
1716155616934 0.00155 247
1716155631318 0.00155 248
1716155645938 0.00155 249
1716155663992 0.00155 250
1716155682008 0.00154 251
1716155700199 0.00154 252
1716155714432 0.00154 253
1716155728879 0.00154 254
1716155743232 0.00154 255
1716155758001 0.00153 256
1716155772594 0.00153 257
1716155787548 0.00153 258
1716155802151 0.00153 259
1716155816586 0.00153 260
1716155834638 0.00153 261
1716155848969 0.00152 262
1716155867382 0.00152 263
1716155886237 0.00152 264
1716155904674 0.00152 265
1716155919097 0.00152 266
1716155933762 0.00151 267
1716155948356 0.00151 268
1716155963108 0.00151 269
1716155977576 0.00151 270
1716155992294 0.00151 271
1716156006999 0.0015 272
1716156021511 0.0015 273
1716156040145 0.0015 274
1716156054591 0.0015 275
1716156068969 0.0015 276
1716156083304 0.0015 277
1716156097652 0.00149 278
1716156112063 0.00149 279
1716156126971 0.00149 280
1716156141634 0.00149 281
1716156156042 0.00149 282
1716156170499 0.00148 283
1716156184888 0.00148 284
1716156199315 0.00148 285
1716156213949 0.00148 286
1716156228514 0.00148 287
1716156243094 0.00148 288
1716156258057 0.00147 289
1716156272523 0.00147 290
1716156286868 0.00147 291
1716156301365 0.00147 292
1716156315973 0.00147 293
1716156330790 0.00146 294
1716156345513 0.00146 295
1716156360084 0.00146 296
1716156374553 0.00146 297
1716156389395 0.00146 298
1716156404090 0.00145 299
1716156422388 0.00145 300
1716156436886 0.00145 301
1716156451330 0.00145 302
1716156466044 0.00145 303
1716156481275 0.00145 304
1716156495812 0.00144 305
1716156510261 0.00144 306
1716156524744 0.00144 307
1716156539215 0.00144 308
1716156557273 0.00144 309
1716156571771 0.00143 310
1716156590521 0.00143 311
1716156608686 0.00143 312
1716156626846 0.00143 313
1716156641072 0.00143 314
1716156655414 0.00142 315
1716156669885 0.00142 316
1716156684470 0.00142 317
1716156703013 0.00142 318
1716156717658 0.00142 319
1716156735904 0.00142 320
1716156753934 0.00141 321
1716156768641 0.00141 322
1716156786888 0.00141 323
1716156805323 0.00141 324
1716156823508 0.00141 325
1716156838135 0.0014 326
1716156856459 0.0014 327
1716156875043 0.0014 328
1716156889647 0.0014 329
1716156908225 0.0014 330
1716156922638 0.00139 331
1716156936934 0.00139 332
1716156951611 0.00139 333
1716156966259 0.00139 334
1716156980811 0.00139 335
1716156995512 0.00139 336
1716157009835 0.00138 337
1716157024952 0.00138 338
1716157039621 0.00138 339
1716157054291 0.00138 340
1716157068954 0.00138 341
1716157083426 0.00137 342
1716157097972 0.00137 343
1716157112711 0.00137 344
1716157127552 0.00137 345
1716157143226 0.00137 346
1716157157891 0.00136 347
1716157172447 0.00136 348
1716157187006 0.00136 349
1716157205284 0.00136 350
1716157219587 0.00136 351
1716157233969 0.00136 352
1716157248586 0.00135 353
1716157263662 0.00135 354
1716157278467 0.00135 355
1716157293099 0.00135 356
1716157307841 0.00135 357
1716157322390 0.00134 358
1716157337049 0.00134 359
1716157351834 0.00134 360
1716157366416 0.00134 361
1716157381591 0.00134 362
1716157396510 0.00133 363
1716157411045 0.00133 364
1716157425561 0.00133 365
1716157440503 0.00133 366
1716157454947 0.00133 367
1716157473890 0.00133 368
1716157492226 0.00132 369
1716157510448 0.00132 370
1716157528877 0.00132 371
1716157543225 0.00132 372
1716157557627 0.00132 373
1716157576122 0.00131 374
1716157590667 0.00131 375
1716157609272 0.00131 376
1716157627262 0.00131 377
1716157641685 0.00131 378
1716157656294 0.0013 379
1716157674659 0.0013 380
1716157689256 0.0013 381
1716157703963 0.0013 382
1716157722259 0.0013 383
1716157740763 0.0013 384
1716157755359 0.00129 385
1716157770019 0.00129 386
1716157784643 0.00129 387
1716157800009 0.00129 388
1716157814935 0.00129 389
1716157829751 0.00128 390
1716157844344 0.00128 391
1716157859067 0.00128 392
1716157873604 0.00128 393
1716157888696 0.00128 394
1716157903425 0.00127 395
1716157920821 0.00127 396
1716157935367 0.00127 397
1716157949758 0.00127 398
1716157964656 0.00127 399
1716157983123 0.00126 400
1716157998206 0.00126 401
1716158013219 0.00126 402
1716158028423 0.00126 403
1716158042920 0.00126 404
1716158057425 0.00126 405
1716158072203 0.00125 406
1716158086642 0.00125 407
1716158101143 0.00125 408
1716158115762 0.00125 409
1716158131031 0.00125 410
1716158146034 0.00124 411
1716158160468 0.00124 412
1716158175093 0.00124 413
1716158189585 0.00124 414
1716158204175 0.00124 415
1716158218571 0.00123 416
1716158233200 0.00123 417
1716158247812 0.00123 418
1716158262915 0.00123 419
1716158277333 0.00123 420
1716158291942 0.00122 421
1716158306488 0.00122 422
1716158321042 0.00122 423
1716158335829 0.00122 424
1716158350174 0.00122 425
1716158364610 0.00122 426
1716158378950 0.00121 427
1716158393538 0.00121 428
1716158408183 0.00121 429
1716158426221 0.00121 430
1716158444371 0.00121 431
1716158458997 0.0012 432
1716158476974 0.0012 433
1716158495522 0.0012 434
1716158513917 0.0012 435
1716158532109 0.0012 436
1716158546390 0.00119 437
1716158560845 0.00119 438
1716158575679 0.00119 439
1716158590618 0.00119 440
1716158605329 0.00119 441
1716158620142 0.00118 442
1716158634944 0.00118 443
1716158649790 0.00118 444
1716158664194 0.00118 445
1716158678468 0.00118 446
1716158692959 0.00118 447
1716158707318 0.00117 448
1716158722247 0.00117 449
1716158740182 0.00117 450
1716158754889 0.00117 451
1716158769143 0.00117 452
1716158783604 0.00116 453
1716158797936 0.00116 454
1716158812541 0.00116 455
1716158827235 0.00116 456
1716158841780 0.00116 457
1716158856196 0.00115 458
1716158870552 0.00115 459
1716158885009 0.00115 460
1716158899554 0.00115 461
1716158914247 0.00115 462
1716158928584 0.00114 463
1716158942901 0.00114 464
1716158957963 0.00114 465
1716158972302 0.00114 466
1716158986692 0.00114 467
1716159001020 0.00114 468
1716159015702 0.00113 469
1716159030080 0.00113 470
1716159044656 0.00113 471
1716159059405 0.00113 472
1716159078185 0.00113 473
1716159096395 0.00112 474
1716159114438 0.00112 475
1716159128871 0.00112 476
1716159143375 0.00112 477
1716159157800 0.00112 478
1716159172257 0.00111 479
1716159187885 0.00111 480
1716159202536 0.00111 481
1716159216884 0.00111 482
1716159231531 0.00111 483
1716159246076 0.0011 484
1716159260597 0.0011 485
1716159274888 0.0011 486
1716159289322 0.0011 487
1716159303882 0.0011 488
1716159318818 0.00109 489
1716159333203 0.00109 490
1716159347754 0.00109 491
1716159362278 0.00109 492
1716159376754 0.00109 493
1716159391039 0.00109 494
1716159405917 0.00108 495
1716159420327 0.00108 496
1716159435052 0.00108 497
1716159449750 0.00108 498
1716159464197 0.00108 499
1716159482405 0.00107 500
1716159496881 0.00107 501
1716159511348 0.00107 502
1716159526262 0.00107 503
1716159541722 0.00107 504
1716159556132 0.00106 505
1716159570776 0.00106 506
1716159585197 0.00106 507
1716159599872 0.00106 508
1716159614329 0.00106 509
1716159628582 0.00105 510
1716159643082 0.00105 511
1716159657432 0.00105 512
1716159672240 0.00105 513
1716159686792 0.00105 514
1716159701155 0.00104 515
1716159715654 0.00104 516
1716159730260 0.00104 517
1716159744707 0.00104 518
1716159759182 0.00104 519
1716159777634 0.00104 520
1716159792222 0.00103 521
1716159807369 0.00103 522
1716159821893 0.00103 523
1716159836059 0.00103 524
1716159850774 0.00103 525
1716159865247 0.00102 526
1716159879742 0.00102 527
1716159894637 0.00102 528
1716159909346 0.00102 529
1716159923979 0.00102 530
1716159938465 0.00101 531
1716159952730 0.00101 532
1716159967045 0.00101 533
1716159981518 0.00101 534
1716159995941 0.00101 535
1716160010483 0.001 536
1716160025546 0.001 537
1716160039893 0.001 538
1716160054497 0.001 539
1716160068891 0.001 540
1716160083355 0.00099 541
1716160097700 0.00099 542
1716160112379 0.00099 543
1716160126763 0.00099 544
1716160141527 0.00099 545
1716160155815 0.00098 546
1716160170218 0.00098 547
1716160184662 0.00098 548
1716160199014 0.00098 549
1716160217115 0.00098 550
1716160231380 0.00097 551
1716160245712 0.00097 552
1716160260480 0.00097 553
1716160274826 0.00097 554
1716160289409 0.00097 555
1716160307703 0.00097 556
1716160322314 0.00096 557
1716160336679 0.00096 558
1716160354868 0.00096 559
1716160373493 0.00096 560
1716160391599 0.00096 561
1716160406029 0.00095 562
1716160420433 0.00095 563
1716160434752 0.00095 564
1716160449375 0.00095 565
1716160463531 0.00095 566
1716160477724 0.00094 567
1716160492135 0.00094 568
1716160506901 0.00094 569
1716160521204 0.00094 570
1716160535799 0.00094 571
1716160550386 0.00093 572
1716160564824 0.00093 573
1716160579188 0.00093 574
1716160593639 0.00093 575
1716160609155 0.00093 576
1716160623919 0.00092 577
1716160638454 0.00092 578
1716160652967 0.00092 579
1716160667585 0.00092 580
1716160682014 0.00092 581
1716160696660 0.00091 582
1716160711269 0.00091 583
1716160725683 0.00091 584
1716160740218 0.00091 585
1716160754510 0.00091 586
1716160769125 0.0009 587
1716160783455 0.0009 588
1716160798133 0.0009 589
1716160812902 0.0009 590
1716160827496 0.0009 591
1716160842366 0.00089 592
1716160856870 0.00089 593
1716160871421 0.00089 594
1716160885837 0.00089 595
1716160900354 0.00089 596
1716160915185 0.00088 597
1716160929838 0.00088 598
1716160944680 0.00088 599
1716160963686 0.00088 600
1716160978209 0.00088 601
1716160992608 0.00087 602
1716161007214 0.00087 603
1716161021721 0.00087 604
1716161036146 0.00087 605
1716161051012 0.00087 606
1716161066015 0.00086 607
1716161080367 0.00086 608
1716161094777 0.00086 609
1716161109196 0.00086 610
1716161123599 0.00086 611
1716161138093 0.00086 612
1716161152427 0.00085 613
1716161166784 0.00085 614
1716161181749 0.00085 615
1716161196405 0.00085 616
1716161210951 0.00085 617
1716161225596 0.00084 618
1716161239890 0.00084 619
1716161254668 0.00084 620
1716161272771 0.00084 621
1716161291296 0.00084 622
1716161305809 0.00083 623
1716161320641 0.00083 624
1716161335326 0.00083 625
1716161349807 0.00083 626
1716161364301 0.00083 627
1716161378640 0.00082 628
1716161393085 0.00082 629
1716161408159 0.00082 630
1716161422666 0.00082 631
1716161437461 0.00082 632
1716161452210 0.00081 633
1716161466752 0.00081 634
1716161481357 0.00081 635
1716161495712 0.00081 636
1716161509970 0.00081 637
1716161524486 0.0008 638
1716161539319 0.0008 639
1716161553808 0.0008 640
1716161568316 0.0008 641
1716161586452 0.0008 642
1716161600983 0.00079 643
1716161615416 0.00079 644
1716161629827 0.00079 645
1716161644841 0.00079 646
1716161659260 0.00079 647
1716161673639 0.00078 648
1716161687995 0.00078 649
1716161706446 0.00078 650
1716161721054 0.00078 651
1716161735597 0.00078 652
1716161754736 0.00077 653
1716161773607 0.00077 654
1716161787955 0.00077 655
1716161802461 0.00077 656
1716161816948 0.00077 657
1716161831235 0.00076 658
1716161845484 0.00076 659
1716161861693 0.00076 660
1716161876150 0.00076 661
1716161894279 0.00076 662
1716161908772 0.00075 663
1716161922986 0.00075 664
1716161937505 0.00075 665
1716161952123 0.00075 666
1716161966734 0.00075 667
1716161981326 0.00074 668
1716161995817 0.00074 669
1716162010227 0.00074 670
1716162024834 0.00074 671
1716162039394 0.00074 672
1716162053784 0.00073 673
1716162071932 0.00073 674
1716162086679 0.00073 675
1716162101228 0.00073 676
1716162115555 0.00073 677
1716162129963 0.00072 678
1716162144563 0.00072 679
1716162158945 0.00072 680
1716162173352 0.00072 681
1716162187609 0.00072 682
1716162202522 0.00071 683
1716162217088 0.00071 684
1716162231459 0.00071 685
1716162245882 0.00071 686
1716162260395 0.00071 687
1716162274893 0.0007 688
1716162293184 0.0007 689
1716162312113 0.0007 690
1716162326739 0.0007 691
1716162341227 0.0007 692
1716162355637 0.00069 693
1716162370393 0.00069 694
1716162384920 0.00069 695
1716162399401 0.00069 696
1716162414132 0.00068 697
1716162429180 0.00068 698
1716162443831 0.00068 699
1716162462243 0.00068 700
1716162476999 0.00068 701
1716162491401 0.00067 702
1716162506120 0.00067 703
1716162520619 0.00067 704
1716162535356 0.00067 705
1716162549736 0.00067 706
1716162564508 0.00066 707
1716162578929 0.00066 708
1716162593401 0.00066 709
1716162607961 0.00066 710
1716162622500 0.00066 711
1716162637108 0.00065 712
1716162652264 0.00065 713
1716162667070 0.00065 714
1716162681491 0.00065 715
1716162695968 0.00065 716
1716162710590 0.00064 717
1716162725085 0.00064 718
1716162739814 0.00064 719
1716162754145 0.00064 720
1716162768709 0.00064 721
1716162783235 0.00063 722
1716162798026 0.00063 723
1716162812660 0.00063 724
1716162827308 0.00063 725
1716162841763 0.00063 726
1716162856307 0.00062 727
1716162872397 0.00062 728
1716162888296 0.00062 729
1716162902940 0.00062 730
1716162917284 0.00062 731
1716162931882 0.00061 732
1716162946406 0.00061 733
1716162960909 0.00061 734
1716162975992 0.00061 735
1716162990982 0.00061 736
1716163005628 0.0006 737
1716163020248 0.0006 738
1716163035027 0.0006 739
1716163049721 0.0006 740
1716163064506 0.00059 741
1716163079070 0.00059 742
1716163093646 0.00059 743
1716163108682 0.00059 744
1716163123231 0.00059 745
1716163138220 0.00058 746
1716163152775 0.00058 747
1716163167257 0.00058 748
1716163181831 0.00058 749
1716163200515 0.00058 750
1716163215606 0.00057 751
1716163230421 0.00057 752
1716163244810 0.00057 753
1716163259234 0.00057 754
1716163273826 0.00057 755
1716163288358 0.00056 756
1716163303143 0.00056 757
1716163317808 0.00056 758
1716163332708 0.00056 759
1716163347135 0.00056 760
1716163361919 0.00055 761
1716163376449 0.00055 762
1716163390984 0.00055 763
1716163405968 0.00055 764
1716163420580 0.00055 765
1716163435165 0.00054 766
1716163450079 0.00054 767
1716163464465 0.00054 768
1716163478973 0.00054 769
1716163494255 0.00053 770
1716163508662 0.00053 771
1716163523046 0.00053 772
1716163537388 0.00053 773
1716163553429 0.00053 774
1716163571947 0.00052 775
1716163590005 0.00052 776
1716163604325 0.00052 777
1716163618848 0.00052 778
1716163633391 0.00052 779
1716163648101 0.00051 780
1716163663287 0.00051 781
1716163677842 0.00051 782
1716163692423 0.00051 783
1716163706949 0.00051 784
1716163721534 0.0005 785
1716163736192 0.0005 786
1716163750654 0.0005 787
1716163765108 0.0005 788
1716163781548 0.0005 789
1716163796435 0.00049 790
1716163810738 0.00049 791
1716163825377 0.00049 792
1716163840065 0.00049 793
1716163854442 0.00048 794
1716163868932 0.00048 795
1716163883228 0.00048 796
1716163898121 0.00048 797
1716163912744 0.00048 798
1716163927314 0.00047 799
1716163945862 0.00047 800
1716163960235 0.00047 801
1716163974777 0.00047 802
1716163989378 0.00047 803
1716164004194 0.00046 804
1716164020097 0.00046 805
1716164034595 0.00046 806
1716164049254 0.00046 807
1716164063795 0.00046 808
1716164078301 0.00045 809
1716164092635 0.00045 810
1716164107668 0.00045 811
1716164123688 0.00045 812
1716164138613 0.00044 813
1716164153238 0.00044 814
1716164167899 0.00044 815
1716164182558 0.00044 816
1716164197270 0.00044 817
1716164211743 0.00043 818
1716164226112 0.00043 819
1716164240804 0.00043 820
1716164255451 0.00043 821
1716164269943 0.00043 822
1716164284365 0.00042 823
1716164298665 0.00042 824
1716164313088 0.00042 825
1716164327682 0.00042 826
1716164342017 0.00041 827
1716164356566 0.00041 828
1716164370908 0.00041 829
1716164385269 0.00041 830
1716164399775 0.00041 831
1716164414170 0.0004 832
1716164428557 0.0004 833
1716164442917 0.0004 834
1716164457339 0.0004 835
1716164472403 0.0004 836
1716164486691 0.00039 837
1716164501130 0.00039 838
1716164515416 0.00039 839
1716164529906 0.00039 840
1716164544490 0.00038 841
1716164559120 0.00038 842
1716164573515 0.00038 843
1716164588506 0.00038 844
1716164603136 0.00038 845
1716164617660 0.00037 846
1716164631872 0.00037 847
1716164646387 0.00037 848
1716164660870 0.00037 849
1716164679135 0.00036 850
1716164693629 0.00036 851
1716164708274 0.00036 852
1716164722490 0.00036 853
1716164737001 0.00036 854
1716164751495 0.00035 855
1716164765939 0.00035 856
1716164780362 0.00035 857
1716164794749 0.00035 858
1716164809127 0.00035 859
1716164823933 0.00034 860
1716164838642 0.00034 861
1716164853348 0.00034 862
1716164867748 0.00034 863
1716164881973 0.00033 864
1716164896504 0.00033 865
1716164910916 0.00033 866
1716164925306 0.00033 867
1716164940403 0.00033 868
1716164954851 0.00032 869
1716164969206 0.00032 870
1716164983607 0.00032 871
1716164998171 0.00032 872
1716165012744 0.00031 873
1716165027450 0.00031 874
1716165041820 0.00031 875
1716165056523 0.00031 876
1716165070778 0.00031 877
1716165085249 0.0003 878
1716165099710 0.0003 879
1716165113926 0.0003 880
1716165128451 0.0003 881
1716165142680 0.00029 882
1716165157209 0.00029 883
1716165171832 0.00029 884
1716165187674 0.00029 885
1716165202148 0.00029 886
1716165216437 0.00028 887
1716165230894 0.00028 888
1716165245262 0.00028 889
1716165259553 0.00028 890
1716165274118 0.00027 891
1716165288693 0.00027 892
1716165303732 0.00027 893
1716165318307 0.00027 894
1716165332926 0.00027 895
1716165347512 0.00026 896
1716165365686 0.00026 897
1716165380180 0.00026 898
1716165394612 0.00026 899
1716165412927 0.00025 900
1716165427604 0.00025 901
1716165442295 0.00025 902
1716165456741 0.00025 903
1716165471171 0.00024 904
1716165485554 0.00024 905
1716165500052 0.00024 906
1716165514346 0.00024 907
1716165528553 0.00024 908
1716165543688 0.00023 909
1716165558039 0.00023 910
1716165572611 0.00023 911
1716165587202 0.00023 912
1716165601782 0.00022 913
1716165616292 0.00022 914
1716165630821 0.00022 915
1716165645147 0.00022 916
1716165659968 0.00022 917
1716165674822 0.00021 918
1716165689316 0.00021 919
1716165703779 0.00021 920
1716165718290 0.00021 921
1716165732777 0.0002 922
1716165747466 0.0002 923
1716165761971 0.0002 924
1716165776739 0.0002 925
1716165790961 0.00019 926
1716165805453 0.00019 927
1716165819953 0.00019 928
1716165834420 0.00019 929
1716165848910 0.00018 930
1716165863344 0.00018 931
1716165877556 0.00018 932
1716165892025 0.00018 933
1716165906652 0.00018 934
1716165921072 0.00017 935
1716165935431 0.00017 936
1716165949696 0.00017 937
1716165964117 0.00017 938
1716165978696 0.00016 939
1716165993162 0.00016 940
1716166007763 0.00016 941
1716166022379 0.00016 942
1716166036676 0.00015 943
1716166050871 0.00015 944
1716166065509 0.00015 945
1716166079742 0.00015 946
1716166094210 0.00014 947
1716166108502 0.00014 948
1716166122700 0.00014 949
1716166142510 0.00014 950
1716166157194 0.00013 951
1716166171736 0.00013 952
1716166186247 0.00013 953
1716166200590 0.00013 954
1716166215119 0.00013 955
1716166229548 0.00012 956
1716166243895 0.00012 957
1716166258741 0.00012 958
1716166273383 0.00012 959
1716166287763 0.00011 960
1716166302121 0.00011 961
1716166316567 0.00011 962
1716166330864 0.00011 963
1716166345323 0.0001 964
1716166360359 0.0001 965
1716166375213 0.0001 966
1716166389679 0.0001 967
1716166404048 9e-05 968
1716166418442 9e-05 969
1716166433449 9e-05 970
1716166447886 9e-05 971
1716166462238 8e-05 972
1716166476601 8e-05 973
1716166492077 8e-05 974
1716166506411 7e-05 975
1716166520822 7e-05 976
1716166535428 7e-05 977
1716166549702 7e-05 978
1716166564134 6e-05 979
1716166578628 6e-05 980
1716166592925 6e-05 981
1716166607717 6e-05 982
1716166622132 5e-05 983
1716166636600 5e-05 984
1716166651030 5e-05 985
1716166665753 5e-05 986
1716166680251 4e-05 987
1716166694730 4e-05 988
1716166709148 4e-05 989
1716166723727 3e-05 990
1716166738255 3e-05 991
1716166752811 3e-05 992
1716166767363 3e-05 993
1716166781826 2e-05 994
1716166796390 2e-05 995
1716166810794 2e-05 996
1716166825084 1e-05 997
1716166839729 1e-05 998
1716166854120 1e-05 999
