1716151514176 0.0 0
1716151532368 0.019744711205217553 1
1716151550018 0.002096637278269591 2
1716151569164 5.740427767362717e-06 3
1716151583890 0.0 4
1716151598891 0.18225965976311187 5
1716151617155 0.2287857862578008 6
1716151635627 0.36983286511257424 7
1716151653477 0.4939252464804052 8
1716151671936 0.38565086724406283 9
1716151690198 0.531491148838884 10
1716151708777 0.5302547401363337 11
1716151726887 0.5410677731603674 12
1716151745407 0.6524740471769261 13
1716151763836 0.648564912265585 14
1716151782076 0.6962858460307685 15
1716151800358 0.6499722095836127 16
1716151819694 0.7367130782983708 17
1716151837919 0.7248975950047313 18
1716151856359 0.7732383126732358 19
1716151874803 0.7836103379705204 20
1716151893394 0.7716610601446273 21
1716151911802 0.735275627296961 22
1716151929751 0.7996934893584376 23
1716151948358 0.7790537744815603 24
1716151966784 0.6846031487427847 25
1716151984744 0.7889412920353122 26
1716152003134 0.7678391057113846 27
1716152021234 0.7915996153313367 28
1716152039502 0.7717551487979568 29
1716152058093 0.7737552780091158 30
1716152076925 0.8291159591656942 31
1716152094939 0.8275934445864319 32
1716152113183 0.8452352163324138 33
1716152131460 0.7714488598573821 34
1716152149835 0.8048698931832 35
1716152168249 0.8279758383026191 36
1716152186459 0.8423245094978729 37
1716152204941 0.8409578973942701 38
1716152223034 0.8437343590460172 39
1716152241132 0.8642487098262995 40
1716152259474 0.86896342898526 41
1716152277330 0.8589053305755673 42
1716152296265 0.8725791901216464 43
1716152314278 0.8512562075375275 44
1716152332472 0.8727666328561771 45
1716152350542 0.8691436666108318 46
1716152368535 0.8565702486999713 47
1716152386602 0.8498811258015472 48
1716152404822 0.87131678792471 49
1716152424504 0.8537554890437264 50
1716152442791 0.860873824029305 51
1716152460506 0.8331735366893329 52
1716152474952 0.8644011615562931 53
1716152492988 0.854359800282785 54
1716152510914 0.8791576216888995 55
1716152529464 0.8684961487472579 56
1716152547228 0.8782099042639743 57
1716152565671 0.8801890311344973 58
1716152583592 0.8804992470260832 59
1716152601839 0.8782261154994419 60
1716152619927 0.8409828358399203 61
1716152634497 0.8548802604168353 62
1716152649541 0.872766912532355 63
1716152664226 0.8799226479285224 64
1716152682886 0.8515309339596269 65
1716152697718 0.8640561447590883 66
1716152712079 0.8677546784928568 67
1716152730121 0.8680108186063075 68
1716152748357 0.8904824456065042 69
1716152766768 0.8762628658747547 70
1716152784741 0.8835209572563412 71
1716152802576 0.8769950687629455 72
1716152821197 0.8802453343273323 73
1716152839090 0.8959991965806063 74
1716152857634 0.8889663714083257 75
1716152875621 0.8918827102493848 76
1716152894142 0.8959750362818298 77
1716152912420 0.8795820941419802 78
1716152931278 0.8917377398701408 79
1716152949216 0.9019658043962324 80
1716152967711 0.888219150705703 81
1716152986290 0.9040750353864248 82
1716153004492 0.8870151686215024 83
1716153022600 0.9001136143260312 84
1716153040762 0.8868215640154725 85
1716153059207 0.8768914611809205 86
1716153073640 0.870644585899829 87
1716153088107 0.8816407839562022 88
1716153103162 0.8905784309093842 89
1716153117501 0.8988638379915143 90
1716153132043 0.8826634101610594 91
1716153146405 0.8901958956917309 92
1716153160975 0.9014221827498353 93
1716153180969 0.897461784914359 94
1716153198818 0.9069176740735149 95
1716153216764 0.9035925655061159 96
1716153235676 0.9029406531457146 97
1716153253814 0.9064196183117254 98
1716153272085 0.8970097344820661 99
1716153293404 0.8936632780890604 100
1716153307864 0.9071134950563421 101
1716153325883 0.8992082846144033 102
1716153344826 0.9001678672719328 103
1716153362886 0.911126246703949 104
1716153380880 0.9090926833801688 105
1716153399018 0.8986038189817317 106
1716153413789 0.9105297653594812 107
1716153432365 0.8983351947265724 108
1716153446946 0.9015362623918682 109
1716153462001 0.900177137608903 110
1716153476693 0.9081976952861274 111
1716153494847 0.9041716549124468 112
1716153513238 0.9100559863027055 113
1716153531244 0.8923001429270792 114
1716153546068 0.90109252264313 115
1716153560582 0.8912223762746573 116
1716153575459 0.9044177316382541 117
1716153590292 0.8943144559489068 118
1716153605000 0.8852307115324313 119
1716153620001 0.9053660097497293 120
1716153634384 0.8935914741122654 121
1716153649007 0.8999654352745705 122
1716153663499 0.9104202394067844 123
1716153677839 0.8986993552551202 124
1716153693023 0.9093952132259909 125
1716153707392 0.9104526432647795 126
1716153721836 0.9151020135368793 127
1716153739871 0.9100085314248106 128
1716153758277 0.9097285304502917 129
1716153776156 0.8972000133867759 130
1716153790825 0.8850783879316505 131
1716153805503 0.9061946716028143 132
1716153820042 0.9040404977357528 133
1716153834536 0.9160480737047195 134
1716153849112 0.9201124752748117 135
1716153867681 0.9120562522821011 136
1716153886089 0.9147231296103362 137
1716153904695 0.8929781192338607 138
1716153919577 0.9045279132639866 139
1716153934442 0.8969887108925364 140
1716153949068 0.8984887971799195 141
1716153963585 0.9052472880037863 142
1716153978129 0.9054553541003254 143
1716153992733 0.8937194869056198 144
1716154007329 0.9138842525143684 145
1716154021967 0.9129518800677158 146
1716154036290 0.9093084533672297 147
1716154050951 0.9115357884529431 148
1716154065696 0.9053313122949257 149
1716154084052 0.9125024709571607 150
1716154098638 0.9063972281306998 151
1716154113318 0.8918017149999767 152
1716154128015 0.8973171590557384 153
1716154142896 0.8835614963125572 154
1716154157377 0.901948319356666 155
1716154173034 0.904825403119387 156
1716154187890 0.9052768450558316 157
1716154202404 0.9157596109087072 158
1716154216961 0.9036321384759093 159
1716154231598 0.9120486206999309 160
1716154246467 0.9053627458216765 161
1716154261405 0.9094858418223205 162
1716154276280 0.9096438273749485 163
1716154291299 0.9097787967633321 164
1716154305792 0.9140169154385903 165
1716154323731 0.9166007421294943 166
1716154341675 0.9151199088210885 167
1716154359596 0.9129147037559399 168
1716154377657 0.9027675342094158 169
1716154392102 0.9113877941335525 170
1716154406923 0.9075677123191942 171
1716154421524 0.9172723364386094 172
1716154439587 0.9196126507459903 173
1716154457743 0.9237067298832701 174
1716154475945 0.9208732279403704 175
1716154494331 0.9194725521336432 176
1716154512446 0.9160559135743261 177
1716154531267 0.9148779669533852 178
1716154549342 0.915161533471678 179
1716154567502 0.9180658663218759 180
1716154585446 0.9150617905233304 181
1716154603726 0.9072034454895412 182
1716154618336 0.9131622111939728 183
1716154633204 0.9205015465559189 184
1716154647820 0.9173348758870096 185
1716154665735 0.9196338529163676 186
1716154683901 0.9129575533762809 187
1716154698587 0.9022177902644897 188
1716154713423 0.9126217944909781 189
1716154728016 0.9169069129084947 190
1716154743116 0.9099009588827371 191
1716154758241 0.9208642215052256 192
1716154773179 0.9160576852408254 193
1716154788035 0.9099275430039824 194
1716154802575 0.9175253950615372 195
1716154817245 0.91404874092916 196
1716154831748 0.9225334325371474 197
1716154846718 0.9234080259018452 198
1716154865124 0.9201296427932976 199
1716154886958 0.9174913842710174 200
1716154905000 0.9168195802862172 201
1716154923395 0.9258410214579159 202
1716154941502 0.9205692970036014 203
1716154959968 0.9186916219581303 204
1716154978309 0.9166305476355122 205
1716154992802 0.9199293351167682 206
1716155010702 0.9211133635537557 207
1716155029140 0.9181460994018954 208
1716155043653 0.9208046400308317 209
1716155061959 0.9180164453615288 210
1716155076777 0.9192945266278967 211
1716155094520 0.9100258350445533 212
1716155109099 0.9056291977124982 213
1716155123660 0.9068182478165476 214
1716155137951 0.9070317189104647 215
1716155152422 0.8958861827811354 216
1716155167122 0.9159070532230983 217
1716155181521 0.9246533078450062 218
1716155196233 0.9152890862769126 219
1716155210715 0.922516509033816 220
1716155225196 0.9167164877976197 221
1716155239856 0.9169751369454122 222
1716155254318 0.9180434406163439 223
1716155268732 0.924552616657806 224
1716155283136 0.9221325191914763 225
1716155297510 0.9246245583967315 226
1716155312043 0.9155443071290866 227
1716155326896 0.9157240737654568 228
1716155341631 0.9222282074510953 229
1716155356180 0.9220961444662127 230
1716155370753 0.9238247108139447 231
1716155388700 0.9228224262781346 232
1716155407149 0.9261718543076487 233
1716155425233 0.9239780122751301 234
1716155443690 0.9252635045214396 235
1716155461817 0.9198259071826969 236
1716155476380 0.9240225282769178 237
1716155494527 0.9175258142767856 238
1716155508987 0.9262207554108706 239
1716155527235 0.9093299443459083 240
1716155541570 0.9156014177374642 241
1716155556376 0.9242057408046404 242
1716155570938 0.9187945592408046 243
1716155585594 0.9142648495759215 244
1716155599978 0.9247828609261853 245
1716155614567 0.9205837418365186 246
1716155628927 0.9215283116727195 247
1716155643556 0.9252370869263832 248
1716155658090 0.9237911698196751 249
1716155676060 0.926938332431828 250
1716155693845 0.9282809890099398 251
1716155712029 0.9213271312466592 252
1716155726524 0.9186134600074242 253
1716155740904 0.9154756155479816 254
1716155755492 0.9256255175005498 255
1716155770176 0.9166095536651716 256
1716155784677 0.9246938962636003 257
1716155799757 0.9213749476276466 258
1716155814179 0.9284593050310667 259
1716155828687 0.9261128368404825 260
1716155846566 0.9194148324332286 261
1716155860993 0.9296754575927761 262
1716155879646 0.9267651643715343 263
1716155898270 0.924013514259023 264
1716155916712 0.9167958661147096 265
1716155931208 0.9269611852989144 266
1716155945896 0.9238815918478788 267
1716155960433 0.9160879992022833 268
1716155975199 0.928399499831888 269
1716155989670 0.921691940618745 270
1716156004585 0.916082595280984 271
1716156019069 0.9256075666539904 272
1716156033689 0.9324144384085548 273
1716156052140 0.9133886519468977 274
1716156066533 0.9282288805298652 275
1716156080885 0.9231964260646027 276
1716156095269 0.9207143245055872 277
1716156109746 0.923186682493171 278
1716156124172 0.9261801895361739 279
1716156139203 0.9124620272254549 280
1716156153663 0.9205113324473234 281
1716156168116 0.9210068297577924 282
1716156182418 0.9230120948408024 283
1716156196849 0.9168884522550629 284
1716156211374 0.9257824817310554 285
1716156226035 0.9158240723012847 286
1716156240679 0.9203990279048156 287
1716156255659 0.9236157227142551 288
1716156270088 0.9198116278038299 289
1716156284416 0.9262264727560782 290
1716156298953 0.9309378948219554 291
1716156313494 0.9246419658344921 292
1716156328291 0.9154815306888677 293
1716156343076 0.9210151365213278 294
1716156357672 0.9209202979254817 295
1716156372180 0.9309102372600506 296
1716156386946 0.9246072794267596 297
1716156401512 0.9255393154684023 298
1716156416373 0.9254034345189592 299
1716156434496 0.919219058938415 300
1716156448880 0.9260017342624492 301
1716156463611 0.9220656863771263 302
1716156478358 0.9207146333138674 303
1716156493426 0.9208943309736073 304
1716156507863 0.9261465874164662 305
1716156522324 0.9217938001033331 306
1716156536789 0.9207630964208251 307
1716156551328 0.9312877429077565 308
1716156569325 0.9186637538164247 309
1716156583848 0.9310176940864033 310
1716156602557 0.9245299578896464 311
1716156620751 0.9281950350990309 312
1716156638696 0.9213013044783013 313
1716156652988 0.9183606767572997 314
1716156667473 0.9279145290244295 315
1716156682081 0.9244428543782801 316
1716156696491 0.9284623559473483 317
1716156715280 0.9218369361288574 318
1716156729786 0.9297553641756465 319
1716156748054 0.9261573404684805 320
1716156766218 0.9230674215322963 321
1716156780749 0.927950049989437 322
1716156799057 0.9279558769507036 323
1716156817336 0.9273316042534071 324
1716156835560 0.9242407286380855 325
1716156850426 0.9298104455743116 326
1716156868615 0.9266166371537939 327
1716156887154 0.9249691459975485 328
1716156901646 0.9283138490858662 329
1716156920235 0.9238720433974468 330
1716156934498 0.9137167546621319 331
1716156949115 0.9177085608389711 332
1716156963842 0.91997058702701 333
1716156978249 0.9246001920960913 334
1716156993033 0.9280030783788203 335
1716157007430 0.9303880023964548 336
1716157022020 0.9297219318201798 337
1716157037067 0.9263223734952272 338
1716157051727 0.9300868536286333 339
1716157066400 0.9267763022149488 340
1716157080960 0.9185243172789358 341
1716157095485 0.9154194032008451 342
1716157110175 0.921623306279399 343
1716157124789 0.9187466682615949 344
1716157139902 0.9238149927746558 345
1716157155287 0.9191378164643286 346
1716157169777 0.9214276458066001 347
1716157184496 0.9227873832390361 348
1716157199055 0.9328413728976238 349
1716157217100 0.9270633723845422 350
1716157231473 0.9280347108606798 351
1716157245987 0.9243527958541061 352
1716157260545 0.9269726598488295 353
1716157275848 0.9177021241902922 354
1716157290514 0.923979869405296 355
1716157305288 0.9188879787700154 356
1716157319845 0.9273719836187492 357
1716157334513 0.9273759610192279 358
1716157349220 0.9260421058849713 359
1716157363931 0.928961695043983 360
1716157378434 0.9277104860373974 361
1716157393802 0.927003743523322 362
1716157408556 0.9277771748175142 363
1716157423148 0.9263180086757165 364
1716157437568 0.9204972517483349 365
1716157452397 0.9280912216404378 366
1716157467121 0.9317392205775756 367
1716157485830 0.9309147342111889 368
1716157504333 0.9307322847424458 369
1716157522518 0.9286547890879239 370
1716157540724 0.9243141214560663 371
1716157555136 0.9277502776678288 372
1716157570144 0.9304759946654123 373
1716157588181 0.9266565820721203 374
1716157602936 0.9287569077453108 375
1716157621261 0.9283368534147662 376
1716157639237 0.9272026696157635 377
1716157653801 0.9270479304626966 378
1716157668392 0.9308036055267616 379
1716157686681 0.9243830637399434 380
1716157701441 0.9305285489512105 381
1716157715998 0.9299250326845714 382
1716157734396 0.9283045220500276 383
1716157752894 0.925673147388585 384
1716157767524 0.923314219354503 385
1716157782158 0.9230381757319269 386
1716157797015 0.9276798731238093 387
1716157812185 0.9272852550871963 388
1716157827053 0.9301482970064413 389
1716157841808 0.9219859895169952 390
1716157856504 0.9216717638469847 391
1716157871125 0.9208700199730012 392
1716157885823 0.9268162880404942 393
1716157900915 0.9339511194801996 394
1716157915585 0.9265641906955131 395
1716157932860 0.929834869326691 396
1716157947214 0.9270258001699062 397
1716157961734 0.9341491646895365 398
1716157976947 0.92763919777431 399
1716157995108 0.9289732118958645 400
1716158010646 0.9242004969358478 401
1716158025497 0.9210344872218098 402
1716158040484 0.9283363044888341 403
1716158054958 0.9329729380688047 404
1716158069638 0.9211770314009903 405
1716158084199 0.9308348026700674 406
1716158098612 0.9287402133620092 407
1716158113225 0.9223748379219074 408
1716158128421 0.9257576731494209 409
1716158143135 0.9302274811786599 410
1716158158177 0.9272118993786062 411
1716158172658 0.9245852272880025 412
1716158187142 0.9274291213106972 413
1716158201829 0.9259787627640298 414
1716158216263 0.9199644093196456 415
1716158230761 0.9317455571304896 416
1716158245320 0.9227585010592197 417
1716158260004 0.9270196639895186 418
1716158274967 0.9263132789186207 419
1716158289573 0.9293357610447096 420
1716158304072 0.9290586193295587 421
1716158318650 0.9319638525759459 422
1716158333239 0.9285486370262097 423
1716158347831 0.9281424505320951 424
1716158362257 0.921243165644832 425
1716158376605 0.9295859978852096 426
1716158391111 0.9279886115966894 427
1716158405841 0.930577448235849 428
1716158420301 0.9319731841578415 429
1716158438366 0.9321742480971381 430
1716158456640 0.9254922816024521 431
1716158471040 0.9328936345185838 432
1716158488992 0.9291132490916739 433
1716158507585 0.9290478570593459 434
1716158525959 0.9287312851686464 435
1716158544072 0.9255107334625475 436
1716158558466 0.9231865147877453 437
1716158572897 0.9276868349799628 438
1716158588070 0.9296674039550603 439
1716158602906 0.9291837449478191 440
1716158617740 0.9268159076646304 441
1716158632584 0.9323408793911808 442
1716158647039 0.922750700842561 443
1716158661813 0.9315709715628229 444
1716158676098 0.9287192587808386 445
1716158690581 0.919074137280497 446
1716158704992 0.9335825590530912 447
1716158719447 0.9206362376051755 448
1716158734272 0.9167327715999122 449
1716158752412 0.9256710593741636 450
1716158766841 0.9284625595647297 451
1716158781251 0.9218361313072125 452
1716158795539 0.9211197788805153 453
1716158810175 0.9270557445020516 454
1716158824676 0.9312373792356897 455
1716158839486 0.9247838673786822 456
1716158853904 0.9297543985258444 457
1716158868221 0.9319793970269975 458
1716158882662 0.9262162085420096 459
1716158897244 0.9322164919921027 460
1716158911751 0.9290308608552037 461
1716158926239 0.9194648694164259 462
1716158940572 0.9207770294515035 463
1716158955049 0.9321343731061047 464
1716158969998 0.9328477929443707 465
1716158984404 0.9265221114411979 466
1716158998718 0.9303195149804219 467
1716159013213 0.9293349401864077 468
1716159027714 0.9327032141336868 469
1716159042193 0.9304113125113611 470
1716159057075 0.9307246370997992 471
1716159071554 0.9306567758539205 472
1716159090289 0.9317180001592539 473
1716159108295 0.9312506632980951 474
1716159126477 0.9219332052140926 475
1716159140922 0.9322405960397756 476
1716159155430 0.9227560724581747 477
1716159169831 0.9263975892204547 478
1716159184353 0.9307370001483859 479
1716159200156 0.935174291386987 480
1716159214514 0.9300021522519146 481
1716159228999 0.9306536762007084 482
1716159243444 0.9251353321250083 483
1716159258214 0.9266233522109641 484
1716159272527 0.9212156477151355 485
1716159286870 0.9268081646863751 486
1716159301475 0.9268734625844561 487
1716159316218 0.926621090063835 488
1716159330768 0.9261730175063848 489
1716159345242 0.925733562527388 490
1716159359907 0.9303410711070126 491
1716159374321 0.927503345762369 492
1716159388653 0.9257564318499495 493
1716159403126 0.9256765721482934 494
1716159417865 0.9273643809740714 495
1716159432674 0.9286336753307504 496
1716159447224 0.9325724985024149 497
1716159461875 0.9175739114716196 498
1716159476354 0.9281319722674309 499
1716159494459 0.9302518306841171 500
1716159508954 0.9264443126236265 501
1716159523675 0.930771126109028 502
1716159538858 0.931106428776217 503
1716159553666 0.9252858153137172 504
1716159568269 0.9313495955933236 505
1716159582779 0.9288740354457327 506
1716159597391 0.9327856275225085 507
1716159612006 0.9347535825941765 508
1716159626228 0.9247368823918655 509
1716159640703 0.9241067164076103 510
1716159655041 0.9218780083909337 511
1716159669802 0.9323744784982022 512
1716159684312 0.9312177301844761 513
1716159698764 0.9315155624290835 514
1716159713241 0.9297941958142714 515
1716159727877 0.923716170525832 516
1716159742359 0.9281359584723886 517
1716159756732 0.9362247033795293 518
1716159771227 0.9324145658550119 519
1716159789884 0.9292131146075452 520
1716159804336 0.9232250745995971 521
1716159819522 0.9256822349606675 522
1716159833682 0.9294896734400225 523
1716159848191 0.9281640726992005 524
1716159862832 0.9230553924480204 525
1716159877326 0.9290679557230472 526
1716159891856 0.9276788237271161 527
1716159906879 0.924395674194383 528
1716159921373 0.926732028063927 529
1716159935985 0.9326602142897201 530
1716159950357 0.9314767750367693 531
1716159964665 0.9302742471749935 532
1716159979115 0.9303159522064212 533
1716159993558 0.9283643140497712 534
1716160008050 0.9267584581813101 535
1716160022659 0.9243392168414123 536
1716160037536 0.9307790167893476 537
1716160052062 0.9248226358431725 538
1716160066544 0.9333730404284012 539
1716160080971 0.9313251761114033 540
1716160095344 0.9286788271541794 541
1716160109836 0.928506377221631 542
1716160124408 0.9286390979003031 543
1716160138645 0.9276005132930848 544
1716160153437 0.9304108713020595 545
1716160167841 0.9228422356234001 546
1716160182232 0.9254426202947782 547
1716160196582 0.9339688699076568 548
1716160210872 0.9252502004951006 549
1716160228999 0.9322692330284336 550
1716160243342 0.9304391873388047 551
1716160257682 0.9303996661909487 552
1716160272449 0.9287971619861204 553
1716160287060 0.9297688800234175 554
1716160301524 0.9333994865721643 555
1716160319976 0.9286142008949895 556
1716160334286 0.9289428534249343 557
1716160348733 0.9338994116254521 558
1716160366915 0.9308386884031618 559
1716160385426 0.933534629117244 560
1716160403681 0.9270791329163656 561
1716160418055 0.9253062292831253 562
1716160432387 0.9265385664069928 563
1716160446783 0.9279409904551792 564
1716160461134 0.9298163686169868 565
1716160475390 0.9332332584019934 566
1716160489787 0.9338168095771514 567
1716160504147 0.932653135138211 568
1716160518832 0.9283267375470721 569
1716160533348 0.9290698671711644 570
1716160548044 0.925853193289497 571
1716160562419 0.933554357665138 572
1716160576779 0.9301327968283041 573
1716160591270 0.923082201921201 574
1716160606055 0.9265465808710317 575
1716160621439 0.9185031298906251 576
1716160636034 0.9224508350781496 577
1716160650409 0.9340337315475292 578
1716160664960 0.9286510343308745 579
1716160679540 0.9278285555332787 580
1716160694232 0.9336973271311876 581
1716160708864 0.9301338745748023 582
1716160723277 0.9328445363458471 583
1716160737774 0.935227137439331 584
1716160752144 0.92725282420369 585
1716160766621 0.9233046598114548 586
1716160781003 0.9238226507092971 587
1716160795669 0.9271138983288445 588
1716160810404 0.9301486291937922 589
1716160825067 0.9318042729189958 590
1716160839912 0.9336403907769633 591
1716160854432 0.9328506158400734 592
1716160868904 0.9230724226081305 593
1716160883380 0.9343747993127605 594
1716160897950 0.9317623631085007 595
1716160912487 0.9224365168040484 596
1716160927392 0.9310735596459526 597
1716160941906 0.9308982354199142 598
1716160956753 0.9307192057648077 599
1716160975819 0.9277975271747853 600
1716160990161 0.9286268374287987 601
1716161004740 0.9258975063303404 602
1716161019246 0.9290151907066475 603
1716161033722 0.9294004630765098 604
1716161048197 0.9280825756941192 605
1716161063110 0.9308800151249734 606
1716161078011 0.9350460973865605 607
1716161092385 0.9279319355871074 608
1716161106803 0.932066216288414 609
1716161121161 0.9309672738662583 610
1716161135599 0.92894347974917 611
1716161150008 0.9299836189014838 612
1716161164412 0.9302919937799374 613
1716161178863 0.9308629623930039 614
1716161193932 0.9281392520520036 615
1716161208513 0.9323844427190743 616
1716161222949 0.9293782200247597 617
1716161237478 0.930806546763903 618
1716161252000 0.9289864079928147 619
1716161266601 0.9332069605239925 620
1716161284668 0.9310683305071704 621
1716161303391 0.9270562323845635 622
1716161318013 0.9323035009395992 623
1716161332908 0.9244171527006464 624
1716161347343 0.927702378557728 625
1716161361869 0.9325935252880271 626
1716161376236 0.932734161096037 627
1716161390640 0.9310583829452979 628
1716161405297 0.9279954736379975 629
1716161420200 0.9249423040582408 630
1716161434978 0.9284935994324125 631
1716161449597 0.9279483513782459 632
1716161464354 0.9309534014290421 633
1716161478903 0.9295806173529727 634
1716161493279 0.9334410355873066 635
1716161507544 0.9308600607228413 636
1716161522033 0.9260881762805555 637
1716161536876 0.9332190129487578 638
1716161551397 0.9317396413014006 639
1716161565919 0.9269867248945968 640
1716161580255 0.9391010086641028 641
1716161598469 0.9274047449190111 642
1716161612979 0.933487878053524 643
1716161627398 0.9286747954645719 644
1716161641939 0.9270558749936123 645
1716161656827 0.9298317106418944 646
1716161671221 0.9262807802713736 647
1716161685536 0.9341724682414329 648
1716161700133 0.9293281185087284 649
1716161718452 0.9356577934066882 650
1716161733159 0.9284143446157955 651
1716161747545 0.9340381474360694 652
1716161766687 0.9340566979600137 653
1716161785547 0.9307340147344831 654
1716161800067 0.9251000506358893 655
1716161814570 0.9343746305127615 656
1716161828788 0.9284877197324596 657
1716161843033 0.9342398557923971 658
1716161857460 0.9309368740578696 659
1716161873674 0.9294003783965502 660
1716161888198 0.9356932938404267 661
1716161906240 0.9252134021677351 662
1716161920611 0.9266654574791152 663
1716161935086 0.9328860003982271 664
1716161949649 0.9309344461061131 665
1716161964318 0.9345723088942419 666
1716161978844 0.9300453454940648 667
1716161993170 0.9268610454061114 668
1716162007782 0.9352902882003639 669
1716162022301 0.9262798836341483 670
1716162036912 0.9320566006066993 671
1716162051354 0.9344889486307509 672
1716162065682 0.935687993063933 673
1716162083839 0.9246546597531408 674
1716162098743 0.9334324445262715 675
1716162113102 0.9319856102471373 676
1716162127513 0.9293428420765225 677
1716162142080 0.9284047935946136 678
1716162156518 0.9280306006278868 679
1716162170877 0.9301624006919799 680
1716162185175 0.9275936585933198 681
1716162199926 0.9335948518957221 682
1716162214426 0.9345378062746738 683
1716162228976 0.9321483545611414 684
1716162243390 0.9319240044077713 685
1716162257915 0.932627875869116 686
1716162272447 0.9332704712592799 687
1716162286932 0.9336940269578818 688
1716162305220 0.935972581955728 689
1716162324213 0.9263249756414168 690
1716162338725 0.9291202708094969 691
1716162353128 0.9357693666587922 692
1716162367939 0.9292215125111106 693
1716162382501 0.9211715444147935 694
1716162396952 0.9338446308907534 695
1716162411584 0.9301636666830037 696
1716162426666 0.9314732970848131 697
1716162441375 0.9246219658175726 698
1716162456029 0.9302686508903465 699
1716162474196 0.9374190906662606 700
1716162488921 0.9324384509411997 701
1716162503598 0.9341099080391452 702
1716162518125 0.919775912682415 703
1716162532410 0.9262724270531278 704
1716162547282 0.9293625858298183 705
1716162561997 0.9339138214142743 706
1716162576444 0.9341734304048607 707
1716162590908 0.9237602425944641 708
1716162605471 0.932643361472756 709
1716162620056 0.9284001704002707 710
1716162634601 0.9268896211076844 711
1716162649221 0.9349370683590595 712
1716162664468 0.9285405777857213 713
1716162678998 0.926767275079273 714
1716162693513 0.9362103155227199 715
1716162708159 0.9310411157338497 716
1716162722642 0.9321169593294517 717
1716162737343 0.9294852593214914 718
1716162751729 0.9317662588385325 719
1716162766237 0.9308789194852324 720
1716162780728 0.9271325506128951 721
1716162795430 0.9375880559229463 722
1716162810143 0.9272939600046582 723
1716162824802 0.9271105043428042 724
1716162839303 0.9342798929672429 725
1716162853790 0.9362060727608137 726
1716162868199 0.9297248794236279 727
1716162884728 0.930867662378929 728
1716162900224 0.9315150329003026 729
1716162914831 0.9338298568627675 730
1716162929388 0.93191014014032 731
1716162943918 0.9298997596842807 732
1716162958450 0.9300169995399322 733
1716162973017 0.9317153536841515 734
1716162988057 0.9332957539565454 735
1716163002994 0.9311407051319884 736
1716163017756 0.928423494201672 737
1716163032443 0.9335946961182909 738
1716163047109 0.9240365119056616 739
1716163062065 0.93323169463571 740
1716163076587 0.9327083818804677 741
1716163091134 0.9360959675052465 742
1716163105753 0.9271424623328942 743
1716163120796 0.9312378969176905 744
1716163135170 0.9276843248570961 745
1716163150327 0.9312715986792094 746
1716163164810 0.932639136678986 747
1716163179279 0.9311351450064892 748
1716163194141 0.9236537495457259 749
1716163212386 0.9273996530231331 750
1716163227836 0.9260649351149094 751
1716163242373 0.9314800855242694 752
1716163256777 0.9304235730686176 753
1716163271358 0.9260242113685755 754
1716163285891 0.9300908065764074 755
1716163300625 0.9279168699607085 756
1716163315268 0.930706826704608 757
1716163329711 0.9350836884285295 758
1716163344721 0.9292107345112077 759
1716163359438 0.9315365617613279 760
1716163373890 0.9305353998890014 761
1716163388467 0.9255070322474176 762
1716163403510 0.931192232244178 763
1716163418077 0.9354143629437129 764
1716163432581 0.9340176148836953 765
1716163447165 0.9321499076367528 766
1716163461986 0.9360811200974452 767
1716163476474 0.9300728315925032 768
1716163491492 0.9329429398752248 769
1716163506117 0.9325171927217436 770
1716163520558 0.9320198777712233 771
1716163534907 0.9311950733131433 772
1716163549353 0.935756793663133 773
1716163565726 0.9335887459133584 774
1716163583809 0.9349008721858464 775
1716163601827 0.9222622224260338 776
1716163616356 0.9257833331871961 777
1716163630896 0.9309965130097441 778
1716163645580 0.9246283537741421 779
1716163660309 0.9336493505687916 780
1716163675294 0.9319007160701333 781
1716163689889 0.9323380850107895 782
1716163704437 0.9331059577538355 783
1716163719038 0.9296211482921355 784
1716163733640 0.9240380890113605 785
1716163748161 0.9335610752621561 786
1716163762578 0.9314067920857966 787
1716163777149 0.9324059348458472 788
1716163793797 0.9233066637738174 789
1716163808280 0.9275961719762472 790
1716163822904 0.9301867532073329 791
1716163837522 0.9272940729916862 792
1716163851960 0.9266825823229499 793
1716163866432 0.9322452544777992 794
1716163880790 0.9316167571759496 795
1716163895131 0.9322041355453528 796
1716163910108 0.9331977358757838 797
1716163924852 0.9341166383073544 798
1716163939582 0.9315191021034872 799
1716163957762 0.9338000120901558 800
1716163972238 0.9315603540380648 801
1716163986850 0.9252200750829571 802
1716164001291 0.9306090456355055 803
1716164016430 0.9293680105351347 804
1716164032115 0.9367978557784262 805
1716164046702 0.9322700367165672 806
1716164061177 0.9280894279332043 807
1716164075793 0.9259781676050816 808
1716164090140 0.9313335415804581 809
1716164104857 0.9337818363239782 810
1716164119796 0.9308939939001998 811
1716164135825 0.9244749171983107 812
1716164150722 0.9349698055769817 813
1716164165375 0.9309125435960167 814
1716164180009 0.9334026948089692 815
1716164194610 0.9274980189912642 816
1716164209240 0.9275027775252401 817
1716164223597 0.9290417923350711 818
1716164238486 0.9277878138904961 819
1716164253021 0.9281767514503346 820
1716164267501 0.9328776474099967 821
1716164281979 0.930059852368489 822
1716164296322 0.9324127978302729 823
1716164310757 0.9201101365997797 824
1716164325184 0.9239756485530171 825
1716164339623 0.9305957726778006 826
1716164354249 0.9270776788586769 827
1716164368475 0.9256266231420808 828
1716164382883 0.9328873345593456 829
1716164397431 0.9331656513902581 830
1716164411814 0.9302056659801026 831
1716164426185 0.932219585458928 832
1716164440590 0.9283874616703133 833
1716164454991 0.9292815165435808 834
1716164469560 0.9346509573836594 835
1716164484302 0.9300673482782383 836
1716164498762 0.9301165577749755 837
1716164513059 0.9356320982748269 838
1716164527566 0.9308677838382522 839
1716164542021 0.934021588953025 840
1716164556600 0.9262804603122857 841
1716164571054 0.9304645715617612 842
1716164585420 0.9226998869845101 843
1716164600777 0.9357203863993414 844
1716164615282 0.9248302760461337 845
1716164629479 0.9304108913759204 846
1716164643983 0.9355783016984413 847
1716164658567 0.9322947483474273 848
1716164672967 0.929647166682142 849
1716164691219 0.9280703880280688 850
1716164705947 0.932760002326387 851
1716164720152 0.933218006746951 852
1716164734574 0.9312282401852349 853
1716164749069 0.9220692848535279 854
1716164763457 0.9346186105214307 855
1716164778044 0.9262734777599925 856
1716164792359 0.9165064913048663 857
1716164806780 0.9298174159540644 858
1716164821146 0.9326066805198923 859
1716164836132 0.9309474937564813 860
1716164850774 0.9291964987414874 861
1716164865334 0.9320232039143229 862
1716164879662 0.9275281938291272 863
1716164894194 0.9290356209950651 864
1716164908519 0.9325468097943803 865
1716164922995 0.9335415472076729 866
1716164937442 0.9294227428063905 867
1716164952476 0.9259785286609189 868
1716164966847 0.933073237562214 869
1716164981273 0.9294128134722666 870
1716164995840 0.9312435828232503 871
1716165010377 0.9297396073692705 872
1716165024836 0.9338422844772777 873
1716165039489 0.9310390469908573 874
1716165053777 0.9291127648669574 875
1716165068473 0.9319556151152298 876
1716165082921 0.9368084770142399 877
1716165097355 0.9304046075743201 878
1716165111596 0.936510449595723 879
1716165126060 0.9300049388562113 880
1716165140274 0.9282569567093688 881
1716165154852 0.9362256938091994 882
1716165169357 0.9329200593454408 883
1716165183836 0.9300923889507003 884
1716165199783 0.9362451495733382 885
1716165214122 0.9357372103499854 886
1716165228577 0.9323311822300849 887
1716165242911 0.9324811424363758 888
1716165257217 0.9265959978386141 889
1716165271591 0.9287766594646226 890
1716165286312 0.9375792200320768 891
1716165300870 0.9254346705775309 892
1716165315949 0.9341265482403213 893
1716165330459 0.9317999990686777 894
1716165344925 0.9363108795151653 895
1716165359513 0.9370177778881912 896
1716165377685 0.9295557693593605 897
1716165392297 0.9287004950214399 898
1716165406611 0.9292139307450001 899
1716165425168 0.9324508934086714 900
1716165439758 0.9293054442358842 901
1716165454386 0.9312606805438839 902
1716165468857 0.9357190392391718 903
1716165483085 0.9296814774767347 904
1716165497697 0.9298001985874191 905
1716165512007 0.9323929015999051 906
1716165526206 0.9294789425258824 907
1716165541310 0.9354021991767899 908
1716165555705 0.9288601458425508 909
1716165570231 0.9227913634596923 910
1716165584843 0.9281335071475919 911
1716165599375 0.9344197977301296 912
1716165613976 0.9312404833340128 913
1716165628393 0.9366897625851408 914
1716165642827 0.931919007424549 915
1716165657187 0.9312201343390781 916
1716165672124 0.9282573069626978 917
1716165686964 0.9297568979404641 918
1716165701293 0.9303772545828976 919
1716165715903 0.9366591510441874 920
1716165730486 0.9263518373386942 921
1716165744971 0.9339537493097859 922
1716165759650 0.9305417288848069 923
1716165773988 0.9337871456006605 924
1716165788640 0.9308939513434437 925
1716165803111 0.9235193513322392 926
1716165817547 0.9294312753977637 927
1716165832095 0.9350844210360058 928
1716165846578 0.9349915131233898 929
1716165860968 0.9308765937519411 930
1716165875224 0.9288874925790537 931
1716165889635 0.9378042697584524 932
1716165904261 0.9317592537052776 933
1716165918715 0.9318177279660168 934
1716165933103 0.9273043236290249 935
1716165947346 0.9359725234520707 936
1716165961732 0.9304314310512355 937
1716165976362 0.9344160378383144 938
1716165990740 0.9367927385163259 939
1716166005260 0.9313891621220921 940
1716166019908 0.9341529793806019 941
1716166034327 0.9314677727070153 942
1716166048535 0.9339999008376783 943
1716166062879 0.9272887057286229 944
1716166077392 0.9289696539952939 945
1716166091921 0.9300925536097758 946
1716166106189 0.9334309128210904 947
1716166120425 0.9328278834635298 948
1716166134544 0.9263780601812545 949
1716166154868 0.9328133070504316 950
1716166169285 0.9292800037432377 951
1716166183892 0.9359205800218794 952
1716166198237 0.9296125028920422 953
1716166212735 0.931126221644908 954
1716166227135 0.9298626245553607 955
1716166241453 0.9311583079133509 956
1716166256318 0.9240628534205649 957
1716166270956 0.9300633605136678 958
1716166285394 0.9298467209317383 959
1716166299781 0.932743163653312 960
1716166314147 0.9297814794943982 961
1716166328452 0.9305939873805221 962
1716166342953 0.9341448145844291 963
1716166357374 0.9276513012952208 964
1716166372728 0.9335137714714302 965
1716166387224 0.9288608612479772 966
1716166401617 0.9315039640529291 967
1716166415999 0.9321144124808857 968
1716166430578 0.9344920456562275 969
1716166445523 0.9263755308328303 970
1716166459854 0.9351095923530087 971
1716166474240 0.9293714606124718 972
1716166489137 0.9336379917642739 973
1716166503995 0.9335963136594877 974
1716166518481 0.9303344203877121 975
1716166532960 0.9368356228432639 976
1716166547299 0.9318287952429674 977
1716166561720 0.936514002389721 978
1716166576176 0.9315482099630752 979
1716166590448 0.9277530765144117 980
1716166605293 0.9338603377977518 981
1716166619699 0.9183451328994111 982
1716166634146 0.9356750718097574 983
1716166648666 0.9353566633998999 984
1716166663351 0.9343683025074339 985
1716166677748 0.9322233871277289 986
1716166692166 0.9288630803064176 987
1716166706689 0.9282501971600557 988
1716166721260 0.9311165917179224 989
1716166735795 0.9361175635869925 990
1716166750357 0.9335019464125599 991
1716166764938 0.9286766101341032 992
1716166779426 0.9295813994584874 993
1716166793909 0.9334313372776751 994
1716166808371 0.9327017600514834 995
1716166822662 0.9290649012907949 996
1716166837314 0.9308639953609843 997
1716166851763 0.9327849799501019 998
1716166866050 0.9335431295559359 999
