1708881074565 5.81 0
1708881081091 1.8 0
1708881087761 1.79 0
1708881094354 1.8 0
1708881100857 1.8 0
1708881107438 1.82 0
1708881109701 1.75 0
1708881112030 1.81 0
1708881118640 1.8 0
1708881120968 1.8 0
1708881123265 1.79 0
1708881125573 1.79 0
1708881127883 1.79 0
1708881130208 1.8 0
1708881136764 1.8 0
1708881139181 1.89 0
1708881141506 1.8 0
1708881143838 1.8 0
1708881146163 1.8 0
1708881148493 1.8 0
1708881150821 1.8 0
1708881153165 1.8 0
1708881155460 1.79 0
1708881157853 1.89 0
1708881160155 1.79 0
1708881166713 1.8 0
1708881173210 1.8 0
1708881179700 1.8 0
1708881186262 1.8 0
1708881188684 1.8 0
1708881191004 1.8 0
1708881197523 1.79 0
1708881199846 1.8 0
1708881202169 1.79 0
1708881204507 1.81 0
1708881206844 1.8 0
1708881209174 1.8 0
1708881211628 1.79 0
1708881213963 1.79 0
1708881216352 1.79 0
1708881218692 1.8 0
1708881221024 1.79 0
1708881223331 1.79 0
1708881225636 1.79 0
1708881227950 1.8 0
1708881230385 1.8 0
1708881232701 1.8 0
1708881235004 1.8 0
1708881237328 1.82 0
1708881239645 1.79 0
1708881242349 1.79 0
1708881244668 1.8 0
1708881246999 1.81 0
1708881249447 1.93 0
1708881251759 1.79 0
1708881254086 1.79 0
1708881256498 1.81 0
1708881258832 1.81 0
1708881261146 1.79 0
1708881263470 1.79 0
1708881265805 1.8 0
1708881268141 1.81 0
1708881270592 1.8 0
1708881272932 1.8 0
1708881275253 1.8 0
1708881277581 1.8 0
1708881279923 1.81 0
1708881282250 1.79 0
1708881284586 1.8 0
1708881286926 1.8 0
1708881289393 1.8 0
1708881291728 1.8 0
1708881294071 1.8 0
1708881296412 1.8 0
1708881298740 1.79 0
1708881301095 1.81 0
1708881303435 1.8 0
1708881305771 1.8 0
1708881308115 1.79 0
1708881310599 1.8 0
1708881312940 1.79 0
1708881315285 1.8 0
1708881317624 1.79 0
1708881319934 1.79 0
1708881322251 1.8 0
1708881324569 1.8 0
1708881326879 1.8 0
1708881329309 1.79 0
1708881331624 1.8 0
1708881333935 1.8 0
1708881336241 1.79 0
1708881338554 1.8 0
1708881340869 1.8 0
1708881343190 1.81 0
1708881345495 1.79 0
1708881347801 1.79 0
1708881350248 1.8 0
1708881352575 1.81 0
1708881354890 1.79 0
1708881357210 1.8 0
1708881363816 1.8 0
1708881366134 1.79 0
1708881368459 1.8 0
1708881370777 1.8 0
1708881373226 1.8 0
1708881375554 1.81 0
1708881377870 1.8 0
1708881380181 1.79 0
1708881382490 1.79 0
1708881384801 1.79 0
1708881387116 1.8 0
1708881389432 1.79 0
1708881391750 1.8 0
1708881394194 1.79 0
1708881396503 1.79 0
1708881398815 1.8 0
1708881401146 1.8 0
1708881403462 1.79 0
1708881405782 1.79 0
1708881408104 1.79 0
1708881410427 1.79 0
1708881412762 1.81 0
1708881415212 1.79 0
1708881417530 1.79 0
1708881419849 1.79 0
1708881422180 1.8 0
1708881424508 1.8 0
1708881426820 1.79 0
1708881429136 1.79 0
1708881431455 1.8 0
1708881433907 1.8 0
1708881436249 1.81 0
1708881438583 1.8 0
1708881440958 1.82 0
1708881443319 1.83 0
1708881445667 1.81 0
1708881448077 1.87 0
1708881450429 1.81 0
1708881452759 1.8 0
1708881455234 1.8 0
1708881457574 1.8 0
1708881459924 1.8 0
1708881462283 1.81 0
1708881464624 1.8 0
1708881466965 1.8 0
1708881469307 1.8 0
1708881471681 1.83 0
1708881474020 1.8 0
1708881476514 1.81 0
1708881478868 1.8 0
1708881485834 1.81 0
1708881488182 1.81 0
1708881490547 1.81 0
1708881492883 1.8 0
1708881495245 1.81 0
1708881497764 1.95 0
1708881500113 1.8 0
1708881502455 1.79 0
1708881504818 1.81 0
1708881507177 1.8 0
1708881509527 1.8 0
1708881511886 1.81 0
1708881514227 1.8 0
1708881516575 1.8 0
1708881519048 1.8 0
1708881521380 1.8 0
1708881523721 1.81 0
1708881526082 1.82 0
1708881528435 1.81 0
1708881530783 1.81 0
1708881533121 1.8 0
1708881535478 1.81 0
1708881537946 1.8 0
1708881540285 1.8 0
1708881542631 1.81 0
1708881544980 1.81 0
1708881547320 1.8 0
1708881549656 1.8 0
1708881552000 1.8 0
1708881554339 1.8 0
1708881556806 1.93 0
1708881559159 1.81 0
1708881561500 1.8 0
1708881563833 1.79 0
1708881566169 1.8 0
1708881568516 1.8 0
1708881570860 1.8 0
1708881573205 1.81 0
1708881575546 1.8 0
1708881578001 1.79 0
1708881580341 1.8 0
1708881582686 1.8 0
1708881585036 1.8 0
1708881587391 1.81 0
1708881589736 1.8 0
1708881592102 1.82 0
1708881594476 1.82 0
1708881596972 1.81 0
1708881599328 1.81 0
1708881601674 1.8 0
1708881608459 1.81 0
1708881610811 1.8 0
1708881613188 1.82 0
1708881615557 1.81 0
1708881618028 1.92 0
1708881620370 1.79 0
1708881622687 1.8 0
1708881625023 1.8 0
1708881627333 1.79 0
1708881629649 1.8 0
1708881631976 1.81 0
1708881634310 1.82 0
1708881636630 1.8 0
1708881639092 1.94 0
1708881641423 1.81 0
1708881643742 1.8 0
1708881646061 1.8 0
1708881648383 1.8 0
1708881650699 1.8 0
1708881653027 1.81 0
1708881655367 1.81 0
1708881657694 1.81 0
1708881660164 1.95 0
1708881662481 1.8 0
1708881664793 1.79 0
1708881667121 1.81 0
1708881669431 1.8 0
1708881671747 1.8 0
1708881674059 1.79 0
1708881676376 1.8 0
1708881678695 1.8 0
1708881681145 1.8 0
1708881683466 1.8 0
1708881685789 1.8 0
1708881688108 1.8 0
1708881690419 1.79 0
1708881692738 1.8 0
1708881695058 1.8 0
1708881697385 1.8 0
1708881699703 1.8 0
1708881702172 1.8 0
1708881704520 1.82 0
1708881706849 1.8 0
1708881709169 1.79 0
1708881711496 1.8 0
1708881713824 1.8 0
1708881716153 1.8 0
1708881718482 1.8 0
1708881720824 1.81 0
1708881723285 1.8 0
1708881729921 1.79 0
1708881732271 1.82 0
1708881734599 1.8 0
1708881736920 1.79 0
1708881739244 1.8 0
1708881741570 1.8 0
1708881743919 1.82 0
1708881746375 1.8 0
1708881748704 1.8 0
1708881751034 1.8 0
1708881753359 1.8 0
1708881755692 1.81 0
1708881758020 1.8 0
1708881760351 1.8 0
1708881762676 1.8 0
1708881765007 1.8 0
1708881767468 1.8 0
1708881769798 1.8 0
1708881772137 1.82 0
1708881774463 1.79 0
1708881776794 1.8 0
1708881779133 1.81 0
1708881781463 1.8 0
1708881783793 1.8 0
1708881786118 1.8 0
1708881788587 1.8 0
1708881790928 1.81 0
1708881793257 1.8 0
1708881795591 1.8 0
1708881797927 1.81 0
1708881800249 1.79 0
1708881802599 1.82 0
1708881804932 1.8 0
1708881807409 1.95 0
1708881809745 1.79 0
1708881812072 1.79 0
1708881814401 1.8 0
1708881816745 1.81 0
1708881819090 1.8 0
1708881821423 1.79 0
1708881823760 1.8 0
1708881826110 1.81 0
1708881828572 1.79 0
1708881830903 1.79 0
1708881833238 1.8 0
1708881835578 1.8 0
1708881837929 1.81 0
1708881840285 1.81 0
1708881842614 1.79 0
1708881844957 1.8 0
1708881851807 1.8 0
1708881854142 1.8 0
1708881856477 1.79 0
1708881858819 1.8 0
1708881861158 1.8 0
1708881863494 1.8 0
1708881865851 1.82 0
1708881868194 1.8 0
1708881870534 1.8 0
1708881873004 1.79 0
1708881879810 1.83 0
1708881886385 1.81 0
1708881893203 1.8 0
1708881900041 1.81 0
1708881902488 1.79 0
1708881904826 1.79 0
1708881907182 1.81 0
1708881909529 1.8 0
1708881911876 1.8 0
1708881914228 1.81 0
1708881916568 1.8 0
1708881918907 1.8 0
1708881921373 1.79 0
1708881923714 1.8 0
1708881926052 1.8 0
1708881928393 1.8 0
1708881930752 1.81 0
1708881933094 1.8 0
1708881935448 1.81 0
1708881937801 1.81 0
1708881940140 1.8 0
1708881942632 1.81 0
1708881944973 1.8 0
1708881947309 1.79 0
1708881949667 1.81 0
1708881952022 1.8 0
1708881954386 1.81 0
1708881956739 1.8 0
1708881959079 1.8 0
1708881961557 1.8 0
1708881963910 1.8 0
1708881966263 1.8 0
1708881968612 1.8 0
1708881970959 1.8 0
1708881973319 1.81 0
1708881975677 1.81 0
1708881978041 1.82 0
1708881980503 1.91 0
1708881982847 1.79 0
1708881985191 1.79 0
1708881992046 1.82 0
1708881994411 1.81 0
1708881996764 1.8 0
1708881999116 1.8 0
1708882001467 1.8 0
1708882003931 1.79 0
1708882006295 1.81 0
1708882008654 1.81 0
1708882011007 1.79 0
1708882013363 1.8 0
1708882015721 1.8 0
1708882018071 1.8 0
1708882020422 1.8 0
1708882022906 1.79 0
1708882025246 1.79 0
1708882027599 1.8 0
1708882029951 1.8 0
1708882032302 1.8 0
1708882034667 1.81 0
1708882037029 1.81 0
1708882039349 1.76 0
1708882041844 1.81 0
1708882044200 1.8 0
1708882046559 1.81 0
1708882048907 1.79 0
1708882051272 1.81 0
1708882053632 1.8 0
1708882055988 1.8 0
1708882062759 1.8 0
1708882069524 1.8 0
1708882071875 1.79 0
1708882074225 1.79 0
1708882076606 1.82 0
1708882083376 1.8 0
1708882085854 1.8 0
1708882088222 1.8 0
1708882090691 1.79 0
1708882093050 1.8 0
1708882095412 1.8 0
1708882097767 1.79 0
1708882100129 1.8 0
1708882102492 1.8 0
1708882104862 1.8 0
1708882107227 1.8 0
1708882109731 1.94 0
1708882112097 1.8 0
1708882114466 1.8 0
1708882116834 1.8 0
1708882119192 1.79 0
1708882121564 1.8 0
1708882128249 1.8 0
1708882130624 1.81 0
1708882133114 1.8 0
1708882135477 1.79 0
1708882137846 1.8 0
1708882140214 1.8 0
1708882142588 1.81 0
1708882144954 1.8 0
1708882147335 1.82 0
1708882149695 1.79 0
1708882152182 1.79 0
1708882154516 1.8 0
1708882156865 1.81 0
1708882159211 1.8 0
1708882161551 1.8 0
1708882168280 1.8 0
1708882174926 1.81 0
1708882177397 1.81 0
1708882184307 1.79 0
1708882191029 1.8 0
1708882193359 1.79 0
1708882195695 1.8 0
1708882202527 1.81 0
1708882209361 1.8 0
1708882211691 1.79 0
1708882214022 1.79 0
1708882216358 1.79 0
1708882218690 1.79 0
1708882221025 1.8 0
1708882223355 1.79 0
1708882225694 1.8 0
1708882228165 1.8 0
1708882230509 1.8 0
1708882232843 1.79 0
1708882235179 1.79 0
1708882237514 1.79 0
1708882239846 1.79 0
1708882242185 1.8 0
1708882244523 1.79 0
1708882246862 1.8 0
1708882249344 1.8 0
1708882251685 1.8 0
1708882254026 1.8 0
1708882256361 1.8 0
1708882258710 1.8 0
1708882261051 1.8 0
1708882263400 1.81 0
1708882265745 1.8 0
1708882268090 1.8 0
1708882270554 1.79 0
1708882277287 1.8 0
1708882279651 1.82 0
1708882281997 1.8 0
1708882284337 1.79 0
1708882286683 1.8 0
1708882289037 1.8 0
1708882291383 1.8 0
1708882293859 1.8 0
1708882296199 1.79 0
1708882298493 1.75 0
1708882300845 1.8 0
1708882303179 1.79 0
1708882305551 1.83 0
1708882307893 1.8 0
1708882310240 1.8 0
1708882312586 1.8 0
1708882315064 1.79 0
1708882317412 1.8 0
1708882319771 1.81 0
1708882322116 1.8 0
1708882324460 1.8 0
1708882326822 1.81 0
1708882329164 1.79 0
1708882331510 1.8 0
1708882333885 1.81 0
1708882336360 1.79 0
1708882338706 1.8 0
1708882341052 1.8 0
1708882343412 1.8 0
1708882345768 1.8 0
1708882348125 1.8 0
1708882350480 1.8 0
1708882352859 1.82 0
1708882355214 1.8 0
1708882357701 1.79 0
1708882360064 1.8 0
1708882362440 1.81 0
1708882364804 1.8 0
1708882367167 1.8 0
1708882369522 1.8 0
1708882376438 1.8 0
1708882378917 1.92 0
1708882381276 1.8 0
1708882383640 1.81 0
1708882385996 1.8 0
1708882388357 1.8 0
1708882390735 1.82 0
1708882393088 1.8 0
1708882395450 1.81 0
1708882397805 1.79 0
1708882404617 1.79 0
1708882406981 1.8 0
1708882409338 1.8 0
1708882411695 1.8 0
1708882414045 1.79 0
1708882416402 1.8 0
1708882418764 1.8 0
1708882421124 1.8 0
1708882423610 1.8 0
1708882425964 1.79 0
1708882428320 1.8 0
1708882430674 1.79 0
1708882433048 1.81 0
1708882435407 1.8 0
1708882437778 1.8 0
1708882440139 1.8 0
1708882442495 1.8 0
1708882444992 1.8 0
1708882447364 1.81 0
1708882449717 1.79 0
1708882452078 1.8 0
1708882454428 1.8 0
1708882456798 1.82 0
1708882459150 1.8 0
1708882461501 1.8 0
1708882463841 1.79 0
1708882466321 1.79 0
1708882468664 1.8 0
1708882471003 1.79 0
1708882473345 1.79 0
1708882475696 1.79 0
1708882478046 1.8 0
1708882480394 1.8 0
1708882482742 1.79 0
1708882485091 1.8 0
1708882487582 1.8 0
1708882489927 1.8 0
1708882492272 1.8 0
1708882494619 1.79 0
1708882496972 1.8 0
1708882499329 1.8 0
1708882501691 1.81 0
1708882504038 1.8 0
1708882506398 1.81 0
1708882508887 1.8 0
1708882511240 1.8 0
1708882513597 1.8 0
1708882515957 1.81 0
1708882518316 1.81 0
1708882520661 1.8 0
1708882527408 1.82 0
1708882529754 1.79 0
1708882532245 1.8 0
1708882534602 1.81 0
1708882536952 1.79 0
1708882539303 1.8 0
1708882541664 1.8 0
1708882544018 1.8 0
1708882546373 1.8 0
1708882548732 1.8 0
1708882551097 1.81 0
1708882553593 1.8 0
1708882555948 1.8 0
1708882558310 1.8 0
1708882560662 1.79 0
1708882563012 1.79 0
1708882565366 1.8 0
1708882567718 1.8 0
1708882570073 1.8 0
1708882572540 1.91 0
1708882574905 1.8 0
1708882577267 1.8 0
1708882579620 1.8 0
1708882581985 1.79 0
1708882584341 1.79 0
1708882586702 1.8 0
1708882589067 1.8 0
1708882591434 1.8 0
1708882593929 1.8 0
1708882596292 1.79 0
1708882598652 1.79 0
1708882601021 1.8 0
1708882603385 1.8 0
1708882605751 1.8 0
1708882608110 1.79 0
1708882610477 1.8 0
1708882612841 1.8 0
1708882615342 1.8 0
1708882617714 1.8 0
1708882620079 1.8 0
1708882622444 1.8 0
1708882624814 1.81 0
1708882627180 1.8 0
1708882629561 1.81 0
1708882631926 1.8 0
1708882634311 1.81 0
1708882636815 1.8 0
1708882639181 1.79 0
1708882641543 1.8 0
1708882643897 1.79 0
1708882650625 1.8 0
1708882653002 1.81 0
1708882655369 1.8 0
1708882657738 1.8 0
1708882660226 1.8 0
1708882662595 1.8 0
1708882664960 1.79 0
1708882667321 1.79 0
1708882669698 1.81 0
1708882672077 1.81 0
1708882674443 1.8 0
1708882676811 1.8 0
1708882679307 1.8 0
1708882681666 1.8 0
1708882684035 1.8 0
1708882686410 1.8 0
1708882688790 1.81 0
1708882691161 1.8 0
1708882693536 1.81 0
1708882695900 1.8 0
1708882698262 1.8 0
1708882700761 1.79 0
1708882703135 1.8 0
1708882705520 1.82 0
1708882707892 1.8 0
1708882710267 1.8 0
1708882712646 1.81 0
1708882719327 1.8 0
1708882721692 1.8 0
1708882724181 1.79 0
1708882726549 1.8 0
1708882728912 1.8 0
1708882731284 1.8 0
1708882733669 1.82 0
1708882736055 1.81 0
1708882738426 1.8 0
1708882740797 1.8 0
1708882743159 1.79 0
1708882745657 1.8 0
1708882748025 1.79 0
1708882750392 1.8 0
1708882752774 1.81 0
1708882755158 1.82 0
1708882757538 1.81 0
1708882759910 1.8 0
1708882762280 1.8 0
1708882764771 1.8 0
1708882767135 1.8 0
1708882769505 1.8 0
1708882771870 1.79 0
1708882778679 1.83 0
1708882781053 1.8 0
1708882783437 1.81 0
1708882785810 1.8 0
1708882788310 1.8 0
1708882790681 1.8 0
1708882793053 1.8 0
1708882795425 1.8 0
1708882797828 1.83 0
1708882800200 1.8 0
1708882802594 1.82 0
1708882804967 1.8 0
1708882807340 1.8 0
1708882809854 1.8 0
1708882812227 1.8 0
1708882814595 1.79 0
1708882816969 1.8 0
1708882819344 1.8 0
1708882821729 1.8 0
1708882824118 1.81 0
1708882826507 1.8 0
1708882829031 1.79 0
1708882831407 1.79 0
1708882833788 1.8 0
1708882836170 1.8 0
1708882838551 1.8 0
1708882840932 1.8 0
1708882843321 1.81 0
1708882845703 1.8 0
1708882848228 1.94 0
1708882850606 1.79 0
1708882852987 1.8 0
1708882855363 1.79 0
1708882857745 1.8 0
1708882860124 1.8 0
1708882862513 1.81 0
1708882864911 1.81 0
1708882867298 1.8 0
1708882869806 1.79 0
1708882872187 1.8 0
1708882874565 1.8 0
1708882876951 1.8 0
1708882879339 1.8 0
1708882881742 1.82 0
1708882884135 1.81 0
1708882886528 1.8 0
1708882889048 1.8 0
1708882891465 1.83 0
1708882893852 1.8 0
1708882896235 1.79 0
1708882903020 1.8 0
1708882905402 1.8 0
1708882907778 1.79 0
1708882910165 1.8 0
1708882912679 1.8 0
1708882915071 1.8 0
1708882917461 1.8 0
1708882919844 1.8 0
1708882922224 1.79 0
1708882924604 1.79 0
1708882926994 1.8 0
1708882929385 1.8 0
1708882931777 1.8 0
1708882934305 1.8 0
1708882936708 1.82 0
1708882939091 1.79 0
1708882941471 1.8 0
1708882943855 1.8 0
1708882946247 1.81 0
1708882948636 1.8 0
1708882951034 1.81 0
1708882953547 1.79 0
1708882955934 1.79 0
1708882958319 1.8 0
1708882960702 1.79 0
1708882963089 1.8 0
1708882965473 1.8 0
1708882967873 1.81 0
1708882970270 1.8 0
1708882972781 1.79 0
1708882975167 1.8 0
1708882977566 1.81 0
1708882979950 1.8 0
1708882982342 1.8 0
1708882984738 1.81 0
1708882987118 1.79 0
1708882989508 1.8 0
1708882991894 1.79 0
1708882994415 1.79 0
1708882996806 1.8 0
1708882999184 1.79 0
1708883001582 1.81 0
1708883003966 1.8 0
1708883006379 1.82 0
1708883013197 1.8 0
1708883020162 1.8 0
1708883022571 1.82 0
1708883024953 1.79 0
1708883027350 1.81 0
1708883029747 1.8 0
1708883036520 1.8 0
1708883038922 1.81 0
1708883041439 1.8 0
1708883043834 1.8 0
1708883046226 1.8 0
1708883048637 1.81 0
1708883051028 1.79 0
1708883053414 1.79 0
1708883055820 1.8 0
1708883058205 1.8 0
1708883060703 1.9 0
1708883063091 1.79 0
1708883065484 1.8 0
1708883067885 1.8 0
1708883070285 1.8 0
1708883072678 1.79 0
1708883075078 1.8 0
1708883077477 1.79 0
1708883079880 1.8 0
1708883082409 1.79 0
1708883084806 1.79 0
1708883087203 1.79 0
1708883089606 1.8 0
1708883092014 1.81 0
1708883094418 1.8 0
1708883096815 1.79 0
1708883099224 1.81 0
1708883101772 1.8 0
1708883104186 1.81 0
1708883106585 1.79 0
1708883108985 1.8 0
1708883111381 1.8 0
1708883113782 1.79 0
1708883116189 1.8 0
1708883118597 1.8 0
1708883121130 1.8 0
1708883123534 1.8 0
1708883125930 1.79 0
1708883128322 1.79 0
1708883130726 1.8 0
1708883133131 1.8 0
1708883135538 1.8 0
1708883137947 1.8 0
1708883140469 1.92 0
1708883142874 1.8 0
1708883145281 1.8 0
1708883147683 1.79 0
1708883150093 1.8 0
1708883152485 1.79 0
1708883154905 1.82 0
1708883161747 1.8 0
1708883164271 1.79 0
1708883166669 1.79 0
1708883173489 1.8 0
1708883180310 1.8 0
1708883187156 1.8 0
1708883189558 1.8 0
1708883192044 1.76 0
1708883194448 1.8 0
1708883196849 1.8 0
1708883199251 1.8 0
1708883201639 1.78 0
1708883204038 1.79 0
1708883206428 1.79 0
1708883208833 1.8 0
1708883211351 1.79 0
1708883213753 1.8 0
1708883216155 1.8 0
1708883218557 1.8 0
1708883220957 1.79 0
1708883227753 1.8 0
1708883234582 1.81 0
1708883241511 1.82 0
1708883243885 1.8 0
1708883246254 1.79 0
1708883248621 1.79 0
1708883250946 1.75 0
1708883253314 1.79 0
1708883255679 1.79 0
1708883258060 1.81 0
1708883260564 1.93 0
1708883262948 1.81 0
1708883265317 1.8 0
1708883267680 1.8 0
1708883270043 1.79 0
1708883272410 1.8 0
1708883274774 1.79 0
1708883277135 1.79 0
1708883279503 1.79 0
1708883281982 1.91 0
1708883284364 1.81 0
1708883286730 1.79 0
1708883289118 1.8 0
1708883291497 1.8 0
1708883298226 1.8 0
1708883305226 1.8 0
1708883307705 1.79 0
1708883314454 1.8 0
1708883321334 1.8 0
1708883323697 1.8 0
1708883330427 1.8 0
1708883332791 1.79 0
1708883335265 1.9 0
1708883337627 1.79 0
1708883340006 1.81 0
1708883342374 1.8 0
1708883344739 1.79 0
1708883347116 1.8 0
1708883349476 1.79 0
1708883351868 1.82 0
1708883354240 1.8 0
1708883356740 1.93 0
1708883359121 1.81 0
1708883361491 1.8 0
1708883363877 1.81 0
1708883366255 1.81 0
1708883368579 1.75 0
1708883370947 1.79 0
1708883373342 1.82 0
1708883375707 1.8 0
1708883378204 1.8 0
1708883380566 1.79 0
1708883382939 1.8 0
1708883385327 1.81 0
1708883392260 1.81 0
1708883394634 1.8 0
1708883401444 1.8 0
1708883403936 1.91 0
1708883406302 1.79 0
1708883408663 1.79 0
1708883411030 1.79 0
1708883413406 1.8 0
1708883415774 1.8 0
1708883418145 1.8 0
1708883420511 1.79 0
1708883422883 1.8 0
1708883425384 1.8 0
1708883427761 1.81 0
1708883430140 1.8 0
1708883432512 1.8 0
1708883434876 1.8 0
1708883437255 1.81 0
1708883439623 1.79 0
1708883441995 1.8 0
1708883444364 1.8 0
1708883446870 1.8 0
1708883449234 1.79 0
1708883451606 1.79 0
1708883453981 1.8 0
1708883456352 1.8 0
1708883463062 1.8 0
1708883465441 1.8 0
1708883467827 1.81 0
1708883470317 1.79 0
1708883472696 1.8 0
1708883475104 1.83 0
1708883477495 1.81 0
1708883479855 1.79 0
1708883482235 1.8 0
1708883484609 1.8 0
1708883486987 1.81 0
1708883489367 1.8 0
1708883491885 1.81 0
1708883494258 1.8 0
1708883496627 1.79 0
1708883499005 1.8 0
1708883501383 1.8 0
1708883503751 1.8 0
1708883506116 1.79 0
1708883508503 1.81 0
1708883510868 1.8 0
1708883513379 1.79 0
1708883515751 1.79 0
1708883518129 1.8 0
1708883520502 1.8 0
1708883522874 1.8 0
1708883525243 1.8 0
1708883527621 1.8 0
1708883529994 1.8 0
1708883532514 1.94 0
1708883534894 1.8 0
1708883537273 1.8 0
1708883539653 1.8 0
1708883542017 1.79 0
1708883544389 1.8 0
1708883546759 1.79 0
1708883549139 1.81 0
1708883551521 1.8 0
1708883554020 1.79 0
1708883556399 1.81 0
1708883558786 1.81 0
1708883561175 1.81 0
1708883563550 1.8 0
1708883565937 1.81 0
1708883568328 1.8 0
1708883570716 1.8 0
1708883573094 1.8 0
1708883575613 1.8 0
1708883577989 1.8 0
1708883580393 1.83 0
1708883587122 1.82 0
1708883589502 1.8 0
1708883591879 1.8 0
1708883594261 1.8 0
1708883596629 1.79 0
1708883599130 1.8 0
1708883601502 1.8 0
1708883603880 1.8 0
1708883606281 1.83 0
1708883608663 1.81 0
1708883611036 1.8 0
1708883613416 1.81 0
1708883615781 1.79 0
1708883618286 1.8 0
1708883620672 1.81 0
1708883623053 1.81 0
1708883625436 1.8 0
1708883627814 1.8 0
1708883630206 1.81 0
1708883632580 1.8 0
1708883634954 1.8 0
1708883637339 1.81 0
1708883639842 1.8 0
1708883642217 1.8 0
1708883644588 1.8 0
1708883646967 1.8 0
1708883649341 1.8 0
1708883651712 1.8 0
1708883654083 1.8 0
1708883656456 1.8 0
1708883658834 1.8 0
1708883661356 1.81 0
1708883663730 1.8 0
1708883666111 1.8 0
1708883668495 1.8 0
1708883670867 1.8 0
1708883673244 1.8 0
1708883675625 1.81 0
1708883677994 1.79 0
1708883680499 1.8 0
1708883682868 1.79 0
1708883685247 1.8 0
1708883687626 1.8 0
1708883690002 1.8 0
1708883692376 1.8 0
1708883694761 1.81 0
1708883697145 1.81 0
1708883699516 1.8 0
1708883702043 1.81 0
1708883704427 1.8 0
1708883711267 1.8 0
1708883713646 1.8 0
1708883716027 1.8 0
1708883718405 1.8 0
1708883720779 1.8 0
1708883723272 1.91 0
1708883725655 1.8 0
1708883728036 1.81 0
1708883730422 1.81 0
1708883732803 1.8 0
1708883735178 1.79 0
1708883737573 1.81 0
1708883739959 1.81 0
1708883742349 1.81 0
1708883744853 1.8 0
1708883747243 1.81 0
1708883749623 1.8 0
1708883751996 1.8 0
1708883754376 1.79 0
1708883756757 1.8 0
1708883759147 1.81 0
1708883761537 1.81 0
1708883763908 1.79 0
1708883766414 1.79 0
1708883768783 1.79 0
1708883771167 1.8 0
1708883773547 1.8 0
1708883775922 1.79 0
1708883778312 1.82 0
1708883780705 1.81 0
1708883783083 1.8 0
1708883785472 1.81 0
1708883787981 1.79 0
1708883790354 1.8 0
1708883792733 1.8 0
1708883795112 1.8 0
1708883797493 1.8 0
1708883799877 1.8 0
1708883802257 1.8 0
1708883804647 1.81 0
1708883807153 1.8 0
1708883809537 1.81 0
1708883811915 1.8 0
1708883814287 1.8 0
1708883816664 1.79 0
1708883819048 1.8 0
1708883821423 1.8 0
1708883823831 1.83 0
1708883826202 1.8 0
1708883828714 1.79 0
1708883835602 1.83 0
1708883837977 1.79 0
1708883840385 1.83 0
1708883842772 1.8 0
1708883845167 1.8 0
1708883847549 1.8 0
1708883849934 1.8 0
1708883852448 1.8 0
1708883854841 1.81 0
1708883857232 1.8 0
1708883859615 1.8 0
1708883862002 1.81 0
1708883864387 1.8 0
1708883866769 1.8 0
1708883869160 1.81 0
1708883871679 1.93 0
1708883874067 1.8 0
1708883876469 1.82 0
1708883878854 1.8 0
1708883881232 1.8 0
1708883883620 1.8 0
1708883886004 1.8 0
1708883888380 1.8 0
1708883890759 1.8 0
1708883893274 1.8 0
1708883895650 1.8 0
1708883898047 1.81 0
1708883900454 1.82 0
1708883902832 1.79 0
1708883905213 1.8 0
1708883907587 1.79 0
1708883909967 1.8 0
1708883912370 1.82 0
1708883914887 1.8 0
1708883917268 1.79 0
1708883919650 1.8 0
1708883922045 1.81 0
1708883924420 1.79 0
1708883926802 1.8 0
1708883929182 1.8 0
1708883931563 1.8 0
1708883934074 1.8 0
1708883936453 1.79 0
1708883938847 1.81 0
1708883941231 1.8 0
1708883943621 1.8 0
1708883946039 1.83 0
1708883948425 1.8 0
1708883950821 1.81 0
1708883953223 1.82 0
1708883960060 1.8 0
1708883962451 1.8 0
1708883964846 1.81 0
1708883967232 1.8 0
1708883969615 1.79 0
1708883972001 1.8 0
1708883974387 1.8 0
1708883976772 1.8 0
1708883979285 1.8 0
1708883981664 1.8 0
1708883984052 1.8 0
1708883986441 1.8 0
1708883988819 1.8 0
1708883991201 1.79 0
1708883993584 1.79 0
1708883996079 1.8 0
1708883998472 1.8 0
1708884001007 1.81 0
1708884003410 1.81 0
1708884005789 1.79 0
1708884008176 1.8 0
1708884010566 1.8 0
1708884012955 1.8 0
1708884015358 1.81 0
1708884017730 1.79 0
1708884020239 1.79 0
1708884022630 1.8 0
1708884025028 1.79 0
1708884027416 1.8 0
1708884029798 1.8 0
1708884032185 1.8 0
1708884034567 1.8 0
1708884036956 1.8 0
1708884039356 1.81 0
1708884041871 1.79 0
1708884044261 1.8 0
1708884046685 1.83 0
1708884049095 1.82 0
1708884056021 1.81 0
1708884058400 1.79 0
1708884060795 1.8 0
1708884063192 1.81 0
1708884065714 1.81 0
1708884068111 1.8 0
1708884070502 1.8 0
1708884072896 1.79 0
1708884075310 1.81 0
1708884077715 1.8 0
1708884080106 1.79 0
1708884082515 1.8 0
1708884089557 1.8 0
1708884091960 1.8 0
1708884094361 1.8 0
1708884096762 1.8 0
1708884099158 1.8 0
1708884101549 1.8 0
1708884103977 1.83 0
1708884106371 1.79 0
1708884108900 1.8 0
1708884111295 1.8 0
1708884113686 1.79 0
1708884116085 1.8 0
1708884118484 1.8 0
1708884120889 1.8 0
1708884123293 1.8 0
1708884125697 1.8 0
1708884128095 1.8 0
1708884130618 1.79 0
1708884133022 1.8 0
1708884135419 1.79 0
1708884137817 1.8 0
1708884140222 1.81 0
1708884142620 1.79 0
1708884145017 1.8 0
1708884147417 1.8 0
1708884149952 1.8 0
1708884152353 1.8 0
1708884154753 1.8 0
1708884157147 1.79 0
1708884159550 1.8 0
1708884161941 1.79 0
1708884164352 1.81 0
1708884166750 1.8 0
1708884169159 1.8 0
1708884171696 1.8 0
1708884174102 1.8 0
1708884176513 1.81 0
1708884178907 1.8 0
1708884181307 1.8 0
1708884183709 1.81 0
1708884186107 1.8 0
1708884188519 1.8 0
1708884191055 1.8 0
1708884193455 1.8 0
1708884195864 1.81 0
1708884198259 1.79 0
1708884205068 1.81 0
1708884207465 1.79 0
1708884209866 1.8 0
1708884212287 1.82 0
1708884219407 1.8 0
1708884221804 1.79 0
1708884224210 1.81 0
1708884226618 1.8 0
1708884229020 1.79 0
1708884231423 1.8 0
1708884233825 1.8 0
1708884236367 1.81 0
1708884238791 1.82 0
1708884241187 1.79 0
1708884243585 1.79 0
1708884245991 1.8 0
1708884248393 1.8 0
1708884250808 1.81 0
1708884253213 1.81 0
1708884255610 1.8 0
1708884258150 1.8 0
1708884260549 1.8 0
1708884262975 1.82 0
1708884265383 1.81 0
1708884267786 1.8 0
1708884270183 1.79 0
1708884277052 1.8 0
1708884284067 1.8 0
1708884290878 1.8 0
1708884293292 1.81 0
1708884295701 1.8 0
1708884298099 1.79 0
1708884300509 1.8 0
1708884302901 1.79 0
1708884305417 1.79 0
1708884307825 1.8 0
1708884310221 1.79 0
1708884312623 1.79 0
1708884315025 1.8 0
1708884317454 1.82 0
1708884319861 1.8 0
1708884322258 1.79 0
1708884324689 1.82 0
1708884327220 1.79 0
1708884329616 1.79 0
1708884332024 1.8 0
1708884334431 1.8 0
1708884336836 1.8 0
1708884339234 1.79 0
1708884341639 1.8 0
1708884344048 1.8 0
1708884346589 1.81 0
1708884348983 1.79 0
1708884355808 1.8 0
1708884362608 1.8 0
1708884365017 1.8 0
1708884367431 1.8 0
1708884369797 1.76 0
1708884372330 1.8 0
1708884374732 1.8 0
1708884377137 1.8 0
1708884379546 1.8 0
1708884381942 1.79 0
1708884384348 1.8 0
1708884386771 1.81 0
1708884393617 1.83 0
1708884400540 1.8 0
1708884402948 1.8 0
1708884405348 1.79 0
1708884407750 1.79 0
1708884410159 1.79 0
1708884412566 1.8 0
1708884414967 1.79 0
1708884417371 1.79 0
1708884419907 1.8 0
1708884422314 1.8 0
1708884424722 1.79 0
1708884427126 1.79 0
1708884434020 1.8 0
1708884436422 1.8 0
1708884438836 1.8 0
1708884441246 1.8 0
1708884443796 1.81 0
1708884450725 1.8 0
1708884453126 1.79 0
1708884455532 1.8 0
1708884457957 1.81 0
1708884460364 1.8 0
1708884467229 1.8 0
1708884474160 1.8 0
1708884481118 1.8 0
1708884483527 1.8 0
1708884485933 1.8 0
1708884492759 1.81 0
1708884495172 1.79 0
1708884497697 1.8 0
1708884500110 1.8 0
1708884502549 1.83 0
1708884504951 1.79 0
1708884507363 1.8 0
1708884509766 1.79 0
1708884512205 1.83 0
1708884514614 1.8 0
1708884517028 1.8 0
1708884524058 1.8 0
1708884526461 1.79 0
1708884528873 1.8 0
1708884531285 1.8 0
1708884533683 1.79 0
1708884536084 1.79 0
1708884538499 1.8 0
1708884541027 1.79 0
1708884543431 1.79 0
1708884545845 1.81 0
1708884548260 1.8 0
1708884550675 1.8 0
1708884553086 1.8 0
1708884555490 1.79 0
1708884557911 1.81 0
1708884560320 1.8 0
1708884562866 1.79 0
1708884565284 1.81 0
1708884567688 1.8 0
1708884570118 1.82 0
1708884572539 1.8 0
1708884574947 1.8 0
1708884577358 1.8 0
1708884579766 1.8 0
1708884582309 1.8 0
1708884584724 1.8 0
1708884587132 1.79 0
1708884589560 1.81 0
1708884591957 1.79 0
1708884594360 1.79 0
1708884596761 1.79 0
1708884599171 1.79 0
1708884601591 1.81 0
1708884604134 1.79 0
1708884606546 1.8 0
1708884608958 1.8 0
1708884611385 1.8 0
1708884613804 1.8 0
1708884616215 1.79 0
1708884618632 1.8 0
1708884621059 1.8 0
1708884623606 1.79 0
1708884626023 1.8 0
1708884628438 1.79 0
1708884630861 1.8 0
1708884633281 1.8 0
1708884635705 1.8 0
1708884638130 1.8 0
1708884640547 1.8 0
1708884643100 1.8 0
1708884649961 1.8 0
1708884652370 1.79 0
1708884654795 1.8 0
1708884657216 1.8 0
1708884659634 1.8 0
1708884662064 1.81 0
1708884664612 1.8 0
1708884667036 1.8 0
1708884669453 1.79 0
1708884671884 1.8 0
1708884674312 1.8 0
1708884676742 1.8 0
1708884679159 1.8 0
1708884681596 1.82 0
1708884684022 1.81 0
1708884686590 1.81 0
1708884689009 1.8 0
1708884691428 1.8 0
1708884693848 1.8 0
1708884696292 1.82 0
1708884698720 1.8 0
1708884701151 1.8 0
1708884703574 1.8 0
1708884706142 1.94 0
1708884708557 1.79 0
1708884710990 1.81 0
1708884713427 1.81 0
1708884715856 1.8 0
1708884718294 1.81 0
1708884720721 1.8 0
1708884723141 1.79 0
1708884725565 1.8 0
1708884728134 1.8 0
1708884730549 1.79 0
1708884732979 1.81 0
1708884735405 1.8 0
1708884737840 1.81 0
1708884740264 1.81 0
1708884742686 1.79 0
1708884745110 1.8 0
1708884747659 1.79 0
1708884750082 1.8 0
1708884752505 1.79 0
1708884754923 1.79 0
1708884757342 1.8 0
1708884759803 1.82 0
1708884762238 1.81 0
1708884764673 1.81 0
1708884767224 1.79 0
1708884769648 1.8 0
1708884776493 1.8 0
1708884778928 1.8 0
1708884781358 1.8 0
1708884783784 1.8 0
1708884786220 1.81 0
1708884788765 1.8 0
1708884791175 1.79 0
1708884793606 1.8 0
1708884796036 1.8 0
1708884798465 1.8 0
1708884800889 1.79 0
1708884803324 1.8 0
1708884805749 1.8 0
1708884808285 1.91 0
1708884810716 1.8 0
1708884813145 1.79 0
1708884815566 1.8 0
1708884817988 1.8 0
1708884820410 1.79 0
1708884822827 1.79 0
1708884825255 1.8 0
1708884827824 1.95 0
1708884830249 1.8 0
1708884832679 1.8 0
1708884835117 1.81 0
1708884837539 1.8 0
1708884839965 1.8 0
1708884842395 1.8 0
1708884844828 1.8 0
1708884847247 1.8 0
1708884849802 1.79 0
1708884852231 1.8 0
1708884854675 1.81 0
1708884857125 1.82 0
1708884859548 1.8 0
1708884861979 1.8 0
1708884864401 1.79 0
1708884866827 1.8 0
1708884869390 1.8 0
1708884871812 1.79 0
1708884874237 1.8 0
1708884876654 1.79 0
1708884879096 1.81 0
1708884881562 1.83 0
1708884884017 1.82 0
1708884886450 1.8 0
1708884888997 1.8 0
1708884891438 1.81 0
1708884893853 1.8 0
1708884896285 1.81 0
1708884903145 1.8 0
1708884905569 1.8 0
1708884907995 1.8 0
1708884910435 1.82 0
1708884912981 1.79 0
1708884915401 1.8 0
1708884917818 1.79 0
1708884920242 1.8 0
1708884922665 1.8 0
1708884925088 1.8 0
1708884931880 1.8 0
1708884938731 1.8 0
1708884941147 1.79 0
1708884943579 1.8 0
1708884946007 1.81 0
1708884948423 1.8 0
1708884950845 1.8 0
1708884953269 1.8 0
1708884955696 1.8 0
1708884958259 1.81 0
1708884960677 1.8 0
1708884963090 1.79 0
1708884965527 1.81 0
1708884967944 1.79 0
1708884970368 1.8 0
1708884972791 1.8 0
1708884975219 1.8 0
1708884977641 1.8 0
1708884980193 1.79 0
1708884982606 1.79 0
1708884985028 1.79 0
1708884987447 1.79 0
1708884989865 1.8 0
1708884992291 1.81 0
1708884994717 1.8 0
1708884997138 1.79 0
1708884999681 1.79 0
1708885002102 1.8 0
1708885004532 1.8 0
1708885006957 1.8 0
1708885009392 1.81 0
1708885011826 1.8 0
1708885014275 1.82 0
1708885016699 1.8 0
1708885019130 1.8 0
1708885021682 1.79 0
1708885024101 1.8 0
1708885026528 1.8 0
1708885028958 1.81 0
1708885031386 1.8 0
1708885038183 1.8 0
1708885040604 1.8 0
1708885043162 1.93 0
1708885045596 1.8 0
1708885048008 1.8 0
1708885050425 1.79 0
1708885052852 1.8 0
1708885055277 1.8 0
1708885057705 1.8 0
1708885060140 1.8 0
1708885062572 1.81 0
1708885065126 1.8 0
1708885067546 1.8 0
1708885069970 1.8 0
1708885072390 1.8 0
1708885074811 1.8 0
1708885077234 1.8 0
1708885079658 1.79 0
1708885082081 1.79 0
1708885084633 1.79 0
1708885087051 1.79 0
1708885089479 1.8 0
1708885091907 1.8 0
1708885094331 1.8 0
1708885096758 1.8 0
1708885099204 1.81 0
1708885101638 1.8 0
1708885104078 1.8 0
1708885106645 1.8 0
1708885109077 1.8 0
1708885111526 1.81 0
1708885113957 1.8 0
1708885116399 1.81 0
1708885118839 1.8 0
1708885121297 1.82 0
1708885123716 1.8 0
1708885126272 1.79 0
1708885128701 1.8 0
1708885131131 1.8 0
1708885133565 1.8 0
1708885135997 1.8 0
1708885138430 1.8 0
1708885140867 1.8 0
1708885143287 1.8 0
1708885145867 1.95 0
1708885148293 1.79 0
1708885150723 1.8 0
1708885153161 1.81 0
1708885155594 1.8 0
1708885158031 1.8 0
1708885164858 1.8 0
1708885167276 1.8 0
1708885169840 1.81 0
1708885172305 1.83 0
1708885174731 1.79 0
1708885177164 1.8 0
1708885179594 1.8 0
1708885182041 1.82 0
1708885184474 1.8 0
1708885186913 1.8 0
1708885189473 1.8 0
1708885191913 1.81 0
1708885194353 1.8 0
1708885196779 1.79 0
1708885199209 1.8 0
1708885201646 1.8 0
1708885204086 1.81 0
1708885206532 1.81 0
1708885209114 1.95 0
1708885211541 1.8 0
1708885213967 1.79 0
1708885216395 1.8 0
1708885218827 1.8 0
1708885221254 1.79 0
1708885223685 1.8 0
1708885226110 1.8 0
1708885228543 1.8 0
1708885231109 1.8 0
1708885233540 1.8 0
1708885235978 1.8 0
1708885238408 1.8 0
1708885240839 1.8 0
1708885243274 1.8 0
1708885245700 1.79 0
1708885248135 1.8 0
1708885250730 1.82 0
1708885253156 1.79 0
1708885255579 1.8 0
1708885258007 1.79 0
1708885260442 1.8 0
1708885262877 1.8 0
1708885265309 1.8 0
1708885267753 1.8 0
1708885270186 1.8 0
1708885272780 1.82 0
1708885275205 1.79 0
1708885277654 1.81 0
1708885280112 1.82 0
1708885282548 1.8 0
1708885284984 1.8 0
1708885291856 1.8 0
1708885294411 1.79 0
1708885296852 1.81 0
1708885299295 1.8 0
1708885301728 1.8 0
1708885304169 1.8 0
1708885306603 1.8 0
1708885309047 1.8 0
1708885311488 1.8 0
1708885314066 1.94 0
1708885316491 1.79 0
1708885318939 1.81 0
1708885321374 1.8 0
1708885323813 1.8 0
1708885326255 1.8 0
1708885328726 1.83 0
1708885331144 1.79 0
1708885333599 1.82 0
1708885336167 1.8 0
1708885338600 1.8 0
1708885341041 1.8 0
1708885343477 1.8 0
1708885345912 1.79 0
1708885348351 1.8 0
1708885350788 1.8 0
1708885353221 1.79 0
1708885355789 1.79 0
1708885358225 1.79 0
1708885360667 1.8 0
1708885363108 1.8 0
1708885365551 1.8 0
1708885367993 1.8 0
1708885370430 1.8 0
1708885372895 1.83 0
1708885375512 1.97 0
1708885377948 1.8 0
1708885380381 1.79 0
1708885382819 1.81 0
1708885385244 1.8 0
1708885387672 1.81 0
1708885390093 1.8 0
1708885392517 1.8 0
1708885394953 1.81 0
1708885397510 1.8 0
1708885399945 1.81 0
1708885402379 1.81 0
1708885404814 1.81 0
1708885407237 1.8 0
1708885409666 1.8 0
1708885412109 1.81 0
1708885418931 1.8 0
1708885421495 1.81 0
1708885423947 1.8 0
1708885426393 1.82 0
1708885428816 1.8 0
1708885435772 1.8 0
1708885442659 1.8 0
1708885445077 1.8 0
1708885452014 1.8 0
1708885454429 1.79 0
1708885456838 1.79 0
1708885459251 1.79 0
1708885461664 1.79 0
1708885464096 1.8 0
1708885466513 1.79 0
1708885468930 1.8 0
1708885471483 1.8 0
1708885473910 1.8 0
1708885476339 1.79 0
1708885478788 1.81 0
1708885481213 1.79 0
1708885483639 1.8 0
1708885486075 1.8 0
1708885488513 1.8 0
1708885490941 1.79 0
1708885493516 1.81 0
1708885495952 1.8 0
1708885498384 1.8 0
1708885500840 1.82 0
1708885503275 1.8 0
1708885505703 1.8 0
1708885508091 1.75 0
1708885510534 1.81 0
1708885513055 1.75 0
1708885515499 1.81 0
1708885517937 1.8 0
1708885520371 1.79 0
1708885522810 1.8 0
1708885525235 1.8 0
1708885527672 1.8 0
1708885530120 1.81 0
1708885532559 1.8 0
1708885535130 1.8 0
1708885537568 1.8 0
1708885540005 1.8 0
1708885542450 1.8 0
1708885544884 1.8 0
1708885547318 1.8 0
1708885549778 1.82 0
1708885552222 1.81 0
1708885559170 1.8 0
1708885561613 1.81 0
1708885564046 1.8 0
1708885566479 1.8 0
1708885568901 1.78 0
1708885571348 1.81 0
1708885573799 1.81 0
1708885576234 1.81 0
1708885578796 1.8 0
1708885581269 1.84 0
1708885583721 1.82 0
1708885586147 1.79 0
1708885588577 1.8 0
1708885591011 1.8 0
1708885593447 1.8 0
1708885595888 1.81 0
1708885598327 1.8 0
1708885600890 1.79 0
1708885603332 1.81 0
1708885605764 1.8 0
1708885608211 1.81 0
1708885610643 1.8 0
1708885613076 1.8 0
1708885615510 1.8 0
1708885617948 1.8 0
1708885620540 1.82 0
1708885622979 1.8 0
1708885625411 1.8 0
1708885627851 1.8 0
1708885630298 1.81 0
1708885632736 1.8 0
1708885635182 1.81 0
1708885637612 1.8 0
1708885640050 1.81 0
1708885642619 1.8 0
1708885645075 1.83 0
1708885647507 1.81 0
1708885649933 1.8 0
1708885652372 1.81 0
1708885654809 1.81 0
1708885657249 1.81 0
1708885659679 1.8 0
1708885662233 1.79 0
1708885664652 1.8 0
1708885667084 1.79 0
1708885669519 1.8 0
1708885671957 1.8 0
1708885674403 1.81 0
1708885676834 1.8 0
1708885679276 1.81 0
1708885686235 1.82 0
1708885688671 1.8 0
1708885691110 1.8 0
1708885693553 1.81 0
1708885695979 1.8 0
1708885698428 1.8 0
1708885700862 1.8 0
1708885703302 1.81 0
1708885705736 1.8 0
1708885708296 1.79 0
1708885710717 1.8 0
1708885713151 1.8 0
1708885715585 1.81 0
1708885718016 1.8 0
1708885720453 1.81 0
1708885722900 1.82 0
1708885725341 1.81 0
1708885727900 1.8 0
1708885730349 1.82 0
1708885732783 1.8 0
1708885735220 1.8 0
1708885737662 1.81 0
1708885740095 1.8 0
1708885742554 1.83 0
1708885744979 1.8 0
1708885747547 1.8 0
1708885749982 1.8 0
1708885752415 1.8 0
1708885754855 1.8 0
1708885757315 1.82 0
1708885759753 1.8 0
1708885762180 1.8 0
1708885764609 1.8 0
1708885767045 1.8 0
1708885769609 1.8 0
1708885772057 1.81 0
1708885774494 1.8 0
1708885776925 1.8 0
1708885779357 1.8 0
1708885781784 1.8 0
1708885784221 1.81 0
1708885786650 1.8 0
1708885789205 1.79 0
1708885791640 1.8 0
1708885794074 1.8 0
1708885796517 1.81 0
1708885798946 1.79 0
1708885801386 1.81 0
1708885803816 1.8 0
1708885806244 1.8 0
1708885813238 1.8 0
1708885815668 1.8 0
1708885818093 1.8 0
1708885820520 1.79 0
1708885822956 1.8 0
1708885825398 1.81 0
1708885827847 1.81 0
1708885830279 1.79 0
1708885832868 1.81 0
1708885835317 1.81 0
1708885837774 1.83 0
1708885840195 1.79 0
1708885842630 1.8 0
1708885845062 1.8 0
1708885847493 1.8 0
1708885849923 1.8 0
1708885852357 1.8 0
1708885854916 1.79 0
1708885857341 1.79 0
1708885859769 1.79 0
1708885862221 1.82 0
1708885864646 1.8 0
1708885867083 1.8 0
1708885869509 1.8 0
1708885871946 1.8 0
1708885874523 1.81 0
1708885876977 1.82 0
1708885879416 1.8 0
1708885881849 1.8 0
1708885884294 1.8 0
1708885886739 1.81 0
1708885889169 1.8 0
1708885891613 1.79 0
1708885894180 1.8 0
1708885896625 1.8 0
1708885899076 1.81 0
1708885901509 1.79 0
1708885903952 1.8 0
1708885906386 1.8 0
1708885908817 1.79 0
1708885911259 1.8 0
1708885913701 1.8 0
1708885916271 1.8 0
1708885918713 1.8 0
1708885921149 1.8 0
1708885923577 1.8 0
1708885926024 1.81 0
1708885928454 1.8 0
1708885935351 1.8 0
1708885937923 1.93 0
1708885949267 1.81 0
1708885951719 1.81 0
1708885954151 1.79 0
1708885956583 1.79 0
1708885959016 1.8 0
1708885961462 1.81 0
1708885964010 1.79 0
1708885966439 1.79 0
1708885968888 1.81 0
1708885971331 1.8 0
1708885973774 1.81 0
1708885976217 1.81 0
1708885978653 1.8 0
1708885981096 1.81 0
1708885983650 1.91 0
1708885986086 1.79 0
1708885988531 1.81 0
1708885990955 1.79 0
1708885993385 1.79 0
1708885995822 1.8 0
1708885998267 1.81 0
1708886000720 1.82 0
1708886003164 1.81 0
1708886005729 1.79 0
1708886008179 1.81 0
1708886010614 1.8 0
1708886013049 1.8 0
1708886015480 1.79 0
1708886017913 1.79 0
1708886020351 1.8 0
1708886022793 1.8 0
1708886025365 1.8 0
1708886027808 1.8 0
1708886030250 1.81 0
1708886032688 1.8 0
1708886035134 1.81 0
1708886037575 1.8 0
1708886040027 1.81 0
1708886042464 1.8 0
1708886044903 1.8 0
1708886047479 1.8 0
1708886049918 1.8 0
1708886052350 1.79 0
1708886054797 1.8 0
1708886057225 1.79 0
1708886059687 1.82 0
1708886062123 1.8 0
1708886064561 1.8 0
1708886067125 1.79 0
1708886069592 1.83 0
1708886076477 1.8 0
1708886078915 1.8 0
1708886081347 1.79 0
1708886083784 1.8 0
1708886086207 1.79 0
1708886088763 1.92 0
1708886091216 1.81 0
1708886093654 1.79 0
1708886096101 1.8 0
1708886098548 1.8 0
1708886100996 1.8 0
1708886103446 1.8 0
1708886105904 1.81 0
1708886108474 1.92 0
1708886110921 1.8 0
1708886113371 1.8 0
1708886115812 1.8 0
1708886118254 1.8 0
1708886120692 1.79 0
1708886123141 1.8 0
1708886125587 1.8 0
1708886128041 1.79 0
1708886130612 1.79 0
1708886133037 1.79 0
1708886135486 1.8 0
1708886137963 1.84 0
1708886140414 1.8 0
1708886142865 1.8 0
1708886145321 1.81 0
1708886147764 1.8 0
1708886150364 1.82 0
1708886152822 1.81 0
1708886155271 1.8 0
1708886157712 1.79 0
1708886160161 1.8 0
1708886162631 1.82 0
1708886165085 1.8 0
1708886167536 1.81 0
1708886170117 1.81 0
1708886172567 1.8 0
1708886175028 1.81 0
1708886177484 1.81 0
1708886179931 1.8 0
1708886182376 1.8 0
1708886184825 1.8 0
1708886187279 1.81 0
1708886189866 1.94 0
1708886192301 1.79 0
1708886194751 1.8 0
1708886197204 1.8 0
1708886204153 1.84 0
1708886206625 1.82 0
1708886209086 1.81 0
1708886211533 1.8 0
1708886214122 1.81 0
1708886216584 1.81 0
1708886219027 1.79 0
1708886221476 1.79 0
1708886223932 1.81 0
1708886226384 1.8 0
1708886228837 1.8 0
1708886231279 1.79 0
1708886233860 1.8 0
1708886236306 1.8 0
1708886238749 1.8 0
1708886241223 1.82 0
1708886243666 1.79 0
1708886246110 1.79 0
1708886248547 1.79 0
1708886251001 1.8 0
1708886253590 1.81 0
1708886256047 1.8 0
1708886258500 1.8 0
1708886260957 1.8 0
1708886263413 1.82 0
1708886265870 1.81 0
1708886268334 1.81 0
1708886270783 1.8 0
1708886273389 1.95 0
1708886275846 1.81 0
1708886282678 1.81 0
1708886289544 1.81 0
1708886291995 1.8 0
1708886299029 1.82 0
1708886301600 1.8 0
1708886304057 1.81 0
1708886306521 1.81 0
1708886308988 1.82 0
1708886311431 1.8 0
1708886313888 1.81 0
1708886316349 1.81 0
1708886318797 1.8 0
1708886321251 1.8 0
1708886323835 1.8 0
1708886326273 1.79 0
1708886328746 1.81 0
1708886331196 1.8 0
1708886333647 1.8 0
1708886336092 1.8 0
1708886338540 1.8 0
1708886345640 1.8 0
1708886348099 1.81 0
1708886350548 1.8 0
1708886352987 1.79 0
1708886355440 1.8 0
1708886357889 1.8 0
1708886360348 1.8 0
1708886362797 1.8 0
1708886365381 1.8 0
1708886367830 1.79 0
1708886370279 1.8 0
1708886372738 1.81 0
1708886375187 1.8 0
1708886377642 1.8 0
1708886380087 1.8 0
1708886382541 1.81 0
1708886385135 1.94 0
1708886387595 1.8 0
1708886390068 1.82 0
1708886392519 1.8 0
1708886394968 1.8 0
1708886397462 1.84 0
1708886399910 1.79 0
1708886402363 1.8 0
1708886404810 1.79 0
1708886407398 1.8 0
1708886409845 1.79 0
1708886412299 1.8 0
1708886414750 1.8 0
1708886417193 1.79 0
1708886419647 1.8 0
1708886422092 1.79 0
1708886424533 1.79 0
1708886427144 1.83 0
1708886429584 1.79 0
1708886432039 1.8 0
1708886434490 1.8 0
1708886436943 1.8 0
1708886439405 1.81 0
1708886441849 1.79 0
1708886444306 1.8 0
1708886446865 1.91 0
1708886449329 1.81 0
1708886451780 1.8 0
1708886454234 1.8 0
1708886456685 1.8 0
1708886459143 1.81 0
1708886461565 1.8 0
1708886463991 1.81 0
1708886466413 1.8 0
1708886473491 1.82 0
1708886475912 1.8 0
1708886478341 1.81 0
1708886480776 1.81 0
1708886483201 1.8 0
1708886485620 1.79 0
1708886488037 1.8 0
1708886490449 1.79 0
1708886493002 1.8 0
1708886495429 1.81 0
1708886497852 1.81 0
1708886500267 1.8 0
1708886502691 1.8 0
1708886505109 1.8 0
1708886507537 1.8 0
1708886509969 1.8 0
1708886512397 1.8 0
1708886514947 1.93 0
1708886517357 1.79 0
1708886519776 1.8 0
1708886522202 1.8 0
1708886524621 1.8 0
1708886527048 1.8 0
1708886529463 1.79 0
1708886531888 1.8 0
1708886534316 1.81 0
1708886536854 1.92 0
1708886539277 1.8 0
1708886541693 1.79 0
1708886544128 1.81 0
1708886546560 1.81 0
1708886548984 1.8 0
1708886551413 1.81 0
1708886553830 1.8 0
1708886556251 1.8 0
1708886558815 1.94 0
1708886561239 1.8 0
1708886563655 1.79 0
1708886566083 1.81 0
1708886568514 1.81 0
1708886570943 1.81 0
1708886573368 1.8 0
1708886575801 1.81 0
1708886578220 1.79 0
1708886580768 1.8 0
1708886583144 1.76 0
1708886585565 1.8 0
1708886587981 1.8 0
1708886590405 1.8 0
1708886592824 1.8 0
1708886599692 1.8 0
1708886602118 1.8 0
1708886604660 1.79 0
1708886607074 1.79 0
1708886609488 1.8 0
1708886611915 1.8 0
1708886614332 1.79 0
1708886616757 1.8 0
1708886619193 1.81 0
1708886621616 1.79 0
1708886624050 1.8 0
1708886626599 1.93 0
1708886629007 1.8 0
1708886631414 1.8 0
1708886633817 1.79 0
1708886636226 1.79 0
1708886638629 1.8 0
1708886641046 1.8 0
1708886643476 1.81 0
1708886645901 1.8 0
1708886648456 1.93 0
1708886650876 1.8 0
1708886653308 1.81 0
1708886655721 1.8 0
1708886658133 1.8 0
1708886660547 1.8 0
1708886662975 1.81 0
1708886665398 1.8 0
1708886667815 1.8 0
1708886670345 1.91 0
1708886672777 1.8 0
1708886675202 1.8 0
1708886677639 1.8 0
1708886680083 1.82 0
1708886682502 1.8 0
1708886684944 1.82 0
1708886687383 1.81 0
1708886689806 1.8 0
1708886692362 1.8 0
1708886694796 1.81 0
1708886697229 1.81 0
1708886699653 1.8 0
1708886702096 1.82 0
1708886704527 1.81 0
1708886706944 1.79 0
1708886709368 1.8 0
1708886711800 1.81 0
1708886714366 1.94 0
1708886716800 1.81 0
1708886719218 1.8 0
1708886726152 1.81 0
1708886728576 1.8 0
1708886731004 1.8 0
1708886733424 1.8 0
1708886735846 1.8 0
1708886738387 1.8 0
1708886740829 1.81 0
1708886743264 1.8 0
1708886745686 1.8 0
1708886748111 1.8 0
1708886750536 1.8 0
1708886752967 1.8 0
1708886755393 1.8 0
1708886757823 1.8 0
1708886760398 1.94 0
1708886762830 1.8 0
1708886765261 1.8 0
1708886767679 1.79 0
1708886770111 1.8 0
1708886772575 1.84 0
1708886774998 1.79 0
1708886777430 1.81 0
1708886779861 1.8 0
1708886782434 1.94 0
1708886784861 1.8 0
1708886787286 1.8 0
1708886789722 1.81 0
1708886792157 1.81 0
1708886794589 1.8 0
1708886797017 1.8 0
1708886799459 1.8 0
1708886801900 1.81 0
1708886804441 1.91 0
1708886806867 1.79 0
1708886809312 1.82 0
1708886811735 1.8 0
1708886814163 1.8 0
1708886816592 1.8 0
1708886819020 1.8 0
1708886821450 1.8 0
1708886823907 1.83 0
1708886826478 1.81 0
1708886828903 1.8 0
1708886831330 1.8 0
1708886833756 1.8 0
1708886836198 1.81 0
1708886838631 1.8 0
1708886841071 1.8 0
1708886843503 1.8 0
1708886845932 1.79 0
1708886852973 1.81 0
1708886855409 1.8 0
1708886857833 1.79 0
1708886860264 1.8 0
1708886862695 1.8 0
1708886865124 1.8 0
1708886867547 1.79 0
1708886869980 1.81 0
1708886872543 1.93 0
1708886874963 1.79 0
1708886877396 1.8 0
1708886879839 1.82 0
1708886882269 1.8 0
1708886884700 1.8 0
1708886887147 1.81 0
1708886889570 1.8 0
1708886891998 1.8 0
1708886894554 1.92 0
1708886896982 1.8 0
1708886899410 1.8 0
1708886901840 1.8 0
1708886904282 1.81 0
1708886906711 1.8 0
1708886909134 1.79 0
1708886911549 1.8 0
1708886913975 1.8 0
1708886916532 1.93 0
1708886918957 1.79 0
1708886921391 1.81 0
1708886923835 1.81 0
1708886926266 1.8 0
1708886928701 1.81 0
1708886931129 1.8 0
1708886933561 1.8 0
1708886936010 1.81 0
1708886938586 1.94 0
1708886941015 1.79 0
1708886943460 1.81 0
1708886945894 1.8 0
1708886948334 1.81 0
1708886950768 1.8 0
1708886953223 1.82 0
1708886955652 1.8 0
1708886958081 1.79 0
1708886960652 1.81 0
1708886963070 1.79 0
1708886965514 1.81 0
1708886967955 1.8 0
1708886970369 1.78 0
1708886972801 1.8 0
1708886979537 1.68 0
1708886981924 1.75 0
1708886984458 1.9 0
1708886986853 1.76 0
1708886989238 1.75 0
1708886991596 1.72 0
1708886993928 1.71 0
1708886996230 1.66 0
1708886998576 1.72 0
1708887000866 1.66 0
1708887003256 1.76 0
1708887005781 1.9 0
1708887008159 1.75 0
1708887010528 1.74 0
1708887012900 1.75 0
1708887015336 1.8 0
1708887017725 1.76 0
1708887020119 1.76 0
1708887022409 1.66 0
1708887024808 1.76 0
1708887027273 1.71 0
1708887029609 1.7 0
1708887031966 1.72 0
1708887034265 1.67 0
1708887036652 1.76 0
1708887038944 1.67 0
1708887041330 1.76 0
1708887043673 1.71 0
1708887046062 1.75 0
1708887048543 1.85 0
1708887050964 1.79 0
1708887053357 1.76 0
1708887055705 1.71 0
1708887058088 1.75 0
1708887060423 1.71 0
1708887062857 1.81 0
1708887065203 1.72 0
1708887067602 1.77 0
1708887070121 1.88 0
1708887072548 1.79 0
1708887074947 1.77 0
1708887077335 1.76 0
1708887079681 1.72 0
1708887082074 1.76 0
1708887084501 1.8 0
1708887086925 1.79 0
1708887089275 1.72 0
1708887091738 1.83 0
1708887094182 1.81 0
1708887096571 1.76 0
1708887103259 1.76 0
1708887105634 1.75 0
1708887108031 1.75 0
1708887110461 1.8 0
1708887112847 1.76 0
1708887115319 1.84 0
1708887117658 1.7 0
1708887120008 1.72 0
1708887122405 1.76 0
1708887124755 1.72 0
1708887127101 1.71 0
1708887129538 1.81 0
1708887131937 1.77 0
1708887134365 1.8 0
1708887136929 1.8 0
1708887139320 1.76 0
1708887141704 1.75 0
1708887144009 1.67 0
1708887146442 1.8 0
1708887148865 1.79 0
1708887151253 1.76 0
1708887153644 1.77 0
1708887155995 1.72 0
1708887158531 1.9 0
1708887160823 1.66 0
1708887163164 1.71 0
1708887165510 1.72 0
1708887167809 1.67 0
1708887170105 1.66 0
1708887172490 1.75 0
1708887174835 1.72 0
1708887177265 1.8 0
1708887179808 1.91 0
1708887182104 1.67 0
1708887184496 1.76 0
1708887186869 1.75 0
1708887189290 1.8 0
1708887191578 1.66 0
1708887193883 1.68 0
1708887196098 1.59 0
1708887198501 1.77 0
1708887200939 1.81 0
1708887203381 1.81 0
