1708881068751 0.001 0
1708881079293 0.001 1
1708881085965 0.001 2
1708881092556 0.001 3
1708881099054 0.001 4
1708881105619 0.001 5
1708881107953 0.001 6
1708881110220 0.001 7
1708881116842 0.001 8
1708881119170 0.001 9
1708881121472 0.001 10
1708881123776 0.001 11
1708881126087 0.001 12
1708881128410 0.001 13
1708881134966 0.001 14
1708881137292 0.001 15
1708881139707 0.001 16
1708881142040 0.001 17
1708881144365 0.001 18
1708881146690 0.001 19
1708881149021 0.001 20
1708881151361 0.001 21
1708881153668 0.001 22
1708881155963 0.001 23
1708881158362 0.001 24
1708881164915 0.001 25
1708881171411 0.001 26
1708881177902 0.001 27
1708881184458 0.001 28
1708881186884 0.001 29
1708881189204 0.001 30
1708881195726 0.001 31
1708881198044 0.001 32
1708881200374 0.001 33
1708881202697 0.001 34
1708881205044 0.001 35
1708881207371 0.001 36
1708881209833 0.001 37
1708881212167 0.001 38
1708881214561 0.001 39
1708881216894 0.001 40
1708881219234 0.001 41
1708881221534 0.001 42
1708881223839 0.001 43
1708881226149 0.001 44
1708881228587 0.001 45
1708881230900 0.001 46
1708881233206 0.001 47
1708881235511 0.001 48
1708881237850 0.001 49
1708881240552 0.001 50
1708881242868 0.001 51
1708881245187 0.001 52
1708881247519 0.001 53
1708881249968 0.001 54
1708881252291 0.001 55
1708881254696 0.001 56
1708881257018 0.001 57
1708881259355 0.001 58
1708881261676 0.001 59
1708881264000 0.001 60
1708881266329 0.001 61
1708881268795 0.001 62
1708881271126 0.001 63
1708881273455 0.001 64
1708881275780 0.001 65
1708881278110 0.001 66
1708881280455 0.001 67
1708881282785 0.001 68
1708881285124 0.001 69
1708881287592 0.001 70
1708881289927 0.001 71
1708881292268 0.001 72
1708881294611 0.001 73
1708881296946 0.001 74
1708881299285 0.001 75
1708881301631 0.001 76
1708881303972 0.001 77
1708881306319 0.001 78
1708881308797 0.001 79
1708881311147 0.001 80
1708881313483 0.001 81
1708881315829 0.001 82
1708881318136 0.001 83
1708881320446 0.001 84
1708881322768 0.001 85
1708881325079 0.001 86
1708881327518 0.001 87
1708881329826 0.001 88
1708881332136 0.001 89
1708881334444 0.001 90
1708881336756 0.001 91
1708881339064 0.001 92
1708881341381 0.001 93
1708881343700 0.001 94
1708881346007 0.001 95
1708881348446 0.001 96
1708881350765 0.001 97
1708881353097 0.001 98
1708881355409 0.001 99
1708881362017 0.001 100
1708881364337 0.001 101
1708881366655 0.001 102
1708881368977 0.001 103
1708881371425 0.001 104
1708881373744 0.001 105
1708881376066 0.001 106
1708881378388 0.001 107
1708881380701 0.001 108
1708881383008 0.001 109
1708881385318 0.001 110
1708881387635 0.001 111
1708881389950 0.001 112
1708881392403 0.001 113
1708881394713 0.001 114
1708881397016 0.001 115
1708881399344 0.001 116
1708881401671 0.001 117
1708881403987 0.001 118
1708881406311 0.001 119
1708881408630 0.001 120
1708881410952 0.001 121
1708881413421 0.001 122
1708881415736 0.001 123
1708881418055 0.001 124
1708881420377 0.001 125
1708881422705 0.001 126
1708881425032 0.001 127
1708881427345 0.001 128
1708881429656 0.001 129
1708881432109 0.001 130
1708881434435 0.001 131
1708881436778 0.001 132
1708881439133 0.001 133
1708881441483 0.001 134
1708881443858 0.001 135
1708881446203 0.001 136
1708881448619 0.001 137
1708881450960 0.001 138
1708881453435 0.001 139
1708881455767 0.001 140
1708881458120 0.001 141
1708881460468 0.001 142
1708881462823 0.001 143
1708881465166 0.001 144
1708881467508 0.001 145
1708881469848 0.001 146
1708881472222 0.001 147
1708881474707 0.001 148
1708881477065 0.001 149
1708881484025 0.001 150
1708881486373 0.001 151
1708881488736 0.001 152
1708881491083 0.001 153
1708881493430 0.001 154
1708881495811 0.001 155
1708881498314 0.001 156
1708881500659 0.001 157
1708881503001 0.001 158
1708881505374 0.001 159
1708881507725 0.001 160
1708881510074 0.001 161
1708881512428 0.001 162
1708881514772 0.001 163
1708881517249 0.001 164
1708881519577 0.001 165
1708881521910 0.001 166
1708881524261 0.001 167
1708881526619 0.001 168
1708881528970 0.001 169
1708881531323 0.001 170
1708881533666 0.001 171
1708881536146 0.001 172
1708881538483 0.001 173
1708881540820 0.001 174
1708881543167 0.001 175
1708881545515 0.001 176
1708881547855 0.001 177
1708881550194 0.001 178
1708881552540 0.001 179
1708881554873 0.001 180
1708881557345 0.001 181
1708881559697 0.001 182
1708881562039 0.001 183
1708881564367 0.001 184
1708881566712 0.001 185
1708881569054 0.001 186
1708881571397 0.001 187
1708881573743 0.001 188
1708881576211 0.001 189
1708881578536 0.001 190
1708881580881 0.001 191
1708881583233 0.001 192
1708881585581 0.001 193
1708881587933 0.001 194
1708881590285 0.001 195
1708881592655 0.001 196
1708881595162 0.001 197
1708881597518 0.001 198
1708881599875 0.001 199
1708881606644 0.001 200
1708881609007 0.001 201
1708881611366 0.001 202
1708881613743 0.001 203
1708881616109 0.001 204
1708881618575 0.001 205
1708881620884 0.001 206
1708881623219 0.001 207
1708881625538 0.001 208
1708881627847 0.001 209
1708881630165 0.001 210
1708881632490 0.001 211
1708881634824 0.001 212
1708881637147 0.001 213
1708881639610 0.001 214
1708881641939 0.001 215
1708881644259 0.001 216
1708881646577 0.001 217
1708881648900 0.001 218
1708881651218 0.001 219
1708881653550 0.001 220
1708881655878 0.001 221
1708881658208 0.001 222
1708881660679 0.001 223
1708881662998 0.001 224
1708881665312 0.001 225
1708881667633 0.001 226
1708881669945 0.001 227
1708881672263 0.001 228
1708881674576 0.001 229
1708881676891 0.001 230
1708881679344 0.001 231
1708881681663 0.001 232
1708881683984 0.001 233
1708881686302 0.001 234
1708881688624 0.001 235
1708881690936 0.001 236
1708881693257 0.001 237
1708881695584 0.001 238
1708881697899 0.001 239
1708881700369 0.001 240
1708881702697 0.001 241
1708881705046 0.001 242
1708881707373 0.001 243
1708881709695 0.001 244
1708881712024 0.001 245
1708881714350 0.001 246
1708881716677 0.001 247
1708881719011 0.001 248
1708881721484 0.001 249
1708881728125 0.001 250
1708881730446 0.001 251
1708881732797 0.001 252
1708881735123 0.001 253
1708881737447 0.001 254
1708881739769 0.001 255
1708881742097 0.001 256
1708881744575 0.001 257
1708881746902 0.001 258
1708881749231 0.001 259
1708881751562 0.001 260
1708881753884 0.001 261
1708881756217 0.001 262
1708881758545 0.001 263
1708881760874 0.001 264
1708881763205 0.001 265
1708881765668 0.001 266
1708881767993 0.001 267
1708881770319 0.001 268
1708881772666 0.001 269
1708881774993 0.001 270
1708881777321 0.001 271
1708881779657 0.001 272
1708881781991 0.001 273
1708881784317 0.001 274
1708881786790 0.001 275
1708881789118 0.001 276
1708881791458 0.001 277
1708881793784 0.001 278
1708881796119 0.001 279
1708881798452 0.001 280
1708881800779 0.001 281
1708881803127 0.001 282
1708881805461 0.001 283
1708881807949 0.001 284
1708881810275 0.001 285
1708881812602 0.001 286
1708881814937 0.001 287
1708881817286 0.001 288
1708881819627 0.001 289
1708881821958 0.001 290
1708881824296 0.001 291
1708881826778 0.001 292
1708881829107 0.001 293
1708881831438 0.001 294
1708881833773 0.001 295
1708881836118 0.001 296
1708881838476 0.001 297
1708881840816 0.001 298
1708881843150 0.001 299
1708881850003 0.001 300
1708881852344 0.001 301
1708881854681 0.001 302
1708881857016 0.001 303
1708881859359 0.001 304
1708881861696 0.001 305
1708881864031 0.001 306
1708881866388 0.001 307
1708881868735 0.001 308
1708881871211 0.001 309
1708881877975 0.001 310
1708881884571 0.001 311
1708881891400 0.001 312
1708881898228 0.001 313
1708881900693 0.001 314
1708881903030 0.001 315
1708881905368 0.001 316
1708881907724 0.001 317
1708881910075 0.001 318
1708881912416 0.001 319
1708881914768 0.001 320
1708881917109 0.001 321
1708881919576 0.001 322
1708881921915 0.001 323
1708881924254 0.001 324
1708881926594 0.001 325
1708881928935 0.001 326
1708881931295 0.001 327
1708881933637 0.001 328
1708881935989 0.001 329
1708881938341 0.001 330
1708881940819 0.001 331
1708881943175 0.001 332
1708881945513 0.001 333
1708881947850 0.001 334
1708881950216 0.001 335
1708881952574 0.001 336
1708881954934 0.001 337
1708881957278 0.001 338
1708881959755 0.001 339
1708881962106 0.001 340
1708881964458 0.001 341
1708881966814 0.001 342
1708881969161 0.001 343
1708881971508 0.001 344
1708881973869 0.001 345
1708881976222 0.001 346
1708881978592 0.001 347
1708881981052 0.001 348
1708881983397 0.001 349
1708881990224 0.001 350
1708881992600 0.001 351
1708881994961 0.001 352
1708881997315 0.001 353
1708881999666 0.001 354
1708882002142 0.001 355
1708882004480 0.001 356
1708882006845 0.001 357
1708882009211 0.001 358
1708882011559 0.001 359
1708882013915 0.001 360
1708882016272 0.001 361
1708882018622 0.001 362
1708882021112 0.001 363
1708882023453 0.001 364
1708882025795 0.001 365
1708882028154 0.001 366
1708882030505 0.001 367
1708882032856 0.001 368
1708882035221 0.001 369
1708882037587 0.001 370
1708882040035 0.001 371
1708882042402 0.001 372
1708882044748 0.001 373
1708882047111 0.001 374
1708882049462 0.001 375
1708882051825 0.001 376
1708882054185 0.001 377
1708882060951 0.001 378
1708882067721 0.001 379
1708882070082 0.001 380
1708882072433 0.001 381
1708882074788 0.001 382
1708882081572 0.001 383
1708882084050 0.001 384
1708882086417 0.001 385
1708882088903 0.001 386
1708882091252 0.001 387
1708882093614 0.001 388
1708882095975 0.001 389
1708882098331 0.001 390
1708882100693 0.001 391
1708882103059 0.001 392
1708882105427 0.001 393
1708882107791 0.001 394
1708882110298 0.001 395
1708882112667 0.001 396
1708882115028 0.001 397
1708882117397 0.001 398
1708882119758 0.001 399
1708882126443 0.001 400
1708882128813 0.001 401
1708882131315 0.001 402
1708882133684 0.001 403
1708882136045 0.001 404
1708882138410 0.001 405
1708882140779 0.001 406
1708882143157 0.001 407
1708882145515 0.001 408
1708882147901 0.001 409
1708882150391 0.001 410
1708882152719 0.001 411
1708882155053 0.001 412
1708882157404 0.001 413
1708882159748 0.001 414
1708882166476 0.001 415
1708882173117 0.001 416
1708882175587 0.001 417
1708882182511 0.001 418
1708882189230 0.001 419
1708882191567 0.001 420
1708882193896 0.001 421
1708882200715 0.001 422
1708882207559 0.001 423
1708882209901 0.001 424
1708882212227 0.001 425
1708882214566 0.001 426
1708882216897 0.001 427
1708882219222 0.001 428
1708882221560 0.001 429
1708882223895 0.001 430
1708882226364 0.001 431
1708882228706 0.001 432
1708882231048 0.001 433
1708882233383 0.001 434
1708882235723 0.001 435
1708882238054 0.001 436
1708882240384 0.001 437
1708882242727 0.001 438
1708882245059 0.001 439
1708882247538 0.001 440
1708882249886 0.001 441
1708882252221 0.001 442
1708882254561 0.001 443
1708882256904 0.001 444
1708882259251 0.001 445
1708882261592 0.001 446
1708882263942 0.001 447
1708882266286 0.001 448
1708882268763 0.001 449
1708882275484 0.001 450
1708882277831 0.001 451
1708882280192 0.001 452
1708882282541 0.001 453
1708882284876 0.001 454
1708882287235 0.001 455
1708882289581 0.001 456
1708882292059 0.001 457
1708882294405 0.001 458
1708882296745 0.001 459
1708882299042 0.001 460
1708882301388 0.001 461
1708882303723 0.001 462
1708882306090 0.001 463
1708882308436 0.001 464
1708882310785 0.001 465
1708882313268 0.001 466
1708882315613 0.001 467
1708882317961 0.001 468
1708882320315 0.001 469
1708882322661 0.001 470
1708882325007 0.001 471
1708882327370 0.001 472
1708882329707 0.001 473
1708882332068 0.001 474
1708882334566 0.001 475
1708882336906 0.001 476
1708882339254 0.001 477
1708882341608 0.001 478
1708882343966 0.001 479
1708882346322 0.001 480
1708882348679 0.001 481
1708882351037 0.001 482
1708882353414 0.001 483
1708882355904 0.001 484
1708882358260 0.001 485
1708882360627 0.001 486
1708882362999 0.001 487
1708882365362 0.001 488
1708882367725 0.001 489
1708882374635 0.001 490
1708882376996 0.001 491
1708882379476 0.001 492
1708882381832 0.001 493
1708882384197 0.001 494
1708882386552 0.001 495
1708882388916 0.001 496
1708882391289 0.001 497
1708882393640 0.001 498
1708882396007 0.001 499
1708882402821 0.001 500
1708882405178 0.001 501
1708882407540 0.001 502
1708882409895 0.001 503
1708882412254 0.001 504
1708882414604 0.001 505
1708882416962 0.001 506
1708882419326 0.001 507
1708882421810 0.001 508
1708882424171 0.001 509
1708882426522 0.001 510
1708882428876 0.001 511
1708882431236 0.001 512
1708882433608 0.001 513
1708882435972 0.001 514
1708882438338 0.001 515
1708882440695 0.001 516
1708882443194 0.001 517
1708882445552 0.001 518
1708882447922 0.001 519
1708882450279 0.001 520
1708882452629 0.001 521
1708882454978 0.001 522
1708882457347 0.001 523
1708882459698 0.001 524
1708882462045 0.001 525
1708882464526 0.001 526
1708882466867 0.001 527
1708882469208 0.001 528
1708882471551 0.001 529
1708882473899 0.001 530
1708882476244 0.001 531
1708882478595 0.001 532
1708882480948 0.001 533
1708882483292 0.001 534
1708882485777 0.001 535
1708882488127 0.001 536
1708882490474 0.001 537
1708882492824 0.001 538
1708882495170 0.001 539
1708882497525 0.001 540
1708882499874 0.001 541
1708882502238 0.001 542
1708882504584 0.001 543
1708882507085 0.001 544
1708882509436 0.001 545
1708882511791 0.001 546
1708882514148 0.001 547
1708882516508 0.001 548
1708882518859 0.001 549
1708882525588 0.001 550
1708882527957 0.001 551
1708882530438 0.001 552
1708882532789 0.001 553
1708882535156 0.001 554
1708882537505 0.001 555
1708882539859 0.001 556
1708882542218 0.001 557
1708882544571 0.001 558
1708882546927 0.001 559
1708882549284 0.001 560
1708882551786 0.001 561
1708882554147 0.001 562
1708882556503 0.001 563
1708882558866 0.001 564
1708882561216 0.001 565
1708882563566 0.001 566
1708882565920 0.001 567
1708882568270 0.001 568
1708882570627 0.001 569
1708882573098 0.001 570
1708882575460 0.001 571
1708882577822 0.001 572
1708882580189 0.001 573
1708882582546 0.001 574
1708882584904 0.001 575
1708882587264 0.001 576
1708882589631 0.001 577
1708882592125 0.001 578
1708882594494 0.001 579
1708882596857 0.001 580
1708882599216 0.001 581
1708882601585 0.001 582
1708882603946 0.001 583
1708882606313 0.001 584
1708882608678 0.001 585
1708882611043 0.001 586
1708882613543 0.001 587
1708882615908 0.001 588
1708882618279 0.001 589
1708882620637 0.001 590
1708882623006 0.001 591
1708882625380 0.001 592
1708882627746 0.001 593
1708882630128 0.001 594
1708882632494 0.001 595
1708882635013 0.001 596
1708882637384 0.001 597
1708882639742 0.001 598
1708882642101 0.001 599
1708882648822 0.001 600
1708882651192 0.001 601
1708882653569 0.001 602
1708882655937 0.001 603
1708882658428 0.001 604
1708882660790 0.001 605
1708882663165 0.001 606
1708882665526 0.001 607
1708882667890 0.001 608
1708882670263 0.001 609
1708882672646 0.001 610
1708882675012 0.001 611
1708882677507 0.001 612
1708882679868 0.001 613
1708882682236 0.001 614
1708882684606 0.001 615
1708882686981 0.001 616
1708882689358 0.001 617
1708882691728 0.001 618
1708882694102 0.001 619
1708882696464 0.001 620
1708882698966 0.001 621
1708882701334 0.001 622
1708882703701 0.001 623
1708882706090 0.001 624
1708882708461 0.001 625
1708882710830 0.001 626
1708882717525 0.001 627
1708882719894 0.001 628
1708882722386 0.001 629
1708882724749 0.001 630
1708882727113 0.001 631
1708882729481 0.001 632
1708882731846 0.001 633
1708882734238 0.001 634
1708882736622 0.001 635
1708882738997 0.001 636
1708882741363 0.001 637
1708882743859 0.001 638
1708882746234 0.001 639
1708882748593 0.001 640
1708882750960 0.001 641
1708882753342 0.001 642
1708882755726 0.001 643
1708882758108 0.001 644
1708882760481 0.001 645
1708882762973 0.001 646
1708882765333 0.001 647
1708882767705 0.001 648
1708882770074 0.001 649
1708882776849 0.001 650
1708882779250 0.001 651
1708882781623 0.001 652
1708882784007 0.001 653
1708882786508 0.001 654
1708882788881 0.001 655
1708882791253 0.001 656
1708882793625 0.001 657
1708882795998 0.001 658
1708882798400 0.001 659
1708882800772 0.001 660
1708882803166 0.001 661
1708882805541 0.001 662
1708882808055 0.001 663
1708882810429 0.001 664
1708882812799 0.001 665
1708882815167 0.001 666
1708882817540 0.001 667
1708882819925 0.001 668
1708882822308 0.001 669
1708882824702 0.001 670
1708882827237 0.001 671
1708882829614 0.001 672
1708882831987 0.001 673
1708882834363 0.001 674
1708882836749 0.001 675
1708882839133 0.001 676
1708882841512 0.001 677
1708882843903 0.001 678
1708882846285 0.001 679
1708882848809 0.001 680
1708882851186 0.001 681
1708882853568 0.001 682
1708882855945 0.001 683
1708882858325 0.001 684
1708882860705 0.001 685
1708882863094 0.001 686
1708882865492 0.001 687
1708882868012 0.001 688
1708882870382 0.001 689
1708882872765 0.001 690
1708882875150 0.001 691
1708882877535 0.001 692
1708882879922 0.001 693
1708882882324 0.001 694
1708882884725 0.001 695
1708882887246 0.001 696
1708882889634 0.001 697
1708882892050 0.001 698
1708882894438 0.001 699
1708882901216 0.001 700
1708882903603 0.001 701
1708882905986 0.001 702
1708882908363 0.001 703
1708882910881 0.001 704
1708882913265 0.001 705
1708882915656 0.001 706
1708882918043 0.001 707
1708882920427 0.001 708
1708882922811 0.001 709
1708882925189 0.001 710
1708882927582 0.001 711
1708882929972 0.001 712
1708882932499 0.001 713
1708882934886 0.001 714
1708882937296 0.001 715
1708882939670 0.001 716
1708882942057 0.001 717
1708882944439 0.001 718
1708882946832 0.001 719
1708882949221 0.001 720
1708882951752 0.001 721
1708882954140 0.001 722
1708882956513 0.001 723
1708882958905 0.001 724
1708882961287 0.001 725
1708882963670 0.001 726
1708882966063 0.001 727
1708882968465 0.001 728
1708882970988 0.001 729
1708882973367 0.001 730
1708882975754 0.001 731
1708882978151 0.001 732
1708882980536 0.001 733
1708882982930 0.001 734
1708882985320 0.001 735
1708882987709 0.001 736
1708882990097 0.001 737
1708882992618 0.001 738
1708882995005 0.001 739
1708882997390 0.001 740
1708882999774 0.001 741
1708883002167 0.001 742
1708883004557 0.001 743
1708883011397 0.001 744
1708883018360 0.001 745
1708883020753 0.001 746
1708883023159 0.001 747
1708883025541 0.001 748
1708883027941 0.001 749
1708883034722 0.001 750
1708883037110 0.001 751
1708883039639 0.001 752
1708883042030 0.001 753
1708883044427 0.001 754
1708883046820 0.001 755
1708883049231 0.001 756
1708883051620 0.001 757
1708883054014 0.001 758
1708883056406 0.001 759
1708883058798 0.001 760
1708883061297 0.001 761
1708883063685 0.001 762
1708883066083 0.001 763
1708883068486 0.001 764
1708883070883 0.001 765
1708883073276 0.001 766
1708883075681 0.001 767
1708883078075 0.001 768
1708883080612 0.001 769
1708883083009 0.001 770
1708883085406 0.001 771
1708883087804 0.001 772
1708883090203 0.001 773
1708883092615 0.001 774
1708883095021 0.001 775
1708883097416 0.001 776
1708883099967 0.001 777
1708883102372 0.001 778
1708883104788 0.001 779
1708883107185 0.001 780
1708883109581 0.001 781
1708883111985 0.001 782
1708883114384 0.001 783
1708883116791 0.001 784
1708883119330 0.001 785
1708883121735 0.001 786
1708883124134 0.001 787
1708883126525 0.001 788
1708883128926 0.001 789
1708883131329 0.001 790
1708883133736 0.001 791
1708883136144 0.001 792
1708883138548 0.001 793
1708883141076 0.001 794
1708883143483 0.001 795
1708883145886 0.001 796
1708883148288 0.001 797
1708883150688 0.001 798
1708883153083 0.001 799
1708883159942 0.001 800
1708883162473 0.001 801
1708883164872 0.001 802
1708883171685 0.001 803
1708883178507 0.001 804
1708883185354 0.001 805
1708883187753 0.001 806
1708883190278 0.001 807
1708883192643 0.001 808
1708883195050 0.001 809
1708883197451 0.001 810
1708883199853 0.001 811
1708883202244 0.001 812
1708883204634 0.001 813
1708883207031 0.001 814
1708883209558 0.001 815
1708883211953 0.001 816
1708883214357 0.001 817
1708883216759 0.001 818
1708883219160 0.001 819
1708883225953 0.001 820
1708883232773 0.001 821
1708883239689 0.001 822
1708883242081 0.001 823
1708883244457 0.001 824
1708883246828 0.001 825
1708883249197 0.001 826
1708883251520 0.001 827
1708883253883 0.001 828
1708883256249 0.001 829
1708883258628 0.001 830
1708883261136 0.001 831
1708883263518 0.001 832
1708883265881 0.001 833
1708883268248 0.001 834
1708883270611 0.001 835
1708883272979 0.001 836
1708883275344 0.001 837
1708883277706 0.001 838
1708883280075 0.001 839
1708883282556 0.001 840
1708883284935 0.001 841
1708883287312 0.001 842
1708883289690 0.001 843
1708883296427 0.001 844
1708883303423 0.001 845
1708883305912 0.001 846
1708883312655 0.001 847
1708883319528 0.001 848
1708883321900 0.001 849
1708883328628 0.001 850
1708883330997 0.001 851
1708883333360 0.001 852
1708883335834 0.001 853
1708883338194 0.001 854
1708883340571 0.001 855
1708883342945 0.001 856
1708883345311 0.001 857
1708883347683 0.001 858
1708883350041 0.001 859
1708883352436 0.001 860
1708883354809 0.001 861
1708883357310 0.001 862
1708883359691 0.001 863
1708883362062 0.001 864
1708883364446 0.001 865
1708883366824 0.001 866
1708883369152 0.001 867
1708883371517 0.001 868
1708883373907 0.001 869
1708883376405 0.001 870
1708883378773 0.001 871
1708883381136 0.001 872
1708883383511 0.001 873
1708883390451 0.001 874
1708883392832 0.001 875
1708883399639 0.001 876
1708883402025 0.001 877
1708883404506 0.001 878
1708883406871 0.001 879
1708883409232 0.001 880
1708883411600 0.001 881
1708883413975 0.001 882
1708883416341 0.001 883
1708883418714 0.001 884
1708883421078 0.001 885
1708883423583 0.001 886
1708883425951 0.001 887
1708883428333 0.001 888
1708883430709 0.001 889
1708883433077 0.001 890
1708883435441 0.001 891
1708883437827 0.001 892
1708883440197 0.001 893
1708883442563 0.001 894
1708883445070 0.001 895
1708883447438 0.001 896
1708883449810 0.001 897
1708883452183 0.001 898
1708883454550 0.001 899
1708883461263 0.001 900
1708883463636 0.001 901
1708883466010 0.001 902
1708883468521 0.001 903
1708883470891 0.001 904
1708883473276 0.001 905
1708883475678 0.001 906
1708883478062 0.001 907
1708883480431 0.001 908
1708883482808 0.001 909
1708883485179 0.001 910
1708883487560 0.001 911
1708883490074 0.001 912
1708883492456 0.001 913
1708883494833 0.001 914
1708883497204 0.001 915
1708883499579 0.001 916
1708883501950 0.001 917
1708883504324 0.001 918
1708883506689 0.001 919
1708883509069 0.001 920
1708883511583 0.001 921
1708883513955 0.001 922
1708883516326 0.001 923
1708883518704 0.001 924
1708883521073 0.001 925
1708883523442 0.001 926
1708883525815 0.001 927
1708883528196 0.001 928
1708883530571 0.001 929
1708883533089 0.001 930
1708883535469 0.001 931
1708883537849 0.001 932
1708883540225 0.001 933
1708883542591 0.001 934
1708883544964 0.001 935
1708883547331 0.001 936
1708883549714 0.001 937
1708883552224 0.001 938
1708883554588 0.001 939
1708883556974 0.001 940
1708883559363 0.001 941
1708883561745 0.001 942
1708883564126 0.001 943
1708883566521 0.001 944
1708883568910 0.001 945
1708883571295 0.001 946
1708883573812 0.001 947
1708883576188 0.001 948
1708883578557 0.001 949
1708883585300 0.001 950
1708883587696 0.001 951
1708883590078 0.001 952
1708883592455 0.001 953
1708883594832 0.001 954
1708883597328 0.001 955
1708883599702 0.001 956
1708883602075 0.001 957
1708883604453 0.001 958
1708883606855 0.001 959
1708883609238 0.001 960
1708883611606 0.001 961
1708883613986 0.001 962
1708883616487 0.001 963
1708883618857 0.001 964
1708883621243 0.001 965
1708883623630 0.001 966
1708883626010 0.001 967
1708883628392 0.001 968
1708883630781 0.001 969
1708883633149 0.001 970
1708883635529 0.001 971
1708883638044 0.001 972
1708883640418 0.001 973
1708883642789 0.001 974
1708883645162 0.001 975
1708883647541 0.001 976
1708883649911 0.001 977
1708883652283 0.001 978
1708883654657 0.001 979
1708883657029 0.001 980
1708883659543 0.001 981
1708883661929 0.001 982
1708883664307 0.001 983
1708883666689 0.001 984
1708883669065 0.001 985
1708883671437 0.001 986
1708883673817 0.001 987
1708883676198 0.001 988
1708883678700 0.001 989
1708883681072 0.001 990
1708883683441 0.001 991
1708883685821 0.001 992
1708883688198 0.001 993
1708883690572 0.001 994
1708883692949 0.001 995
1708883695335 0.001 996
1708883697718 0.001 997
1708883700231 0.001 998
1708883702622 0.001 999
1708883709469 0.001 1000
1708883711844 0.001 1001
1708883714225 0.001 1002
1708883716603 0.001 1003
1708883718976 0.001 1004
1708883721357 0.001 1005
1708883723852 0.001 1006
1708883726228 0.001 1007
1708883728614 0.001 1008
1708883731003 0.001 1009
1708883733384 0.001 1010
1708883735758 0.001 1011
1708883738147 0.001 1012
1708883740533 0.001 1013
1708883743054 0.001 1014
1708883745431 0.001 1015
1708883747820 0.001 1016
1708883750196 0.001 1017
1708883752579 0.001 1018
1708883754954 0.001 1019
1708883757332 0.001 1020
1708883759721 0.001 1021
1708883762112 0.001 1022
1708883764622 0.001 1023
1708883766986 0.001 1024
1708883769362 0.001 1025
1708883771745 0.001 1026
1708883774130 0.001 1027
1708883776490 0.001 1028
1708883778891 0.001 1029
1708883781280 0.001 1030
1708883783660 0.001 1031
1708883786185 0.001 1032
1708883788556 0.001 1033
1708883790931 0.001 1034
1708883793312 0.001 1035
1708883795690 0.001 1036
1708883798074 0.001 1037
1708883800454 0.001 1038
1708883802838 0.001 1039
1708883805353 0.001 1040
1708883807728 0.001 1041
1708883810117 0.001 1042
1708883812490 0.001 1043
1708883814866 0.001 1044
1708883817245 0.001 1045
1708883819623 0.001 1046
1708883822004 0.001 1047
1708883824403 0.001 1048
1708883826921 0.001 1049
1708883833770 0.001 1050
1708883836181 0.001 1051
1708883838553 0.001 1052
1708883840967 0.001 1053
1708883843368 0.001 1054
1708883845745 0.001 1055
1708883848128 0.001 1056
1708883850645 0.001 1057
1708883853031 0.001 1058
1708883855427 0.001 1059
1708883857812 0.001 1060
1708883860190 0.001 1061
1708883862586 0.001 1062
1708883864968 0.001 1063
1708883867352 0.001 1064
1708883869742 0.001 1065
1708883872266 0.001 1066
1708883874648 0.001 1067
1708883877054 0.001 1068
1708883879430 0.001 1069
1708883881814 0.001 1070
1708883884202 0.001 1071
1708883886581 0.001 1072
1708883888961 0.001 1073
1708883891477 0.001 1074
1708883893852 0.001 1075
1708883896235 0.001 1076
1708883898629 0.001 1077
1708883901038 0.001 1078
1708883903416 0.001 1079
1708883905795 0.001 1080
1708883908164 0.001 1081
1708883910551 0.001 1082
1708883913089 0.001 1083
1708883915472 0.001 1084
1708883917851 0.001 1085
1708883920237 0.001 1086
1708883922624 0.001 1087
1708883925001 0.001 1088
1708883927382 0.001 1089
1708883929764 0.001 1090
1708883932275 0.001 1091
1708883934658 0.001 1092
1708883937036 0.001 1093
1708883939429 0.001 1094
1708883941816 0.001 1095
1708883944206 0.001 1096
1708883946625 0.001 1097
1708883949008 0.001 1098
1708883951404 0.001 1099
1708883958260 0.001 1100
1708883960646 0.001 1101
1708883963037 0.001 1102
1708883965429 0.001 1103
1708883967818 0.001 1104
1708883970197 0.001 1105
1708883972588 0.001 1106
1708883974973 0.001 1107
1708883977488 0.001 1108
1708883979866 0.001 1109
1708883982251 0.001 1110
1708883984638 0.001 1111
1708883987020 0.001 1112
1708883989405 0.001 1113
1708883991787 0.001 1114
1708883994279 0.001 1115
1708883996666 0.001 1116
1708883999192 0.001 1117
1708884001598 0.001 1118
1708884003992 0.001 1119
1708884006369 0.001 1120
1708884008764 0.001 1121
1708884011148 0.001 1122
1708884013542 0.001 1123
1708884015935 0.001 1124
1708884018445 0.001 1125
1708884020825 0.001 1126
1708884023233 0.001 1127
1708884025615 0.001 1128
1708884028000 0.001 1129
1708884030382 0.001 1130
1708884032766 0.001 1131
1708884035155 0.001 1132
1708884037542 0.001 1133
1708884040079 0.001 1134
1708884042457 0.001 1135
1708884044849 0.001 1136
1708884047275 0.001 1137
1708884054213 0.001 1138
1708884056607 0.001 1139
1708884058991 0.001 1140
1708884061382 0.001 1141
1708884063905 0.001 1142
1708884066305 0.001 1143
1708884068704 0.001 1144
1708884071101 0.001 1145
1708884073494 0.001 1146
1708884075913 0.001 1147
1708884078310 0.001 1148
1708884080711 0.001 1149
1708884087755 0.001 1150
1708884090155 0.001 1151
1708884092558 0.001 1152
1708884094958 0.001 1153
1708884097360 0.001 1154
1708884099749 0.001 1155
1708884102147 0.001 1156
1708884104574 0.001 1157
1708884107103 0.001 1158
1708884109493 0.001 1159
1708884111893 0.001 1160
1708884114282 0.001 1161
1708884116679 0.001 1162
1708884119086 0.001 1163
1708884121486 0.001 1164
1708884123895 0.001 1165
1708884126295 0.001 1166
1708884128821 0.001 1167
1708884131216 0.001 1168
1708884133622 0.001 1169
1708884136017 0.001 1170
1708884138414 0.001 1171
1708884140824 0.001 1172
1708884143217 0.001 1173
1708884145612 0.001 1174
1708884148147 0.001 1175
1708884150555 0.001 1176
1708884152950 0.001 1177
1708884155352 0.001 1178
1708884157750 0.001 1179
1708884160145 0.001 1180
1708884162542 0.001 1181
1708884164945 0.001 1182
1708884167354 0.001 1183
1708884169897 0.001 1184
1708884172301 0.001 1185
1708884174705 0.001 1186
1708884177105 0.001 1187
1708884179503 0.001 1188
1708884181899 0.001 1189
1708884184307 0.001 1190
1708884186718 0.001 1191
1708884189249 0.001 1192
1708884191656 0.001 1193
1708884194056 0.001 1194
1708884196464 0.001 1195
1708884203259 0.001 1196
1708884205669 0.001 1197
1708884208066 0.001 1198
1708884210466 0.001 1199
1708884217606 0.001 1200
1708884220007 0.001 1201
1708884222402 0.001 1202
1708884224818 0.001 1203
1708884227223 0.001 1204
1708884229624 0.001 1205
1708884232024 0.001 1206
1708884234552 0.001 1207
1708884236972 0.001 1208
1708884239390 0.001 1209
1708884241790 0.001 1210
1708884244187 0.001 1211
1708884246590 0.001 1212
1708884248999 0.001 1213
1708884251406 0.001 1214
1708884253810 0.001 1215
1708884256350 0.001 1216
1708884258751 0.001 1217
1708884261152 0.001 1218
1708884263573 0.001 1219
1708884265987 0.001 1220
1708884268387 0.001 1221
1708884275251 0.001 1222
1708884282268 0.001 1223
1708884289077 0.001 1224
1708884291477 0.001 1225
1708884293895 0.001 1226
1708884296303 0.001 1227
1708884298702 0.001 1228
1708884301107 0.001 1229
1708884303622 0.001 1230
1708884306026 0.001 1231
1708884308427 0.001 1232
1708884310827 0.001 1233
1708884313226 0.001 1234
1708884315630 0.001 1235
1708884318059 0.001 1236
1708884320462 0.001 1237
1708884322862 0.001 1238
1708884325427 0.001 1239
1708884327820 0.001 1240
1708884330225 0.001 1241
1708884332631 0.001 1242
1708884335033 0.001 1243
1708884337440 0.001 1244
1708884339840 0.001 1245
1708884342244 0.001 1246
1708884344781 0.001 1247
1708884347193 0.001 1248
1708884354000 0.001 1249
1708884360807 0.001 1250
1708884363212 0.001 1251
1708884365629 0.001 1252
1708884368037 0.001 1253
1708884370527 0.001 1254
1708884372933 0.001 1255
1708884375337 0.001 1256
1708884377742 0.001 1257
1708884380150 0.001 1258
1708884382549 0.001 1259
1708884384957 0.001 1260
1708884391787 0.001 1261
1708884398737 0.001 1262
1708884401151 0.001 1263
1708884403554 0.001 1264
1708884405956 0.001 1265
1708884408362 0.001 1266
1708884410763 0.001 1267
1708884413173 0.001 1268
1708884415574 0.001 1269
1708884418108 0.001 1270
1708884420509 0.001 1271
1708884422926 0.001 1272
1708884425331 0.001 1273
1708884432215 0.001 1274
1708884434623 0.001 1275
1708884437032 0.001 1276
1708884439444 0.001 1277
1708884441984 0.001 1278
1708884448919 0.001 1279
1708884451330 0.001 1280
1708884453734 0.001 1281
1708884456146 0.001 1282
1708884458565 0.001 1283
1708884465428 0.001 1284
1708884472359 0.001 1285
1708884479321 0.001 1286
1708884481728 0.001 1287
1708884484135 0.001 1288
1708884490945 0.001 1289
1708884493379 0.001 1290
1708884495897 0.001 1291
1708884498307 0.001 1292
1708884500720 0.001 1293
1708884503155 0.001 1294
1708884505556 0.001 1295
1708884507972 0.001 1296
1708884510377 0.001 1297
1708884512810 0.001 1298
1708884515229 0.001 1299
1708884522260 0.001 1300
1708884524668 0.001 1301
1708884527071 0.001 1302
1708884529487 0.001 1303
1708884531887 0.001 1304
1708884534289 0.001 1305
1708884536692 0.001 1306
1708884539232 0.001 1307
1708884541635 0.001 1308
1708884544037 0.001 1309
1708884546458 0.001 1310
1708884548872 0.001 1311
1708884551283 0.001 1312
1708884553701 0.001 1313
1708884556104 0.001 1314
1708884558523 0.001 1315
1708884561072 0.001 1316
1708884563477 0.001 1317
1708884565890 0.001 1318
1708884568300 0.001 1319
1708884570732 0.001 1320
1708884573149 0.001 1321
1708884575560 0.001 1322
1708884577966 0.001 1323
1708884580507 0.001 1324
1708884582923 0.001 1325
1708884585337 0.001 1326
1708884587745 0.001 1327
1708884590165 0.001 1328
1708884592566 0.001 1329
1708884594967 0.001 1330
1708884597375 0.001 1331
1708884599778 0.001 1332
1708884602336 0.001 1333
1708884604747 0.001 1334
1708884607161 0.001 1335
1708884609580 0.001 1336
1708884612001 0.001 1337
1708884614423 0.001 1338
1708884616832 0.001 1339
1708884619254 0.001 1340
1708884621810 0.001 1341
1708884624222 0.001 1342
1708884626643 0.001 1343
1708884629059 0.001 1344
1708884631477 0.001 1345
1708884633903 0.001 1346
1708884636327 0.001 1347
1708884638748 0.001 1348
1708884641303 0.001 1349
1708884648161 0.001 1350
1708884650577 0.001 1351
1708884652988 0.001 1352
1708884655415 0.001 1353
1708884657834 0.001 1354
1708884660254 0.001 1355
1708884662810 0.001 1356
1708884665234 0.001 1357
1708884667657 0.001 1358
1708884670082 0.001 1359
1708884672506 0.001 1360
1708884674936 0.001 1361
1708884677360 0.001 1362
1708884679778 0.001 1363
1708884682211 0.001 1364
1708884684780 0.001 1365
1708884687205 0.001 1366
1708884689629 0.001 1367
1708884692048 0.001 1368
1708884694469 0.001 1369
1708884696920 0.001 1370
1708884699345 0.001 1371
1708884701774 0.001 1372
1708884704196 0.001 1373
1708884706762 0.001 1374
1708884709180 0.001 1375
1708884711613 0.001 1376
1708884714050 0.001 1377
1708884716479 0.001 1378
1708884718918 0.001 1379
1708884721346 0.001 1380
1708884723765 0.001 1381
1708884726327 0.001 1382
1708884728753 0.001 1383
1708884731171 0.001 1384
1708884733599 0.001 1385
1708884736027 0.001 1386
1708884738454 0.001 1387
1708884740889 0.001 1388
1708884743307 0.001 1389
1708884745864 0.001 1390
1708884748283 0.001 1391
1708884750709 0.001 1392
1708884753132 0.001 1393
1708884755544 0.001 1394
1708884757979 0.001 1395
1708884760429 0.001 1396
1708884762859 0.001 1397
1708884765427 0.001 1398
1708884767844 0.001 1399
1708884774690 0.001 1400
1708884777124 0.001 1401
1708884779555 0.001 1402
1708884781981 0.001 1403
1708884784406 0.001 1404
1708884786967 0.001 1405
1708884789384 0.001 1406
1708884791800 0.001 1407
1708884794233 0.001 1408
1708884796661 0.001 1409
1708884799095 0.001 1410
1708884801519 0.001 1411
1708884803945 0.001 1412
1708884806375 0.001 1413
1708884808915 0.001 1414
1708884811348 0.001 1415
1708884813765 0.001 1416
1708884816190 0.001 1417
1708884818613 0.001 1418
1708884821036 0.001 1419
1708884823452 0.001 1420
1708884825874 0.001 1421
1708884828450 0.001 1422
1708884830880 0.001 1423
1708884833307 0.001 1424
1708884835741 0.001 1425
1708884838165 0.001 1426
1708884840593 0.001 1427
1708884843027 0.001 1428
1708884845445 0.001 1429
1708884848006 0.001 1430
1708884850432 0.001 1431
1708884852861 0.001 1432
1708884855302 0.001 1433
1708884857750 0.001 1434
1708884860179 0.001 1435
1708884862605 0.001 1436
1708884865028 0.001 1437
1708884867584 0.001 1438
1708884870019 0.001 1439
1708884872435 0.001 1440
1708884874857 0.001 1441
1708884877286 0.001 1442
1708884879726 0.001 1443
1708884882190 0.001 1444
1708884884647 0.001 1445
1708884887198 0.001 1446
1708884889625 0.001 1447
1708884892055 0.001 1448
1708884894469 0.001 1449
1708884901338 0.001 1450
1708884903766 0.001 1451
1708884906192 0.001 1452
1708884908613 0.001 1453
1708884911188 0.001 1454
1708884913603 0.001 1455
1708884916022 0.001 1456
1708884918439 0.001 1457
1708884920865 0.001 1458
1708884923284 0.001 1459
1708884930079 0.001 1460
1708884936925 0.001 1461
1708884939352 0.001 1462
1708884941781 0.001 1463
1708884944199 0.001 1464
1708884946625 0.001 1465
1708884949044 0.001 1466
1708884951464 0.001 1467
1708884953896 0.001 1468
1708884956449 0.001 1469
1708884958879 0.001 1470
1708884961299 0.001 1471
1708884963714 0.001 1472
1708884966151 0.001 1473
1708884968567 0.001 1474
1708884970992 0.001 1475
1708884973412 0.001 1476
1708884975844 0.001 1477
1708884978396 0.001 1478
1708884980809 0.001 1479
1708884983233 0.001 1480
1708884985652 0.001 1481
1708884988066 0.001 1482
1708884990481 0.001 1483
1708884992912 0.001 1484
1708884995341 0.001 1485
1708884997885 0.001 1486
1708885000302 0.001 1487
1708885002728 0.001 1488
1708885005157 0.001 1489
1708885007581 0.001 1490
1708885010019 0.001 1491
1708885012449 0.001 1492
1708885014899 0.001 1493
1708885017325 0.001 1494
1708885019888 0.001 1495
1708885022303 0.001 1496
1708885024722 0.001 1497
1708885027147 0.001 1498
1708885029585 0.001 1499
1708885036379 0.001 1500
1708885038805 0.001 1501
1708885041226 0.001 1502
1708885043792 0.001 1503
1708885046209 0.001 1504
1708885048629 0.001 1505
1708885051054 0.001 1506
1708885053474 0.001 1507
1708885055899 0.001 1508
1708885058338 0.001 1509
1708885060765 0.001 1510
1708885063325 0.001 1511
1708885065745 0.001 1512
1708885068169 0.001 1513
1708885070590 0.001 1514
1708885073013 0.001 1515
1708885075434 0.001 1516
1708885077861 0.001 1517
1708885080283 0.001 1518
1708885082836 0.001 1519
1708885085256 0.001 1520
1708885087674 0.001 1521
1708885090106 0.001 1522
1708885092531 0.001 1523
1708885094956 0.001 1524
1708885097395 0.001 1525
1708885099838 0.001 1526
1708885102277 0.001 1527
1708885104845 0.001 1528
1708885107273 0.001 1529
1708885109713 0.001 1530
1708885112157 0.001 1531
1708885114591 0.001 1532
1708885117035 0.001 1533
1708885119471 0.001 1534
1708885121918 0.001 1535
1708885124476 0.001 1536
1708885126896 0.001 1537
1708885129329 0.001 1538
1708885131758 0.001 1539
1708885134197 0.001 1540
1708885136626 0.001 1541
1708885139060 0.001 1542
1708885141488 0.001 1543
1708885143912 0.001 1544
1708885146498 0.001 1545
1708885148922 0.001 1546
1708885151353 0.001 1547
1708885153791 0.001 1548
1708885156224 0.001 1549
1708885163056 0.001 1550
1708885165479 0.001 1551
1708885168032 0.001 1552
1708885170471 0.001 1553
1708885172935 0.001 1554
1708885175364 0.001 1555
1708885177796 0.001 1556
1708885180223 0.001 1557
1708885182669 0.001 1558
1708885185107 0.001 1559
1708885187674 0.001 1560
1708885190101 0.001 1561
1708885192546 0.001 1562
1708885194984 0.001 1563
1708885197410 0.001 1564
1708885199844 0.001 1565
1708885202279 0.001 1566
1708885204722 0.001 1567
1708885207160 0.001 1568
1708885209744 0.001 1569
1708885212176 0.001 1570
1708885214597 0.001 1571
1708885217024 0.001 1572
1708885219459 0.001 1573
1708885221885 0.001 1574
1708885224309 0.001 1575
1708885226742 0.001 1576
1708885229306 0.001 1577
1708885231740 0.001 1578
1708885234173 0.001 1579
1708885236609 0.001 1580
1708885239036 0.001 1581
1708885241472 0.001 1582
1708885243907 0.001 1583
1708885246335 0.001 1584
1708885248905 0.001 1585
1708885251362 0.001 1586
1708885253781 0.001 1587
1708885256212 0.001 1588
1708885258639 0.001 1589
1708885261078 0.001 1590
1708885263503 0.001 1591
1708885265947 0.001 1592
1708885268388 0.001 1593
1708885270960 0.001 1594
1708885273408 0.001 1595
1708885275838 0.001 1596
1708885278292 0.001 1597
1708885280745 0.001 1598
1708885283180 0.001 1599
1708885290058 0.001 1600
1708885292614 0.001 1601
1708885295044 0.001 1602
1708885297492 0.001 1603
1708885299928 0.001 1604
1708885302367 0.001 1605
1708885304804 0.001 1606
1708885307240 0.001 1607
1708885309684 0.001 1608
1708885312123 0.001 1609
1708885314694 0.001 1610
1708885317131 0.001 1611
1708885319574 0.001 1612
1708885322011 0.001 1613
1708885324450 0.001 1614
1708885326889 0.001 1615
1708885329351 0.001 1616
1708885331781 0.001 1617
1708885334365 0.001 1618
1708885336800 0.001 1619
1708885339239 0.001 1620
1708885341675 0.001 1621
1708885344116 0.001 1622
1708885346545 0.001 1623
1708885348987 0.001 1624
1708885351425 0.001 1625
1708885353993 0.001 1626
1708885356428 0.001 1627
1708885358864 0.001 1628
1708885361306 0.001 1629
1708885363748 0.001 1630
1708885366188 0.001 1631
1708885368625 0.001 1632
1708885371063 0.001 1633
1708885373535 0.001 1634
1708885376147 0.001 1635
1708885378589 0.001 1636
1708885381011 0.001 1637
1708885383438 0.001 1638
1708885385858 0.001 1639
1708885388289 0.001 1640
1708885390714 0.001 1641
1708885393142 0.001 1642
1708885395705 0.001 1643
1708885398133 0.001 1644
1708885400567 0.001 1645
1708885403001 0.001 1646
1708885405436 0.001 1647
1708885407863 0.001 1648
1708885410299 0.001 1649
1708885417129 0.001 1650
1708885419683 0.001 1651
1708885422140 0.001 1652
1708885424571 0.001 1653
1708885427019 0.001 1654
1708885433967 0.001 1655
1708885440853 0.001 1656
1708885443278 0.001 1657
1708885450208 0.001 1658
1708885452633 0.001 1659
1708885455049 0.001 1660
1708885457455 0.001 1661
1708885459872 0.001 1662
1708885462295 0.001 1663
1708885464716 0.001 1664
1708885467131 0.001 1665
1708885469683 0.001 1666
1708885472109 0.001 1667
1708885474542 0.001 1668
1708885476973 0.001 1669
1708885479419 0.001 1670
1708885481838 0.001 1671
1708885484273 0.001 1672
1708885486712 0.001 1673
1708885489145 0.001 1674
1708885491709 0.001 1675
1708885494150 0.001 1676
1708885496585 0.001 1677
1708885499018 0.001 1678
1708885501472 0.001 1679
1708885503902 0.001 1680
1708885506334 0.001 1681
1708885508725 0.001 1682
1708885511301 0.001 1683
1708885513687 0.001 1684
1708885516132 0.001 1685
1708885518576 0.001 1686
1708885521004 0.001 1687
1708885523438 0.001 1688
1708885525868 0.001 1689
1708885528304 0.001 1690
1708885530755 0.001 1691
1708885533329 0.001 1692
1708885535762 0.001 1693
1708885538203 0.001 1694
1708885540650 0.001 1695
1708885543083 0.001 1696
1708885545513 0.001 1697
1708885547957 0.001 1698
1708885550410 0.001 1699
1708885557367 0.001 1700
1708885559802 0.001 1701
1708885562245 0.001 1702
1708885564680 0.001 1703
1708885567122 0.001 1704
1708885569535 0.001 1705
1708885571984 0.001 1706
1708885574426 0.001 1707
1708885576993 0.001 1708
1708885579428 0.001 1709
1708885581903 0.001 1710
1708885584351 0.001 1711
1708885586776 0.001 1712
1708885589208 0.001 1713
1708885591641 0.001 1714
1708885594078 0.001 1715
1708885596526 0.001 1716
1708885599095 0.001 1717
1708885601523 0.001 1718
1708885603967 0.001 1719
1708885606402 0.001 1720
1708885608845 0.001 1721
1708885611277 0.001 1722
1708885613705 0.001 1723
1708885616149 0.001 1724
1708885618717 0.001 1725
1708885621175 0.001 1726
1708885623609 0.001 1727
1708885626050 0.001 1728
1708885628485 0.001 1729
1708885630932 0.001 1730
1708885633374 0.001 1731
1708885635812 0.001 1732
1708885638243 0.001 1733
1708885640815 0.001 1734
1708885643241 0.001 1735
1708885645699 0.001 1736
1708885648132 0.001 1737
1708885650563 0.001 1738
1708885652998 0.001 1739
1708885655439 0.001 1740
1708885657880 0.001 1741
1708885660438 0.001 1742
1708885662853 0.001 1743
1708885665287 0.001 1744
1708885667713 0.001 1745
1708885670151 0.001 1746
1708885672588 0.001 1747
1708885675031 0.001 1748
1708885677466 0.001 1749
1708885684412 0.001 1750
1708885686866 0.001 1751
1708885689303 0.001 1752
1708885691739 0.001 1753
1708885694181 0.001 1754
1708885696624 0.001 1755
1708885699063 0.001 1756
1708885701490 0.001 1757
1708885703931 0.001 1758
1708885706501 0.001 1759
1708885708917 0.001 1760
1708885711353 0.001 1761
1708885713778 0.001 1762
1708885716216 0.001 1763
1708885718640 0.001 1764
1708885721074 0.001 1765
1708885723533 0.001 1766
1708885726097 0.001 1767
1708885728528 0.001 1768
1708885730979 0.001 1769
1708885733414 0.001 1770
1708885735853 0.001 1771
1708885738294 0.001 1772
1708885740724 0.001 1773
1708885743180 0.001 1774
1708885745743 0.001 1775
1708885748179 0.001 1776
1708885750617 0.001 1777
1708885753053 0.001 1778
1708885755489 0.001 1779
1708885757947 0.001 1780
1708885760380 0.001 1781
1708885762811 0.001 1782
1708885765239 0.001 1783
1708885767811 0.001 1784
1708885770242 0.001 1785
1708885772687 0.001 1786
1708885775127 0.001 1787
1708885777555 0.001 1788
1708885779982 0.001 1789
1708885782413 0.001 1790
1708885784848 0.001 1791
1708885787408 0.001 1792
1708885789836 0.001 1793
1708885792272 0.001 1794
1708885794702 0.001 1795
1708885797150 0.001 1796
1708885799574 0.001 1797
1708885802016 0.001 1798
1708885804446 0.001 1799
1708885811440 0.001 1800
1708885813871 0.001 1801
1708885816292 0.001 1802
1708885818726 0.001 1803
1708885821155 0.001 1804
1708885823590 0.001 1805
1708885826035 0.001 1806
1708885828483 0.001 1807
1708885831053 0.001 1808
1708885833503 0.001 1809
1708885835945 0.001 1810
1708885838398 0.001 1811
1708885840830 0.001 1812
1708885843256 0.001 1813
1708885845694 0.001 1814
1708885848122 0.001 1815
1708885850557 0.001 1816
1708885853123 0.001 1817
1708885855545 0.001 1818
1708885857974 0.001 1819
1708885860402 0.001 1820
1708885862849 0.001 1821
1708885865281 0.001 1822
1708885867709 0.001 1823
1708885870149 0.001 1824
1708885872709 0.001 1825
1708885875159 0.001 1826
1708885877613 0.001 1827
1708885880051 0.001 1828
1708885882488 0.001 1829
1708885884932 0.001 1830
1708885887371 0.001 1831
1708885889819 0.001 1832
1708885892380 0.001 1833
1708885894820 0.001 1834
1708885897262 0.001 1835
1708885899712 0.001 1836
1708885902145 0.001 1837
1708885904585 0.001 1838
1708885907020 0.001 1839
1708885909451 0.001 1840
1708885911899 0.001 1841
1708885914472 0.001 1842
1708885916907 0.001 1843
1708885919350 0.001 1844
1708885921772 0.001 1845
1708885924209 0.001 1846
1708885926656 0.001 1847
1708885933548 0.001 1848
1708885935988 0.001 1849
1708885947456 0.001 1850
1708885949905 0.001 1851
1708885952357 0.001 1852
1708885954788 0.001 1853
1708885957218 0.001 1854
1708885959654 0.001 1855
1708885962217 0.001 1856
1708885964643 0.001 1857
1708885967074 0.001 1858
1708885969530 0.001 1859
1708885971963 0.001 1860
1708885974408 0.001 1861
1708885976851 0.001 1862
1708885979287 0.001 1863
1708885981735 0.001 1864
1708885984289 0.001 1865
1708885986719 0.001 1866
1708885989165 0.001 1867
1708885991589 0.001 1868
1708885994019 0.001 1869
1708885996458 0.001 1870
1708885998898 0.001 1871
1708886001353 0.001 1872
1708886003933 0.001 1873
1708886006363 0.001 1874
1708886008808 0.001 1875
1708886011246 0.001 1876
1708886013682 0.001 1877
1708886016116 0.001 1878
1708886018545 0.001 1879
1708886020991 0.001 1880
1708886023560 0.001 1881
1708886026002 0.001 1882
1708886028442 0.001 1883
1708886030889 0.001 1884
1708886033322 0.001 1885
1708886035770 0.001 1886
1708886038218 0.001 1887
1708886040666 0.001 1888
1708886043105 0.001 1889
1708886045677 0.001 1890
1708886048114 0.001 1891
1708886050557 0.001 1892
1708886052991 0.001 1893
1708886055429 0.001 1894
1708886057866 0.001 1895
1708886060324 0.001 1896
1708886062761 0.001 1897
1708886065328 0.001 1898
1708886067758 0.001 1899
1708886074674 0.001 1900
1708886077113 0.001 1901
1708886079551 0.001 1902
1708886081985 0.001 1903
1708886084412 0.001 1904
1708886086842 0.001 1905
1708886089401 0.001 1906
1708886091857 0.001 1907
1708886094297 0.001 1908
1708886096743 0.001 1909
1708886099192 0.001 1910
1708886101640 0.001 1911
1708886104093 0.001 1912
1708886106549 0.001 1913
1708886109123 0.001 1914
1708886111566 0.001 1915
1708886114013 0.001 1916
1708886116455 0.001 1917
1708886118897 0.001 1918
1708886121340 0.001 1919
1708886123784 0.001 1920
1708886126247 0.001 1921
1708886128816 0.001 1922
1708886131248 0.001 1923
1708886133681 0.001 1924
1708886136125 0.001 1925
1708886138607 0.001 1926
1708886141061 0.001 1927
1708886143512 0.001 1928
1708886145964 0.001 1929
1708886148542 0.001 1930
1708886151012 0.001 1931
1708886153471 0.001 1932
1708886155916 0.001 1933
1708886158361 0.001 1934
1708886160806 0.001 1935
1708886163279 0.001 1936
1708886165722 0.001 1937
1708886168309 0.001 1938
1708886170767 0.001 1939
1708886173216 0.001 1940
1708886175675 0.001 1941
1708886178130 0.001 1942
1708886180575 0.001 1943
1708886183021 0.001 1944
1708886185471 0.001 1945
1708886187922 0.001 1946
1708886190506 0.001 1947
1708886192952 0.001 1948
1708886195401 0.001 1949
1708886202315 0.001 1950
1708886204802 0.001 1951
1708886207274 0.001 1952
1708886209734 0.001 1953
1708886212305 0.001 1954
1708886214768 0.001 1955
1708886217231 0.001 1956
1708886219679 0.001 1957
1708886222123 0.001 1958
1708886224580 0.001 1959
1708886227032 0.001 1960
1708886229484 0.001 1961
1708886232059 0.001 1962
1708886234501 0.001 1963
1708886236951 0.001 1964
1708886239404 0.001 1965
1708886241871 0.001 1966
1708886244314 0.001 1967
1708886246751 0.001 1968
1708886249195 0.001 1969
1708886251783 0.001 1970
1708886254241 0.001 1971
1708886256698 0.001 1972
1708886259151 0.001 1973
1708886261595 0.001 1974
1708886264059 0.001 1975
1708886266518 0.001 1976
1708886268980 0.001 1977
1708886271432 0.001 1978
1708886274038 0.001 1979
1708886280868 0.001 1980
1708886287736 0.001 1981
1708886290193 0.001 1982
1708886297211 0.001 1983
1708886299795 0.001 1984
1708886302246 0.001 1985
1708886304707 0.001 1986
1708886307168 0.001 1987
1708886309630 0.001 1988
1708886312079 0.001 1989
1708886314537 0.001 1990
1708886316996 0.001 1991
1708886319447 0.001 1992
1708886322033 0.001 1993
1708886324476 0.001 1994
1708886326936 0.001 1995
1708886329393 0.001 1996
1708886331848 0.001 1997
1708886334294 0.001 1998
1708886336740 0.001 1999
1708886343839 0.001 2000
1708886346290 0.001 2001
1708886348745 0.001 2002
1708886351194 0.001 2003
1708886353641 0.001 2004
1708886356091 0.001 2005
1708886358547 0.001 2006
1708886360999 0.001 2007
1708886363577 0.001 2008
1708886366033 0.001 2009
1708886368476 0.001 2010
1708886370928 0.001 2011
1708886373388 0.001 2012
1708886375838 0.001 2013
1708886378284 0.001 2014
1708886380730 0.001 2015
1708886383193 0.001 2016
1708886385792 0.001 2017
1708886388246 0.001 2018
1708886390720 0.001 2019
1708886393169 0.001 2020
1708886395618 0.001 2021
1708886398114 0.001 2022
1708886400564 0.001 2023
1708886403014 0.001 2024
1708886405594 0.001 2025
1708886408048 0.001 2026
1708886410496 0.001 2027
1708886412949 0.001 2028
1708886415397 0.001 2029
1708886417847 0.001 2030
1708886420297 0.001 2031
1708886422739 0.001 2032
1708886425316 0.001 2033
1708886427792 0.001 2034
1708886430237 0.001 2035
1708886432690 0.001 2036
1708886435140 0.001 2037
1708886437596 0.001 2038
1708886440055 0.001 2039
1708886442504 0.001 2040
1708886444954 0.001 2041
1708886447519 0.001 2042
1708886449979 0.001 2043
1708886452433 0.001 2044
1708886454885 0.001 2045
1708886457334 0.001 2046
1708886459764 0.001 2047
1708886462183 0.001 2048
1708886464613 0.001 2049
1708886471668 0.001 2050
1708886474115 0.001 2051
1708886476532 0.001 2052
1708886478962 0.001 2053
1708886481404 0.001 2054
1708886483824 0.001 2055
1708886486238 0.001 2056
1708886488655 0.001 2057
1708886491202 0.001 2058
1708886493621 0.001 2059
1708886496043 0.001 2060
1708886498465 0.001 2061
1708886500888 0.001 2062
1708886503311 0.001 2063
1708886505730 0.001 2064
1708886508163 0.001 2065
1708886510595 0.001 2066
1708886513019 0.001 2067
1708886515561 0.001 2068
1708886517975 0.001 2069
1708886520397 0.001 2070
1708886522821 0.001 2071
1708886525249 0.001 2072
1708886527667 0.001 2073
1708886530082 0.001 2074
1708886532505 0.001 2075
1708886534936 0.001 2076
1708886537475 0.001 2077
1708886539896 0.001 2078
1708886542315 0.001 2079
1708886544749 0.001 2080
1708886547180 0.001 2081
1708886549601 0.001 2082
1708886552032 0.001 2083
1708886554449 0.001 2084
1708886556874 0.001 2085
1708886559432 0.001 2086
1708886561860 0.001 2087
1708886564275 0.001 2088
1708886566706 0.001 2089
1708886569134 0.001 2090
1708886571564 0.001 2091
1708886573991 0.001 2092
1708886576424 0.001 2093
1708886578969 0.001 2094
1708886581387 0.001 2095
1708886583763 0.001 2096
1708886586179 0.001 2097
1708886588601 0.001 2098
1708886591026 0.001 2099
1708886597894 0.001 2100
1708886600316 0.001 2101
1708886602868 0.001 2102
1708886605278 0.001 2103
1708886607689 0.001 2104
1708886610112 0.001 2105
1708886612534 0.001 2106
1708886614951 0.001 2107
1708886617376 0.001 2108
1708886619822 0.001 2109
1708886622244 0.001 2110
1708886624668 0.001 2111
1708886627207 0.001 2112
1708886629613 0.001 2113
1708886632020 0.001 2114
1708886634428 0.001 2115
1708886636828 0.001 2116
1708886639246 0.001 2117
1708886641667 0.001 2118
1708886644100 0.001 2119
1708886646528 0.001 2120
1708886649077 0.001 2121
1708886651495 0.001 2122
1708886653918 0.001 2123
1708886656332 0.001 2124
1708886658745 0.001 2125
1708886661160 0.001 2126
1708886663598 0.001 2127
1708886666014 0.001 2128
1708886668435 0.001 2129
1708886670971 0.001 2130
1708886673402 0.001 2131
1708886675840 0.001 2132
1708886678261 0.001 2133
1708886680701 0.001 2134
1708886683126 0.001 2135
1708886685567 0.001 2136
1708886688001 0.001 2137
1708886690558 0.001 2138
1708886692988 0.001 2139
1708886695417 0.001 2140
1708886697848 0.001 2141
1708886700278 0.001 2142
1708886702718 0.001 2143
1708886705148 0.001 2144
1708886707565 0.001 2145
1708886709992 0.001 2146
1708886712425 0.001 2147
1708886714991 0.001 2148
1708886717417 0.001 2149
1708886724336 0.001 2150
1708886726774 0.001 2151
1708886729201 0.001 2152
1708886731625 0.001 2153
1708886734048 0.001 2154
1708886736586 0.001 2155
1708886739017 0.001 2156
1708886741458 0.001 2157
1708886743884 0.001 2158
1708886746312 0.001 2159
1708886748732 0.001 2160
1708886751168 0.001 2161
1708886753588 0.001 2162
1708886756019 0.001 2163
1708886758455 0.001 2164
1708886761023 0.001 2165
1708886763456 0.001 2166
1708886765884 0.001 2167
1708886768304 0.001 2168
1708886770736 0.001 2169
1708886773200 0.001 2170
1708886775622 0.001 2171
1708886778060 0.001 2172
1708886780490 0.001 2173
1708886783059 0.001 2174
1708886785487 0.001 2175
1708886787911 0.001 2176
1708886790346 0.001 2177
1708886792789 0.001 2178
1708886795211 0.001 2179
1708886797652 0.001 2180
1708886800085 0.001 2181
1708886802530 0.001 2182
1708886805070 0.001 2183
1708886807491 0.001 2184
1708886809933 0.001 2185
1708886812363 0.001 2186
1708886814792 0.001 2187
1708886817221 0.001 2188
1708886819650 0.001 2189
1708886822079 0.001 2190
1708886824665 0.001 2191
1708886827105 0.001 2192
1708886829529 0.001 2193
1708886831958 0.001 2194
1708886834384 0.001 2195
1708886836826 0.001 2196
1708886839263 0.001 2197
1708886841705 0.001 2198
1708886844136 0.001 2199
1708886851163 0.001 2200
1708886853601 0.001 2201
1708886856037 0.001 2202
1708886858457 0.001 2203
1708886860891 0.001 2204
1708886863323 0.001 2205
1708886865750 0.001 2206
1708886868173 0.001 2207
1708886870606 0.001 2208
1708886873167 0.001 2209
1708886875592 0.001 2210
1708886878021 0.001 2211
1708886880466 0.001 2212
1708886882894 0.001 2213
1708886885334 0.001 2214
1708886887773 0.001 2215
1708886890197 0.001 2216
1708886892629 0.001 2217
1708886895184 0.001 2218
1708886897609 0.001 2219
1708886900039 0.001 2220
1708886902466 0.001 2221
1708886904909 0.001 2222
1708886907338 0.001 2223
1708886909751 0.001 2224
1708886912174 0.001 2225
1708886914603 0.001 2226
1708886917162 0.001 2227
1708886919581 0.001 2228
1708886922020 0.001 2229
1708886924466 0.001 2230
1708886926892 0.001 2231
1708886929327 0.001 2232
1708886931756 0.001 2233
1708886934196 0.001 2234
1708886936640 0.001 2235
1708886939218 0.001 2236
1708886941646 0.001 2237
1708886944093 0.001 2238
1708886946524 0.001 2239
1708886948969 0.001 2240
1708886951396 0.001 2241
1708886953854 0.001 2242
1708886956284 0.001 2243
1708886958843 0.001 2244
1708886961276 0.001 2245
1708886963702 0.001 2246
1708886966150 0.001 2247
1708886968588 0.001 2248
1708886970999 0.001 2249
1708886977850 0.001 2250
1708886980167 0.001 2251
1708886982557 0.001 2252
1708886985095 0.001 2253
1708886987485 0.001 2254
1708886989872 0.001 2255
1708886992216 0.001 2256
1708886994563 0.001 2257
1708886996855 0.001 2258
1708886999202 0.001 2259
1708887001495 0.001 2260
1708887003882 0.001 2261
1708887006407 0.001 2262
1708887008787 0.001 2263
1708887011149 0.001 2264
1708887013533 0.001 2265
1708887015964 0.001 2266
1708887018353 0.001 2267
1708887020744 0.001 2268
1708887023050 0.001 2269
1708887025562 0.001 2270
1708887027902 0.001 2271
1708887030240 0.001 2272
1708887032594 0.001 2273
1708887034895 0.001 2274
1708887037277 0.001 2275
1708887039571 0.001 2276
1708887041961 0.001 2277
1708887044307 0.001 2278
1708887046691 0.001 2279
1708887049169 0.001 2280
1708887051594 0.001 2281
1708887053989 0.001 2282
1708887056333 0.001 2283
1708887058714 0.001 2284
1708887061049 0.001 2285
1708887063485 0.001 2286
1708887065834 0.001 2287
1708887068238 0.001 2288
1708887070752 0.001 2289
1708887073176 0.001 2290
1708887075575 0.001 2291
1708887077963 0.001 2292
1708887080312 0.001 2293
1708887082702 0.001 2294
1708887085128 0.001 2295
1708887087553 0.001 2296
1708887089906 0.001 2297
1708887092371 0.001 2298
1708887094809 0.001 2299
1708887101496 0.001 2300
1708887103880 0.001 2301
1708887106275 0.001 2302
1708887108660 0.001 2303
1708887111088 0.001 2304
1708887113476 0.001 2305
1708887115951 0.001 2306
1708887118287 0.001 2307
1708887120644 0.001 2308
1708887123038 0.001 2309
1708887125384 0.001 2310
1708887127730 0.001 2311
1708887130167 0.001 2312
1708887132567 0.001 2313
1708887135129 0.001 2314
1708887137558 0.001 2315
1708887139948 0.001 2316
1708887142334 0.001 2317
1708887144641 0.001 2318
1708887147069 0.001 2319
1708887149494 0.001 2320
1708887151876 0.001 2321
1708887154275 0.001 2322
1708887156627 0.001 2323
1708887159159 0.001 2324
1708887161450 0.001 2325
1708887163791 0.001 2326
1708887166136 0.001 2327
1708887168441 0.001 2328
1708887170734 0.001 2329
1708887173116 0.001 2330
1708887175462 0.001 2331
1708887177897 0.001 2332
1708887180434 0.001 2333
1708887182732 0.001 2334
1708887185117 0.001 2335
1708887187486 0.001 2336
1708887189917 0.001 2337
1708887192203 0.001 2338
1708887194508 0.001 2339
1708887196726 0.001 2340
1708887199130 0.001 2341
1708887201565 0.001 2342
1708887204008 0.001 2343
