1708881074562 5.5917 0
1708881081088 4.9456 0
1708881087758 4.7202 0
1708881094351 4.2216 0
1708881100854 3.8121 0
1708881107435 3.5541 0
1708881109698 3.0778 0
1708881112027 2.7674 0
1708881118637 2.7053 0
1708881120965 2.6138 0
1708881123261 2.3058 0
1708881125570 2.2588 0
1708881127879 2.0932 0
1708881130205 1.9313 0
1708881136761 1.781 0
1708881139177 1.6132 0
1708881141503 1.5426 0
1708881143835 1.5163 0
1708881146160 1.4827 0
1708881148490 1.3519 0
1708881150818 1.5963 0
1708881153162 1.3625 0
1708881155456 1.3428 0
1708881157850 1.1945 0
1708881160152 1.2436 0
1708881166710 1.0956 0
1708881173207 1.1722 0
1708881179697 1.1019 0
1708881186259 1.1245 0
1708881188681 1.0376 0
1708881191001 1.1988 0
1708881197519 1.2578 0
1708881199843 1.2204 0
1708881202165 1.1328 0
1708881204503 0.9249 0
1708881206840 1.0193 0
1708881209170 0.8853 0
1708881211625 0.8608 0
1708881213960 0.9492 0
1708881216349 0.9055 0
1708881218689 1.0512 0
1708881221021 0.8946 0
1708881223328 0.9133 0
1708881225633 0.909 0
1708881227947 0.8361 0
1708881230382 1.0947 0
1708881232697 0.8619 0
1708881235001 0.7281 0
1708881237325 0.9409 0
1708881239642 1.0855 0
1708881242345 0.6626 0
1708881244663 0.844 0
1708881246996 0.7085 0
1708881249443 0.9053 0
1708881251756 0.7512 0
1708881254083 0.8676 0
1708881256496 0.968 0
1708881258829 0.6566 0
1708881261142 0.8495 0
1708881263467 0.8315 0
1708881265801 0.7242 0
1708881268138 0.6622 0
1708881270589 0.5698 0
1708881272930 0.6525 0
1708881275250 0.8943 0
1708881277578 0.7692 0
1708881279920 0.8487 0
1708881282247 0.5248 0
1708881284583 0.6199 0
1708881286922 0.4479 0
1708881289389 0.5955 0
1708881291725 0.5804 0
1708881294068 0.4782 0
1708881296409 0.4581 0
1708881298737 0.7176 0
1708881301092 0.5919 0
1708881303432 0.5816 0
1708881305768 0.586 0
1708881308111 0.4347 0
1708881310596 0.6633 0
1708881312937 0.3189 0
1708881315282 0.6655 0
1708881317621 0.5643 0
1708881319930 0.8675 0
1708881322247 0.722 0
1708881324566 0.3881 0
1708881326876 0.637 0
1708881329306 0.4012 0
1708881331620 0.8388 0
1708881333932 0.8246 0
1708881336238 0.5044 0
1708881338551 0.3839 0
1708881340865 0.3265 0
1708881343187 0.5649 0
1708881345491 0.4435 0
1708881347798 0.3675 0
1708881350245 0.5981 0
1708881352572 0.4142 0
1708881354887 0.3813 0
1708881357207 0.2047 0
1708881363812 0.5478 0
1708881366131 0.2652 0
1708881368456 0.3892 0
1708881370774 0.8059 0
1708881373222 0.3389 0
1708881375550 0.7441 0
1708881377866 0.844 0
1708881380178 0.4712 0
1708881382487 0.1824 0
1708881384798 0.4276 0
1708881387113 0.6236 0
1708881389429 0.3599 0
1708881391747 0.363 0
1708881394191 0.2453 0
1708881396499 0.6225 0
1708881398811 0.2217 0
1708881401143 0.5074 0
1708881403459 0.3972 0
1708881405779 0.3482 0
1708881408101 0.5529 0
1708881410424 0.2771 0
1708881412759 0.5362 0
1708881415209 0.8952 0
1708881417527 0.5047 0
1708881419846 0.6313 0
1708881422177 0.9367 0
1708881424505 0.5392 0
1708881426817 0.4382 0
1708881429133 0.5299 0
1708881431452 0.4509 0
1708881433904 0.4063 0
1708881436246 0.4871 0
1708881438579 0.4978 0
1708881440954 0.3352 0
1708881443315 0.4967 0
1708881445664 0.4345 0
1708881448074 0.3666 0
1708881450426 0.5096 0
1708881452756 0.3353 0
1708881455230 0.5156 0
1708881457570 0.5325 0
1708881459920 0.3965 0
1708881462280 0.5904 0
1708881464620 0.3945 0
1708881466962 0.5378 0
1708881469304 0.3912 0
1708881471678 0.523 0
1708881474016 0.2047 0
1708881476511 0.6512 0
1708881478865 1.0697 0
1708881485830 0.1352 0
1708881488179 0.1953 0
1708881490544 0.461 0
1708881492879 0.6928 0
1708881495242 0.2552 0
1708881497761 0.4366 0
1708881500110 0.1502 0
1708881502452 0.3197 0
1708881504814 0.3526 0
1708881507174 0.4919 0
1708881509524 0.5504 0
1708881511883 0.1991 0
1708881514224 0.6592 0
1708881516572 0.2205 0
1708881519045 0.4817 0
1708881521377 0.2529 0
1708881523718 0.1818 0
1708881526079 0.1949 0
1708881528432 0.1657 0
1708881530780 0.3925 0
1708881533118 0.5774 0
1708881535475 0.3449 0
1708881537943 0.3096 0
1708881540282 0.1702 0
1708881542627 0.5138 0
1708881544976 0.6778 0
1708881547316 0.3123 0
1708881549653 0.8578 0
1708881551997 0.254 0
1708881554336 0.4765 0
1708881556803 0.7791 0
1708881559156 0.3758 0
1708881561497 0.2647 0
1708881563829 0.447 0
1708881566165 0.5396 0
1708881568513 0.3177 0
1708881570857 0.7689 0
1708881573202 0.3469 0
1708881575543 0.6787 0
1708881577998 0.5838 0
1708881580338 0.2415 0
1708881582683 0.79 0
1708881585032 0.062 0
1708881587388 0.1905 0
1708881589733 0.7362 0
1708881592099 0.5047 0
1708881594472 0.4114 0
1708881596969 0.3699 0
1708881599325 0.3604 0
1708881601671 0.5847 0
1708881608456 0.5578 0
1708881610807 0.3271 0
1708881613185 0.5186 0
1708881615554 0.4845 0
1708881618025 0.2753 0
1708881620367 0.4289 0
1708881622684 0.3472 0
1708881625019 0.7924 0
1708881627330 0.4641 0
1708881629646 0.3884 0
1708881631972 0.345 0
1708881634306 0.341 0
1708881636627 0.2042 0
1708881639089 0.3822 0
1708881641420 0.6857 0
1708881643739 0.2328 0
1708881646058 0.5257 0
1708881648380 0.1263 0
1708881650695 0.4938 0
1708881653024 0.0997 0
1708881655364 0.5492 0
1708881657691 0.5336 0
1708881660161 0.4939 0
1708881662478 0.4347 0
1708881664790 0.5221 0
1708881667117 0.2698 0
1708881669428 0.5721 0
1708881671744 0.2252 0
1708881674056 0.3689 0
1708881676372 0.2547 0
1708881678692 0.1561 0
1708881681142 0.2087 0
1708881683463 0.3184 0
1708881685785 0.4685 0
1708881688105 0.8183 0
1708881690416 0.6965 0
1708881692735 0.5091 0
1708881695055 0.2595 0
1708881697382 0.0978 0
1708881699700 0.314 0
1708881702168 0.6868 0
1708881704516 0.7186 0
1708881706846 0.2361 0
1708881709165 0.5374 0
1708881711492 0.2545 0
1708881713821 0.4089 0
1708881716150 0.4438 0
1708881718479 0.2045 0
1708881720821 0.4182 0
1708881723281 0.4922 0
1708881729918 0.3661 0
1708881732268 0.6946 0
1708881734596 0.3642 0
1708881736917 0.4919 0
1708881739241 0.3749 0
1708881741567 0.6278 0
1708881743916 0.4277 0
1708881746372 0.3316 0
1708881748701 0.1992 0
1708881751030 0.4573 0
1708881753355 0.4536 0
1708881755689 0.4082 0
1708881758017 0.6696 0
1708881760348 0.6164 0
1708881762673 0.2194 0
1708881765004 0.305 0
1708881767465 0.6317 0
1708881769795 0.5304 0
1708881772134 0.242 0
1708881774460 0.5754 0
1708881776791 0.5097 0
1708881779130 0.2303 0
1708881781459 0.4351 0
1708881783789 0.3958 0
1708881786115 0.217 0
1708881788584 0.5173 0
1708881790925 0.5162 0
1708881793254 0.0717 0
1708881795587 0.6054 0
1708881797924 0.6793 0
1708881800246 0.4964 0
1708881802596 0.2019 0
1708881804929 0.6894 0
1708881807406 0.2808 0
1708881809741 0.4386 0
1708881812069 0.0849 0
1708881814398 0.2998 0
1708881816742 0.1732 0
1708881819087 0.1688 0
1708881821420 0.6083 0
1708881823757 0.2646 0
1708881826107 0.1211 0
1708881828568 0.0843 0
1708881830900 0.3715 0
1708881833235 0.2427 0
1708881835575 0.2179 0
1708881837925 0.3848 0
1708881840281 0.2455 0
1708881842610 0.1468 0
1708881844953 0.2304 0
1708881851804 0.228 0
1708881854139 0.1092 0
1708881856473 0.62 0
1708881858815 0.4364 0
1708881861155 0.1013 0
1708881863491 0.4522 0
1708881865848 0.9855 0
1708881868191 0.4871 0
1708881870531 0.73 0
1708881873001 0.4193 0
1708881879806 0.5551 0
1708881886382 0.7399 0
1708881893199 0.2747 0
1708881900037 0.3352 0
1708881902485 0.38 0
1708881904822 0.4012 0
1708881907179 0.3813 0
1708881909526 0.2088 0
1708881911873 0.7416 0
1708881914224 0.1348 0
1708881916563 0.585 0
1708881918904 0.6504 0
1708881921370 0.152 0
1708881923711 0.8051 0
1708881926049 0.2722 0
1708881928390 0.2655 0
1708881930748 0.3505 0
1708881933091 0.2183 0
1708881935445 0.1992 0
1708881937798 0.5115 0
1708881940137 0.7192 0
1708881942628 0.2359 0
1708881944970 0.1301 0
1708881947306 0.8292 0
1708881949664 0.2417 0
1708881952019 0.25 0
1708881954383 0.3175 0
1708881956736 0.3887 0
1708881959076 0.3653 0
1708881961553 0.2428 0
1708881963907 0.2598 0
1708881966260 0.2235 0
1708881968608 0.3417 0
1708881970956 0.1531 0
1708881973316 0.2689 0
1708881975674 0.2821 0
1708881978038 0.3171 0
1708881980500 0.1186 0
1708881982844 0.0844 0
1708881985187 0.3245 0
1708881992043 0.2735 0
1708881994408 0.3614 0
1708881996761 0.2421 0
1708881999112 0.6019 0
1708882001463 0.4166 0
1708882003928 0.1485 0
1708882006291 0.5355 0
1708882008651 0.4731 0
1708882011004 0.4547 0
1708882013360 0.103 0
1708882015717 0.3853 0
1708882018068 0.545 0
1708882020419 0.5795 0
1708882022903 0.0717 0
1708882025243 0.2297 0
1708882027596 0.227 0
1708882029948 0.4266 0
1708882032299 0.2612 0
1708882034663 0.4829 0
1708882037026 0.0927 0
1708882039346 0.6701 0
1708882041841 0.1178 0
1708882044197 0.4922 0
1708882046556 0.6155 0
1708882048904 0.3607 0
1708882051269 0.2563 0
1708882053628 0.2721 0
1708882055984 0.5176 0
1708882062755 0.5719 0
1708882069520 0.308 0
1708882071871 0.2379 0
1708882074222 0.507 0
1708882076603 0.6428 0
1708882083372 0.4849 0
1708882085851 0.3327 0
1708882088219 0.5145 0
1708882090688 0.517 0
1708882093047 0.1152 0
1708882095409 0.5398 0
1708882097763 0.4916 0
1708882100126 0.5294 0
1708882102488 0.434 0
1708882104859 0.463 0
1708882107224 0.7268 0
1708882109727 0.1871 0
1708882112095 0.4003 0
1708882114463 0.1771 0
1708882116831 0.0305 0
1708882119188 0.4925 0
1708882121561 0.5886 0
1708882128246 0.2416 0
1708882130620 0.232 0
1708882133111 0.5237 0
1708882135474 0.2286 0
1708882137843 0.1816 0
1708882140211 0.1546 0
1708882142585 0.152 0
1708882144951 0.4986 0
1708882147332 0.072 0
1708882149692 0.373 0
1708882152178 0.3586 0
1708882154513 0.3224 0
1708882156861 0.4639 0
1708882159207 0.1458 0
1708882161548 0.5673 0
1708882168276 0.3533 0
1708882174923 0.4838 0
1708882177393 0.1176 0
1708882184304 0.2718 0
1708882191026 0.089 0
1708882193356 0.36 0
1708882195692 0.1164 0
1708882202524 0.1915 0
1708882209358 0.3525 0
1708882211688 0.1413 0
1708882214019 0.2796 0
1708882216355 0.4291 0
1708882218686 0.2215 0
1708882221022 0.4012 0
1708882223352 0.1856 0
1708882225691 0.2901 0
1708882228161 0.05 0
1708882230506 0.4867 0
1708882232840 0.241 0
1708882235176 0.4027 0
1708882237511 0.4763 0
1708882239843 0.308 0
1708882242182 0.4218 0
1708882244519 0.4675 0
1708882246859 0.12 0
1708882249341 0.2475 0
1708882251682 0.2326 0
1708882254022 0.4356 0
1708882256358 0.2755 0
1708882258707 0.5357 0
1708882261047 0.14 0
1708882263397 0.4123 0
1708882265742 0.116 0
1708882268087 0.3559 0
1708882270550 0.5763 0
1708882277284 0.6387 0
1708882279647 0.2205 0
1708882281994 0.2992 0
1708882284333 0.2494 0
1708882286680 0.3318 0
1708882289033 0.2884 0
1708882291380 0.0598 0
1708882293856 0.3902 0
1708882296196 0.3283 0
1708882298489 0.4878 0
1708882300842 0.1367 0
1708882303176 0.26 0
1708882305548 1.0089 0
1708882307889 0.5884 0
1708882310237 0.4527 0
1708882312583 0.4017 0
1708882315060 0.21 0
1708882317409 0.3824 0
1708882319767 0.5041 0
1708882322113 0.3402 0
1708882324456 0.2485 0
1708882326819 0.3393 0
1708882329161 0.0935 0
1708882331506 0.0711 0
1708882333882 0.3942 0
1708882336357 0.4063 0
1708882338703 0.1468 0
1708882341049 0.8467 0
1708882343409 0.2153 0
1708882345765 0.596 0
1708882348122 0.078 0
1708882350477 0.463 0
1708882352856 0.5394 0
1708882355211 0.6244 0
1708882357698 0.395 0
1708882360061 0.5201 0
1708882362436 0.0499 0
1708882364801 0.2284 0
1708882367164 0.1538 0
1708882369519 0.3794 0
1708882376434 0.4554 0
1708882378914 0.3517 0
1708882381273 0.0742 0
1708882383637 0.2105 0
1708882385993 0.654 0
1708882388354 0.6251 0
1708882390732 0.1658 0
1708882393085 0.5593 0
1708882395447 0.2429 0
1708882397801 0.2855 0
1708882404614 0.1767 0
1708882406978 0.1039 0
1708882409335 0.311 0
1708882411691 0.5223 0
1708882414042 0.1175 0
1708882416399 0.2347 0
1708882418760 0.6378 0
1708882421120 0.2876 0
1708882423606 0.392 0
1708882425960 0.6686 0
1708882428317 0.0395 0
1708882430671 0.0948 0
1708882433045 0.2164 0
1708882435404 0.2048 0
1708882437775 0.5953 0
1708882440136 0.1904 0
1708882442491 0.2864 0
1708882444989 0.2004 0
1708882447361 0.3035 0
1708882449714 0.2794 0
1708882452074 0.3502 0
1708882454424 0.3108 0
1708882456794 0.3161 0
1708882459146 0.4264 0
1708882461497 0.2069 0
1708882463838 0.3215 0
1708882466317 0.483 0
1708882468661 0.2279 0
1708882470999 0.0041 0
1708882473342 0.39 0
1708882475693 0.1416 0
1708882478043 0.0549 0
1708882480391 0.1381 0
1708882482739 0.4867 0
1708882485087 0.3597 0
1708882487578 0.5343 0
1708882489924 0.3224 0
1708882492269 0.3887 0
1708882494615 0.1804 0
1708882496967 0.3973 0
1708882499326 0.2542 0
1708882501687 0.4272 0
1708882504035 0.8281 0
1708882506395 0.1922 0
1708882508884 0.2687 0
1708882511237 0.2362 0
1708882513593 0.2285 0
1708882515954 0.5722 0
1708882518313 0.2992 0
1708882520657 0.3071 0
1708882527405 0.3974 0
1708882529751 0.3076 0
1708882532241 0.4803 0
1708882534599 0.4659 0
1708882536949 0.5405 0
1708882539300 0.3904 0
1708882541661 0.5402 0
1708882544014 0.078 0
1708882546370 0.2607 0
1708882548729 0.3546 0
1708882551094 0.4954 0
1708882553590 0.358 0
1708882555945 0.2224 0
1708882558307 0.3254 0
1708882560659 0.1421 0
1708882563009 0.2088 0
1708882565363 0.379 0
1708882567715 0.604 0
1708882570069 0.3822 0
1708882572535 0.1817 0
1708882574901 0.3822 0
1708882577264 0.5989 0
1708882579617 0.3233 0
1708882581982 0.1762 0
1708882584338 0.1813 0
1708882586699 0.2053 0
1708882589064 0.2204 0
1708882591430 0.5362 0
1708882593926 0.3128 0
1708882596288 0.275 0
1708882598649 0.2091 0
1708882601018 0.4657 0
1708882603382 0.3919 0
1708882605748 0.2163 0
1708882608107 0.5202 0
1708882610474 0.3258 0
1708882612838 0.2043 0
1708882615339 0.5778 0
1708882617711 0.2114 0
1708882620076 0.2459 0
1708882622440 0.3785 0
1708882624811 0.1152 0
1708882627177 0.6643 0
1708882629558 0.8201 0
1708882631922 0.4303 0
1708882634308 0.258 0
1708882636812 0.7419 0
1708882639177 0.4292 0
1708882641540 0.3073 0
1708882643894 0.1213 0
1708882650622 0.7785 0
1708882652999 0.2134 0
1708882655366 0.7724 0
1708882657735 0.2945 0
1708882660223 0.2088 0
1708882662592 0.5256 0
1708882664956 0.3405 0
1708882667318 0.3812 0
1708882669695 0.3674 0
1708882672074 0.3434 0
1708882674440 0.469 0
1708882676807 0.2354 0
1708882679304 0.474 0
1708882681663 0.3076 0
1708882684032 0.2823 0
1708882686407 0.1732 0
1708882688786 0.3493 0
1708882691157 0.2103 0
1708882693533 0.482 0
1708882695897 0.1438 0
1708882698259 0.4134 0
1708882700758 0.5895 0
1708882703131 0.5377 0
1708882705517 0.353 0
1708882707888 0.342 0
1708882710264 0.2308 0
1708882712643 0.2106 0
1708882719324 0.2532 0
1708882721689 0.1605 0
1708882724177 0.5752 0
1708882726545 0.3343 0
1708882728909 0.32 0
1708882731280 0.2602 0
1708882733666 0.3854 0
1708882736052 0.6579 0
1708882738423 0.0526 0
1708882740794 0.3979 0
1708882743156 0.2288 0
1708882745653 0.4708 0
1708882748022 0.5167 0
1708882750389 0.3581 0
1708882752771 0.6172 0
1708882755156 0.2245 0
1708882757534 0.022 0
1708882759907 0.0623 0
1708882762277 0.2489 0
1708882764767 0.1335 0
1708882767131 0.7293 0
1708882769502 0.3059 0
1708882771867 0.3062 0
1708882778676 0.1789 0
1708882781050 0.4297 0
1708882783434 0.2315 0
1708882785807 0.5207 0
1708882788307 0.1983 0
1708882790678 0.2482 0
1708882793049 0.0615 0
1708882795422 0.2163 0
1708882797825 0.1882 0
1708882800196 0.2701 0
1708882802591 0.7039 0
1708882804963 0.5464 0
1708882807337 0.3631 0
1708882809851 0.1305 0
1708882812224 0.2641 0
1708882814592 0.2543 0
1708882816966 0.213 0
1708882819341 0.4872 0
1708882821725 0.328 0
1708882824115 0.1151 0
1708882826504 0.1192 0
1708882829028 0.3112 0
1708882831404 0.0029 0
1708882833785 0.4708 0
1708882836166 0.2835 0
1708882838548 0.4452 0
1708882840929 0.3774 0
1708882843317 0.7975 0
1708882845700 0.6241 0
1708882848224 0.3912 0
1708882850603 0.1091 0
1708882852983 0.1833 0
1708882855360 0.3465 0
1708882857742 0.1977 0
1708882860121 0.1555 0
1708882862510 0.5115 0
1708882864908 0.4581 0
1708882867294 0.0089 0
1708882869803 0.3471 0
1708882872184 0.1886 0
1708882874562 0.4016 0
1708882876949 0.4075 0
1708882879335 0.2625 0
1708882881738 0.0983 0
1708882884131 0.1679 0
1708882886525 0.7349 0
1708882889045 0.1747 0
1708882891462 0.1494 0
1708882893849 0.1898 0
1708882896231 0.1039 0
1708882903017 0.1907 0
1708882905399 0.2987 0
1708882907775 0.4564 0
1708882910162 0.2463 0
1708882912676 0.1187 0
1708882915068 0.5055 0
1708882917458 0.1988 0
1708882919841 0.2339 0
1708882922220 0.1623 0
1708882924601 0.268 0
1708882926990 0.0822 0
1708882929382 0.1086 0
1708882931774 0.0774 0
1708882934302 0.1543 0
1708882936705 0.3249 0
1708882939088 0.2287 0
1708882941468 0.0685 0
1708882943851 0.3196 0
1708882946244 0.3157 0
1708882948633 0.0061 0
1708882951031 0.3562 0
1708882953544 0.1438 0
1708882955931 0.2266 0
1708882958315 0.4505 0
1708882960699 0.6963 0
1708882963085 0.4955 0
1708882965469 0.4093 0
1708882967869 0.4148 0
1708882970267 0.2027 0
1708882972778 0.2189 0
1708882975164 0.2968 0
1708882977562 0.4151 0
1708882979947 0.3379 0
1708882982339 0.0212 0
1708882984735 0.6613 0
1708882987114 0.5576 0
1708882989505 0.3103 0
1708882991890 0.5187 0
1708882994412 0.162 0
1708882996802 0.4788 0
1708882999181 0.1639 0
1708883001578 0.4384 0
1708883003963 0.6063 0
1708883006376 0.2557 0
1708883013193 0.2676 0
1708883020159 -0.0243 0
1708883022568 0.1678 0
1708883024950 0.5621 0
1708883027347 0.4987 0
1708883029743 0.3135 0
1708883036517 0.1197 0
1708883038919 0.2363 0
1708883041435 0.4435 0
1708883043830 0.2496 0
1708883046223 0.2207 0
1708883048634 0.3009 0
1708883051024 0.5229 0
1708883053410 0.3706 0
1708883055817 0.3811 0
1708883058202 0.0934 0
1708883060700 0.1562 0
1708883063088 0.1696 0
1708883065481 0.4621 0
1708883067882 0.5844 0
1708883070281 0.1603 0
1708883072675 0.4014 0
1708883075074 0.0432 0
1708883077474 1.0744 0
1708883079877 0.1821 0
1708883082405 0.2719 0
1708883084802 0.6258 0
1708883087200 0.0953 0
1708883089603 -0.0252 0
1708883092011 0.363 0
1708883094415 0.9142 0
1708883096811 0.2652 0
1708883099221 0.431 0
1708883101769 0.067 0
1708883104182 0.5382 0
1708883106582 0.0178 0
1708883108982 0.0668 0
1708883111377 0.3692 0
1708883113779 0.044 0
1708883116186 0.1761 0
1708883118593 0.3687 0
1708883121127 0.2739 0
1708883123530 0.0628 0
1708883125927 0.2187 0
1708883128319 0.3015 0
1708883130722 0.0735 0
1708883133128 0.3087 0
1708883135535 0.2758 0
1708883137943 0.4717 0
1708883140466 0.3783 0
1708883142871 0.4352 0
1708883145278 0.2147 0
1708883147680 0.2241 0
1708883150089 0.5354 0
1708883152482 0.2665 0
1708883154901 0.0406 0
1708883161743 0.439 0
1708883164267 0.7449 0
1708883166666 0.246 0
1708883173485 0.0761 0
1708883180307 0.5718 0
1708883187153 0.1993 0
1708883189555 0.3192 0
1708883192041 0.5554 0
1708883194445 0.3158 0
1708883196846 0.1598 0
1708883199248 0.1943 0
1708883201636 0.1639 0
1708883204035 0.545 0
1708883206425 0.2817 0
1708883208830 0.7329 0
1708883211348 0.3149 0
1708883213750 0.1447 0
1708883216152 0.1275 0
1708883218554 0.0355 0
1708883220953 0.1248 0
1708883227750 0.1213 0
1708883234578 0.0933 0
1708883241508 0.157 0
1708883243882 0.263 0
1708883246250 0.2558 0
1708883248618 0.3579 0
1708883250943 0.6074 0
1708883253311 0.4272 0
1708883255675 0.3687 0
1708883258057 0.0461 0
1708883260561 0.5044 0
1708883262945 0.0325 0
1708883265314 0.1534 0
1708883267677 0.7138 0
1708883270040 0.3149 0
1708883272406 0.1174 0
1708883274771 0.3797 0
1708883277132 0.2875 0
1708883279500 0.3794 0
1708883281979 0.1571 0
1708883284361 0.2267 0
1708883286726 0.2361 0
1708883289115 0.1939 0
1708883291493 0.2547 0
1708883298222 0.0812 0
1708883305223 0.4322 0
1708883307702 0.3467 0
1708883314450 0.2002 0
1708883321330 0.1064 0
1708883323694 0.5146 0
1708883330423 0.3044 0
1708883332788 0.1767 0
1708883335262 0.3723 0
1708883337623 0.1528 0
1708883340002 0.0592 0
1708883342371 0.0217 0
1708883344736 0.4783 0
1708883347113 0.2416 0
1708883349473 0.7444 0
1708883351865 0.509 0
1708883354237 0.1215 0
1708883356736 0.0586 0
1708883359118 0.1074 0
1708883361487 0.2562 0
1708883363874 0.2216 0
1708883366251 0.3233 0
1708883368576 0.3523 0
1708883370944 0.2689 0
1708883373338 0.1389 0
1708883375704 0.1838 0
1708883378201 0.1109 0
1708883380562 0.294 0
1708883382936 0.2949 0
1708883385324 0.2039 0
1708883392257 0.362 0
1708883394631 0.2771 0
1708883401441 0.471 0
1708883403933 0.0865 0
1708883406299 0.0454 0
1708883408660 0.4406 0
1708883411026 0.0155 0
1708883413403 -0.052 0
1708883415771 0.4064 0
1708883418142 0.3207 0
1708883420508 -0.0068 0
1708883422879 0.5695 0
1708883425380 0.2801 0
1708883427757 0.0648 0
1708883430137 0.3722 0
1708883432509 0.3201 0
1708883434873 0.2349 0
1708883437251 0.1299 0
1708883439620 0.1999 0
1708883441991 0.0402 0
1708883444360 0.2025 0
1708883446866 0.998 0
1708883449231 0.7194 0
1708883451602 0.1295 0
1708883453978 0.1349 0
1708883456349 0.4563 0
1708883463058 0.1147 0
1708883465437 0.1922 0
1708883467824 0.1013 0
1708883470314 0.287 0
1708883472692 0.4554 0
1708883475101 0.6252 0
1708883477491 0.3402 0
1708883479852 0.2845 0
1708883482231 0.3262 0
1708883484605 -0.0017 0
1708883486984 0.2412 0
1708883489364 0.5325 0
1708883491881 0.4899 0
1708883494255 0.2945 0
1708883496624 0.4218 0
1708883499002 0.1935 0
1708883501379 0.1252 0
1708883503747 0.0927 0
1708883506112 0.4919 0
1708883508500 0.1334 0
1708883510865 0.1103 0
1708883513376 0.2538 0
1708883515748 -0.0393 0
1708883518126 0.0397 0
1708883520499 -0.0834 0
1708883522871 0.2421 0
1708883525240 0.5029 0
1708883527618 0.4739 0
1708883529991 0.1662 0
1708883532511 0.5243 0
1708883534891 0.508 0
1708883537270 0.464 0
1708883539650 0.3358 0
1708883542014 0.0854 0
1708883544386 0.8049 0
1708883546756 0.2526 0
1708883549135 0.182 0
1708883551518 0.074 0
1708883554017 0.0442 0
1708883556396 0.302 0
1708883558783 -0.0211 0
1708883561172 0.0293 0
1708883563547 0.0881 0
1708883565934 0.0431 0
1708883568325 -0.0658 0
1708883570712 0.2359 0
1708883573090 0.0727 0
1708883575610 0.4683 0
1708883577986 0.3329 0
1708883580390 0.4433 0
1708883587119 -0.0327 0
1708883589499 0.6852 0
1708883591876 0.2393 0
1708883594258 0.1735 0
1708883596626 0.6642 0
1708883599127 0.0043 0
1708883601499 0.1079 0
1708883603877 0.2558 0
1708883606278 0.2155 0
1708883608659 0.2492 0
1708883611033 0.235 0
1708883613413 0.1092 0
1708883615777 0.1653 0
1708883618283 0.2356 0
1708883620669 0.5512 0
1708883623050 0.2577 0
1708883625432 -0.0085 0
1708883627811 0.375 0
1708883630203 0.1652 0
1708883632577 0.4444 0
1708883634951 -0.0199 0
1708883637336 0.0147 0
1708883639839 0.1726 0
1708883642214 0.0643 0
1708883644584 0.1058 0
1708883646964 -0.0024 0
1708883649338 0.3087 0
1708883651709 0.2248 0
1708883654080 0.0009 0
1708883656453 0.1972 0
1708883658831 0.0986 0
1708883661353 0.0497 0
1708883663726 0.2677 0
1708883666108 0.1927 0
1708883668492 0.3323 0
1708883670864 0.181 0
1708883673239 0.0834 0
1708883675622 0.3467 0
1708883677991 0.853 0
1708883680495 0.4537 0
1708883682864 0.268 0
1708883685244 0.0687 0
1708883687623 0.2896 0
1708883689999 0.2757 0
1708883692373 0.0754 0
1708883694758 0.3673 0
1708883697142 0.157 0
1708883699513 0.0863 0
1708883702040 0.4111 0
1708883704424 0.0944 0
1708883711264 0.1044 0
1708883713643 0.0208 0
1708883716024 0.4513 0
1708883718402 0.5371 0
1708883720776 0.0946 0
1708883723269 0.075 0
1708883725652 0.2396 0
1708883728032 0.1204 0
1708883730419 -0.168 0
1708883732799 0.4439 0
1708883735175 0.7608 0
1708883737569 0.1807 0
1708883739955 0.2859 0
1708883742346 0.0829 0
1708883744850 0.0616 0
1708883747239 0.1692 0
1708883749620 0.11 0
1708883751993 0.3973 0
1708883754373 0.0721 0
1708883756754 0.0457 0
1708883759144 0.1499 0
1708883761534 0.1568 0
1708883763905 -0.0017 0
1708883766410 0.0376 0
1708883768780 0.371 0
1708883771164 0.1512 0
1708883773544 0.2214 0
1708883775919 0.1021 0
1708883778308 0.9534 0
1708883780702 -0.0734 0
1708883783079 0.0859 0
1708883785469 0.1487 0
1708883787978 0.039 0
1708883790351 0.7014 0
1708883792730 0.1366 0
1708883795108 0.2409 0
1708883797490 0.0191 0
1708883799873 0.169 0
1708883802254 0.9415 0
1708883804644 0.464 0
1708883807149 0.7188 0
1708883809534 0.0587 0
1708883811911 -0.1211 0
1708883814285 0.3504 0
1708883816660 0.3618 0
1708883819044 0.5288 0
1708883821420 0.1093 0
1708883823828 0.4436 0
1708883826199 -0.0165 0
1708883828711 0.0456 0
1708883835599 0.154 0
1708883837974 -0.0707 0
1708883840381 -0.0167 0
1708883842768 0.2123 0
1708883845164 -0.1154 0
1708883847545 0.8568 0
1708883849931 0.0422 0
1708883852445 0.2901 0
1708883854838 0.4014 0
1708883857228 0.4885 0
1708883859611 0.0802 0
1708883861998 0.1044 0
1708883864383 0.1179 0
1708883866766 0.4134 0
1708883869157 0.2165 0
1708883871676 0.0025 0
1708883874064 0.2589 0
1708883876466 0.6677 0
1708883878850 -0.1102 0
1708883881229 0.0351 0
1708883883617 0.2557 0
1708883886001 0.7616 0
1708883888377 -0.0601 0
1708883890756 0.3091 0
1708883893271 0.1917 0
1708883895646 0.7447 0
1708883898043 0.1166 0
1708883900451 0.2256 0
1708883902829 0.0831 0
1708883905210 -0.0749 0
1708883907584 0.1782 0
1708883909964 0.1274 0
1708883912366 0.0258 0
1708883914884 0.1203 0
1708883917265 0.0586 0
1708883919647 0.3269 0
1708883922042 0.3791 0
1708883924416 0.1703 0
1708883926799 0.0585 0
1708883929179 0.1267 0
1708883931560 0.0566 0
1708883934071 0.203 0
1708883936450 0.0145 0
1708883938844 0.2694 0
1708883941228 0.0589 0
1708883943618 -0.1052 0
1708883946036 0.1672 0
1708883948422 0.1047 0
1708883950818 -0.1195 0
1708883953219 0.196 0
1708883960056 0.1679 0
1708883962447 0.4008 0
1708883964842 0.0064 0
1708883967229 0.3141 0
1708883969611 0.272 0
1708883971997 -0.0114 0
1708883974384 0.1635 0
1708883976768 0.6543 0
1708883979282 0.2333 0
1708883981661 0.2492 0
1708883984048 0.442 0
1708883986437 0.1435 0
1708883988816 0.2893 0
1708883991198 0.7291 0
1708883993580 0.365 0
1708883996076 0.0741 0
1708883998469 -0.0729 0
1708884001004 0.3172 0
1708884003407 0.2987 0
1708884005786 0.0039 0
1708884008173 0.1298 0
1708884010563 0.2243 0
1708884012952 0.0203 0
1708884015355 -0.0999 0
1708884017726 0.0842 0
1708884020236 0.2179 0
1708884022627 0.0768 0
1708884025025 0.4173 0
1708884027413 0.2072 0
1708884029795 -0.0311 0
1708884032181 0.3278 0
1708884034564 0.1339 0
1708884036953 0.0929 0
1708884039353 0.2389 0
1708884041868 0.1712 0
1708884044258 0.2119 0
1708884046682 0.1208 0
1708884049092 0.1 0
1708884056019 -0.089 0
1708884058396 0.0741 0
1708884060792 0.5485 0
1708884063189 0.4238 0
1708884065710 0.1367 0
1708884068107 0.0137 0
1708884070499 0.3112 0
1708884072893 -0.0287 0
1708884075306 0.0702 0
1708884077712 0.0258 0
1708884080102 0.2962 0
1708884082512 0.5438 0
1708884089554 0.2336 0
1708884091957 0.248 0
1708884094357 0.0105 0
1708884096759 0.1846 0
1708884099155 0.4392 0
1708884101545 0.1339 0
1708884103974 0.0069 0
1708884106368 -0.0928 0
1708884108897 0.1957 0
1708884111291 0.1237 0
1708884113683 0.5762 0
1708884116082 0.1104 0
1708884118481 0.432 0
1708884120885 -0.0254 0
1708884123290 0.228 0
1708884125694 0.295 0
1708884128092 0.6726 0
1708884130615 0.0134 0
1708884133019 -0.0605 0
1708884135416 0.306 0
1708884137813 0.2281 0
1708884140219 0.3374 0
1708884142617 0.224 0
1708884145013 0.1931 0
1708884147413 0.0697 0
1708884149948 0.3506 0
1708884152350 0.0444 0
1708884154750 0.2057 0
1708884157144 0.0987 0
1708884159547 0.36 0
1708884161938 -0.0379 0
1708884164348 0.4752 0
1708884166747 -0.0053 0
1708884169155 -0.1247 0
1708884171693 0.022 0
1708884174098 0.1439 0
1708884176509 0.0308 0
1708884178903 0.1563 0
1708884181304 0.2085 0
1708884183705 0.1043 0
1708884186104 0.3348 0
1708884188516 0.2381 0
1708884191051 0.0348 0
1708884193452 0.2616 0
1708884195861 0.1213 0
1708884198256 0.1746 0
1708884205065 0.1485 0
1708884207462 0.1181 0
1708884209863 0.0523 0
1708884212284 0.2707 0
1708884219403 0.2656 0
1708884221801 0.5391 0
1708884224207 0.4539 0
1708884226615 0.0863 0
1708884229017 0.1883 0
1708884231420 0.4632 0
1708884233822 0.0449 0
1708884236364 0.0421 0
1708884238787 0.1599 0
1708884241183 0.2627 0
1708884243582 0.3193 0
1708884245988 0.0053 0
1708884248390 0.1987 0
1708884250805 0.1527 0
1708884253210 0.1756 0
1708884255607 0.4309 0
1708884258147 0.1997 0
1708884260546 0.0469 0
1708884262972 0.4818 0
1708884265380 -0.0769 0
1708884267783 0.042 0
1708884270180 0.2703 0
1708884277049 0.0214 0
1708884284064 0.2159 0
1708884290874 0.145 0
1708884293289 0.4944 0
1708884295697 0.018 0
1708884298095 -0.0327 0
1708884300506 0.177 0
1708884302898 0.2244 0
1708884305414 0.0887 0
1708884307822 0.2105 0
1708884310218 -0.0999 0
1708884312619 -0.0225 0
1708884315022 0.1463 0
1708884317451 0.4012 0
1708884319858 -0.0208 0
1708884322255 0.1683 0
1708884324685 0.5345 0
1708884327216 0.4972 0
1708884329613 0.2641 0
1708884332022 -0.0277 0
1708884334428 0.2217 0
1708884336833 0.6683 0
1708884339231 0.1743 0
1708884341637 0.0553 0
1708884344044 0.6759 0
1708884346586 -0.0429 0
1708884348980 0.2454 0
1708884355804 0.0681 0
1708884362605 0.1323 0
1708884365013 0.1165 0
1708884367427 0.1111 0
1708884369794 1.2976 0
1708884372327 0.2044 0
1708884374729 0.4343 0
1708884377134 0.2375 0
1708884379543 0.2969 0
1708884381938 0.121 0
1708884384345 0.2119 0
1708884386767 0.2301 0
1708884393614 -0.0568 0
1708884400536 0.0004 0
1708884402945 0.4853 0
1708884405345 0.0788 0
1708884407747 0.2477 0
1708884410156 -0.0607 0
1708884412563 0.0885 0
1708884414963 0.0488 0
1708884417368 0.0897 0
1708884419904 0.3344 0
1708884422311 0.2232 0
1708884424719 -0.0401 0
1708884427123 0.1689 0
1708884434017 0.2477 0
1708884436419 0.2203 0
1708884438832 0.2983 0
1708884441243 0.1164 0
1708884443792 0.0765 0
1708884450722 0.0348 0
1708884453123 -0.0191 0
1708884455529 0.5801 0
1708884457954 -0.1165 0
1708884460361 0.0024 0
1708884467226 -0.164 0
1708884474156 0.3944 0
1708884481115 0.1007 0
1708884483524 0.075 0
1708884485930 0.2493 0
1708884492755 -0.1147 0
1708884495169 0.8187 0
1708884497694 0.2669 0
1708884500105 0.2724 0
1708884502546 0.422 0
1708884504948 0.323 0
1708884507360 -0.1038 0
1708884509762 0.172 0
1708884512202 0.4652 0
1708884514611 0.3915 0
1708884517024 -0.121 0
1708884524055 0.0193 0
1708884526458 -0.108 0
1708884528868 -0.1306 0
1708884531282 0.4029 0
1708884533680 0.1001 0
1708884536082 0.1936 0
1708884538496 -0.0469 0
1708884541024 -0.0055 0
1708884543428 0.1785 0
1708884545841 0.3332 0
1708884548256 0.3024 0
1708884550672 -0.1162 0
1708884553083 0.6713 0
1708884555487 0.1355 0
1708884557908 -0.0377 0
1708884560317 0.1258 0
1708884562863 0.0418 0
1708884565281 -0.0381 0
1708884567685 -0.0132 0
1708884570115 -0.156 0
1708884572536 -0.0075 0
1708884574944 0.2726 0
1708884577355 0.0475 0
1708884579763 0.377 0
1708884582306 0.284 0
1708884584721 0.1701 0
1708884587129 0.0475 0
1708884589556 0.2475 0
1708884591953 0.1621 0
1708884594357 0.2191 0
1708884596758 0.2134 0
1708884599168 0.3892 0
1708884601588 0.1643 0
1708884604130 0.0725 0
1708884606543 0.1093 0
1708884608955 0.3272 0
1708884611382 0.2057 0
1708884613801 0.0114 0
1708884616211 -0.124 0
1708884618629 0.1093 0
1708884621056 0.242 0
1708884623603 0.2318 0
1708884626020 0.2131 0
1708884628435 0.0499 0
1708884630858 -0.014 0
1708884633278 0.1479 0
1708884635702 0.1541 0
1708884638127 0.0901 0
1708884640544 0.1269 0
1708884643097 0.1277 0
1708884649958 1.1094 0
1708884652367 0.0493 0
1708884654792 0.0901 0
1708884657213 0.0727 0
1708884659631 -0.113 0
1708884662060 0.0163 0
1708884664609 0.0923 0
1708884667034 0.1715 0
1708884669450 0.2653 0
1708884671881 0.2964 0
1708884674309 0.097 0
1708884676739 0.12 0
1708884679156 0.0904 0
1708884681593 0.1361 0
1708884684019 0.0287 0
1708884686586 0.0222 0
1708884689006 0.1408 0
1708884691425 0.069 0
1708884693845 0.0217 0
1708884696289 0.4074 0
1708884698717 0.0219 0
1708884701148 0.2125 0
1708884703571 0.0027 0
1708884706139 -0.0385 0
1708884708554 0.0532 0
1708884710987 0.7989 0
1708884713424 -0.0581 0
1708884715852 0.0906 0
1708884718291 0.0252 0
1708884720717 0.4096 0
1708884723138 0.1162 0
1708884725561 0.1805 0
1708884728130 0.0551 0
1708884730546 -0.0551 0
1708884732977 0.1397 0
1708884735402 0.0109 0
1708884737836 0.0433 0
1708884740261 0.3233 0
1708884742682 0.308 0
1708884745106 0.0465 0
1708884747657 -0.0053 0
1708884750079 0.1014 0
1708884752501 0.0302 0
1708884754920 0.3654 0
1708884757338 -0.0161 0
1708884759800 0.7035 0
1708884762235 0.5296 0
1708884764669 0.1073 0
1708884767221 0.4524 0
1708884769645 0.0796 0
1708884776490 0.1043 0
1708884778924 0.2201 0
1708884781355 -0.0029 0
1708884783781 0.2283 0
1708884786217 0.2604 0
1708884788762 -0.0569 0
1708884791172 0.1868 0
1708884793602 0.0276 0
1708884796033 0.1119 0
1708884798462 0.1563 0
1708884800886 0.2064 0
1708884803321 0.013 0
1708884805745 0.0813 0
1708884808282 0.1433 0
1708884810713 -0.0953 0
1708884813142 0.1554 0
1708884815563 -0.0705 0
1708884817984 0.383 0
1708884820407 -0.1463 0
1708884822824 0.1499 0
1708884825252 0.0283 0
1708884827821 -0.1034 0
1708884830246 0.0192 0
1708884832676 0.0815 0
1708884835114 -0.0746 0
1708884837536 0.2606 0
1708884839962 -0.0635 0
1708884842392 0.1259 0
1708884844824 0.1209 0
1708884847244 0.2087 0
1708884849799 0.2025 0
1708884852228 0.1448 0
1708884854672 0.2382 0
1708884857122 -0.0182 0
1708884859545 0.1003 0
1708884861975 0.2099 0
1708884864398 -0.0242 0
1708884866824 -0.0706 0
1708884869387 0.292 0
1708884871809 0.3568 0
1708884874234 -0.0636 0
1708884876651 0.288 0
1708884879093 -0.0211 0
1708884881559 0.4972 0
1708884884013 0.4014 0
1708884886447 0.0886 0
1708884888992 0.0043 0
1708884891435 0.1281 0
1708884893850 -0.0203 0
1708884896282 0.2545 0
1708884903142 0.0537 0
1708884905566 0.2768 0
1708884907991 0.0781 0
1708884910431 0.1046 0
1708884912978 0.486 0
1708884915398 0.2065 0
1708884917815 0.2101 0
1708884920238 0.2429 0
1708884922662 0.2531 0
1708884925084 0.3106 0
1708884931877 0.0326 0
1708884938727 0.1138 0
1708884941143 -0.055 0
1708884943576 0.4892 0
1708884946004 0.1832 0
1708884948419 0.0317 0
1708884950841 0.2537 0
1708884953266 -0.0607 0
1708884955693 0.0771 0
1708884958256 0.1373 0
1708884960674 0.2 0
1708884963087 0.0321 0
1708884965523 0.1538 0
1708884967941 -0.0866 0
1708884970364 0.1276 0
1708884972788 -0.0342 0
1708884975216 0.2307 0
1708884977638 0.244 0
1708884980190 0.1103 0
1708884982603 0.252 0
1708884985025 -0.11 0
1708884987444 -0.0568 0
1708884989862 1.1107 0
1708884992287 0.05 0
1708884994714 0.1208 0
1708884997134 0.1685 0
1708884999677 0.2113 0
1708885002099 -0.109 0
1708885004529 0.138 0
1708885006954 0.1358 0
1708885009388 0.1121 0
1708885011823 0.4683 0
1708885014272 0.0494 0
1708885016696 -0.0317 0
1708885019127 -0.0842 0
1708885021679 -0.1003 0
1708885024098 0.1356 0
1708885026525 0.0788 0
1708885028954 0.0047 0
1708885031383 -0.0949 0
1708885038180 -0.0199 0
1708885040601 -0.0133 0
1708885043159 -0.066 0
1708885045593 0.0014 0
1708885048005 0.1652 0
1708885050422 0.0953 0
1708885052848 0.0722 0
1708885055274 0.0023 0
1708885057702 0.2743 0
1708885060136 0.3354 0
1708885062569 0.0292 0
1708885065123 0.2409 0
1708885067542 -0.0797 0
1708885069967 0.1233 0
1708885072386 0.3164 0
1708885074808 0.0963 0
1708885077230 0.2742 0
1708885079655 0.0679 0
1708885082077 0.0876 0
1708885084630 0.1624 0
1708885087048 0.1702 0
1708885089476 0.128 0
1708885091904 -0.0878 0
1708885094327 0.049 0
1708885096755 -0.057 0
1708885099201 -0.0422 0
1708885101635 0.684 0
1708885104074 0.1197 0
1708885106642 0.2682 0
1708885109074 0.1091 0
1708885111522 0.2207 0
1708885113954 0.2115 0
1708885116396 -0.0022 0
1708885118835 0.1878 0
1708885121294 0.1091 0
1708885123713 0.7735 0
1708885126269 0.1695 0
1708885128698 0.0271 0
1708885131127 0.2146 0
1708885133561 0.1073 0
1708885135993 0.0702 0
1708885138426 0.0038 0
1708885140864 -0.1108 0
1708885143283 0.1269 0
1708885145863 -0.0213 0
1708885148290 -0.1046 0
1708885150719 -0.0744 0
1708885153158 -0.0332 0
1708885155590 0.2138 0
1708885158027 0.0544 0
1708885164855 0.0579 0
1708885167273 0.1985 0
1708885169837 0.056 0
1708885172302 0.1271 0
1708885174728 -0.138 0
1708885177161 0.2392 0
1708885179591 0.2767 0
1708885182039 0.1886 0
1708885184471 0.1327 0
1708885186910 0.1169 0
1708885189470 0.0461 0
1708885191909 0.0116 0
1708885194350 0.2389 0
1708885196776 -0.0715 0
1708885199206 0.2484 0
1708885201642 -0.0153 0
1708885204083 0.2475 0
1708885206529 0.1015 0
1708885209110 0.2641 0
1708885211538 0.1974 0
1708885213963 0.02 0
1708885216391 0.1745 0
1708885218823 0.1791 0
1708885221251 0.0402 0
1708885223682 0.0746 0
1708885226106 0.0662 0
1708885228540 -0.1464 0
1708885231106 0.2286 0
1708885233537 0.2492 0
1708885235975 0.3242 0
1708885238406 -0.1489 0
1708885240836 0.0936 0
1708885243271 -0.0429 0
1708885245697 0.4937 0
1708885248131 0.2694 0
1708885250727 0.1884 0
1708885253152 0.0005 0
1708885255576 0.1229 0
1708885258004 0.0524 0
1708885260439 0.0694 0
1708885262873 0.101 0
1708885265306 0.1575 0
1708885267750 0.0116 0
1708885270183 -0.0531 0
1708885272777 0.0946 0
1708885275202 0.001 0
1708885277650 0.1292 0
1708885280109 0.2146 0
1708885282545 -0.1543 0
1708885284980 -0.0222 0
1708885291853 -0.1954 0
1708885294408 0.0984 0
1708885296848 0.05 0
1708885299292 0.1051 0
1708885301725 0.0041 0
1708885304166 0.1498 0
1708885306600 -0.0962 0
1708885309044 0.0391 0
1708885311483 0.297 0
1708885314063 0.912 0
1708885316487 0.0771 0
1708885318936 0.1509 0
1708885321371 0.1986 0
1708885323809 0.2425 0
1708885326252 0.7012 0
1708885328723 -0.1301 0
1708885331141 0.2222 0
1708885333596 0.2909 0
1708885336164 0.0898 0
1708885338597 0.0205 0
1708885341037 0.0258 0
1708885343474 0.344 0
1708885345909 0.1141 0
1708885348348 0.0734 0
1708885350785 0.746 0
1708885353218 0.0112 0
1708885355785 0.3251 0
1708885358222 0.3537 0
1708885360663 -0.1372 0
1708885363105 0.1269 0
1708885365547 0.4778 0
1708885367990 0.4383 0
1708885370427 0.4557 0
1708885372892 0.0562 0
1708885375509 0.2455 0
1708885377945 0.0144 0
1708885380378 0.2323 0
1708885382815 -0.1011 0
1708885385241 0.6607 0
1708885387668 0.0682 0
1708885390089 0.0173 0
1708885392514 -0.0167 0
1708885394949 0.0296 0
1708885397507 0.5132 0
1708885399941 0.1212 0
1708885402376 0.0748 0
1708885404811 0.1056 0
1708885407233 -0.0509 0
1708885409663 0.025 0
1708885412104 -0.0028 0
1708885418927 0.0231 0
1708885421492 0.7088 0
1708885423944 0.0482 0
1708885426389 0.0142 0
1708885428813 -0.0655 0
1708885435769 -0.0459 0
1708885442655 0.1932 0
1708885445074 0.3336 0
1708885452010 -0.078 0
1708885454425 0.0445 0
1708885456835 0.0714 0
1708885459248 0.0704 0
1708885461661 -0.0669 0
1708885464093 -0.0382 0
1708885466509 0.1449 0
1708885468927 -0.0933 0
1708885471480 0.2835 0
1708885473907 0.1543 0
1708885476336 0.1272 0
1708885478785 0.419 0
1708885481210 0.0842 0
1708885483636 0.2342 0
1708885486071 0.4138 0
1708885488510 0.1406 0
1708885490938 0.0107 0
1708885493513 0.4106 0
1708885495949 0.157 0
1708885498381 0.0274 0
1708885500837 0.5085 0
1708885503272 -0.0178 0
1708885505700 0.1377 0
1708885508088 0.2651 0
1708885510531 -0.0276 0
1708885513051 0.1932 0
1708885515496 -0.0625 0
1708885517934 0.0955 0
1708885520368 0.0614 0
1708885522806 0.0982 0
1708885525232 -0.0514 0
1708885527669 0.0377 0
1708885530117 -0.011 0
1708885532556 0.2932 0
1708885535126 0.0715 0
1708885537565 -0.0423 0
1708885540002 0.1846 0
1708885542447 -0.0431 0
1708885544880 0.1238 0
1708885547313 0.2032 0
1708885549775 0.1627 0
1708885552219 0.0693 0
1708885559167 0.0259 0
1708885561610 0.0594 0
1708885564043 -0.0495 0
1708885566475 0.3632 0
1708885568898 0.7417 0
1708885571345 0.0118 0
1708885573796 -0.0124 0
1708885576231 0.2348 0
1708885578792 0.1764 0
1708885581266 0.0161 0
1708885583718 0.0411 0
1708885586144 0.6046 0
1708885588572 0.5674 0
1708885591008 0.0664 0
1708885593443 0.0715 0
1708885595885 0.082 0
1708885598324 0.1722 0
1708885600887 0.0163 0
1708885603328 0.6351 0
1708885605761 -0.0647 0
1708885608207 0.5591 0
1708885610639 0.2569 0
1708885613073 0.0782 0
1708885615507 -0.0386 0
1708885617945 0.1633 0
1708885620536 0.1664 0
1708885622976 0.2522 0
1708885625408 -0.1194 0
1708885627847 -0.0295 0
1708885630295 -0.0385 0
1708885632733 0.125 0
1708885635178 0.0248 0
1708885637608 -0.0725 0
1708885640047 0.5879 0
1708885642615 0.0753 0
1708885645071 0.0795 0
1708885647503 0.2669 0
1708885649929 0.1953 0
1708885652368 -0.0288 0
1708885654806 -0.0158 0
1708885657245 0.4903 0
1708885659675 1.0235 0
1708885662230 -0.0304 0
1708885664649 0.1388 0
1708885667080 -0.0644 0
1708885669515 0.3515 0
1708885671955 0.3953 0
1708885674400 0.0611 0
1708885676831 -0.1083 0
1708885679273 0.0119 0
1708885686232 0.0471 0
1708885688668 0.4106 0
1708885691107 0.0817 0
1708885693550 0.3461 0
1708885695976 0.1063 0
1708885698424 0.733 0
1708885700859 0.1246 0
1708885703298 0.179 0
1708885705733 0.1303 0
1708885708293 0.2317 0
1708885710713 -0.0004 0
1708885713148 0.1026 0
1708885715582 0.3642 0
1708885718013 0.184 0
1708885720450 -0.026 0
1708885722897 -0.0171 0
1708885725338 0.085 0
1708885727896 -0.0471 0
1708885730346 0.0317 0
1708885732779 0.2133 0
1708885735217 -0.0146 0
1708885737658 0.1355 0
1708885740091 -0.0762 0
1708885742551 0.07 0
1708885744976 0.0288 0
1708885747543 -0.1601 0
1708885749979 0.1181 0
1708885752411 -0.0316 0
1708885754851 0.0003 0
1708885757312 -0.2226 0
1708885759749 0.013 0
1708885762177 -0.1393 0
1708885764606 -0.1712 0
1708885767042 -0.0908 0
1708885769606 0.1176 0
1708885772054 0.1668 0
1708885774491 -0.1467 0
1708885776921 0.2062 0
1708885779353 0.0265 0
1708885781781 -0.0297 0
1708885784217 0.2245 0
1708885786647 0.3618 0
1708885789202 -0.1676 0
1708885791637 0.3095 0
1708885794070 0.0304 0
1708885796514 0.0844 0
1708885798943 -0.0094 0
1708885801382 0.0808 0
1708885803812 0.0241 0
1708885806241 -0.0451 0
1708885813235 0.0692 0
1708885815665 0.0048 0
1708885818090 0.0259 0
1708885820517 0.1298 0
1708885822952 0.0168 0
1708885825395 -0.0794 0
1708885827844 0.6221 0
1708885830275 -0.0088 0
1708885832863 -0.0315 0
1708885835314 0.0472 0
1708885837770 0.2278 0
1708885840192 -0.1517 0
1708885842626 0.0867 0
1708885845059 0.1551 0
1708885847490 0.46 0
1708885849920 0.1602 0
1708885852353 0.2388 0
1708885854913 0.1883 0
1708885857337 0.3356 0
1708885859766 -0.0432 0
1708885862217 0.1287 0
1708885864643 -0.0722 0
1708885867080 0.1008 0
1708885869506 -0.1087 0
1708885871943 -0.0652 0
1708885874520 -0.1335 0
1708885876973 -0.1044 0
1708885879413 0.0464 0
1708885881846 0.0887 0
1708885884291 0.4117 0
1708885886736 0.0674 0
1708885889166 0.2929 0
1708885891610 0.0223 0
1708885894175 0.0679 0
1708885896622 -0.0429 0
1708885899072 0.1704 0
1708885901505 0.1786 0
1708885903949 0.0673 0
1708885906383 -0.0837 0
1708885908814 -0.1959 0
1708885911255 0.0266 0
1708885913698 0.0047 0
1708885916268 0.2611 0
1708885918710 0.3591 0
1708885921146 -0.12 0
1708885923574 0.5286 0
1708885926021 0.3182 0
1708885928450 0.0464 0
1708885935347 0.0387 0
1708885937920 0.1942 0
1708885949263 0.0795 0
1708885951716 0.1734 0
1708885954148 0.1176 0
1708885956580 -0.1016 0
1708885959013 0.1403 0
1708885961458 -0.2135 0
1708885964007 -0.1216 0
1708885966435 0.1897 0
1708885968883 0.0432 0
1708885971328 -0.1702 0
1708885973771 0.0944 0
1708885976215 0.3247 0
1708885978650 0.1142 0
1708885981093 0.0798 0
1708885983647 0.1838 0
1708885986082 -0.0976 0
1708885988527 0.2675 0
1708885990952 0.0848 0
1708885993381 0.0392 0
1708885995818 -0.164 0
1708885998263 -0.0551 0
1708886000717 0.1215 0
1708886003160 -0.0839 0
1708886005726 -0.0683 0
1708886008176 -0.2111 0
1708886010609 -0.0082 0
1708886013046 -0.0963 0
1708886015476 -0.0359 0
1708886017909 0.3773 0
1708886020348 0.1524 0
1708886022790 -0.0911 0
1708886025362 0.2479 0
1708886027805 -0.0284 0
1708886030247 0.0083 0
1708886032684 0.1061 0
1708886035131 0.0102 0
1708886037571 0.1382 0
1708886040024 -0.1592 0
1708886042460 0.3405 0
1708886044899 -0.0698 0
1708886047475 0.2418 0
1708886049914 0.8104 0
1708886052347 -0.0074 0
1708886054794 0.221 0
1708886057221 -0.0512 0
1708886059684 0.1882 0
1708886062119 0.1774 0
1708886064558 -0.2125 0
1708886067122 0.3192 0
1708886069589 -0.0578 0
1708886076473 -0.0318 0
1708886078911 -0.0941 0
1708886081344 -0.0886 0
1708886083781 0.007 0
1708886086204 0.044 0
1708886088760 0.1086 0
1708886091213 0.1057 0
1708886093650 0.019 0
1708886096098 -0.0339 0
1708886098545 -0.1209 0
1708886100993 -0.2308 0
1708886103443 0.1257 0
1708886105900 0.014 0
1708886108471 0.0099 0
1708886110918 0.6325 0
1708886113368 0.0342 0
1708886115808 0.0433 0
1708886118250 0.2971 0
1708886120689 -0.0717 0
1708886123138 -0.1314 0
1708886125584 0.0226 0
1708886128037 0.0696 0
1708886130609 -0.1241 0
1708886133034 -0.1197 0
1708886135483 0.0097 0
1708886137960 -0.1713 0
1708886140411 -0.0117 0
1708886142861 0.1993 0
1708886145318 0.1582 0
1708886147760 -0.0824 0
1708886150361 0.0012 0
1708886152819 -0.2115 0
1708886155268 0.5096 0
1708886157708 0.5374 0
1708886160158 0.1097 0
1708886162628 0.1916 0
1708886165081 -0.0911 0
1708886167532 0.2466 0
1708886170114 0.1838 0
1708886172563 -0.261 0
1708886175025 -0.0763 0
1708886177480 -0.1172 0
1708886179928 0.0943 0
1708886182373 0.0733 0
1708886184822 0.0121 0
1708886187276 0.0627 0
1708886189863 0.0149 0
1708886192298 0.0934 0
1708886194747 0.1352 0
1708886197201 0.0503 0
1708886204149 0.1709 0
1708886206622 -0.041 0
1708886209083 0.2788 0
1708886211529 0.3579 0
1708886214119 0.0665 0
1708886216581 0.1267 0
1708886219023 0.3369 0
1708886221472 -0.0302 0
1708886223929 -0.022 0
1708886226381 0.25 0
1708886228833 0.0695 0
1708886231276 0.009 0
1708886233857 -0.1147 0
1708886236303 -0.088 0
1708886238746 0.0567 0
1708886241219 -0.0942 0
1708886243663 -0.1634 0
1708886246107 -0.1383 0
1708886248544 -0.1218 0
1708886250998 -0.0043 0
1708886253587 0.0077 0
1708886256044 0.3062 0
1708886258497 0.2037 0
1708886260953 -0.1103 0
1708886263410 0.076 0
1708886265866 0.0648 0
1708886268330 0.2858 0
1708886270779 0.1617 0
1708886273386 -0.0335 0
1708886275843 0.1303 0
1708886282675 -0.0605 0
1708886289541 -0.0939 0
1708886291991 0.1559 0
1708886299026 0.1484 0
1708886301597 -0.1527 0
1708886304054 -0.013 0
1708886306518 0.1623 0
1708886308985 -0.1071 0
1708886311428 -0.1522 0
1708886313885 0.0362 0
1708886316346 -0.0925 0
1708886318794 -0.2954 0
1708886321248 0.2496 0
1708886323832 0.0366 0
1708886326269 -0.1512 0
1708886328743 -0.1191 0
1708886331193 0.5137 0
1708886333644 -0.2541 0
1708886336088 0.3681 0
1708886338537 -0.1777 0
1708886345637 -0.0677 0
1708886348097 -0.1104 0
1708886350545 -0.0478 0
1708886352984 0.2483 0
1708886355437 0.0361 0
1708886357886 -0.155 0
1708886360345 -0.0142 0
1708886362794 -0.0444 0
1708886365378 0.0211 0
1708886367827 -0.0256 0
1708886370276 -0.0514 0
1708886372734 0.019 0
1708886375183 -0.2586 0
1708886377638 -0.2221 0
1708886380084 -0.2969 0
1708886382538 0.2612 0
1708886385132 0.2631 0
1708886387592 0.0512 0
1708886390064 0.147 0
1708886392516 0.0257 0
1708886394965 -0.0631 0
1708886397459 -0.0757 0
1708886399906 -0.1029 0
1708886402360 -0.0181 0
1708886404807 -0.215 0
1708886407395 -0.1506 0
1708886409841 -0.2733 0
1708886412296 0.1859 0
1708886414747 -0.1997 0
1708886417190 -0.29 0
1708886419643 -0.0406 0
1708886422089 -0.2202 0
1708886424530 -0.1672 0
1708886427141 -0.1649 0
1708886429581 -0.241 0
1708886432036 0.0257 0
1708886434487 -0.0262 0
1708886436940 -0.2053 0
1708886439401 -0.2189 0
1708886441846 -0.026 0
1708886444303 0.3159 0
1708886446862 -0.0447 0
1708886449326 0.003 0
1708886451776 -0.0306 0
1708886454231 0.0096 0
1708886456682 0.1849 0
1708886459139 0.1092 0
1708886461562 0.0069 0
1708886463988 1.193 0
1708886466410 -0.2806 0
1708886473488 0.1292 0
1708886475909 -0.0348 0
1708886478338 0.1236 0
1708886480773 -0.1013 0
1708886483198 0.2144 0
1708886485617 -0.1643 0
1708886488034 0.0304 0
1708886490445 0.0042 0
1708886492999 -0.2276 0
1708886495425 -0.0106 0
1708886497848 -0.0031 0
1708886500265 0.0248 0
1708886502688 0.4986 0
1708886505105 0.009 0
1708886507534 -0.0379 0
1708886509966 -0.1809 0
1708886512393 0.2054 0
1708886514943 -0.0571 0
1708886517353 0.0775 0
1708886519773 0.0117 0
1708886522199 0.2472 0
1708886524618 0.0105 0
1708886527045 -0.0465 0
1708886529459 -0.0437 0
1708886531885 -0.094 0
1708886534313 -0.0745 0
1708886536850 -0.1017 0
1708886539274 -0.038 0
1708886541690 0.2695 0
1708886544125 0.1236 0
1708886546557 0.409 0
1708886548981 0.844 0
1708886551410 0.0539 0
1708886553827 0.0154 0
1708886556248 0.2589 0
1708886558812 -0.0593 0
1708886561236 0.2421 0
1708886563651 -0.0561 0
1708886566079 0.1529 0
1708886568511 -0.1268 0
1708886570939 0.069 0
1708886573365 -0.1911 0
1708886575797 -0.2963 0
1708886578216 0.0282 0
1708886580765 -0.1128 0
1708886583141 0.0815 0
1708886585563 -0.0562 0
1708886587977 0.1087 0
1708886590402 0.0335 0
1708886592820 -0.1595 0
1708886599690 0.2513 0
1708886602115 -0.0562 0
1708886604657 0.0137 0
1708886607070 -0.0235 0
1708886609484 0.1521 0
1708886611912 0.138 0
1708886614328 -0.1766 0
1708886616753 -0.1955 0
1708886619190 0.067 0
1708886621613 -0.2686 0
1708886624047 0.0855 0
1708886626596 0.0241 0
1708886629004 0.1942 0
1708886631410 0.3507 0
1708886633813 0.0492 0
1708886636222 0.5774 0
1708886638626 0.0791 0
1708886641043 0.0246 0
1708886643472 -0.2355 0
1708886645897 -0.0311 0
1708886648453 -0.1604 0
1708886650873 -0.1147 0
1708886653305 0.0296 0
1708886655717 -0.21 0
1708886658130 -0.1448 0
1708886660544 0.0854 0
1708886662972 -0.1426 0
1708886665394 0.1037 0
1708886667811 -0.1837 0
1708886670342 -0.2297 0
1708886672774 -0.0045 0
1708886675199 0.1732 0
1708886677636 -0.0037 0
1708886680079 -0.0521 0
1708886682499 -0.3344 0
1708886684941 -0.1138 0
1708886687380 0.1702 0
1708886689803 -0.0878 0
1708886692359 -0.1417 0
1708886694793 -0.2402 0
1708886697226 -0.2252 0
1708886699650 0.9581 0
1708886702093 0.2541 0
1708886704524 -0.1247 0
1708886706941 -0.0351 0
1708886709364 -0.2128 0
1708886711797 -0.0954 0
1708886714363 -0.0337 0
1708886716797 0.0465 0
1708886719214 -0.0492 0
1708886726148 0.0995 0
1708886728574 -0.0321 0
1708886731000 0.1424 0
1708886733421 0.3201 0
1708886735843 -0.0607 0
1708886738383 -0.1936 0
1708886740825 -0.1853 0
1708886743261 0.008 0
1708886745682 -0.1234 0
1708886748108 -0.0716 0
1708886750532 -0.0258 0
1708886752964 -0.0418 0
1708886755389 0.0177 0
1708886757819 -0.029 0
1708886760395 0.165 0
1708886762827 -0.0468 0
1708886765258 0.0653 0
1708886767675 -0.0065 0
1708886770107 0.624 0
1708886772572 -0.2178 0
1708886774994 -0.1227 0
1708886777427 -0.1984 0
1708886779858 0.1931 0
1708886782431 0.0788 0
1708886784858 -0.1846 0
1708886787283 0.0265 0
1708886789719 0.0407 0
1708886792154 -0.1475 0
1708886794586 -0.027 0
1708886797014 -0.0815 0
1708886799456 0.3007 0
1708886801897 -0.2189 0
1708886804438 0.0223 0
1708886806863 0.0018 0
1708886809309 -0.2581 0
1708886811731 0.1389 0
1708886814160 -0.0505 0
1708886816589 -0.1812 0
1708886819017 -0.2485 0
1708886821447 0.0948 0
1708886823904 0.3853 0
1708886826474 0.2058 0
1708886828900 0.1602 0
1708886831327 0.0463 0
1708886833753 0.0778 0
1708886836194 0.0712 0
1708886838628 -0.1689 0
1708886841067 0.4031 0
1708886843499 0.2481 0
1708886845929 -0.2128 0
1708886852970 -0.0439 0
1708886855405 0.0863 0
1708886857829 0.0099 0
1708886860261 -0.2681 0
1708886862692 0.256 0
1708886865121 -0.2478 0
1708886867543 -0.1038 0
1708886869977 -0.1262 0
1708886872539 -0.0422 0
1708886874960 -0.153 0
1708886877392 -0.1781 0
1708886879836 0.3771 0
1708886882266 -0.0667 0
1708886884696 -0.0851 0
1708886887144 0.0731 0
1708886889567 -0.1164 0
1708886891994 -0.2054 0
1708886894551 0.0441 0
1708886896979 0.05 0
1708886899407 -0.2001 0
1708886901837 -0.159 0
1708886904279 -0.1071 0
1708886906707 -0.1535 0
1708886909131 0.1058 0
1708886911546 -0.075 0
1708886913971 -0.0721 0
1708886916529 -0.1206 0
1708886918954 -0.2861 0
1708886921388 0.1293 0
1708886923832 -0.1336 0
1708886926262 0.3604 0
1708886928697 -0.136 0
1708886931125 -0.088 0
1708886933558 0.2321 0
1708886936007 -0.0962 0
1708886938583 0.1506 0
1708886941012 -0.1193 0
1708886943456 -0.0658 0
1708886945891 -0.1865 0
1708886948331 -0.1449 0
1708886950765 0.0595 0
1708886953219 0.1402 0
1708886955649 0.0391 0
1708886958077 -0.0858 0
1708886960649 -0.0218 0
1708886963066 -0.1306 0
1708886965511 -0.1235 0
1708886967951 -0.3026 0
1708886970365 nan 0
1708886972798 -0.1197 0
1708886979533 nan 0
1708886981921 nan 0
1708886984454 nan 0
1708886986850 nan 0
1708886989235 nan 0
1708886991593 nan 0
1708886993925 nan 0
1708886996227 nan 0
1708886998573 nan 0
1708887000863 nan 0
1708887003252 nan 0
1708887005778 nan 0
1708887008155 nan 0
1708887010525 nan 0
1708887012897 nan 0
1708887015332 -0.1557 0
1708887017722 nan 0
1708887020116 nan 0
1708887022406 nan 0
1708887024804 nan 0
1708887027270 nan 0
1708887029606 nan 0
1708887031962 nan 0
1708887034262 nan 0
1708887036649 nan 0
1708887038941 nan 0
1708887041327 nan 0
1708887043669 nan 0
1708887046059 nan 0
1708887048540 nan 0
1708887050960 0.1563 0
1708887053354 nan 0
1708887055702 nan 0
1708887058084 nan 0
1708887060420 nan 0
1708887062854 0.019 0
1708887065200 nan 0
1708887067599 nan 0
1708887070118 nan 0
1708887072544 0.2984 0
1708887074943 nan 0
1708887077331 nan 0
1708887079678 nan 0
1708887082071 nan 0
1708887084498 -0.2352 0
1708887086921 -0.0431 0
1708887089272 nan 0
1708887091735 nan 0
1708887094179 0.2166 0
1708887096568 nan 0
1708887103255 nan 0
1708887105631 nan 0
1708887108028 nan 0
1708887110457 0.1213 0
1708887112843 nan 0
1708887115315 nan 0
1708887117655 nan 0
1708887120005 nan 0
1708887122402 nan 0
1708887124752 nan 0
1708887127097 nan 0
1708887129535 0.2305 0
1708887131934 nan 0
1708887134362 -0.1477 0
1708887136926 -0.1987 0
1708887139317 nan 0
1708887141700 nan 0
1708887144006 nan 0
1708887146439 -0.0285 0
1708887148862 -0.2019 0
1708887151249 nan 0
1708887153640 nan 0
1708887155991 nan 0
1708887158528 nan 0
1708887160820 nan 0
1708887163160 nan 0
1708887165507 nan 0
1708887167806 nan 0
1708887170101 nan 0
1708887172486 nan 0
1708887174832 nan 0
1708887177262 0.0292 0
1708887179804 0.291 0
1708887182101 nan 0
1708887184493 nan 0
1708887186866 nan 0
1708887189287 0.0865 0
1708887191574 nan 0
1708887193880 nan 0
1708887196095 nan 0
1708887198497 nan 0
1708887200936 nan 0
1708887203379 nan 0
