1707736695798 14.43 0
1707736703941 3.53 0
1707736712227 3.53 0
1707736720406 3.54 0
1707736728642 3.53 0
1707736736815 3.54 0
1707736745531 3.53 0
1707736753911 3.55 0
1707736762032 3.53 0
1707736770352 3.53 0
1707736778422 3.53 0
1707736786678 3.53 0
1707736790785 3.53 0
1707736799010 3.53 0
1707736803243 3.53 0
1707736807374 3.53 0
1707736811508 3.53 0
1707736815645 3.53 0
1707736823836 3.54 0
1707736832093 3.54 0
1707736840522 3.53 0
1707736844640 3.53 0
1707736852832 3.53 0
1707736856928 3.53 0
1707736861023 3.53 0
1707736869182 3.53 0
1707736877575 3.54 0
1707736881682 3.53 0
1707736885788 3.53 0
1707736889906 3.53 0
1707736894036 3.54 0
1707736898159 3.53 0
1707736902279 3.53 0
1707736910662 3.54 0
1707736918770 3.53 0
1707736926976 3.54 0
1707736935273 3.54 0
1707736943665 3.54 0
1707736947906 3.53 0
1707736952041 3.53 0
1707736956193 3.54 0
1707736960329 3.53 0
1707736964463 3.54 0
1707736968570 3.53 0
1707736972684 3.53 0
1707736980960 3.54 0
1707736989018 3.53 0
1707736993130 3.53 0
1707736997233 3.53 0
1707737001339 3.53 0
1707737009504 3.54 0
1707737013618 3.53 0
1707737017856 3.53 0
1707737021968 3.53 0
1707737026085 3.54 0
1707737030208 3.53 0
1707737034325 3.54 0
1707737042711 3.54 0
1707737051058 3.55 0
1707737055182 3.53 0
1707737063405 3.54 0
1707737071690 3.54 0
1707737079912 3.54 0
1707737088163 3.53 0
1707737092300 3.54 0
1707737096433 3.53 0
1707737100568 3.54 0
1707737104694 3.53 0
1707737108829 3.53 0
1707737112974 3.54 0
1707737117107 3.54 0
1707737121384 3.53 0
1707737125523 3.54 0
1707737133804 3.53 0
1707737137936 3.53 0
1707737146259 3.54 0
1707737154485 3.54 0
1707737158739 3.53 0
1707737162894 3.54 0
1707737167038 3.53 0
1707737175338 3.54 0
1707737183569 3.54 0
1707737191974 3.54 0
1707737200156 3.54 0
1707737204275 3.53 0
1707737208392 3.53 0
1707737216652 3.53 0
1707737220765 3.54 0
1707737224920 3.57 0
1707737229039 3.54 0
1707737233170 3.54 0
1707737237293 3.53 0
1707737241404 3.53 0
1707737245508 3.53 0
1707737249615 3.53 0
1707737253735 3.54 0
1707737257845 3.53 0
1707737262093 3.53 0
1707737266212 3.53 0
1707737270325 3.53 0
1707737278421 3.53 0
1707737282546 3.54 0
1707737286672 3.53 0
1707737290782 3.53 0
1707737294964 3.6 0
1707737299092 3.54 0
1707737303224 3.54 0
1707737307356 3.54 0
1707737311472 3.53 0
1707737315604 3.54 0
1707737319730 3.54 0
1707737323868 3.55 0
1707737328050 3.59 0
1707737332177 3.54 0
1707737336301 3.53 0
1707737340431 3.54 0
1707737344564 3.54 0
1707737348714 3.54 0
1707737352848 3.54 0
1707737356977 3.53 0
1707737361254 3.54 0
1707737365398 3.54 0
1707737369535 3.53 0
1707737373670 3.53 0
1707737377816 3.54 0
1707737381954 3.54 0
1707737386086 3.53 0
1707737390219 3.54 0
1707737394425 3.61 0
1707737398563 3.53 0
1707737402701 3.54 0
1707737406840 3.54 0
1707737410978 3.54 0
1707737415126 3.54 0
1707737419265 3.54 0
1707737423411 3.54 0
1707737427682 3.53 0
1707737431820 3.53 0
1707737435961 3.54 0
1707737440116 3.54 0
1707737444270 3.53 0
1707737448414 3.54 0
1707737452559 3.53 0
1707737456698 3.53 0
1707737460988 3.54 0
1707737469135 3.55 0
1707737477377 3.55 0
1707737485708 3.53 0
1707737489855 3.54 0
1707737498190 3.53 0
1707737510644 3.54 0
1707737518776 3.53 0
1707737527077 3.53 0
1707737535540 3.53 0
1707737543769 3.52 0
1707737552030 3.55 0
1707737560352 3.53 0
1707737564497 3.53 0
1707737568644 3.54 0
1707737572932 3.53 0
1707737577086 3.54 0
1707737581237 3.53 0
1707737585386 3.53 0
1707737589523 3.52 0
1707737593673 3.54 0
1707737597811 3.54 0
1707737602069 3.53 0
1707737610277 3.54 0
1707737618475 3.53 0
1707737626774 3.54 0
1707737635000 3.53 0
1707737643342 3.53 0
1707737651650 3.53 0
1707737659831 3.53 0
1707737668072 3.53 0
1707737676561 3.54 0
1707737684755 3.53 0
1707737693048 3.53 0
1707737701402 3.53 0
1707737705535 3.53 0
1707737713882 3.53 0
1707737722072 3.53 0
1707737726205 3.53 0
1707737730339 3.53 0
1707737734473 3.53 0
1707737738618 3.54 0
1707737747114 3.53 0
1707737755422 3.53 0
1707737763595 3.53 0
1707737771838 3.54 0
1707737780098 3.54 0
1707737788326 3.54 0
1707737796904 3.53 0
1707737801050 3.53 0
1707737809258 3.53 0
1707737817606 3.53 0
1707737825978 3.54 0
1707737834247 3.53 0
1707737842542 3.53 0
1707737846796 3.53 0
1707737855036 3.53 0
1707737859165 3.53 0
1707737863321 3.54 0
1707737867480 3.55 0
1707737871636 3.54 0
1707737875780 3.53 0
1707737880026 3.53 0
1707737884139 3.53 0
1707737888251 3.53 0
1707737892373 3.54 0
1707737896493 3.54 0
1707737900618 3.54 0
1707737904739 3.54 0
1707737908846 3.53 0
1707737917287 3.53 0
1707737921416 3.54 0
1707737929592 3.54 0
1707737933701 3.53 0
1707737937806 3.53 0
1707737941912 3.53 0
1707737950097 3.53 0
1707737958366 3.54 0
1707737962485 3.53 0
1707737966600 3.53 0
1707737970710 3.53 0
1707737974841 3.54 0
1707737983156 3.58 0
1707737987261 3.52 0
1707737991369 3.53 0
1707737995481 3.53 0
1707737999594 3.53 0
1707738003706 3.53 0
1707738007813 3.53 0
1707738016212 3.53 0
1707738024615 3.53 0
1707738032797 3.54 0
1707738040962 3.54 0
1707738049122 3.54 0
1707738057551 3.54 0
1707738061656 3.53 0
1707738065769 3.53 0
1707738069885 3.53 0
1707738074000 3.53 0
1707738078113 3.53 0
1707738082225 3.53 0
1707738086341 3.53 0
1707738090608 3.53 0
1707738094723 3.53 0
1707738102931 3.54 0
1707738111173 3.53 0
1707738123402 3.54 0
1707738131721 3.53 0
1707738135847 3.54 0
1707738139969 3.54 0
1707738144091 3.54 0
1707738152236 3.54 0
1707738160393 3.54 0
1707738164648 3.53 0
1707738172822 3.55 0
1707738181179 3.54 0
1707738189282 3.53 0
1707738197748 3.54 0
1707738201853 3.53 0
1707738205952 3.53 0
1707738210067 3.53 0
1707738218248 3.54 0
1707738222368 3.54 0
1707738226485 3.53 0
1707738230637 3.58 0
1707738238839 3.53 0
1707738247109 3.54 0
1707738255364 3.53 0
1707738263600 3.53 0
1707738271893 3.53 0
1707738279999 3.54 0
1707738288163 3.54 0
1707738296698 3.53 0
1707738305099 3.54 0
1707738309222 3.53 0
1707738317436 3.55 0
1707738325616 3.54 0
1707738329734 3.53 0
1707738333878 3.54 0
1707738338043 3.57 0
1707738342150 3.52 0
1707738346272 3.54 0
1707738350385 3.53 0
1707738354509 3.53 0
1707738358635 3.53 0
1707738362770 3.54 0
1707738366911 3.55 0
1707738371110 3.6 0
1707738375243 3.54 0
1707738383468 3.54 0
1707738387601 3.53 0
1707738391730 3.53 0
1707738399815 3.53 0
1707738408090 3.53 0
1707738412233 3.55 0
1707738416373 3.54 0
1707738424641 3.54 0
1707738428771 3.53 0
1707738432904 3.54 0
1707738441135 3.53 0
1707738445267 3.53 0
1707738449391 3.53 0
1707738453534 3.54 0
1707738457652 3.53 0
1707738465830 3.53 0
1707738474024 3.54 0
1707738478282 3.53 0
1707738486790 3.54 0
1707738495023 3.53 0
1707738499156 3.53 0
1707738503290 3.53 0
1707738507432 3.54 0
1707738511697 3.54 0
1707738515838 3.54 0
1707738519977 3.54 0
1707738524101 3.53 0
1707738528240 3.54 0
1707738532371 3.53 0
1707738536508 3.53 0
1707738540645 3.54 0
1707738544937 3.54 0
1707738549069 3.54 0
1707738553197 3.53 0
1707738557336 3.54 0
1707738561483 3.55 0
1707738569621 3.53 0
1707738577960 3.54 0
1707738582225 3.53 0
1707738586361 3.53 0
1707738590499 3.54 0
1707738594592 3.5 0
1707738598738 3.53 0
1707738602882 3.54 0
1707738607028 3.53 0
1707738611176 3.53 0
1707738615457 3.53 0
1707738619599 3.53 0
1707738627935 3.54 0
1707738632081 3.53 0
1707738640224 3.54 0
1707738648467 3.53 0
1707738652735 3.53 0
1707738656889 3.54 0
1707738665152 3.53 0
1707738669293 3.54 0
1707738673430 3.54 0
1707738681686 3.53 0
1707738685956 3.54 0
1707738690105 3.54 0
1707738694247 3.53 0
1707738698380 3.53 0
1707738702520 3.53 0
1707738706666 3.53 0
1707738710812 3.53 0
1707738714960 3.54 0
1707738719225 3.53 0
1707738723371 3.54 0
1707738727524 3.54 0
1707738731681 3.55 0
1707738735847 3.54 0
1707738739990 3.53 0
1707738744134 3.53 0
1707738752658 3.53 0
1707738760813 3.54 0
1707738769076 3.54 0
1707738777486 3.54 0
1707738781621 3.53 0
1707738789844 3.53 0
1707738798122 3.53 0
1707738802264 3.53 0
1707738806401 3.52 0
1707738810541 3.53 0
1707738814688 3.54 0
1707738823263 3.54 0
1707738831382 3.54 0
1707738839623 3.53 0
1707738843762 3.52 0
1707738847913 3.54 0
1707738852116 3.59 0
1707738856266 3.53 0
1707738864517 3.53 0
1707738872829 3.55 0
1707738876988 3.54 0
1707738885332 3.54 0
1707738889486 3.54 0
1707738893640 3.53 0
1707738897790 3.54 0
1707738901944 3.54 0
1707738906103 3.54 0
1707738910250 3.53 0
1707738914390 3.53 0
1707738918677 3.53 0
1707738922829 3.53 0
1707738930972 3.53 0
1707738935120 3.53 0
1707738943435 3.53 0
1707738951670 3.58 0
1707738959908 3.54 0
1707738968252 3.54 0
1707738972396 3.53 0
1707738976538 3.53 0
1707738980688 3.54 0
1707738984963 3.54 0
1707738993224 3.53 0
1707738997370 3.53 0
1707739001506 3.53 0
1707739009765 3.54 0
1707739013886 3.53 0
1707739018002 3.53 0
1707739022246 3.53 0
1707739026362 3.53 0
1707739030475 3.53 0
1707739034602 3.54 0
1707739038725 3.54 0
1707739042850 3.54 0
1707739046964 3.53 0
1707739051088 3.54 0
1707739055273 3.6 0
1707739059385 3.53 0
1707739067664 3.53 0
1707739075867 3.53 0
1707739079990 3.53 0
1707739084108 3.54 0
1707739088228 3.53 0
1707739092465 3.53 0
1707739096579 3.53 0
1707739100693 3.53 0
1707739104826 3.54 0
1707739108936 3.53 0
1707739113059 3.53 0
1707739117183 3.54 0
1707739121259 3.49 0
1707739125456 3.61 0
1707739133703 3.53 0
1707739141757 3.53 0
1707739145886 3.54 0
1707739154117 3.54 0
1707739162445 3.54 0
1707739170604 3.53 0
1707739178931 3.54 0
1707739187264 3.53 0
1707739195587 3.53 0
1707739203787 3.53 0
1707739207909 3.54 0
1707739216124 3.53 0
1707739220238 3.54 0
1707739228491 3.53 0
1707739232714 3.53 0
1707739236829 3.53 0
1707739240939 3.53 0
1707739245068 3.53 0
1707739253287 3.54 0
1707739257392 3.53 0
1707739261518 3.54 0
1707739265630 3.53 0
1707739269880 3.53 0
1707739273994 3.53 0
1707739278114 3.54 0
1707739282235 3.54 0
1707739286346 3.53 0
1707739290453 3.53 0
1707739294561 3.53 0
1707739298669 3.53 0
1707739302932 3.54 0
1707739307051 3.54 0
1707739315335 3.54 0
1707739319445 3.53 0
1707739323555 3.53 0
1707739327679 3.54 0
1707739331804 3.54 0
1707739335965 3.58 0
1707739340066 3.53 0
1707739344184 3.54 0
1707739352353 3.54 0
1707739360447 3.53 0
1707739364576 3.54 0
1707739372937 3.53 0
1707739377060 3.54 0
1707739381196 3.55 0
1707739385315 3.53 0
1707739389427 3.53 0
1707739393550 3.53 0
1707739397684 3.54 0
1707739401828 3.55 0
1707739410156 3.54 0
1707739414280 3.53 0
1707739418397 3.53 0
1707739422522 3.54 0
1707739426646 3.54 0
1707739430763 3.53 0
1707739434890 3.54 0
1707739443132 3.58 0
1707739451290 3.54 0
1707739455419 3.54 0
1707739463684 3.53 0
1707739471780 3.53 0
1707739484169 3.54 0
1707739488287 3.53 0
1707739492420 3.54 0
1707739496540 3.53 0
1707739500662 3.53 0
1707739504779 3.53 0
1707739508906 3.53 0
1707739513042 3.55 0
1707739517296 3.53 0
1707739521428 3.54 0
1707739525554 3.54 0
1707739529677 3.54 0
1707739533808 3.54 0
1707739537925 3.53 0
1707739542051 3.54 0
1707739546176 3.54 0
1707739550443 3.54 0
1707739554570 3.54 0
1707739558702 3.54 0
1707739562832 3.54 0
1707739566964 3.54 0
1707739571099 3.54 0
1707739575238 3.54 0
1707739579364 3.54 0
1707739583632 3.53 0
1707739587757 3.53 0
1707739595897 3.54 0
1707739604100 3.54 0
1707739612248 3.54 0
1707739620655 3.53 0
1707739628956 3.53 0
1707739637107 3.53 0
1707739645520 3.53 0
1707739649645 3.53 0
1707739653844 3.6 0
1707739657968 3.53 0
1707739662097 3.53 0
1707739666218 3.54 0
1707739670355 3.54 0
1707739674474 3.53 0
1707739678606 3.54 0
1707739682744 3.54 0
1707739686879 3.54 0
1707739691146 3.53 0
1707739695279 3.53 0
1707739699409 3.54 0
1707739703540 3.54 0
1707739707676 3.55 0
1707739711805 3.54 0
1707739715931 3.53 0
1707739728447 3.53 0
1707739736702 3.54 0
1707739740841 3.55 0
1707739744960 3.53 0
1707739749079 3.53 0
1707739757357 3.54 0
1707739761596 3.53 0
1707739769817 3.53 0
1707739778142 3.54 0
1707739786289 3.54 0
1707739790421 3.54 0
1707739798866 3.54 0
1707739807099 3.54 0
1707739811223 3.53 0
1707739815341 3.53 0
1707739819463 3.53 0
1707739823568 3.53 0
1707739827687 3.53 0
1707739831947 3.53 0
1707739836067 3.53 0
1707739840186 3.53 0
1707739844317 3.54 0
1707739848469 3.55 0
1707739852607 3.54 0
1707739856745 3.54 0
1707739860881 3.53 0
1707739865013 3.54 0
1707739869299 3.54 0
1707739873437 3.54 0
1707739877575 3.54 0
1707739881721 3.54 0
1707739885857 3.53 0
1707739889989 3.53 0
1707739894129 3.54 0
1707739898327 3.6 0
1707739902485 3.56 0
1707739906618 3.53 0
1707739910764 3.54 0
1707739914910 3.54 0
1707739919042 3.53 0
1707739923170 3.53 0
1707739927305 3.54 0
1707739931502 3.6 0
1707739935642 3.54 0
1707739939779 3.53 0
1707739943919 3.54 0
1707739948061 3.54 0
1707739952200 3.54 0
1707739956336 3.54 0
1707739960471 3.54 0
1707739969012 3.53 0
1707739973146 3.53 0
1707739977281 3.54 0
1707739981398 3.53 0
1707739985537 3.54 0
1707739989678 3.54 0
1707739993826 3.54 0
1707739997963 3.53 0
1707740002237 3.53 0
1707740006374 3.54 0
1707740010513 3.54 0
1707740018842 3.53 0
1707740027098 3.53 0
1707740035478 3.54 0
1707740039610 3.53 0
1707740047980 3.53 0
1707740052121 3.54 0
1707740060412 3.54 0
1707740064544 3.53 0
1707740068812 3.54 0
1707740072952 3.54 0
1707740077088 3.54 0
1707740081231 3.54 0
1707740085381 3.54 0
1707740089522 3.54 0
1707740093669 3.54 0
1707740097803 3.53 0
1707740102010 3.6 0
1707740106143 3.53 0
1707740110276 3.53 0
1707740118404 3.53 0
1707740122535 3.53 0
1707740130878 3.54 0
1707740139377 3.54 0
1707740147621 3.53 0
1707740155816 3.53 0
1707740159955 3.54 0
1707740164100 3.54 0
1707740172369 3.53 0
1707740176501 3.53 0
1707740180637 3.53 0
1707740184768 3.53 0
1707740188905 3.53 0
1707740193056 3.54 0
1707740197202 3.54 0
1707740201362 3.55 0
1707740205646 3.53 0
1707740209800 3.54 0
1707740213968 3.53 0
1707740218145 3.54 0
1707740227268 3.55 0
1707740231418 3.54 0
1707740235570 3.54 0
1707740239734 3.54 0
1707740244017 3.53 0
1707740248160 3.53 0
1707740252323 3.54 0
1707740256503 3.55 0
1707740260657 3.54 0
1707740264802 3.54 0
1707740268952 3.54 0
1707740273154 3.6 0
1707740277304 3.54 0
1707740281441 3.53 0
1707740285581 3.53 0
1707740289732 3.53 0
1707740293895 3.54 0
1707740298035 3.54 0
1707740302182 3.53 0
1707740306460 3.54 0
1707740310616 3.54 0
1707740318981 3.53 0
1707740323131 3.54 0
1707740331393 3.55 0
1707740339706 3.53 0
1707740348075 3.53 0
1707740352222 3.53 0
1707740356372 3.54 0
1707740364640 3.55 0
1707740368787 3.53 0
1707740372940 3.53 0
1707740377211 3.53 0
1707740385510 3.54 0
1707740393798 3.54 0
1707740397950 3.54 0
1707740402104 3.54 0
1707740406256 3.54 0
1707740410530 3.53 0
1707740418940 3.53 0
1707740427177 3.54 0
1707740431329 3.53 0
1707740435477 3.54 0
1707740439638 3.54 0
1707740448040 3.53 0
1707740452196 3.54 0
1707740460444 3.53 0
1707740464596 3.53 0
1707740468755 3.54 0
1707740472903 3.53 0
1707740477110 3.59 0
1707740485352 3.54 0
1707740489495 3.53 0
1707740493649 3.54 0
1707740497807 3.54 0
1707740506027 3.55 0
1707740510307 3.54 0
1707740514458 3.53 0
1707740518617 3.54 0
1707740526767 3.53 0
1707740530925 3.54 0
1707740535105 3.54 0
1707740539268 3.54 0
1707740543559 3.54 0
1707740547710 3.53 0
1707740551872 3.54 0
1707740556032 3.54 0
1707740560181 3.53 0
1707740564345 3.54 0
1707740568520 3.54 0
1707740572678 3.54 0
1707740576988 3.54 0
1707740581141 3.53 0
1707740585298 3.54 0
1707740589458 3.54 0
1707740593635 3.54 0
1707740597800 3.54 0
1707740601967 3.54 0
1707740606126 3.54 0
1707740610428 3.54 0
1707740614587 3.54 0
1707740618740 3.53 0
1707740622890 3.53 0
1707740627043 3.53 0
1707740631203 3.54 0
1707740635355 3.53 0
1707740639510 3.54 0
1707740643809 3.53 0
1707740647971 3.54 0
1707740652143 3.55 0
1707740660534 3.53 0
1707740668844 3.53 0
1707740672996 3.53 0
1707740677294 3.54 0
1707740681466 3.54 0
1707740685626 3.53 0
1707740689802 3.54 0
1707740693965 3.53 0
1707740698125 3.54 0
1707740706447 3.53 0
1707740710730 3.53 0
1707740719074 3.54 0
1707740727332 3.53 0
1707740731486 3.54 0
1707740735638 3.53 0
1707740739790 3.53 0
1707740744099 3.55 0
1707740748246 3.54 0
1707740752402 3.53 0
1707740756552 3.53 0
1707740760707 3.53 0
1707740764862 3.53 0
1707740769018 3.54 0
1707740773182 3.55 0
1707740777508 3.55 0
1707740781673 3.53 0
1707740785841 3.54 0
1707740790002 3.53 0
1707740794176 3.55 0
1707740802337 3.53 0
1707740810756 3.53 0
1707740814920 3.53 0
1707740819085 3.54 0
1707740827347 3.54 0
1707740835641 3.53 0
1707740839804 3.53 0
1707740844022 3.59 0
1707740848161 3.53 0
1707740852319 3.53 0
1707740856474 3.53 0
1707740860626 3.53 0
1707740864792 3.54 0
1707740868950 3.53 0
1707740877301 3.54 0
1707740885661 3.53 0
1707740889831 3.54 0
1707740893999 3.54 0
1707740898150 3.53 0
1707740902308 3.53 0
1707740906473 3.54 0
1707740910771 3.54 0
1707740914938 3.54 0
1707740919096 3.53 0
1707740923261 3.54 0
1707740927425 3.54 0
1707740931593 3.54 0
1707740935754 3.53 0
1707740939913 3.53 0
1707740944228 3.54 0
1707740948384 3.53 0
1707740952554 3.54 0
1707740960897 3.54 0
1707740965063 3.53 0
1707740969228 3.54 0
1707740973449 3.59 0
1707740977608 3.53 0
1707740981771 3.53 0
1707740985943 3.54 0
1707740990109 3.54 0
1707740994266 3.53 0
1707740998435 3.54 0
1707741006811 3.54 0
1707741010976 3.54 0
1707741015158 3.54 0
1707741019323 3.54 0
1707741023483 3.53 0
1707741027644 3.53 0
1707741031819 3.54 0
1707741035974 3.54 0
1707741040276 3.53 0
1707741044438 3.53 0
1707741048556 3.53 0
1707741052686 3.53 0
1707741056819 3.53 0
1707741060958 3.54 0
1707741065086 3.53 0
1707741069221 3.54 0
1707741077624 3.53 0
1707741085958 3.53 0
1707741094202 3.53 0
1707741098324 3.53 0
1707741102456 3.54 0
1707741106584 3.53 0
1707741110842 3.54 0
1707741119163 3.53 0
1707741123297 3.54 0
1707741127422 3.53 0
1707741131560 3.54 0
1707741135708 3.54 0
1707741139837 3.53 0
1707741144100 3.54 0
1707741148232 3.54 0
1707741152364 3.54 0
1707741156502 3.54 0
1707741160635 3.54 0
1707741164772 3.54 0
1707741168909 3.54 0
1707741173049 3.54 0
1707741177318 3.53 0
1707741181448 3.53 0
1707741185572 3.53 0
1707741193733 3.55 0
1707741197865 3.54 0
1707741201993 3.53 0
1707741206126 3.54 0
1707741210253 3.54 0
1707741214525 3.54 0
1707741218637 3.54 0
1707741222778 3.55 0
1707741226909 3.54 0
1707741231034 3.54 0
1707741235162 3.54 0
1707741239284 3.53 0
1707741243405 3.54 0
1707741247531 3.53 0
1707741251791 3.53 0
1707741255919 3.53 0
1707741260044 3.53 0
1707741264179 3.55 0
1707741268301 3.54 0
1707741272426 3.53 0
1707741276549 3.54 0
1707741280687 3.54 0
1707741284954 3.54 0
1707741289083 3.54 0
1707741293216 3.54 0
1707741297342 3.54 0
1707741301471 3.54 0
1707741305602 3.54 0
1707741309728 3.54 0
1707741313861 3.54 0
1707741317998 3.54 0
1707741322269 3.53 0
1707741326393 3.54 0
1707741330522 3.54 0
1707741334658 3.54 0
1707741338784 3.53 0
1707741342911 3.53 0
1707741347045 3.54 0
1707741351170 3.54 0
1707741355441 3.54 0
1707741359576 3.54 0
1707741363697 3.53 0
1707741367832 3.54 0
1707741371965 3.53 0
1707741376093 3.53 0
1707741380224 3.54 0
1707741384351 3.53 0
1707741388482 3.54 0
1707741392756 3.53 0
1707741396891 3.54 0
1707741405095 3.53 0
1707741409227 3.53 0
1707741413356 3.54 0
1707741417479 3.53 0
1707741421606 3.53 0
1707741430275 3.53 0
1707741438616 3.53 0
1707741442746 3.54 0
1707741451029 3.54 0
1707741459252 3.54 0
1707741467661 3.54 0
1707741471782 3.54 0
1707741480140 3.53 0
1707741484265 3.53 0
1707741488393 3.54 0
1707741492516 3.53 0
1707741496772 3.53 0
1707741500913 3.54 0
1707741505052 3.55 0
1707741509172 3.53 0
1707741513300 3.54 0
1707741517428 3.54 0
1707741521561 3.54 0
1707741525708 3.54 0
1707741529838 3.54 0
1707741534110 3.54 0
1707741538228 3.53 0
1707741542355 3.54 0
1707741546487 3.54 0
1707741550623 3.54 0
1707741554762 3.54 0
1707741558891 3.53 0
1707741563024 3.54 0
1707741567217 3.61 0
1707741571350 3.54 0
1707741575475 3.54 0
1707741579602 3.53 0
1707741583734 3.54 0
1707741587854 3.53 0
1707741591980 3.54 0
1707741596107 3.54 0
1707741600239 3.54 0
1707741604505 3.54 0
1707741608632 3.53 0
1707741612761 3.53 0
1707741616899 3.54 0
1707741621033 3.54 0
1707741625171 3.54 0
1707741629292 3.53 0
1707741633417 3.53 0
1707741641874 3.53 0
1707741646003 3.54 0
1707741650124 3.53 0
1707741654254 3.54 0
1707741658397 3.54 0
1707741662528 3.53 0
1707741666664 3.54 0
1707741670804 3.53 0
1707741675077 3.53 0
1707741679216 3.53 0
1707741683355 3.54 0
1707741687493 3.53 0
1707741691640 3.54 0
1707741695785 3.54 0
1707741699927 3.54 0
1707741704061 3.54 0
1707741708350 3.54 0
1707741716643 3.54 0
1707741725131 3.53 0
1707741729272 3.53 0
1707741733426 3.55 0
1707741737556 3.53 0
1707741741704 3.53 0
1707741745991 3.54 0
1707741750132 3.53 0
1707741754270 3.53 0
1707741758404 3.53 0
1707741762542 3.53 0
1707741766680 3.53 0
1707741770823 3.53 0
1707741774964 3.54 0
1707741779174 3.6 0
1707741783311 3.54 0
1707741787451 3.54 0
1707741791593 3.53 0
1707741795762 3.53 0
1707741799911 3.54 0
1707741804065 3.54 0
1707741808198 3.53 0
1707741812388 3.58 0
1707741816517 3.53 0
1707741820653 3.53 0
1707741824808 3.54 0
1707741828955 3.54 0
1707741833094 3.54 0
1707741837233 3.54 0
1707741841375 3.54 0
1707741845569 3.59 0
1707741849712 3.54 0
1707741853865 3.54 0
