1708013691956 0.003 0
1708013716572 0.003 1
1708013722713 0.003 2
1708013734270 0.003 3
1708013745565 0.003 4
1708013757512 0.003 5
1708013773559 0.003 6
1708013785141 0.003 7
1708013792125 0.003 8
1708013806616 0.003 9
1708013819402 0.003 10
1708013832086 0.003 11
1708013844208 0.003 12
1708013859573 0.003 13
1708013869939 0.003 14
1708013882847 0.003 15
1708013897034 0.003 16
1708013909075 0.003 17
1708013922059 0.003 18
1708013932181 0.003 19
1708013943624 0.003 20
1708013954912 0.003 21
1708013967971 0.003 22
1708013980235 0.003 23
1708013993798 0.003 24
1708014005756 0.003 25
1708014016598 0.003 26
1708014028671 0.003 27
1708014041272 0.003 28
1708014057170 0.003 29
1708014065057 0.003 30
1708014077193 0.003 31
1708014091057 0.003 32
1708014103076 0.003 33
1708014121435 0.003 34
1708014133258 0.003 35
1708014146690 0.003 36
1708014154602 0.003 37
1708014172745 0.003 38
1708014183673 0.003 39
1708014196459 0.003 40
1708014208045 0.00299 41
1708014221448 0.00299 42
1708014233573 0.00299 43
1708014246204 0.00299 44
1708014260017 0.00299 45
1708014274097 0.00299 46
1708014286771 0.00299 47
1708014297500 0.00299 48
1708014308465 0.00299 49
1708014321598 0.00299 50
1708014335879 0.00299 51
1708014351110 0.00299 52
1708014359795 0.00299 53
1708014371884 0.00299 54
1708014388936 0.00299 55
1708014400709 0.00299 56
1708014416514 0.00299 57
1708014426867 0.00299 58
1708014444115 0.00299 59
1708014458491 0.00299 60
1708014471171 0.00299 61
1708014484848 0.00299 62
1708014499099 0.00299 63
1708014511448 0.00299 64
1708014523535 0.00299 65
1708014534703 0.00299 66
1708014548897 0.00299 67
1708014555280 0.00299 68
1708014572669 0.00298 69
1708014586509 0.00298 70
1708014598800 0.00298 71
1708014609578 0.00298 72
1708014624857 0.00298 73
1708014633674 0.00298 74
1708014649323 0.00298 75
1708014661170 0.00298 76
1708014677167 0.00298 77
1708014690943 0.00298 78
1708014702371 0.00298 79
1708014716374 0.00298 80
1708014730868 0.00298 81
1708014742950 0.00298 82
1708014750638 0.00298 83
1708014767630 0.00298 84
1708014779183 0.00298 85
1708014793016 0.00298 86
1708014806641 0.00298 87
1708014818945 0.00298 88
1708014832565 0.00297 89
1708014845067 0.00297 90
1708014856066 0.00297 91
1708014868475 0.00297 92
1708014883217 0.00297 93
1708014889905 0.00297 94
1708014901498 0.00297 95
1708014917778 0.00297 96
1708014930485 0.00297 97
1708014941330 0.00297 98
1708014955332 0.00297 99
1708014970181 0.00297 100
1708014980985 0.00297 101
1708014991254 0.00297 102
1708015001535 0.00297 103
1708015008749 0.00297 104
1708015025797 0.00296 105
1708015038336 0.00296 106
1708015051812 0.00296 107
1708015060458 0.00296 108
1708015079613 0.00296 109
1708015090674 0.00296 110
1708015104634 0.00296 111
1708015118970 0.00296 112
1708015129374 0.00296 113
1708015143784 0.00296 114
1708015154537 0.00296 115
1708015162151 0.00296 116
1708015181565 0.00296 117
1708015194053 0.00296 118
1708015201630 0.00295 119
1708015218571 0.00295 120
1708015231182 0.00295 121
1708015241989 0.00295 122
1708015255726 0.00295 123
1708015267396 0.00295 124
1708015279846 0.00295 125
1708015292340 0.00295 126
1708015306425 0.00295 127
1708015315822 0.00295 128
1708015326799 0.00295 129
1708015338858 0.00295 130
1708015352083 0.00294 131
1708015368249 0.00294 132
1708015377612 0.00294 133
1708015391624 0.00294 134
1708015402898 0.00294 135
1708015416203 0.00294 136
1708015431654 0.00294 137
1708015440473 0.00294 138
1708015455872 0.00294 139
1708015470116 0.00294 140
1708015482382 0.00294 141
1708015496962 0.00294 142
1708015509492 0.00293 143
1708015524424 0.00293 144
1708015534887 0.00293 145
1708015547144 0.00293 146
1708015561504 0.00293 147
1708015573871 0.00293 148
1708015585392 0.00293 149
1708015601111 0.00293 150
1708015611976 0.00293 151
1708015622316 0.00293 152
1708015634161 0.00292 153
1708015650811 0.00292 154
1708015657909 0.00292 155
1708015675190 0.00292 156
1708015685802 0.00292 157
1708015700642 0.00292 158
1708015708045 0.00292 159
1708015724953 0.00292 160
1708015736985 0.00292 161
1708015750486 0.00292 162
1708015759197 0.00291 163
1708015770488 0.00291 164
1708015782556 0.00291 165
1708015800078 0.00291 166
1708015810677 0.00291 167
1708015824094 0.00291 168
1708015837130 0.00291 169
1708015850496 0.00291 170
1708015857090 0.00291 171
1708015869864 0.0029 172
1708015887781 0.0029 173
1708015899055 0.0029 174
1708015907441 0.0029 175
1708015919955 0.0029 176
1708015936694 0.0029 177
1708015948083 0.0029 178
1708015959961 0.0029 179
1708015972077 0.0029 180
1708015979466 0.00289 181
1708015994235 0.00289 182
1708016011673 0.00289 183
1708016023839 0.00289 184
1708016032237 0.00289 185
1708016049828 0.00289 186
1708016056733 0.00289 187
1708016075439 0.00289 188
1708016086210 0.00289 189
1708016097732 0.00288 190
1708016110860 0.00288 191
1708016122302 0.00288 192
1708016134504 0.00288 193
1708016149211 0.00288 194
1708016159642 0.00288 195
1708016173941 0.00288 196
1708016186780 0.00288 197
1708016197739 0.00287 198
1708016213769 0.00287 199
1708016231872 0.00287 200
1708016242689 0.00287 201
1708016253333 0.00287 202
1708016266346 0.00287 203
1708016281996 0.00287 204
1708016288513 0.00287 205
1708016300613 0.00286 206
1708016313826 0.00286 207
1708016324405 0.00286 208
1708016343448 0.00286 209
1708016351315 0.00286 210
1708016363880 0.00286 211
1708016379426 0.00286 212
1708016388567 0.00285 213
1708016402148 0.00285 214
1708016411122 0.00285 215
1708016426747 0.00285 216
1708016443473 0.00285 217
1708016456916 0.00285 218
1708016468666 0.00285 219
1708016482105 0.00285 220
1708016490742 0.00284 221
1708016507232 0.00284 222
1708016520128 0.00284 223
1708016532263 0.00284 224
1708016538447 0.00284 225
1708016552099 0.00284 226
1708016564523 0.00284 227
1708016576032 0.00283 228
1708016593777 0.00283 229
1708016601001 0.00283 230
1708016613578 0.00283 231
1708016625442 0.00283 232
1708016637853 0.00283 233
1708016650163 0.00282 234
1708016662860 0.00282 235
1708016674936 0.00282 236
1708016691733 0.00282 237
1708016702442 0.00282 238
1708016712794 0.00282 239
1708016721989 0.00282 240
1708016739403 0.00281 241
1708016751754 0.00281 242
1708016760775 0.00281 243
1708016773766 0.00281 244
1708016788579 0.00281 245
1708016800014 0.00281 246
1708016812327 0.00281 247
1708016825725 0.0028 248
1708016837086 0.0028 249
1708016854346 0.0028 250
1708016862093 0.0028 251
1708016876284 0.0028 252
1708016886301 0.0028 253
1708016898946 0.00279 254
1708016911030 0.00279 255
1708016921969 0.00279 256
1708016940232 0.00279 257
1708016954143 0.00279 258
1708016967035 0.00279 259
1708016978300 0.00278 260
1708016992573 0.00278 261
1708017003382 0.00278 262
1708017014351 0.00278 263
1708017026629 0.00278 264
1708017035643 0.00278 265
1708017046058 0.00277 266
1708017057808 0.00277 267
1708017071712 0.00277 268
1708017085007 0.00277 269
1708017096794 0.00277 270
1708017110013 0.00277 271
1708017123561 0.00276 272
1708017136810 0.00276 273
1708017148489 0.00276 274
1708017160607 0.00276 275
1708017173279 0.00276 276
1708017184318 0.00276 277
1708017198581 0.00275 278
1708017211808 0.00275 279
1708017230616 0.00275 280
1708017244226 0.00275 281
1708017256151 0.00275 282
1708017265428 0.00275 283
1708017278222 0.00274 284
1708017288798 0.00274 285
1708017303776 0.00274 286
1708017312872 0.00274 287
1708017324636 0.00274 288
1708017337625 0.00274 289
1708017349763 0.00273 290
1708017361587 0.00273 291
1708017371735 0.00273 292
1708017383298 0.00273 293
1708017396636 0.00273 294
1708017408836 0.00272 295
1708017420972 0.00272 296
1708017432853 0.00272 297
1708017447770 0.00272 298
1708017461048 0.00272 299
1708017475472 0.00272 300
1708017483882 0.00271 301
1708017496297 0.00271 302
1708017510472 0.00271 303
1708017525153 0.00271 304
1708017533874 0.00271 305
1708017547852 0.0027 306
1708017556587 0.0027 307
1708017568422 0.0027 308
1708017584296 0.0027 309
1708017596592 0.0027 310
1708017608781 0.00269 311
1708017625733 0.00269 312
1708017635300 0.00269 313
1708017646451 0.00269 314
1708017657835 0.00269 315
1708017671801 0.00269 316
1708017684429 0.00268 317
1708017697143 0.00268 318
1708017710064 0.00268 319
1708017722760 0.00268 320
1708017734171 0.00268 321
1708017745282 0.00267 322
1708017757954 0.00267 323
1708017771251 0.00267 324
1708017784391 0.00267 325
1708017797152 0.00267 326
1708017809702 0.00266 327
1708017822913 0.00266 328
1708017839017 0.00266 329
1708017848864 0.00266 330
1708017869493 0.00266 331
1708017882623 0.00265 332
1708017890198 0.00265 333
1708017904403 0.00265 334
1708017915474 0.00265 335
1708017927587 0.00265 336
1708017940146 0.00264 337
1708017954641 0.00264 338
1708017965491 0.00264 339
1708017977688 0.00264 340
1708017996111 0.00264 341
1708018006522 0.00263 342
1708018024353 0.00263 343
1708018035924 0.00263 344
1708018046752 0.00263 345
1708018059140 0.00263 346
1708018073308 0.00262 347
1708018083666 0.00262 348
1708018094214 0.00262 349
1708018119278 0.00262 350
1708018130214 0.00261 351
1708018136447 0.00261 352
1708018144942 0.00261 353
1708018157450 0.00261 354
1708018169485 0.00261 355
1708018184152 0.0026 356
1708018193109 0.0026 357
1708018208009 0.0026 358
1708018218881 0.0026 359
1708018238695 0.0026 360
1708018252133 0.00259 361
1708018258906 0.00259 362
1708018271221 0.00259 363
1708018283379 0.00259 364
1708018295762 0.00258 365
1708018311803 0.00258 366
1708018321918 0.00258 367
1708018334324 0.00258 368
1708018346551 0.00258 369
1708018357679 0.00257 370
1708018373769 0.00257 371
1708018387212 0.00257 372
1708018400460 0.00257 373
1708018412638 0.00257 374
1708018423804 0.00256 375
1708018437820 0.00256 376
1708018445091 0.00256 377
1708018455886 0.00256 378
1708018467701 0.00255 379
1708018482784 0.00255 380
1708018492964 0.00255 381
1708018502511 0.00255 382
1708018514722 0.00255 383
1708018527068 0.00254 384
1708018538596 0.00254 385
1708018551537 0.00254 386
1708018563039 0.00254 387
1708018575231 0.00253 388
1708018586256 0.00253 389
1708018599335 0.00253 390
1708018612854 0.00253 391
1708018624066 0.00252 392
1708018636065 0.00252 393
1708018649007 0.00252 394
1708018660905 0.00252 395
1708018672626 0.00252 396
1708018685764 0.00251 397
1708018698532 0.00251 398
1708018710158 0.00251 399
1708018725417 0.00251 400
1708018736287 0.0025 401
1708018748279 0.0025 402
1708018761251 0.0025 403
1708018774950 0.0025 404
1708018791049 0.00249 405
1708018803159 0.00249 406
1708018815713 0.00249 407
1708018827698 0.00249 408
1708018839333 0.00249 409
1708018852212 0.00248 410
1708018864510 0.00248 411
1708018877722 0.00248 412
1708018890278 0.00248 413
1708018903514 0.00247 414
1708018916690 0.00247 415
1708018927661 0.00247 416
1708018941568 0.00247 417
1708018953455 0.00246 418
1708018966545 0.00246 419
1708018980498 0.00246 420
1708018993595 0.00246 421
1708019009050 0.00245 422
1708019022981 0.00245 423
1708019035852 0.00245 424
1708019046024 0.00245 425
1708019057993 0.00244 426
1708019070936 0.00244 427
1708019082936 0.00244 428
1708019095455 0.00244 429
1708019108079 0.00243 430
1708019119998 0.00243 431
1708019133479 0.00243 432
1708019145061 0.00243 433
1708019157116 0.00242 434
1708019168870 0.00242 435
1708019179327 0.00242 436
1708019193017 0.00242 437
1708019205921 0.00241 438
1708019221719 0.00241 439
1708019233431 0.00241 440
1708019243611 0.00241 441
1708019257745 0.0024 442
1708019269650 0.0024 443
1708019282656 0.0024 444
1708019295765 0.0024 445
1708019308773 0.00239 446
1708019320059 0.00239 447
1708019333648 0.00239 448
1708019349696 0.00239 449
1708019363391 0.00238 450
1708019372138 0.00238 451
1708019383668 0.00238 452
1708019396982 0.00238 453
1708019409247 0.00237 454
1708019426015 0.00237 455
1708019433612 0.00237 456
1708019446479 0.00237 457
1708019460507 0.00236 458
1708019476870 0.00236 459
1708019483164 0.00236 460
1708019497085 0.00236 461
1708019508040 0.00235 462
1708019520455 0.00235 463
1708019531509 0.00235 464
1708019544352 0.00235 465
1708019556982 0.00234 466
1708019574971 0.00234 467
1708019582837 0.00234 468
1708019597418 0.00234 469
1708019614086 0.00233 470
1708019625328 0.00233 471
1708019639445 0.00233 472
1708019651066 0.00233 473
1708019660470 0.00232 474
1708019673788 0.00232 475
1708019684930 0.00232 476
1708019700212 0.00231 477
1708019712506 0.00231 478
1708019722925 0.00231 479
1708019738615 0.00231 480
1708019747264 0.0023 481
1708019758151 0.0023 482
1708019769181 0.0023 483
1708019782208 0.0023 484
1708019794550 0.00229 485
1708019806050 0.00229 486
1708019816613 0.00229 487
1708019829951 0.00229 488
1708019844945 0.00228 489
1708019856282 0.00228 490
1708019870163 0.00228 491
1708019881188 0.00227 492
1708019895433 0.00227 493
1708019907871 0.00227 494
1708019918600 0.00227 495
1708019929578 0.00226 496
1708019942506 0.00226 497
1708019954828 0.00226 498
1708019967265 0.00226 499
1708019984404 0.00225 500
1708019991847 0.00225 501
1708020003639 0.00225 502
1708020016765 0.00224 503
1708020030562 0.00224 504
1708020045188 0.00224 505
1708020057496 0.00224 506
1708020072807 0.00223 507
1708020085407 0.00223 508
1708020099412 0.00223 509
1708020114248 0.00223 510
1708020126152 0.00222 511
1708020139674 0.00222 512
1708020151986 0.00222 513
1708020163135 0.00221 514
1708020176050 0.00221 515
1708020189440 0.00221 516
1708020200867 0.00221 517
1708020215627 0.0022 518
1708020227807 0.0022 519
1708020240775 0.0022 520
1708020253997 0.0022 521
1708020264628 0.00219 522
1708020275477 0.00219 523
1708020286290 0.00219 524
1708020295133 0.00218 525
1708020309589 0.00218 526
1708020322134 0.00218 527
1708020333943 0.00218 528
1708020344728 0.00217 529
1708020356612 0.00217 530
1708020368921 0.00217 531
1708020380163 0.00216 532
1708020393708 0.00216 533
1708020404316 0.00216 534
1708020416759 0.00216 535
1708020429000 0.00215 536
1708020442485 0.00215 537
1708020454694 0.00215 538
1708020466513 0.00214 539
1708020479636 0.00214 540
1708020493301 0.00214 541
1708020506201 0.00214 542
1708020516976 0.00213 543
1708020530634 0.00213 544
1708020542765 0.00213 545
1708020556181 0.00212 546
1708020570528 0.00212 547
1708020584640 0.00212 548
1708020599216 0.00212 549
1708020616664 0.00211 550
1708020624875 0.00211 551
1708020638805 0.00211 552
1708020648083 0.0021 553
1708020661070 0.0021 554
1708020672185 0.0021 555
1708020687128 0.0021 556
1708020697343 0.00209 557
1708020708111 0.00209 558
1708020725730 0.00209 559
1708020737610 0.00208 560
1708020745278 0.00208 561
1708020759438 0.00208 562
1708020771442 0.00208 563
1708020788012 0.00207 564
1708020801531 0.00207 565
1708020814652 0.00207 566
1708020822585 0.00206 567
1708020834327 0.00206 568
1708020847866 0.00206 569
1708020860571 0.00206 570
1708020874335 0.00205 571
1708020886448 0.00205 572
1708020899008 0.00205 573
1708020909614 0.00204 574
1708020923271 0.00204 575
1708020937167 0.00204 576
1708020947286 0.00203 577
1708020959841 0.00203 578
1708020974853 0.00203 579
1708020985853 0.00203 580
1708020998641 0.00202 581
1708021012088 0.00202 582
1708021025660 0.00202 583
1708021037038 0.00201 584
1708021049113 0.00201 585
1708021062211 0.00201 586
1708021074761 0.00201 587
1708021087825 0.002 588
1708021101799 0.002 589
1708021114105 0.002 590
1708021125093 0.00199 591
1708021138601 0.00199 592
1708021152768 0.00199 593
1708021161060 0.00198 594
1708021172713 0.00198 595
1708021187703 0.00198 596
1708021202132 0.00198 597
1708021214071 0.00197 598
1708021226695 0.00197 599
1708021244011 0.00197 600
1708021250236 0.00196 601
1708021262472 0.00196 602
1708021273076 0.00196 603
1708021286155 0.00195 604
1708021298509 0.00195 605
1708021312544 0.00195 606
1708021324024 0.00195 607
1708021336505 0.00194 608
1708021348867 0.00194 609
1708021361878 0.00194 610
1708021381541 0.00193 611
1708021392467 0.00193 612
1708021405467 0.00193 613
1708021416532 0.00192 614
1708021428023 0.00192 615
1708021435680 0.00192 616
1708021453708 0.00192 617
1708021462458 0.00191 618
1708021475641 0.00191 619
1708021486408 0.00191 620
1708021497523 0.0019 621
1708021508610 0.0019 622
1708021521249 0.0019 623
1708021533608 0.00189 624
1708021546733 0.00189 625
1708021561883 0.00189 626
1708021574699 0.00189 627
1708021586283 0.00188 628
1708021601953 0.00188 629
1708021616963 0.00188 630
1708021627440 0.00187 631
1708021647341 0.00187 632
1708021659548 0.00187 633
1708021670910 0.00186 634
1708021683745 0.00186 635
1708021691685 0.00186 636
1708021703780 0.00186 637
1708021715643 0.00185 638
1708021728632 0.00185 639
1708021741884 0.00185 640
1708021755416 0.00184 641
1708021767521 0.00184 642
1708021778931 0.00184 643
1708021791257 0.00183 644
1708021805638 0.00183 645
1708021815681 0.00183 646
1708021827292 0.00182 647
1708021840127 0.00182 648
1708021851893 0.00182 649
1708021868661 0.00182 650
1708021876173 0.00181 651
1708021891082 0.00181 652
1708021902670 0.00181 653
1708021915270 0.0018 654
1708021928284 0.0018 655
1708021938414 0.0018 656
1708021947857 0.00179 657
1708021959365 0.00179 658
1708021972654 0.00179 659
1708021985840 0.00178 660
1708021997322 0.00178 661
1708022014004 0.00178 662
1708022020542 0.00178 663
1708022033944 0.00177 664
1708022045826 0.00177 665
1708022055217 0.00177 666
1708022067797 0.00176 667
1708022080446 0.00176 668
1708022093021 0.00176 669
1708022107153 0.00175 670
1708022119847 0.00175 671
1708022133961 0.00175 672
1708022147319 0.00174 673
1708022160119 0.00174 674
1708022172234 0.00174 675
1708022182993 0.00174 676
1708022194262 0.00173 677
1708022207782 0.00173 678
1708022220581 0.00173 679
1708022234578 0.00172 680
1708022246569 0.00172 681
1708022258276 0.00172 682
1708022270727 0.00171 683
1708022282093 0.00171 684
1708022295046 0.00171 685
1708022306628 0.0017 686
1708022319873 0.0017 687
1708022333159 0.0017 688
1708022343786 0.00169 689
1708022354769 0.00169 690
1708022368758 0.00169 691
1708022381492 0.00169 692
1708022392498 0.00168 693
1708022404105 0.00168 694
1708022416529 0.00168 695
1708022430044 0.00167 696
1708022440913 0.00167 697
1708022454048 0.00167 698
1708022465257 0.00166 699
1708022484373 0.00166 700
1708022492318 0.00166 701
1708022504505 0.00165 702
1708022516970 0.00165 703
1708022530251 0.00165 704
1708022542880 0.00164 705
1708022555785 0.00164 706
1708022569374 0.00164 707
1708022581380 0.00164 708
1708022594542 0.00163 709
1708022607262 0.00163 710
1708022621347 0.00163 711
1708022634983 0.00162 712
1708022646428 0.00162 713
1708022655703 0.00162 714
1708022669726 0.00161 715
1708022680416 0.00161 716
1708022699620 0.00161 717
1708022711995 0.0016 718
1708022724601 0.0016 719
1708022736386 0.0016 720
1708022744292 0.00159 721
1708022762248 0.00159 722
1708022771094 0.00159 723
1708022787998 0.00159 724
1708022797455 0.00158 725
1708022810352 0.00158 726
1708022823794 0.00158 727
1708022835433 0.00157 728
1708022848936 0.00157 729
1708022863972 0.00157 730
1708022877787 0.00156 731
1708022888297 0.00156 732
1708022899045 0.00156 733
1708022911051 0.00155 734
1708022923309 0.00155 735
1708022936334 0.00155 736
1708022951045 0.00154 737
1708022965279 0.00154 738
1708022978479 0.00154 739
1708022991305 0.00154 740
1708023003165 0.00153 741
1708023014772 0.00153 742
1708023026394 0.00153 743
1708023040203 0.00152 744
1708023053031 0.00152 745
1708023065105 0.00152 746
1708023077383 0.00151 747
1708023089659 0.00151 748
1708023104826 0.00151 749
1708023121039 0.0015 750
1708023127955 0.0015 751
1708023142335 0.0015 752
1708023155113 0.00149 753
1708023168766 0.00149 754
1708023180494 0.00149 755
1708023193175 0.00148 756
1708023209763 0.00148 757
1708023223232 0.00148 758
1708023231318 0.00148 759
1708023247102 0.00147 760
1708023262331 0.00147 761
1708023269546 0.00147 762
1708023281751 0.00146 763
1708023295981 0.00146 764
1708023308815 0.00146 765
1708023320917 0.00145 766
1708023332417 0.00145 767
1708023343675 0.00145 768
1708023356434 0.00144 769
1708023369744 0.00144 770
1708023381934 0.00144 771
1708023395646 0.00143 772
1708023406755 0.00143 773
1708023418903 0.00143 774
1708023431126 0.00143 775
1708023442842 0.00142 776
1708023455822 0.00142 777
1708023468684 0.00142 778
1708023482737 0.00141 779
1708023495778 0.00141 780
1708023508355 0.00141 781
1708023519329 0.0014 782
1708023531675 0.0014 783
1708023543809 0.0014 784
1708023555679 0.00139 785
1708023569166 0.00139 786
1708023582274 0.00139 787
1708023594276 0.00138 788
1708023606472 0.00138 789
1708023621758 0.00138 790
1708023633692 0.00138 791
1708023645357 0.00137 792
1708023657087 0.00137 793
1708023667658 0.00137 794
1708023680283 0.00136 795
1708023691705 0.00136 796
1708023705595 0.00136 797
1708023717655 0.00135 798
1708023730983 0.00135 799
1708023749384 0.00135 800
1708023755654 0.00134 801
1708023766664 0.00134 802
1708023781023 0.00134 803
1708023790343 0.00133 804
1708023803445 0.00133 805
1708023815084 0.00133 806
1708023826837 0.00133 807
1708023841213 0.00132 808
1708023853681 0.00132 809
1708023870355 0.00132 810
1708023883823 0.00131 811
1708023893058 0.00131 812
1708023903784 0.00131 813
1708023919069 0.0013 814
1708023935084 0.0013 815
1708023948473 0.0013 816
1708023955632 0.00129 817
1708023967673 0.00129 818
1708023984284 0.00129 819
1708023994058 0.00128 820
1708024012420 0.00128 821
1708024026505 0.00128 822
1708024037780 0.00128 823
1708024046875 0.00127 824
1708024060425 0.00127 825
1708024071362 0.00127 826
1708024088098 0.00126 827
1708024096861 0.00126 828
1708024109562 0.00126 829
1708024120991 0.00125 830
1708024132790 0.00125 831
1708024148028 0.00125 832
1708024166073 0.00124 833
1708024177950 0.00124 834
1708024184372 0.00124 835
1708024200914 0.00123 836
1708024209033 0.00123 837
1708024220636 0.00123 838
1708024233552 0.00123 839
1708024247404 0.00122 840
1708024261129 0.00122 841
1708024273918 0.00122 842
1708024287845 0.00121 843
1708024298641 0.00121 844
1708024310760 0.00121 845
1708024325322 0.0012 846
1708024337154 0.0012 847
1708024348419 0.0012 848
1708024358705 0.00119 849
1708024376019 0.00119 850
1708024383357 0.00119 851
1708024397009 0.00119 852
1708024409170 0.00118 853
1708024420154 0.00118 854
1708024433346 0.00118 855
1708024444627 0.00117 856
1708024456806 0.00117 857
1708024469021 0.00117 858
1708024485242 0.00116 859
1708024498265 0.00116 860
1708024510667 0.00116 861
1708024523855 0.00116 862
1708024536445 0.00115 863
1708024547837 0.00115 864
1708024561096 0.00115 865
1708024574851 0.00114 866
1708024589010 0.00114 867
1708024601538 0.00114 868
1708024613762 0.00113 869
1708024625934 0.00113 870
1708024640264 0.00113 871
1708024651084 0.00112 872
1708024662207 0.00112 873
1708024675931 0.00112 874
1708024691139 0.00112 875
1708024702270 0.00111 876
1708024714997 0.00111 877
1708024728265 0.00111 878
1708024741303 0.0011 879
1708024752420 0.0011 880
1708024764346 0.0011 881
1708024775127 0.00109 882
1708024787133 0.00109 883
1708024798955 0.00109 884
1708024809913 0.00109 885
1708024823492 0.00108 886
1708024835242 0.00108 887
1708024849032 0.00108 888
1708024861766 0.00107 889
1708024875130 0.00107 890
1708024886694 0.00107 891
1708024897590 0.00106 892
1708024909895 0.00106 893
1708024921413 0.00106 894
1708024933877 0.00106 895
1708024948325 0.00105 896
1708024962232 0.00105 897
1708024974565 0.00105 898
1708024985934 0.00104 899
1708025003687 0.00104 900
1708025010048 0.00104 901
1708025020630 0.00103 902
1708025033105 0.00103 903
1708025046735 0.00103 904
1708025059027 0.00103 905
1708025071337 0.00102 906
1708025083211 0.00102 907
1708025096828 0.00102 908
1708025109480 0.00101 909
1708025122319 0.00101 910
1708025133938 0.00101 911
1708025148662 0.001 912
1708025159852 0.001 913
1708025172535 0.001 914
1708025185737 0.001 915
1708025197798 0.00099 916
1708025210950 0.00099 917
1708025224488 0.00099 918
1708025236117 0.00098 919
1708025248828 0.00098 920
1708025262824 0.00098 921
1708025276242 0.00097 922
1708025289924 0.00097 923
1708025302328 0.00097 924
1708025314944 0.00097 925
1708025328061 0.00096 926
1708025342505 0.00096 927
1708025355558 0.00096 928
1708025367902 0.00095 929
1708025380771 0.00095 930
1708025394089 0.00095 931
1708025407375 0.00095 932
1708025419829 0.00094 933
1708025432620 0.00094 934
1708025445585 0.00094 935
1708025457071 0.00093 936
1708025470035 0.00093 937
1708025480472 0.00093 938
1708025492238 0.00093 939
1708025504922 0.00092 940
1708025518781 0.00092 941
1708025530649 0.00092 942
1708025545452 0.00091 943
1708025557433 0.00091 944
1708025569417 0.00091 945
1708025583743 0.0009 946
1708025597206 0.0009 947
1708025610022 0.0009 948
1708025622815 0.0009 949
1708025637934 0.00089 950
1708025644554 0.00089 951
1708025658000 0.00089 952
1708025670430 0.00088 953
1708025683962 0.00088 954
1708025695278 0.00088 955
1708025709155 0.00088 956
1708025720471 0.00087 957
1708025732591 0.00087 958
1708025747409 0.00087 959
1708025762153 0.00086 960
1708025775360 0.00086 961
1708025786658 0.00086 962
1708025798594 0.00086 963
1708025809930 0.00085 964
1708025822549 0.00085 965
1708025834559 0.00085 966
1708025848830 0.00085 967
1708025862239 0.00084 968
1708025871904 0.00084 969
1708025884029 0.00084 970
1708025896572 0.00083 971
1708025911591 0.00083 972
1708025925401 0.00083 973
1708025937057 0.00083 974
1708025948938 0.00082 975
1708025962616 0.00082 976
1708025974827 0.00082 977
1708025985348 0.00081 978
1708025999443 0.00081 979
1708026013644 0.00081 980
1708026024765 0.00081 981
1708026037492 0.0008 982
1708026050799 0.0008 983
1708026065395 0.0008 984
1708026077907 0.00079 985
1708026090202 0.00079 986
1708026103889 0.00079 987
1708026118461 0.00079 988
1708026130744 0.00078 989
1708026142489 0.00078 990
1708026156293 0.00078 991
1708026167284 0.00078 992
1708026178870 0.00077 993
1708026192497 0.00077 994
1708026204198 0.00077 995
1708026216786 0.00076 996
1708026228783 0.00076 997
1708026241732 0.00076 998
1708026252961 0.00076 999
1708026272265 0.00075 1000
1708026281310 0.00075 1001
1708026292207 0.00075 1002
1708026304563 0.00075 1003
1708026317268 0.00074 1004
1708026330496 0.00074 1005
1708026342124 0.00074 1006
1708026354279 0.00073 1007
1708026367496 0.00073 1008
1708026377487 0.00073 1009
1708026390149 0.00073 1010
1708026404538 0.00072 1011
1708026419219 0.00072 1012
1708026431130 0.00072 1013
1708026443304 0.00072 1014
1708026456316 0.00071 1015
1708026466487 0.00071 1016
1708026479942 0.00071 1017
1708026495737 0.0007 1018
1708026503612 0.0007 1019
1708026516540 0.0007 1020
1708026525581 0.0007 1021
1708026542832 0.00069 1022
1708026550417 0.00069 1023
1708026564943 0.00069 1024
1708026575367 0.00069 1025
1708026588648 0.00068 1026
1708026601744 0.00068 1027
1708026615573 0.00068 1028
1708026629226 0.00068 1029
1708026639603 0.00067 1030
1708026651286 0.00067 1031
1708026662829 0.00067 1032
1708026676420 0.00067 1033
1708026687875 0.00066 1034
1708026701440 0.00066 1035
1708026713206 0.00066 1036
1708026724901 0.00066 1037
1708026736846 0.00065 1038
1708026748123 0.00065 1039
1708026760881 0.00065 1040
1708026773280 0.00064 1041
1708026786381 0.00064 1042
1708026798867 0.00064 1043
1708026809939 0.00064 1044
1708026823438 0.00063 1045
1708026837969 0.00063 1046
1708026851301 0.00063 1047
1708026861170 0.00063 1048
1708026875108 0.00062 1049
1708026895254 0.00062 1050
1708026902618 0.00062 1051
1708026915703 0.00062 1052
1708026927815 0.00061 1053
1708026941334 0.00061 1054
1708026953682 0.00061 1055
1708026965964 0.00061 1056
1708026980195 0.0006 1057
1708026993563 0.0006 1058
1708027006981 0.0006 1059
1708027018400 0.0006 1060
1708027031384 0.00059 1061
1708027043918 0.00059 1062
1708027056402 0.00059 1063
1708027074348 0.00059 1064
1708027080607 0.00058 1065
1708027092560 0.00058 1066
1708027105953 0.00058 1067
1708027122282 0.00058 1068
1708027131509 0.00057 1069
1708027144459 0.00057 1070
1708027156063 0.00057 1071
1708027167820 0.00057 1072
1708027179993 0.00056 1073
1708027192772 0.00056 1074
1708027206109 0.00056 1075
1708027220061 0.00056 1076
1708027236172 0.00055 1077
1708027249817 0.00055 1078
1708027263813 0.00055 1079
1708027275069 0.00055 1080
1708027285792 0.00054 1081
1708027297467 0.00054 1082
1708027308111 0.00054 1083
1708027322585 0.00054 1084
1708027333938 0.00054 1085
1708027347711 0.00053 1086
1708027360567 0.00053 1087
1708027370341 0.00053 1088
1708027383990 0.00053 1089
1708027396748 0.00052 1090
1708027408210 0.00052 1091
1708027420590 0.00052 1092
1708027432881 0.00052 1093
1708027442652 0.00051 1094
1708027458154 0.00051 1095
1708027469048 0.00051 1096
1708027482945 0.00051 1097
1708027495057 0.0005 1098
1708027505625 0.0005 1099
1708027526904 0.0005 1100
1708027537825 0.0005 1101
1708027548461 0.00049 1102
1708027559815 0.00049 1103
1708027573240 0.00049 1104
1708027585687 0.00049 1105
1708027598370 0.00049 1106
1708027610657 0.00048 1107
1708027624554 0.00048 1108
1708027635834 0.00048 1109
1708027648330 0.00048 1110
1708027660292 0.00047 1111
1708027672140 0.00047 1112
1708027685896 0.00047 1113
1708027697868 0.00047 1114
1708027711130 0.00046 1115
1708027723462 0.00046 1116
1708027735058 0.00046 1117
1708027748397 0.00046 1118
1708027761090 0.00046 1119
1708027770996 0.00045 1120
1708027784005 0.00045 1121
1708027797104 0.00045 1122
1708027808001 0.00045 1123
1708027821806 0.00044 1124
1708027834493 0.00044 1125
1708027847719 0.00044 1126
1708027860454 0.00044 1127
1708027874543 0.00044 1128
1708027886886 0.00043 1129
1708027898948 0.00043 1130
1708027913411 0.00043 1131
1708027924367 0.00043 1132
1708027938296 0.00042 1133
1708027951766 0.00042 1134
1708027965158 0.00042 1135
1708027980524 0.00042 1136
1708027992207 0.00042 1137
1708028004090 0.00041 1138
1708028018103 0.00041 1139
1708028029900 0.00041 1140
1708028042235 0.00041 1141
1708028055913 0.00041 1142
1708028068773 0.0004 1143
1708028080007 0.0004 1144
1708028093457 0.0004 1145
1708028107945 0.0004 1146
1708028122394 0.00039 1147
1708028138405 0.00039 1148
1708028149398 0.00039 1149
1708028164963 0.00039 1150
1708028173583 0.00039 1151
1708028186592 0.00038 1152
1708028200322 0.00038 1153
1708028214686 0.00038 1154
1708028228162 0.00038 1155
1708028241875 0.00038 1156
1708028257103 0.00037 1157
1708028267417 0.00037 1158
1708028278966 0.00037 1159
1708028290935 0.00037 1160
1708028306258 0.00037 1161
1708028317743 0.00036 1162
1708028331540 0.00036 1163
1708028343642 0.00036 1164
1708028357421 0.00036 1165
1708028369183 0.00036 1166
1708028383883 0.00035 1167
1708028395656 0.00035 1168
1708028407903 0.00035 1169
1708028421798 0.00035 1170
1708028433335 0.00035 1171
1708028447374 0.00034 1172
1708028459693 0.00034 1173
1708028473147 0.00034 1174
1708028486049 0.00034 1175
1708028499616 0.00034 1176
1708028511916 0.00033 1177
1708028524185 0.00033 1178
1708028534848 0.00033 1179
1708028548826 0.00033 1180
1708028560665 0.00033 1181
1708028570872 0.00032 1182
1708028584215 0.00032 1183
1708028600097 0.00032 1184
1708028612793 0.00032 1185
1708028623341 0.00032 1186
1708028635759 0.00031 1187
1708028648561 0.00031 1188
1708028659573 0.00031 1189
1708028673020 0.00031 1190
1708028685694 0.00031 1191
1708028695765 0.0003 1192
1708028708714 0.0003 1193
1708028721738 0.0003 1194
1708028734042 0.0003 1195
1708028747503 0.0003 1196
1708028760515 0.00029 1197
1708028774344 0.00029 1198
1708028783466 0.00029 1199
1708028800418 0.00029 1200
1708028808285 0.00029 1201
1708028821762 0.00029 1202
1708028833137 0.00028 1203
1708028847731 0.00028 1204
1708028861417 0.00028 1205
1708028873461 0.00028 1206
1708028887068 0.00028 1207
1708028900260 0.00027 1208
1708028912541 0.00027 1209
1708028924746 0.00027 1210
1708028938694 0.00027 1211
1708028950362 0.00027 1212
1708028960560 0.00027 1213
1708028972262 0.00026 1214
1708028983139 0.00026 1215
1708028997278 0.00026 1216
1708029009406 0.00026 1217
1708029023756 0.00026 1218
1708029036850 0.00026 1219
1708029050315 0.00025 1220
1708029063627 0.00025 1221
1708029075068 0.00025 1222
1708029088476 0.00025 1223
1708029102243 0.00025 1224
1708029115962 0.00024 1225
1708029128373 0.00024 1226
1708029142195 0.00024 1227
1708029155563 0.00024 1228
1708029167416 0.00024 1229
1708029179980 0.00024 1230
1708029191315 0.00023 1231
1708029203571 0.00023 1232
1708029214738 0.00023 1233
1708029226864 0.00023 1234
1708029239627 0.00023 1235
1708029256023 0.00023 1236
1708029266490 0.00022 1237
1708029280162 0.00022 1238
1708029292570 0.00022 1239
1708029308298 0.00022 1240
1708029321529 0.00022 1241
1708029332690 0.00022 1242
1708029345524 0.00021 1243
1708029357981 0.00021 1244
1708029370535 0.00021 1245
1708029383674 0.00021 1246
1708029394315 0.00021 1247
1708029406372 0.00021 1248
1708029420010 0.00021 1249
1708029435502 0.0002 1250
1708029444740 0.0002 1251
1708029458419 0.0002 1252
1708029472373 0.0002 1253
1708029484433 0.0002 1254
1708029496951 0.0002 1255
1708029509321 0.00019 1256
1708029519727 0.00019 1257
1708029532499 0.00019 1258
1708029543808 0.00019 1259
1708029554811 0.00019 1260
1708029565929 0.00019 1261
1708029579392 0.00018 1262
1708029592162 0.00018 1263
1708029604905 0.00018 1264
1708029615379 0.00018 1265
1708029628932 0.00018 1266
1708029641595 0.00018 1267
1708029652458 0.00018 1268
1708029665161 0.00017 1269
1708029676813 0.00017 1270
1708029688675 0.00017 1271
1708029700359 0.00017 1272
1708029714175 0.00017 1273
1708029729617 0.00017 1274
1708029741294 0.00017 1275
1708029753191 0.00016 1276
1708029769943 0.00016 1277
1708029783281 0.00016 1278
1708029794570 0.00016 1279
1708029804197 0.00016 1280
1708029818076 0.00016 1281
1708029831923 0.00016 1282
1708029843689 0.00015 1283
1708029856830 0.00015 1284
1708029867869 0.00015 1285
1708029879820 0.00015 1286
1708029891713 0.00015 1287
1708029902986 0.00015 1288
1708029918319 0.00015 1289
1708029931990 0.00015 1290
1708029944546 0.00014 1291
1708029956034 0.00014 1292
1708029969006 0.00014 1293
1708029982290 0.00014 1294
1708029995070 0.00014 1295
1708030006045 0.00014 1296
1708030018287 0.00014 1297
1708030031111 0.00013 1298
1708030042755 0.00013 1299
1708030058769 0.00013 1300
1708030068595 0.00013 1301
1708030083314 0.00013 1302
1708030094207 0.00013 1303
1708030109268 0.00013 1304
1708030120371 0.00013 1305
1708030132338 0.00012 1306
1708030144412 0.00012 1307
1708030157270 0.00012 1308
1708030171800 0.00012 1309
1708030183478 0.00012 1310
1708030197738 0.00012 1311
1708030209202 0.00012 1312
1708030220423 0.00012 1313
1708030230607 0.00011 1314
1708030243705 0.00011 1315
1708030256928 0.00011 1316
1708030271519 0.00011 1317
1708030284362 0.00011 1318
1708030296417 0.00011 1319
1708030309599 0.00011 1320
1708030322253 0.00011 1321
1708030335171 0.00011 1322
1708030348328 0.0001 1323
1708030361130 0.0001 1324
1708030373938 0.0001 1325
1708030383529 0.0001 1326
1708030397893 0.0001 1327
1708030411136 0.0001 1328
1708030424143 0.0001 1329
1708030435481 0.0001 1330
1708030448025 0.0001 1331
1708030458012 9e-05 1332
1708030470909 9e-05 1333
1708030482027 9e-05 1334
1708030494894 9e-05 1335
1708030508187 9e-05 1336
1708030519730 9e-05 1337
1708030533800 9e-05 1338
1708030544661 9e-05 1339
1708030557154 9e-05 1340
1708030574391 8e-05 1341
1708030586876 8e-05 1342
1708030596198 8e-05 1343
1708030607599 8e-05 1344
1708030619430 8e-05 1345
1708030636648 8e-05 1346
1708030648833 8e-05 1347
1708030656499 8e-05 1348
1708030672991 8e-05 1349
1708030690541 8e-05 1350
1708030696951 7e-05 1351
1708030704361 7e-05 1352
1708030719354 7e-05 1353
1708030730972 7e-05 1354
1708030743167 7e-05 1355
1708030754758 7e-05 1356
1708030766228 7e-05 1357
1708030779181 7e-05 1358
1708030791781 7e-05 1359
1708030806863 7e-05 1360
1708030819521 6e-05 1361
1708030833176 6e-05 1362
1708030844804 6e-05 1363
1708030856507 6e-05 1364
1708030867019 6e-05 1365
1708030880548 6e-05 1366
1708030893967 6e-05 1367
1708030908814 6e-05 1368
1708030919404 6e-05 1369
1708030933650 6e-05 1370
1708030944327 6e-05 1371
1708030958294 6e-05 1372
1708030971881 5e-05 1373
1708030984249 5e-05 1374
1708030994340 5e-05 1375
1708031006142 5e-05 1376
1708031017153 5e-05 1377
1708031032162 5e-05 1378
1708031042514 5e-05 1379
1708031056023 5e-05 1380
1708031069242 5e-05 1381
1708031080056 5e-05 1382
1708031093463 5e-05 1383
1708031108417 5e-05 1384
1708031122228 5e-05 1385
1708031134891 4e-05 1386
1708031146339 4e-05 1387
1708031159134 4e-05 1388
1708031171589 4e-05 1389
1708031181328 4e-05 1390
1708031196772 4e-05 1391
1708031208364 4e-05 1392
1708031220931 4e-05 1393
1708031233498 4e-05 1394
1708031245387 4e-05 1395
1708031258361 4e-05 1396
1708031271333 4e-05 1397
1708031285694 4e-05 1398
1708031299329 4e-05 1399
1708031314585 3e-05 1400
1708031320860 3e-05 1401
1708031334862 3e-05 1402
1708031346507 3e-05 1403
1708031361252 3e-05 1404
1708031372548 3e-05 1405
1708031383883 3e-05 1406
1708031396073 3e-05 1407
1708031407931 3e-05 1408
1708031419543 3e-05 1409
1708031433620 3e-05 1410
1708031445528 3e-05 1411
1708031458321 3e-05 1412
1708031471106 3e-05 1413
1708031482153 3e-05 1414
1708031494296 3e-05 1415
1708031507038 2e-05 1416
1708031518976 2e-05 1417
1708031529458 2e-05 1418
1708031542109 2e-05 1419
1708031553898 2e-05 1420
1708031566727 2e-05 1421
1708031577085 2e-05 1422
1708031589998 2e-05 1423
1708031604912 2e-05 1424
1708031616906 2e-05 1425
1708031629507 2e-05 1426
1708031641059 2e-05 1427
1708031652130 2e-05 1428
1708031664691 2e-05 1429
1708031678335 2e-05 1430
1708031689987 2e-05 1431
1708031703923 2e-05 1432
1708031716452 2e-05 1433
1708031726628 2e-05 1434
1708031739136 2e-05 1435
1708031749478 1e-05 1436
1708031761723 1e-05 1437
1708031774204 1e-05 1438
1708031787345 1e-05 1439
1708031798799 1e-05 1440
1708031811506 1e-05 1441
1708031823587 1e-05 1442
1708031837151 1e-05 1443
1708031846460 1e-05 1444
1708031859565 1e-05 1445
1708031871118 1e-05 1446
1708031886038 1e-05 1447
1708031897170 1e-05 1448
1708031909997 1e-05 1449
1708031926826 1e-05 1450
1708031934133 1e-05 1451
1708031946121 1e-05 1452
1708031958456 1e-05 1453
1708031969742 1e-05 1454
1708031982547 1e-05 1455
1708031995049 1e-05 1456
1708032007114 1e-05 1457
1708032018847 1e-05 1458
1708032029230 1e-05 1459
1708032043252 1e-05 1460
1708032056468 1e-05 1461
1708032071195 1e-05 1462
1708032083452 1e-05 1463
1708032095910 1e-05 1464
1708032109753 1e-05 1465
1708032123958 1e-05 1466
1708032134223 0.0 1467
1708032147260 0.0 1468
1708032160156 0.0 1469
1708032174495 0.0 1470
1708032187382 0.0 1471
1708032198549 0.0 1472
1708032211402 0.0 1473
1708032222508 0.0 1474
1708032233087 0.0 1475
1708032243806 0.0 1476
1708032257924 0.0 1477
1708032269445 0.0 1478
1708032280943 0.0 1479
1708032293457 0.0 1480
1708032305486 0.0 1481
1708032317425 0.0 1482
1708032330010 0.0 1483
1708032340495 0.0 1484
1708032353745 0.0 1485
1708032367210 0.0 1486
1708032381268 0.0 1487
1708032392908 0.0 1488
1708032404491 0.0 1489
1708032416614 0.0 1490
1708032428372 0.0 1491
1708032441582 0.0 1492
1708032453690 0.0 1493
1708032465969 0.0 1494
1708032477635 0.0 1495
1708032489566 0.0 1496
1708032503693 0.0 1497
1708032516457 0.0 1498
1708032526772 0.0 1499
