1708013711363 0.026361354085426305 0
1708013722179 0.017818220297777635 1
1708013733574 0.031270197290283915 2
1708013744997 0.02224016009175235 3
1708013756922 0.02871987736769164 4
1708013768389 0.03412490680365666 5
1708013779949 0.029699305192462413 6
1708013791540 0.0025625924374429896 7
1708013806020 0.024310112191780954 8
1708013818734 0.013908841792258746 9
1708013831519 0.01395936395074135 10
1708013843636 0.0004544772181287631 11
1708013858986 0.0011503916150448878 12
1708013869357 0.0193122255952002 13
1708013882252 0.00757161269435532 14
1708013896436 0.0 15
1708013908475 3.774594123043163e-07 16
1708013921334 0.022331708108153 17
1708013931588 0.03264894068830673 18
1708013943027 0.028693585458543145 19
1708013954309 0.0 20
1708013967401 6.7262056669297475e-06 21
1708013979658 0.01722105098943976 22
1708013993233 0.04467124736614067 23
1708014005063 0.034865448506118675 24
1708014016021 0.04491045821332414 25
1708014028100 0.03791076097550215 26
1708014040695 0.048066830996705265 27
1708014052514 0.04183572773696504 28
1708014064458 0.02668153571579885 29
1708014076603 0.02196306685570113 30
1708014090361 0.00016624506225271227 31
1708014102491 0.042426361643672535 32
1708014116408 0.04394109810575431 33
1708014128056 0.041607158032089434 34
1708014141641 0.030787857507798486 35
1708014154001 0.02714630788203458 36
1708014168110 0.04907295239770864 37
1708014178341 0.06696212423050181 38
1708014191438 0.07649445381123457 39
1708014202814 0.08595508034130414 40
1708014216927 0.09332474397742428 41
1708014228359 0.07439873047566789 42
1708014240921 0.06507494198408056 43
1708014254819 0.077266656282738 44
1708014268839 0.08368308783208941 45
1708014281670 0.0860550449492607 46
1708014292376 0.08379139115921636 47
1708014303803 0.08379211549384714 48
1708014316661 0.05788540544336095 49
1708014330677 0.08631848790791885 50
1708014346087 0.09100727842515607 51
1708014359090 0.061694298021062896 52
1708014371303 0.06598316788570807 53
1708014384100 0.10340979984749153 54
1708014395620 0.10000040221340642 55
1708014411481 0.11106356685577325 56
1708014426292 0.07039108987161526 57
1708014439282 0.10778558732746389 58
1708014453187 0.08864214581074557 59
1708014466136 0.1185111214462681 60
1708014479609 0.12493203902328785 61
1708014493841 0.09929865923179024 62
1708014506533 0.10296509376950048 63
1708014518551 0.10679324020269876 64
1708014529476 0.11627796326413654 65
1708014543605 0.14396505041054422 66
1708014554691 0.09218928920906205 67
1708014567497 0.11087890370965263 68
1708014581455 0.10941600318495236 69
1708014594064 0.10778215707122649 70
1708014604409 0.16909183919711657 71
1708014619475 0.14049479392610575 72
1708014633076 0.1041026923589944 73
1708014643859 0.15186495957567403 74
1708014655988 0.1597611462021528 75
1708014672569 0.1858625691990072 76
1708014685821 0.13594064618016188 77
1708014697330 0.14313936522283105 78
1708014711180 0.15302010280784933 79
1708014725585 0.1673235272485511 80
1708014737833 0.15033418163911721 81
1708014750078 0.1348174751641866 82
1708014762734 0.17396058403831832 83
1708014773996 0.18449006659962416 84
1708014787783 0.18777471131770604 85
1708014801478 0.22598999194552138 86
1708014813787 0.15773085043706558 87
1708014827978 0.15813394306712217 88
1708014839930 0.1924195945593094 89
1708014850902 0.21218894331921204 90
1708014863223 0.1789823651801767 91
1708014878054 0.1798102860335932 92
1708014889344 0.1464833963894191 93
1708014900811 0.18123706812187956 94
1708014912911 0.18811401174505762 95
1708014925395 0.2559597127890974 96
1708014936084 0.23537901539624284 97
1708014950146 0.19954772483313804 98
1708014960932 0.24477785526569507 99
1708014975783 0.2177133520855972 100
1708014986586 0.2927966040479744 101
1708014996850 0.24231720852822752 102
1708015008169 0.19850878975753128 103
1708015020561 0.25644938748069557 104
1708015033731 0.27433028925008557 105
1708015046762 0.27228721129772454 106
1708015059761 0.194507102304799 107
1708015074738 0.25639936504565985 108
1708015090091 0.22086160241422406 109
1708015099871 0.2394265650965812 110
1708015114136 0.2906939127067848 111
1708015124813 0.24333599244433363 112
1708015138588 0.24766278915642503 113
1708015149529 0.2695799290507902 114
1708015161566 0.23483863683309752 115
1708015176567 0.2456352780283095 116
1708015188956 0.2414461699780593 117
1708015201046 0.22818611447963863 118
1708015213879 0.30708411736631375 119
1708015225951 0.3162722120239666 120
1708015237361 0.32304068173494815 121
1708015250529 0.2589570403633613 122
1708015262730 0.2867163958694056 123
1708015275171 0.26471531174095486 124
1708015287606 0.2765794151156171 125
1708015301884 0.30047059094793593 126
1708015315233 0.18602916787640048 127
1708015326083 0.25416840571843013 128
1708015338269 0.2641315743881413 129
1708015351493 0.2944464016437406 130
1708015363118 0.39452163608206925 131
1708015377021 0.20895062654979654 132
1708015391032 0.20992163092667865 133
1708015402293 0.2685695510168807 134
1708015415483 0.3085599977036715 135
1708015426749 0.37190626792175807 136
1708015439871 0.24584302985872414 137
1708015450920 0.30854595902857734 138
1708015464967 0.32186220367291934 139
1708015477772 0.3232391833435423 140
1708015491588 0.3914975082122145 141
1708015504898 0.3256808415954807 142
1708015519163 0.36266185980336313 143
1708015530025 0.3336811960641493 144
1708015542334 0.35126685027347776 145
1708015556422 0.42934694137039675 146
1708015569037 0.35771405062566075 147
1708015580163 0.3321649794642892 148
1708015591838 0.38168160599965417 149
1708015606718 0.34575951912749747 150
1708015617578 0.3812548935126846 151
1708015629284 0.3634766350267678 152
1708015645881 0.36334021646864323 153
1708015657262 0.3275321030764171 154
1708015670310 0.3647415212375702 155
1708015681014 0.39736424658523906 156
1708015695748 0.3534635556862008 157
1708015707436 0.3160654331890339 158
1708015720154 0.4040079277039675 159
1708015732040 0.38039557609887803 160
1708015745620 0.3999813430336536 161
1708015758592 0.2853940830161189 162
1708015769878 0.33634370868308 163
1708015781971 0.41936021783452565 164
1708015795271 0.4208413175281208 165
1708015805677 0.42892191594451784 166
1708015819264 0.39533083662010193 167
1708015832292 0.42247872696318817 168
1708015845694 0.37920233677402415 169
1708015856495 0.2545953628954769 170
1708015869270 0.45682877377829895 171
1708015883096 0.44037304940005784 172
1708015894201 0.41907289040474854 173
1708015906849 0.36947359406934804 174
1708015919356 0.3584528454540432 175
1708015931895 0.43663390457896567 176
1708015943419 0.3884492530043317 177
1708015955114 0.49265707924488694 178
1708015967325 0.422728429950774 179
1708015978736 0.3193913331301645 180
1708015993625 0.43466305676197436 181
1708016006882 0.4461251233033604 182
1708016019081 0.4541451214237127 183
1708016031634 0.3882191659719903 184
1708016044998 0.44565414034553374 185
1708016055991 0.4045490024604498 186
1708016070491 0.4610339940940011 187
1708016081368 0.43413229337559167 188
1708016093038 0.41863685036407683 189
1708016105963 0.41944877853411894 190
1708016117393 0.48566255809002684 191
1708016129653 0.47497877614608147 192
1708016144178 0.4579333359368966 193
1708016159024 0.39215974916422786 194
1708016173275 0.38819915751820777 195
1708016186162 0.42352512889830557 196
1708016197124 0.47212275512361584 197
1708016208995 0.4868591325775557 198
1708016222144 0.43713243391744405 199
1708016237493 0.4887839538150681 200
1708016248347 0.47907831271153345 201
1708016261804 0.505034476190041 202
1708016276511 0.5306020129910256 203
1708016287890 0.4015635249774983 204
1708016299907 0.41896058543809195 205
1708016313242 0.47895939472511245 206
1708016323797 0.49197945023535566 207
1708016338311 0.5441433635107098 208
1708016350723 0.45396238273025624 209
1708016363295 0.47361947337800936 210
1708016374357 0.5223462867328597 211
1708016387864 0.4297747962059107 212
1708016397535 0.5615676797816717 213
1708016410539 0.45333732923839215 214
1708016426161 0.46852087795733716 215
1708016438099 0.5181531529051402 216
1708016451772 0.548888070280713 217
1708016463656 0.5031327885443094 218
1708016477393 0.512934195499633 219
1708016490147 0.4770252202441776 220
1708016501954 0.5328016677661028 221
1708016514820 0.5451706641909211 222
1708016527340 0.5827063399770142 223
1708016537862 0.45464329349138793 224
1708016551398 0.4794235348096463 225
1708016563913 0.5253538708753852 226
1708016575450 0.5298363800362227 227
1708016589146 0.5562176283882467 228
1708016600415 0.480571024954279 229
1708016612991 0.473620125727475 230
1708016624859 0.46830642047459 231
1708016637256 0.5172387912274202 232
1708016649454 0.557521034896657 233
1708016662257 0.48749227765807224 234
1708016674352 0.512392595296331 235
1708016686426 0.5474301686103205 236
1708016697331 0.6263425586455005 237
1708016708041 0.6364174063059311 238
1708016721400 0.5327130322451954 239
1708016734331 0.5661138202018995 240
1708016746546 0.6150994304232534 241
1708016760168 0.4967610883299943 242
1708016773171 0.5605752396906476 243
1708016787984 0.4595680400076029 244
1708016799422 0.4824081495167448 245
1708016811717 0.49909765931527966 246
1708016825001 0.531009372546222 247
1708016836490 0.5505284634398657 248
1708016849121 0.49046773688978335 249
1708016861496 0.4951647913852255 250
1708016875683 0.5449973775390684 251
1708016885705 0.6441444229219806 252
1708016898351 0.571783754054244 253
1708016910317 0.570611088279299 254
1708016921379 0.5581562794788344 255
1708016935696 0.6236584470371258 256
1708016949057 0.6047325494121158 257
1708016961741 0.6447608222595645 258
1708016973072 0.5890393182417056 259
1708016987160 0.5689544905785991 260
1708016998692 0.6104300768868679 261
1708017009317 0.5945935942734079 262
1708017021248 0.6045426871114751 263
1708017035045 0.5168502894406196 264
1708017045466 0.40343967083017857 265
1708017057212 0.5720685666023102 266
1708017070997 0.6108080543510389 267
1708017084418 0.6063099583460709 268
1708017096199 0.4915858238934326 269
1708017109419 0.5500327597655401 270
1708017122974 0.5808606626420375 271
1708017136214 0.4692547292374437 272
1708017147898 0.5918349268219317 273
1708017160017 0.6322894201293838 274
1708017172558 0.6153551778385651 275
1708017183724 0.5792880732128928 276
1708017197982 0.5650791255625675 277
1708017211199 0.6453938769514376 278
1708017225674 0.6298941362511253 279
1708017239369 0.6385306169266749 280
1708017250931 0.605144636273561 281
1708017264693 0.5079514965722436 282
1708017277614 0.5837392489146999 283
1708017288171 0.6313319425785142 284
1708017299003 0.6308534833859706 285
1708017312256 0.4928197006138323 286
1708017324028 0.3902437689135063 287
1708017337005 0.5611197280490051 288
1708017349031 0.6137382016333687 289
1708017360984 0.6336607745046299 290
1708017371130 0.4912732380386264 291
1708017382691 0.43643816586984563 292
1708017396025 0.6719413810016939 293
1708017408226 0.6386095999124032 294
1708017420362 0.6650335138304589 295
1708017432247 0.5714864201852561 296
1708017447038 0.5294109961815205 297
1708017460439 0.5940580453210997 298
1708017470299 0.5974370495871051 299
1708017483274 0.6601114331092671 300
1708017495690 0.5853623287568548 301
1708017509860 0.620021184068318 302
1708017520005 0.6553488187326135 303
1708017533266 0.5965055958941606 304
1708017543263 0.6371053866211406 305
1708017555973 0.5780187133686234 306
1708017567812 0.6052159873207228 307
1708017579596 0.6226665298746402 308
1708017591789 0.6077785091030873 309
1708017604188 0.7015438420105359 310
1708017620851 0.6406329402279256 311
1708017634662 0.5743514557213911 312
1708017645829 0.5593949758513334 313
1708017657226 0.6509520697463695 314
1708017671192 0.6017651720054938 315
1708017683820 0.592886626069822 316
1708017696540 0.5644564695053377 317
1708017709455 0.6540220898197553 318
1708017722143 0.6286679969044504 319
1708017733562 0.6110868484179204 320
1708017744671 0.5475827030839979 321
1708017757345 0.6314158010304965 322
1708017770636 0.6178661827144816 323
1708017783661 0.6466131625243376 324
1708017796535 0.6054456260346422 325
1708017809094 0.6229276711666607 326
1708017822301 0.598029545366223 327
1708017834201 0.6973997149084694 328
1708017848255 0.6083078888139034 329
1708017865017 0.6384113888992786 330
1708017877793 0.65831171704682 331
1708017889582 0.5503331154405867 332
1708017903778 0.6402429115993691 333
1708017914849 0.5930036086575127 334
1708017926960 0.6403217381186482 335
1708017939529 0.6009690302950662 336
1708017953903 0.5986478251719505 337
1708017964869 0.6624189803334241 338
1708017977064 0.6347208651106536 339
1708017991412 0.6703068062512517 340
1708018005904 0.6044868781707824 341
1708018019841 0.6959006067590129 342
1708018031134 0.6462371214054939 343
1708018041960 0.66154611837528 344
1708018054413 0.6837532768869969 345
1708018068659 0.6506502382341341 346
1708018083043 0.573781808953284 347
1708018093589 0.6756384159136013 348
1708018109805 0.7011753748227242 349
1708018124872 0.6536718622170444 350
1708018135815 0.6169981531191804 351
1708018144318 0.6236587010041543 352
1708018156827 0.6666021094722654 353
1708018168859 0.6503430922838735 354
1708018179139 0.6868338213905959 355
1708018192370 0.6443445293237929 356
1708018207382 0.6322092611874903 357
1708018218255 0.662332863707173 358
1708018234106 0.6677915444189524 359
1708018247226 0.7085654396773767 360
1708018258281 0.6062807657212385 361
1708018270592 0.6646309270409508 362
1708018282608 0.6514039563321454 363
1708018295138 0.6800159853167708 364
1708018307161 0.6782846355321381 365
1708018321291 0.6224208841872182 366
1708018333709 0.6144088013503072 367
1708018345926 0.660296030514674 368
1708018357059 0.6749282997815645 369
1708018368948 0.7062948658977855 370
1708018382454 0.6741860910874489 371
1708018395854 0.6673933572054817 372
1708018407795 0.7022838966808196 373
1708018419245 0.712881200516992 374
1708018432800 0.6827153410138735 375
1708018444466 0.6129697437089836 376
1708018455259 0.5915745009548483 377
1708018467084 0.6934986994187369 378
1708018482172 0.6473805271843328 379
1708018492340 0.6735257819073912 380
1708018501879 0.5946209447982477 381
1708018513947 0.6254601744966932 382
1708018526441 0.5998621233960553 383
1708018537964 0.7076240231488623 384
1708018550900 0.6706203361946478 385
1708018562416 0.6603396819699543 386
1708018574569 0.6861566353908773 387
1708018585629 0.6413818568613003 388
1708018598711 0.5998763085059727 389
1708018612098 0.6618764924296218 390
1708018623441 0.6921304122946805 391
1708018635436 0.6582703262176746 392
1708018648376 0.6189897854003352 393
1708018660267 0.533371641708953 394
1708018671994 0.6374632599739982 395
1708018685137 0.7006201442740957 396
1708018697777 0.6898888358761966 397
1708018709531 0.6394648057406567 398
1708018720969 0.6511903300748046 399
1708018735658 0.7059156762850853 400
1708018747653 0.7306826191228752 401
1708018760621 0.6880211827685268 402
1708018774208 0.6728027566108068 403
1708018790416 0.6285234594373611 404
1708018802532 0.6689729186817844 405
1708018815089 0.6485295138026146 406
1708018827068 0.6747415571043803 407
1708018838708 0.6339437069547907 408
1708018851587 0.6451909907900026 409
1708018863913 0.7063796119117433 410
1708018877006 0.6762310548009581 411
1708018889684 0.6517884838845289 412
1708018902913 0.6343190529812132 413
1708018916095 0.6176836862277011 414
1708018927073 0.6725194359515906 415
1708018940974 0.7170155600151471 416
1708018952859 0.7229570776668511 417
1708018965827 0.6243338866851693 418
1708018979905 0.6706274262082288 419
1708018992997 0.6842364980651946 420
1708019003966 0.749968796343855 421
1708019017702 0.6955442240221316 422
1708019030740 0.6955092197474363 423
1708019045429 0.6783867745395102 424
1708019057277 0.6786935427866287 425
1708019070338 0.6620131475293232 426
1708019082336 0.6752390981259092 427
1708019094853 0.6750605221715898 428
1708019107482 0.5241364096323196 429
1708019119404 0.7123858275147293 430
1708019132880 0.7078890920238406 431
1708019144438 0.729689805455017 432
1708019156384 0.624419387816486 433
1708019168268 0.6844381917705304 434
1708019178730 0.6724980847765625 435
1708019192419 0.6748281109284664 436
1708019205316 0.6440059813501458 437
1708019221122 0.6316225761726846 438
1708019232827 0.6151519875159933 439
1708019243012 0.6997815124557393 440
1708019257140 0.7164726051924247 441
1708019269053 0.6972935034339832 442
1708019282057 0.7123820280908096 443
1708019295170 0.692544296040012 444
1708019308168 0.6863301835145444 445
1708019319463 0.6564158833593114 446
1708019333054 0.7022384621593116 447
1708019344379 0.6844317442514251 448
1708019358137 0.6381167288839665 449
1708019371534 0.668494746860766 450
1708019383071 0.6709326692735401 451
1708019396382 0.725420175398561 452
1708019408646 0.67162296204409 453
1708019420778 0.7086587635438081 454
1708019432895 0.6648422786905532 455
1708019445877 0.6142829196540127 456
1708019459896 0.7070260488169875 457
1708019472066 0.7451388194052372 458
1708019482557 0.5964880093676377 459
1708019496483 0.6785962169644265 460
1708019507443 0.7168425932021101 461
1708019519735 0.6314081610977375 462
1708019530904 0.6997087168989171 463
1708019543748 0.6819314445117628 464
1708019556383 0.7009614265998507 465
1708019570096 0.7388897583924035 466
1708019582236 0.6843618940076469 467
1708019596811 0.6828435139490007 468
1708019609206 0.7103781683091384 469
1708019620451 0.6914192015239708 470
1708019634369 0.7331744174666301 471
1708019646612 0.752369510628001 472
1708019659859 0.6597630727547508 473
1708019673182 0.7170233409243816 474
1708019684194 0.6994969350825738 475
1708019695221 0.7804101426959456 476
1708019707811 0.7121810273778529 477
1708019722310 0.6859148018878106 478
1708019733780 0.7348752124580227 479
1708019746647 0.6886484657386168 480
1708019757540 0.662042464692637 481
1708019768449 0.7522226188024116 482
1708019781582 0.6679572609878733 483
1708019793937 0.6324336378806438 484
1708019805440 0.6974225417680245 485
1708019815998 0.6827112473375861 486
1708019829330 0.7628446513900029 487
1708019844329 0.6613117729994804 488
1708019855663 0.668803808354534 489
1708019869411 0.6924049766833102 490
1708019880575 0.7406970233946483 491
1708019894794 0.7123296627706475 492
1708019907248 0.687108519145306 493
1708019917978 0.6992569741552518 494
1708019928962 0.7073991471008323 495
1708019941888 0.7198137862302327 496
1708019954084 0.7032951501577903 497
1708019966640 0.6757616594696677 498
1708019979741 0.6344853142849901 499
1708019991234 0.7182558699349075 500
1708020003023 0.6672807754061952 501
1708020016150 0.7466854526273136 502
1708020029944 0.6826519830339823 503
1708020044436 0.658771484517879 504
1708020056881 0.6977276031452481 505
1708020072181 0.6978864035665744 506
1708020084790 0.7159065877658402 507
1708020098791 0.7270161981249447 508
1708020113633 0.6590168462450184 509
1708020125537 0.6904810130693237 510
1708020139054 0.6993060199301342 511
1708020151224 0.7141853546181951 512
1708020162517 0.6945725502814383 513
1708020175434 0.6545070279842876 514
1708020188828 0.7230132243645433 515
1708020200251 0.7242206060752141 516
1708020215007 0.7240038738017327 517
1708020227197 0.7134370218348765 518
1708020240034 0.6873332957982764 519
1708020253378 0.6660140814290715 520
1708020264011 0.6648608457520387 521
1708020274865 0.705425714183278 522
1708020285665 0.7054697477147513 523
1708020294519 0.6698569517423649 524
1708020308977 0.6575143800815979 525
1708020321399 0.6368303598152735 526
1708020333331 0.6675302238559431 527
1708020344116 0.7353983303923575 528
1708020355999 0.7258266750087112 529
1708020368308 0.6637824752459683 530
1708020379548 0.6392022124182424 531
1708020393094 0.7190694822381865 532
1708020403690 0.7026162422016479 533
1708020416010 0.6916471270950404 534
1708020428381 0.6656281730964758 535
1708020441860 0.7003652905464641 536
1708020454070 0.7135277289165625 537
1708020465888 0.7410534478853532 538
1708020479006 0.7022466926848736 539
1708020492677 0.6018743406387879 540
1708020505587 0.7007118200335795 541
1708020516227 0.7256975744009974 542
1708020530017 0.7135989882338136 543
1708020542148 0.7383638047956885 544
1708020555571 0.6197732441339239 545
1708020569922 0.6927795084340556 546
1708020584026 0.7144134277084382 547
1708020598600 0.6847968552131696 548
1708020611337 0.7015822820117309 549
1708020624270 0.6052131921850085 550
1708020638187 0.7374637881842872 551
1708020647469 0.718433287728042 552
1708020660457 0.7540760970840741 553
1708020671569 0.7660052481524479 554
1708020686512 0.6996653677435027 555
1708020696713 0.7181379757700026 556
1708020707356 0.705015519671904 557
1708020720448 0.7340229528281222 558
1708020732421 0.710118096004238 559
1708020744663 0.6474939873906107 560
1708020758830 0.6733677542679364 561
1708020770824 0.7239580901211788 562
1708020783192 0.7757017414923182 563
1708020796275 0.7676319526673515 564
1708020809449 0.7525371582391832 565
1708020821969 0.65385191428266 566
1708020833717 0.7189002677243133 567
1708020847254 0.7084331314379592 568
1708020859951 0.711719115357284 569
1708020873590 0.6433687168905704 570
1708020885835 0.730927584425763 571
1708020898385 0.7182182703725909 572
1708020908994 0.7364002882134434 573
1708020922649 0.7411055174830307 574
1708020936540 0.7058129132344326 575
1708020946649 0.6740819539604643 576
1708020959085 0.7041753041039533 577
1708020974214 0.7063652573342113 578
1708020985216 0.6447814915254964 579
1708020998002 0.7428512740023231 580
1708021011448 0.6803871676306783 581
1708021025027 0.7391819623496072 582
1708021036396 0.7223017485381048 583
1708021048478 0.7574846304050872 584
1708021061450 0.6700138433476965 585
1708021074136 0.7228143329433597 586
1708021087195 0.701629055469816 587
1708021101171 0.7510244507531684 588
1708021113484 0.7004300759735049 589
1708021124457 0.7509719345637323 590
1708021137966 0.6872396890147721 591
1708021147816 0.7757381518748916 592
1708021160440 0.7120870698556706 593
1708021172091 0.699092995991268 594
1708021187079 0.682901975648575 595
1708021201507 0.696330606503583 596
1708021213442 0.7629847896498726 597
1708021226059 0.7132468785964217 598
1708021238891 0.713205531699557 599
1708021249616 0.6783709023587102 600
1708021261842 0.705642710430713 601
1708021272454 0.7599273910290154 602
1708021285532 0.7391845001709082 603
1708021297881 0.6919262275530234 604
1708021311914 0.7349846986798018 605
1708021323273 0.6597104515540908 606
1708021335875 0.7464878525440035 607
1708021348236 0.731248231730402 608
1708021361244 0.7355849291573064 609
1708021376214 0.7401856630261114 610
1708021387147 0.7362348549571197 611
1708021400119 0.7341215618459993 612
1708021411130 0.7263109467720944 613
1708021423362 0.7337431588350596 614
1708021435057 0.7114133040005961 615
1708021448417 0.7407330561540639 616
1708021461832 0.7190195904067274 617
1708021475014 0.6750239525574819 618
1708021485661 0.7597740182669612 619
1708021496892 0.6368402019066709 620
1708021507988 0.6735766696285174 621
1708021520622 0.7183535620297616 622
1708021532980 0.735175790778831 623
1708021546104 0.7465533805630119 624
1708021561251 0.7309806592013497 625
1708021573940 0.6991517814673167 626
1708021585639 0.7684176479463343 627
1708021601317 0.7376028443196725 628
1708021616322 0.7324561804038195 629
1708021626804 0.7266122893591231 630
1708021641990 0.7384874391038844 631
1708021654841 0.7378353585525553 632
1708021665451 0.7476744476886334 633
1708021678381 0.7445550958703584 634
1708021691055 0.6727839009855386 635
1708021703152 0.7505041688240747 636
1708021715011 0.7358306328310462 637
1708021727997 0.6887094734827708 638
1708021741243 0.7045583418833975 639
1708021754634 0.7279718274702275 640
1708021766877 0.6685920387608765 641
1708021778290 0.7454515319909074 642
1708021790602 0.7240733183114808 643
1708021804992 0.7464961536538854 644
1708021815019 0.7178826951287789 645
1708021826649 0.7494607118771532 646
1708021839357 0.7115541071086772 647
1708021851253 0.7621914563291748 648
1708021863281 0.7489374551189497 649
1708021875534 0.7011410507781736 650
1708021890444 0.7342814748722071 651
1708021902024 0.7235038836421881 652
1708021914628 0.7194818631497649 653
1708021927520 0.7410730105522774 654
1708021937771 0.744427133556486 655
1708021947216 0.7131955267552301 656
1708021958723 0.7308722323337727 657
1708021972010 0.7329075767240514 658
1708021985204 0.70210507936182 659
1708021996675 0.7491822561605042 660
1708022008641 0.7675276318543489 661
1708022019904 0.6971082195121056 662
1708022033306 0.6801775986862757 663
1708022045190 0.7513239328281305 664
1708022054578 0.7150382671734382 665
1708022067159 0.7236988990375918 666
1708022079796 0.6998449150030466 667
1708022092253 0.7142334401586982 668
1708022106501 0.7314169472324695 669
1708022119193 0.7543988474978216 670
1708022133308 0.7182171585839162 671
1708022146667 0.7248099207269096 672
1708022159467 0.6801826810348993 673
1708022171584 0.7308160432932845 674
1708022182222 0.7141163663926297 675
1708022193612 0.7256298949697366 676
1708022207131 0.7332155856519775 677
1708022219933 0.6943022694373432 678
1708022233929 0.7156338844989818 679
1708022245920 0.7335717772567745 680
1708022257619 0.7265734597511497 681
1708022269936 0.7261144055832012 682
1708022281441 0.7297279759204252 683
1708022294396 0.7373512499857171 684
1708022305975 0.6756244122224682 685
1708022319225 0.7492549206732838 686
1708022332508 0.7106536455682206 687
1708022343137 0.6970574488342488 688
1708022354112 0.7707460109170463 689
1708022367953 0.717214498210762 690
1708022380828 0.7272587855636997 691
1708022391846 0.7454029160485889 692
1708022403447 0.7164070891541556 693
1708022415878 0.7577692361582768 694
1708022429399 0.7642694393494919 695
1708022440267 0.6757671863421749 696
1708022453270 0.7250871596972684 697
1708022464605 0.6455306239939128 698
1708022479083 0.6173329897743385 699
1708022491665 0.6994372697894206 700
1708022503848 0.6832918756979457 701
1708022516316 0.7258984250343161 702
1708022529485 0.6967464214198059 703
1708022542228 0.7300376689129782 704
1708022555125 0.7670118190766018 705
1708022568719 0.7571151440353925 706
1708022580727 0.6861238874505111 707
1708022593888 0.7253876875175566 708
1708022606605 0.7213886704846482 709
1708022620572 0.7421692261503695 710
1708022634322 0.762861101168883 711
1708022645774 0.7322594421065521 712
1708022655026 0.7569705536004647 713
1708022669069 0.7562661502387287 714
1708022679770 0.717446024317632 715
1708022695050 0.7725269372735647 716
1708022706516 0.7711388793694838 717
1708022719319 0.7611387171816364 718
1708022731090 0.771586912667273 719
1708022743637 0.7378076746855737 720
1708022757047 0.7571990458487837 721
1708022770440 0.731767266915268 722
1708022783164 0.7669982599182686 723
1708022796800 0.682137180831819 724
1708022809696 0.7659518628798593 725
1708022823128 0.7710050298175545 726
1708022834778 0.7208764571644374 727
1708022848286 0.7171482547733115 728
1708022863318 0.6826547719842644 729
1708022877009 0.7551714070356663 730
1708022887638 0.748920418108272 731
1708022898388 0.7292197736341046 732
1708022910394 0.7010811553215741 733
1708022922657 0.7107580798966183 734
1708022935684 0.7349695405747142 735
1708022950390 0.7086249512773249 736
1708022964498 0.6336239300014086 737
1708022977823 0.6954754879331703 738
1708022990638 0.7409852154866342 739
1708023002514 0.7665966510778218 740
1708023014113 0.6880530636133156 741
1708023025742 0.7341799641876724 742
1708023039557 0.7174804712885354 743
1708023052253 0.7374488691648537 744
1708023064451 0.7681333101526924 745
1708023076726 0.7592024745296544 746
1708023089000 0.7089233542429582 747
1708023104174 0.7160990837584809 748
1708023115832 0.73391450774562 749
1708023127302 0.7595645802291636 750
1708023141554 0.7641723336031357 751
1708023154460 0.7186956915660302 752
1708023168115 0.7730515254297395 753
1708023179842 0.7784013695300301 754
1708023192523 0.753196577115133 755
1708023204384 0.7729488749195964 756
1708023218061 0.7661659345558272 757
1708023230522 0.7238015020464813 758
1708023242186 0.7868466307835583 759
1708023256990 0.7760906814436759 760
1708023268885 0.7299027334798205 761
1708023281085 0.7442786337428439 762
1708023295315 0.7281310999771234 763
1708023308151 0.7172462260791785 764
1708023320122 0.7665361573431819 765
1708023331750 0.7242669824687984 766
1708023343009 0.6727498605894634 767
1708023355770 0.7241337605601911 768
1708023369075 0.7268207830354407 769
1708023381275 0.703840511207027 770
1708023394977 0.7399879818138364 771
1708023405961 0.7646213425412858 772
1708023418230 0.7471062252516767 773
1708023430457 0.7189447868187927 774
1708023442182 0.7606857726418285 775
1708023455152 0.732186263409088 776
1708023468016 0.754728606891977 777
1708023482060 0.7343101391512354 778
1708023494979 0.6798349522297017 779
1708023507687 0.7442663613940711 780
1708023518669 0.7456767586745461 781
1708023531005 0.7265903039901905 782
1708023543142 0.7730464801303564 783
1708023555001 0.7765085324997477 784
1708023568383 0.7376789230240498 785
1708023581610 0.7340908242100432 786
1708023593610 0.7537207000840351 787
1708023605803 0.7300985390668722 788
1708023621096 0.758433353012826 789
1708023633025 0.7512929315069479 790
1708023644681 0.764224542900188 791
1708023656282 0.7739241578937335 792
1708023666993 0.7037001816910086 793
1708023679606 0.8027729688048562 794
1708023691034 0.7152973177217048 795
1708023704925 0.7458691298155049 796
1708023716993 0.7423979772255133 797
1708023730320 0.7220420442986414 798
1708023744081 0.7460503300458097 799
1708023754988 0.7620575030600951 800
1708023765994 0.7531733866002124 801
1708023780301 0.728143508177664 802
1708023789678 0.7622173273528158 803
1708023802778 0.7488712158691275 804
1708023814418 0.7585425290700489 805
1708023826048 0.784884897430656 806
1708023840542 0.7366516325917198 807
1708023853007 0.7668011560077288 808
1708023865450 0.763605376695921 809
1708023878509 0.7616960452492503 810
1708023892389 0.7280592347668993 811
1708023902995 0.7696037166041805 812
1708023918392 0.7374887003664518 813
1708023929797 0.807680161968405 814
1708023943037 0.7591433189383296 815
1708023954962 0.7321306384766082 816
1708023967006 0.7210634996128846 817
1708023983608 0.7657031842500136 818
1708023993301 0.7773365521712368 819
1708024007147 0.7799718842944748 820
1708024021391 0.7733109817559982 821
1708024032454 0.7953789005461219 822
1708024046241 0.7487753076448784 823
1708024059791 0.7690406440488716 824
1708024070723 0.759123712722966 825
1708024082730 0.8023793915923702 826
1708024096226 0.7551354229297977 827
1708024108921 0.7404005923953355 828
1708024120351 0.7857311473305071 829
1708024132155 0.7411033491737334 830
1708024147392 0.7959757084880051 831
1708024160662 0.7889376981032412 832
1708024172485 0.7747562323318588 833
1708024183733 0.7556978065512738 834
1708024195631 0.785549707277498 835
1708024208391 0.7618462735695689 836
1708024219996 0.7539567381294395 837
1708024232909 0.7437643818102925 838
1708024246772 0.7551792492022749 839
1708024260363 0.7626353629325836 840
1708024273268 0.7209885033751461 841
1708024287201 0.7710437466010652 842
1708024298008 0.752818880776153 843
1708024310108 0.7342977362247626 844
1708024324688 0.7708648757514489 845
1708024336512 0.751573368659298 846
1708024347656 0.7866019972708181 847
1708024358070 0.7680460828564445 848
1708024370693 0.7706212948269171 849
1708024382716 0.7572111956060996 850
1708024396363 0.7305271929686256 851
1708024408523 0.7298017064324144 852
1708024419513 0.7786892598419395 853
1708024432708 0.7337496914387759 854
1708024443862 0.8039513017290171 855
1708024456173 0.7872824013096096 856
1708024468383 0.7347851267315283 857
1708024484599 0.7788088662308973 858
1708024497619 0.7431434934692327 859
1708024510032 0.7467059780530606 860
1708024523218 0.757801580293251 861
1708024535673 0.7795117679226465 862
1708024547199 0.7248831335708084 863
1708024560455 0.7192263124850938 864
1708024574210 0.7550169584646876 865
1708024588375 0.8024236911923222 866
1708024600898 0.7411929201102587 867
1708024613127 0.7734533456233978 868
1708024625296 0.7878410160099746 869
1708024639502 0.7774615378805213 870
1708024650441 0.8154077086636278 871
1708024661571 0.7263759635182858 872
1708024675292 0.7760444730962036 873
1708024690496 0.7751929480385882 874
1708024701627 0.7591137297164104 875
1708024714359 0.7684891577933924 876
1708024727486 0.7295588937936489 877
1708024740669 0.7920260647995362 878
1708024751776 0.7742163030920376 879
1708024763700 0.7491901427709882 880
1708024774491 0.7979568661528555 881
1708024786493 0.7145082462372775 882
1708024798316 0.7705517809199788 883
1708024809273 0.7593879913450089 884
1708024822717 0.780383207476165 885
1708024834595 0.7479208293338595 886
1708024848392 0.7706148469574043 887
1708024861126 0.7637387230386007 888
1708024874485 0.7094448378650948 889
1708024886060 0.7400073469449244 890
1708024896954 0.7437361373942573 891
1708024909259 0.7093035938680353 892
1708024920639 0.7676617379953625 893
1708024933241 0.7830373473303136 894
1708024947685 0.767779312981226 895
1708024961592 0.746943666032786 896
1708024973922 0.7605571451061116 897
1708024985291 0.7528448366403006 898
1708024998361 0.8015154252779535 899
1708025009286 0.7540533859447696 900
1708025019990 0.7563421039758916 901
1708025032465 0.7543370286453217 902
1708025046091 0.765995953922194 903
1708025058383 0.7859157414028518 904
1708025070695 0.7418673211304425 905
1708025082573 0.7694793205834323 906
1708025096069 0.7587812743774998 907
1708025108842 0.7660088218532697 908
1708025121675 0.7637697272758905 909
1708025133297 0.7458124509934626 910
1708025148025 0.7430695098832426 911
1708025159211 0.7550473302182976 912
1708025171900 0.7813215683905554 913
1708025185088 0.7159917060772718 914
1708025197032 0.76291369192106 915
1708025210314 0.741769814909513 916
1708025223845 0.7972677079677019 917
1708025235463 0.7836170385679934 918
1708025248186 0.7720887615303721 919
1708025262186 0.7730256627486786 920
1708025275600 0.7960870434518384 921
1708025289166 0.7405654864285837 922
1708025301687 0.7822664665005862 923
1708025314304 0.7177140087070615 924
1708025327425 0.7707916712893428 925
1708025341858 0.7350144637113819 926
1708025354917 0.7674821104676804 927
1708025367265 0.7708256896887928 928
1708025380137 0.734787199671066 929
1708025393324 0.7626522291296585 930
1708025406736 0.74083738560987 931
1708025419192 0.7000706574690226 932
1708025431988 0.7740961824170346 933
1708025444949 0.7453331063891022 934
1708025456437 0.7654298607680811 935
1708025469402 0.7469734763679938 936
1708025479838 0.7253334071356968 937
1708025491477 0.7636135555052062 938
1708025504285 0.7874791019251308 939
1708025518144 0.7420760115403386 940
1708025530012 0.7730505131835764 941
1708025544815 0.7706547409359996 942
1708025556799 0.7570448312322741 943
1708025568781 0.7834243340824284 944
1708025583113 0.7631002759836922 945
1708025596427 0.7276466579164093 946
1708025609387 0.7587574005324709 947
1708025622180 0.7832474070221108 948
1708025632721 0.7313187127358165 949
1708025643921 0.7891230009218198 950
1708025657358 0.8026024339524772 951
1708025669796 0.7708009227666875 952
1708025683187 0.6992058044676054 953
1708025694634 0.7254318240301593 954
1708025708510 0.786544089875417 955
1708025719824 0.7849376866227941 956
1708025731944 0.7323143319121428 957
1708025746758 0.7507014397916267 958
1708025761510 0.7423901109040473 959
1708025774712 0.7696963779781255 960
1708025785885 0.7362533718716103 961
1708025797954 0.7701382625211098 962
1708025809288 0.7394356941470418 963
1708025821902 0.7731569785763678 964
1708025833917 0.7706089221649184 965
1708025848186 0.7600323801917969 966
1708025861597 0.7289024570434198 967
1708025871134 0.7715011659415703 968
1708025883387 0.7486072077073614 969
1708025895907 0.7559683199937288 970
1708025910945 0.6971924838396723 971
1708025924759 0.7566500712448812 972
1708025936414 0.739314613342303 973
1708025948295 0.8085030396026507 974
1708025961974 0.7662386408753282 975
1708025974043 0.7427824211004435 976
1708025984699 0.7246454415394497 977
1708025998801 0.7491661134050613 978
1708026012998 0.6656721244009413 979
1708026024115 0.7723820608912568 980
1708026036845 0.7724689905524023 981
1708026050158 0.7023084665238822 982
1708026064621 0.7385304146268824 983
1708026077266 0.7616551758027017 984
1708026089553 0.7601118834930974 985
1708026103240 0.7497752708099272 986
1708026117817 0.7582008965310917 987
1708026130104 0.7556651170634902 988
1708026141840 0.7845884834188936 989
1708026155646 0.769022533609165 990
1708026166508 0.7312099392613945 991
1708026178219 0.7568388986479083 992
1708026191850 0.7700224160903436 993
1708026203554 0.7500735070603972 994
1708026216137 0.7979805809785329 995
1708026228134 0.7500775257648358 996
1708026241084 0.7460828292802183 997
1708026252313 0.7258655611915628 998
1708026267001 0.7751642067421772 999
1708026280660 0.7553565858064982 1000
1708026291558 0.7748830848037035 1001
1708026303917 0.7777845824328232 1002
1708026316627 0.7531943625487846 1003
1708026329846 0.7375125607160155 1004
1708026341479 0.7585565174779507 1005
1708026353513 0.7836770654080532 1006
1708026366851 0.766437702384969 1007
1708026376840 0.7704995666803196 1008
1708026389501 0.7401250207138786 1009
1708026403892 0.7982759008788733 1010
1708026418565 0.7529630365643203 1011
1708026430481 0.7649901804824469 1012
1708026442535 0.7725784318936262 1013
1708026455664 0.7847511353040291 1014
1708026465824 0.7496418341003823 1015
1708026479295 0.7900457341295021 1016
1708026490848 0.7980393868503731 1017
1708026502965 0.737482972358893 1018
1708026515896 0.7769068073821224 1019
1708026524937 0.7699854800715893 1020
1708026537340 0.7995154681076654 1021
1708026549771 0.7318469069329742 1022
1708026564286 0.756966005651821 1023
1708026574726 0.7168210438925804 1024
1708026588004 0.7755524665909661 1025
1708026601102 0.758658565784689 1026
1708026614926 0.7773798217907243 1027
1708026628451 0.7564405826503013 1028
1708026638948 0.7383472105359735 1029
1708026650638 0.7311828726483031 1030
1708026662177 0.7286087831450019 1031
1708026675753 0.7532290982977806 1032
1708026687231 0.7429257763919096 1033
1708026700790 0.7668527027019194 1034
1708026712551 0.7160152695225194 1035
1708026724129 0.7638352354967629 1036
1708026736182 0.7961411036574398 1037
1708026747476 0.7754131554719531 1038
1708026760238 0.7597361180944339 1039
1708026772630 0.7331373442882666 1040
1708026785734 0.729514240747049 1041
1708026798217 0.7922719784656777 1042
1708026809167 0.7549812705779997 1043
1708026822787 0.6981354237289056 1044
1708026837320 0.7672750095571931 1045
1708026850657 0.7412523121953345 1046
1708026860525 0.7673649011074998 1047
1708026874416 0.7906684097873469 1048
1708026889914 0.7383140797330605 1049
1708026901966 0.763092448895658 1050
1708026914929 0.6959514238169735 1051
1708026927168 0.8007936362793876 1052
1708026940680 0.7107503735008762 1053
1708026953027 0.7707082594493004 1054
1708026965320 0.7933840635028784 1055
1708026979541 0.782670433623198 1056
1708026992908 0.7569513116946138 1057
1708027006176 0.7673857192425518 1058
1708027017754 0.7684987014620338 1059
1708027030736 0.8093651852341831 1060
1708027043262 0.7710997562469258 1061
1708027055748 0.7867432667189023 1062
1708027069202 0.8048145938892346 1063
1708027079955 0.7634724625402782 1064
1708027091913 0.7491966827418477 1065
1708027105175 0.7984876835460801 1066
1708027116889 0.7916599703433774 1067
1708027130859 0.6763639039791904 1068
1708027143814 0.7788186474745741 1069
1708027155414 0.7658316260519936 1070
1708027167171 0.8023668487263973 1071
1708027179347 0.7271832435667396 1072
1708027192005 0.7796450397038738 1073
1708027205456 0.7254466181135649 1074
1708027219411 0.8091099313105251 1075
1708027235515 0.7289630123833657 1076
1708027249167 0.74936315142141 1077
1708027263157 0.7855445128013147 1078
1708027274413 0.7498973686863202 1079
1708027285144 0.7384445079572542 1080
1708027296671 0.7496931906126736 1081
1708027307465 0.7619663956522424 1082
1708027321938 0.7628150122260403 1083
1708027333288 0.7762685147888955 1084
1708027347060 0.7873005432329168 1085
1708027359912 0.7747812615166231 1086
1708027369695 0.7750801515024738 1087
1708027383215 0.7522453327123214 1088
1708027396073 0.7939616218812188 1089
1708027407557 0.7857779805277778 1090
1708027419942 0.7367515522139068 1091
1708027432229 0.7112014791087478 1092
1708027442001 0.7564960414039559 1093
1708027457502 0.731887234852218 1094
1708027468397 0.7187540624081273 1095
1708027482160 0.7859199668776248 1096
1708027494407 0.7551668968005305 1097
1708027504973 0.8083845110734742 1098
1708027522200 0.7450782693803062 1099
1708027537171 0.7761327714645089 1100
1708027547812 0.7432329413329778 1101
1708027559167 0.7111523643903274 1102
1708027572469 0.7544612332959915 1103
1708027585033 0.7969803328247956 1104
1708027597721 0.7815553289632438 1105
1708027610002 0.7534528955700578 1106
1708027623902 0.7716888723448303 1107
1708027635173 0.7735309842318192 1108
1708027647685 0.7645628234615333 1109
1708027659641 0.7819223261782575 1110
1708027671358 0.7738904043754297 1111
1708027685243 0.7619887894843689 1112
1708027697203 0.7585718047378491 1113
1708027710480 0.7762152405725035 1114
1708027722801 0.6999045146391438 1115
1708027734407 0.795859594979522 1116
1708027747749 0.7605413600207981 1117
1708027760291 0.7659883561939247 1118
1708027770348 0.7595351837183812 1119
1708027783354 0.7302111540426116 1120
1708027796448 0.7420069366201024 1121
1708027807345 0.8081322388643145 1122
1708027821153 0.8012831740146069 1123
1708027833839 0.7312388374038752 1124
1708027847067 0.7794277506433571 1125
1708027859683 0.7153629352215205 1126
1708027873888 0.745827738929137 1127
1708027886238 0.7889291619959403 1128
1708027898302 0.7346760165678331 1129
1708027912756 0.7747501085100749 1130
1708027923715 0.7845695766166791 1131
1708027937648 0.7710543787441756 1132
1708027950989 0.7349512488837765 1133
1708027964506 0.7783282678189332 1134
1708027979872 0.7904711052563929 1135
1708027991555 0.8013077803364937 1136
1708028003435 0.7655071268716157 1137
1708028017448 0.7646171738900773 1138
1708028029252 0.7659595768772169 1139
1708028041587 0.750904443862652 1140
1708028055125 0.7618591487435141 1141
1708028068114 0.79160806797732 1142
1708028079344 0.7505159307975828 1143
1708028092802 0.7817757574518999 1144
1708028107283 0.723764898234079 1145
1708028121730 0.7586197396932408 1146
1708028137741 0.7455010959977113 1147
1708028148613 0.7702402364935043 1148
1708028159993 0.7578978247566179 1149
1708028172922 0.7746435640552053 1150
1708028185932 0.7593391712907077 1151
1708028199662 0.7645062659992719 1152
1708028214024 0.7711705423477616 1153
1708028227501 0.8059637210722942 1154
1708028241094 0.8090874625607879 1155
1708028256448 0.7676099815401839 1156
1708028266750 0.7553055838075532 1157
1708028278304 0.7820071877222935 1158
1708028290272 0.745762563514429 1159
1708028305600 0.737695212497486 1160
1708028317084 0.757789000405493 1161
1708028330878 0.6939719780631896 1162
1708028342849 0.6821830088454308 1163
1708028356765 0.7770053804070052 1164
1708028368518 0.774332273616846 1165
1708028383223 0.7757116453749359 1166
1708028394996 0.8008573620686158 1167
1708028407243 0.7744059338051075 1168
1708028421140 0.7663834502853715 1169
1708028432543 0.7707302630479421 1170
1708028446705 0.7737398848145598 1171
1708028459034 0.7768540682690067 1172
1708028472492 0.7881938540230304 1173
1708028485390 0.7192139202814973 1174
1708028498953 0.7516648536957226 1175
1708028511257 0.7695885338948845 1176
1708028523395 0.790868927276995 1177
1708028534189 0.7542537079639506 1178
1708028548169 0.7719812545231299 1179
1708028559996 0.7945112371216312 1180
1708028570212 0.7293397047564285 1181
1708028583555 0.738594455510357 1182
1708028599443 0.7785789694735044 1183
1708028612129 0.7971642615930745 1184
1708028622550 0.7645890489639442 1185
1708028635090 0.7349267431772941 1186
1708028647898 0.7554753873668081 1187
1708028658919 0.774186431250876 1188
1708028672354 0.799006951204752 1189
1708028685035 0.7556826913315204 1190
1708028695111 0.7372424836056412 1191
1708028707933 0.7609300099657628 1192
1708028721074 0.7042984743011599 1193
1708028733372 0.7783551459895333 1194
1708028746847 0.7581897142757691 1195
1708028759856 0.7893759249753413 1196
1708028773678 0.7868451562466033 1197
1708028782800 0.7711943995535536 1198
1708028795766 0.7896793229095969 1199
1708028807627 0.7889559782351925 1200
1708028821104 0.759892625607037 1201
1708028832479 0.7611343080556066 1202
1708028847071 0.7456335027722643 1203
1708028860752 0.7744651334603032 1204
1708028872799 0.7490023525251689 1205
1708028886412 0.7892638453199753 1206
1708028899460 0.7746492596334728 1207
1708028911882 0.7715091738505726 1208
1708028924082 0.7375285194357258 1209
1708028938031 0.7379996621348108 1210
1708028949694 0.7095748977350541 1211
1708028959901 0.75839900446486 1212
1708028971606 0.7931294079901765 1213
1708028982348 0.7444036784801978 1214
1708028996620 0.7609609390437433 1215
1708029008747 0.7218807441940324 1216
1708029023092 0.7443987327867545 1217
1708029036191 0.7852095600472858 1218
1708029049652 0.7770533535273914 1219
1708029062970 0.7897831340425847 1220
1708029074289 0.7630464365691326 1221
1708029087807 0.7160143026162912 1222
1708029101584 0.7699071065600709 1223
1708029115300 0.7767134034849358 1224
1708029127712 0.7775687329973121 1225
1708029141528 0.7336598459998095 1226
1708029154892 0.7294577575088295 1227
1708029166756 0.7659135035042725 1228
1708029179199 0.7129308404047918 1229
1708029190653 0.8068109124364464 1230
1708029202908 0.7809453899096577 1231
1708029214082 0.7841683372149805 1232
1708029226188 0.7390296293458609 1233
1708029238972 0.7769939140339492 1234
1708029255359 0.7775627475044055 1235
1708029265710 0.7511132599778262 1236
1708029279504 0.7527816870604865 1237
1708029291911 0.754369509014124 1238
1708029307635 0.7869299880533803 1239
1708029320867 0.7618012020445583 1240
1708029332025 0.7529304392673469 1241
1708029344861 0.7561127873031137 1242
1708029357186 0.7112786151971656 1243
1708029369866 0.7883907139618519 1244
1708029383007 0.7203434299563123 1245
1708029393658 0.757653253718024 1246
1708029405710 0.7593879539167018 1247
1708029419349 0.7824827509199662 1248
1708029430115 0.788663222860124 1249
1708029444070 0.7799445366869064 1250
1708029457633 0.8023088947602365 1251
1708029471703 0.7817404115631139 1252
1708029483767 0.7702698270439446 1253
1708029496280 0.7576590599199584 1254
1708029508659 0.8052118337734195 1255
1708029519066 0.7904262623817593 1256
1708029531841 0.6943581051122478 1257
1708029543020 0.7134382971086181 1258
1708029554147 0.790182484884554 1259
1708029565263 0.7585158013111181 1260
1708029578723 0.7759552694832121 1261
1708029591496 0.7809571874734803 1262
1708029604241 0.7952192796762086 1263
1708029614722 0.7574135210890902 1264
1708029628273 0.7547294330159487 1265
1708029640932 0.811745720372731 1266
1708029651791 0.7889841303000253 1267
1708029664495 0.7548046056115048 1268
1708029676136 0.7590520742671164 1269
1708029688018 0.7611589883484338 1270
1708029699700 0.7714484059380294 1271
1708029713518 0.7607797973124852 1272
1708029728831 0.7842078706534483 1273
1708029740633 0.7949462682385279 1274
1708029752525 0.7737214715708512 1275
1708029764522 0.8017668167441168 1276
1708029777780 0.7772656420123069 1277
1708029789784 0.8020212645789986 1278
1708029803415 0.7751808934239969 1279
1708029817415 0.772079174414803 1280
1708029831262 0.7700151487664291 1281
1708029843020 0.7685088925026223 1282
1708029856160 0.7488920603028604 1283
1708029867207 0.8005803956880391 1284
1708029879155 0.7621261617195694 1285
1708029891051 0.7665572247227945 1286
1708029902194 0.8166239134943576 1287
1708029917660 0.7395907858933495 1288
1708029931324 0.7690301947651068 1289
1708029943888 0.7492401168374155 1290
1708029955377 0.779585949833782 1291
1708029968346 0.7554779719118722 1292
1708029981626 0.7544083873859624 1293
1708029994271 0.7276555709423342 1294
1708030005382 0.7570947706013926 1295
1708030017627 0.6849824899829944 1296
1708030030445 0.7420650783754174 1297
1708030042089 0.8085383364874887 1298
1708030053396 0.7454121207284027 1299
1708030067933 0.7575667163277156 1300
1708030082525 0.7180099359531664 1301
1708030093546 0.776660998188875 1302
1708030108604 0.7814034748945937 1303
1708030119706 0.7728559838910402 1304
1708030131671 0.7468415798811789 1305
1708030143744 0.7419202637551211 1306
1708030156589 0.781545378925913 1307
1708030171009 0.7603203452625438 1308
1708030182813 0.7643482584307192 1309
1708030197064 0.759960190594078 1310
1708030208533 0.7714246722500635 1311
1708030219750 0.7586212717569155 1312
1708030229942 0.7617608268188648 1313
1708030243038 0.7772962530279106 1314
1708030256265 0.7626399260431733 1315
1708030270721 0.7791901390648435 1316
1708030283692 0.774188497114547 1317
1708030295754 0.7691850162288189 1318
1708030308933 0.7820722767174009 1319
1708030321586 0.7412017821307878 1320
1708030334507 0.7733928275151527 1321
1708030347663 0.7228575232224959 1322
1708030360334 0.7640791822075953 1323
1708030373270 0.7967071895965894 1324
1708030382861 0.7817476714045906 1325
1708030397221 0.739821526151328 1326
1708030410473 0.8019554091266351 1327
1708030423476 0.7339755147938019 1328
1708030434816 0.7860779312912363 1329
1708030447230 0.760963417677806 1330
1708030457339 0.811521506537573 1331
1708030470240 0.7907760919838046 1332
1708030481362 0.7859617886515958 1333
1708030494221 0.7639319462095097 1334
1708030507510 0.7853695474879501 1335
1708030519052 0.7867688589914612 1336
1708030533130 0.7788193384905344 1337
1708030543858 0.7852793897498681 1338
1708030556483 0.789427536296776 1339
1708030569075 0.7907312296098413 1340
1708030581408 0.7926843363612588 1341
1708030595524 0.7718441995427265 1342
1708030606910 0.777744575536437 1343
1708030618645 0.769332618068725 1344
1708030632061 0.7995972746246653 1345
1708030643910 0.8075569325294325 1346
1708030655827 0.7816953222755098 1347
1708030668278 0.787418534535907 1348
1708030681005 0.8017028605975033 1349
1708030696140 0.7279268556310166 1350
1708030703686 0.780165952387088 1351
1708030718673 0.7815170924466097 1352
1708030730295 0.7864816504913915 1353
1708030742485 0.7462861141779005 1354
1708030754088 0.8032645013066535 1355
1708030765547 0.7651231425616878 1356
1708030778379 0.7560576297334317 1357
1708030791099 0.7481118032875682 1358
1708030806186 0.7566340691487172 1359
1708030818844 0.7907028074094384 1360
1708030832504 0.7730895033869852 1361
1708030844133 0.7522687929510969 1362
1708030855834 0.7820070556682676 1363
1708030866211 0.7436464287480143 1364
1708030879865 0.778802101606719 1365
1708030893293 0.7887893820477125 1366
1708030908119 0.8057954495544993 1367
1708030918736 0.7509339873840404 1368
1708030932971 0.8008000377592293 1369
1708030943652 0.7520024803792281 1370
1708030957487 0.762881681241185 1371
1708030971205 0.7127731014509477 1372
1708030983578 0.7656929908360143 1373
1708030993667 0.7800847394653433 1374
1708031005462 0.7611854900324135 1375
1708031016479 0.7584176759472091 1376
1708031031492 0.7496225224542594 1377
1708031041839 0.7982056545516669 1378
1708031055221 0.7664698699605454 1379
1708031068560 0.8045225044146574 1380
1708031079381 0.7450207566507472 1381
1708031092794 0.806728440908652 1382
1708031107743 0.7808587450368154 1383
1708031121551 0.737757706178776 1384
1708031134213 0.7876767995971015 1385
1708031145538 0.7326520665949944 1386
1708031158457 0.770312810642294 1387
1708031170909 0.7722589670427494 1388
1708031180654 0.7589482837519714 1389
1708031196094 0.7825620373937967 1390
1708031207688 0.8099036434074454 1391
1708031220255 0.7842109214909306 1392
1708031232695 0.7832262975326196 1393
1708031244712 0.7225152864879892 1394
1708031257685 0.7464964221441365 1395
1708031270659 0.7907970760378137 1396
1708031285015 0.7890095210583 1397
1708031298643 0.7015100390568195 1398
1708031309169 0.7886116377521782 1399
1708031320186 0.7650584692710231 1400
1708031334185 0.7675568000384468 1401
1708031345828 0.782100787251572 1402
1708031360576 0.7740870059357777 1403
1708031371862 0.7354761350006669 1404
1708031383209 0.7516746180481954 1405
1708031395394 0.7853017942491154 1406
1708031407114 0.7853928826542673 1407
1708031418864 0.79867028870647 1408
1708031432946 0.7499808103535737 1409
1708031444851 0.7629876544207264 1410
1708031457645 0.7837213129608599 1411
1708031470427 0.7812801738158448 1412
1708031481482 0.7635515454650545 1413
1708031493489 0.7860231744904005 1414
1708031506365 0.7375704822031774 1415
1708031518294 0.7637771173531719 1416
1708031528782 0.7819951738328902 1417
1708031541432 0.7870079167492483 1418
1708031553222 0.7370090509812528 1419
1708031566048 0.7953373612251203 1420
1708031576285 0.7649075383360068 1421
1708031589320 0.8136764828568295 1422
1708031604226 0.724188470854777 1423
1708031616233 0.7802532482417289 1424
1708031628831 0.7555853935893289 1425
1708031640378 0.7712546501936083 1426
1708031651452 0.6869354444896658 1427
1708031663880 0.7129179135109318 1428
1708031677666 0.7952084313228016 1429
1708031689309 0.7611134137235831 1430
1708031703248 0.7626162279861238 1431
1708031715775 0.8049249326750776 1432
1708031725946 0.7792962204890503 1433
1708031738461 0.7464472695922626 1434
1708031748675 0.7484841148642989 1435
1708031761041 0.72767316225472 1436
1708031773519 0.7768411166419918 1437
1708031786667 0.7543639539860951 1438
1708031798118 0.7820072617532126 1439
1708031810827 0.8027693919163974 1440
1708031822914 0.7389785354521676 1441
1708031836336 0.7823915334858282 1442
1708031845782 0.805574415219101 1443
1708031858872 0.7383885170697607 1444
1708031870444 0.7585127610791886 1445
1708031885362 0.7865720600016548 1446
1708031896488 0.7440442262966798 1447
1708031909321 0.7989468796209354 1448
1708031921550 0.7607292552217546 1449
1708031933454 0.7862092914602059 1450
1708031945442 0.7889320959252129 1451
1708031957784 0.7857936462957892 1452
1708031969069 0.7455421900133508 1453
1708031981869 0.7651118224004135 1454
1708031994374 0.8143066146702707 1455
1708032006311 0.7495170290900808 1456
1708032018166 0.7984632296566191 1457
1708032028559 0.7796490695341809 1458
1708032042571 0.8083818165881459 1459
1708032055789 0.7762943210136665 1460
1708032070512 0.7980461327210245 1461
1708032082773 0.752830157286868 1462
1708032095109 0.7408613887139824 1463
1708032109074 0.724770756162079 1464
1708032123275 0.7880046815729714 1465
1708032133544 0.7763150349006153 1466
1708032146579 0.7859377886248233 1467
1708032159478 0.7744309180136474 1468
1708032173818 0.814064691043128 1469
1708032186567 0.7569999028061333 1470
1708032197874 0.7834751316008948 1471
1708032210727 0.75331914080112 1472
1708032221827 0.7880867935075427 1473
1708032232418 0.7817003736303003 1474
1708032243129 0.7900674830141198 1475
1708032257230 0.7650627017511131 1476
1708032268771 0.7955318767513765 1477
1708032280129 0.7407688145355616 1478
1708032292779 0.7694579713193548 1479
1708032304809 0.7956661628218986 1480
1708032316739 0.7766436444252752 1481
1708032329331 0.7526029951919977 1482
1708032339817 0.7185669662873739 1483
1708032353068 0.7522365192180344 1484
1708032366415 0.798384890093366 1485
1708032380582 0.7945052603310528 1486
1708032392219 0.790217913821545 1487
1708032403816 0.7983916202060506 1488
1708032415935 0.7628431858048246 1489
1708032427698 0.7173834871292003 1490
1708032440902 0.7890887612415984 1491
1708032452894 0.7506425113278249 1492
1708032465284 0.8045717972893205 1493
1708032476963 0.7677649207575042 1494
1708032488887 0.7715101093556254 1495
1708032503018 0.8005162376310084 1496
1708032515776 0.8013703647585075 1497
1708032526097 0.7702962033475464 1498
1708032538945 0.7331482421037563 1499
