1711446116981 22.97 0
1711446126410 3.34 0
1711446131945 3.39 0
1711446137830 3.42 0
1711446144142 3.4 0
1711446150121 3.41 0
1711446155802 3.37 0
1711446161517 3.36 0
1711446167268 3.38 0
1711446173058 3.37 0
1711446178709 3.39 0
1711446184411 3.38 0
1711446190136 3.39 0
1711446196262 3.35 0
1711446201993 3.39 0
1711446207902 3.42 0
1711446213678 3.39 0
1711446219597 3.41 0
1711446225437 3.38 0
1711446231235 3.38 0
1711446237037 3.41 0
1711446243298 3.41 0
1711446248986 3.4 0
1711446254687 3.4 0
1711446260364 3.39 0
1711446266085 3.4 0
1711446271789 3.41 0
1711446277538 3.44 0
1711446283330 3.43 0
1711446289037 3.41 0
1711446295168 3.36 0
1711446300945 3.42 0
1711446306721 3.42 0
1711446312465 3.43 0
1711446318258 3.39 0
1711446324035 3.42 0
1711446329867 3.44 0
1711446335584 3.37 0
1711446341389 3.42 0
1711446347614 3.4 0
1711446353408 3.37 0
1711446359243 3.42 0
1711446364946 3.38 0
1711446370613 3.38 0
1711446376287 3.39 0
1711446382046 3.41 0
1711446387734 3.4 0
1711446393421 3.39 0
1711446399615 3.4 0
1711446405325 3.38 0
1711446415106 3.41 0
1711446420852 3.43 0
1711446430577 3.41 0
1711446440234 3.38 0
1711446450211 3.37 0
1711446460017 3.4 0
1711446470136 3.4 0
1711446479817 3.36 0
1711446489713 3.35 0
1711446499434 3.35 0
1711446509253 3.43 0
1711446519090 3.39 0
1711446528937 3.39 0
1711446539136 3.41 0
1711446549206 3.41 0
1711446559106 3.4 0
1711446568820 3.35 0
1711446578545 3.36 0
1711446588565 3.45 0
1711446594355 3.41 0
1711446604349 3.39 0
1711446614679 3.39 0
1711446624707 3.37 0
1711446634477 3.36 0
1711446644344 3.36 0
1711446654605 3.36 0
1711446664479 3.37 0
1711446674708 3.4 0
1711446680548 3.42 0
1711446690869 3.39 0
1711446700931 3.4 0
1711446710809 3.38 0
1711446716599 3.38 0
1711446722272 3.38 0
1711446727941 3.39 0
1711446737565 3.37 0
1711446747254 3.35 0
1711446753313 3.35 0
1711446758968 3.38 0
1711446764689 3.39 0
1711446770416 3.42 0
1711446780281 3.39 0
1711446785946 3.38 0
1711446795769 3.4 0
1711446801496 3.41 0
1711446811242 3.41 0
1711446816920 3.39 0
1711446826830 3.35 0
1711446832606 3.44 0
1711446838336 3.4 0
1711446848295 3.37 0
1711446854098 3.45 0
1711446859811 3.39 0
1711446865981 3.41 0
1711446871827 3.42 0
1711446877561 3.4 0
1711446883310 3.4 0
1711446893193 3.39 0
1711446903198 3.41 0
1711446913018 3.38 0
1711446922926 3.43 0
1711446933233 3.38 0
1711446943073 3.39 0
1711446952893 3.38 0
1711446961741 3.44 0
1711446967470 3.41 0
1711446973280 3.41 0
1711446979105 3.45 0
1711446984914 3.4 0
1711446991106 3.38 0
1711446996866 3.38 0
1711447002734 3.46 0
1711447012612 3.43 0
1711447022443 3.41 0
1711447028212 3.4 0
1711447038089 3.37 0
1711447044314 3.41 0
1711447050154 3.4 0
1711447055936 3.4 0
1711447061751 3.41 0
1711447067554 3.42 0
1711447073371 3.39 0
1711447079175 3.39 0
1711447085183 3.42 0
1711447091149 3.42 0
1711447097482 3.41 0
1711447103356 3.39 0
1711447109199 3.43 0
1711447114996 3.38 0
1711447120885 3.46 0
1711447126645 3.38 0
1711447132497 3.44 0
1711447138295 3.41 0
1711447144319 3.57 0
1711447150131 3.4 0
1711447155964 3.42 0
1711447161840 3.44 0
1711447167667 3.4 0
1711447173525 3.43 0
1711447179431 3.46 0
1711447189308 3.4 0
1711447195141 3.42 0
1711447201405 3.41 0
1711447207266 3.43 0
1711447213147 3.43 0
1711447219020 3.43 0
1711447224949 3.48 0
1711447230992 3.42 0
1711447236897 3.46 0
1711447242725 3.38 0
1711447248999 3.4 0
1711447254854 3.38 0
1711447260734 3.41 0
1711447266672 3.44 0
1711447272616 3.45 0
1711447278459 3.4 0
1711447284226 3.39 0
1711447290081 3.41 0
1711447296369 3.41 0
1711447302304 3.46 0
1711447308194 3.42 0
1711447314036 3.39 0
1711447319926 3.42 0
1711447325765 3.41 0
1711447331653 3.43 0
1711447337483 3.38 0
1711447343305 3.4 0
1711447349619 3.44 0
1711447355462 3.4 0
1711447365436 3.39 0
1711447371262 3.38 0
1711447377085 3.39 0
1711447382977 3.4 0
1711447388886 3.4 0
1711447394767 3.44 0
1711447400998 3.37 0
1711447406857 3.41 0
1711447416731 3.36 0
1711447426748 3.43 0
1711447436557 3.38 0
1711447442349 3.38 0
1711447448189 3.39 0
1711447454598 3.41 0
1711447464804 3.44 0
1711447470703 3.39 0
1711447476588 3.4 0
1711447482551 3.44 0
1711447488481 3.42 0
1711447494375 3.39 0
1711447500255 3.4 0
1711447510836 3.42 0
1711447516864 3.44 0
1711447522741 3.42 0
1711447528617 3.38 0
1711447534465 3.38 0
1711447540358 3.41 0
1711447546072 3.37 0
1711447552035 3.62 0
1711447557802 3.43 0
1711447563594 3.46 0
1711447569314 3.38 0
1711447575105 3.4 0
1711447580853 3.43 0
1711447586634 3.43 0
1711447592421 3.45 0
1711447598168 3.41 0
1711447604344 3.4 0
1711447610089 3.42 0
1711447615842 3.43 0
1711447621648 3.43 0
1711447627397 3.4 0
1711447633163 3.45 0
1711447638969 3.42 0
1711447644796 3.42 0
1711447650564 3.41 0
1711447656868 3.48 0
1711447662664 3.42 0
1711447668369 3.37 0
1711447674258 3.46 0
1711447680114 3.43 0
1711447685967 3.48 0
1711447691725 3.4 0
1711447697516 3.45 0
1711447703328 3.42 0
1711447709493 3.4 0
1711447715279 3.4 0
1711447721073 3.45 0
1711447726901 3.46 0
1711447732801 3.49 0
1711447738638 3.43 0
1711447744456 3.43 0
1711447750297 3.43 0
1711447756154 3.46 0
1711447762458 3.39 0
1711447768289 3.45 0
1711447774094 3.42 0
1711447779917 3.42 0
1711447785731 3.42 0
1711447791507 3.38 0
1711447797297 3.41 0
1711447807383 3.43 0
1711447813647 3.45 0
1711447819518 3.45 0
1711447825265 3.38 0
1711447831098 3.38 0
1711447836934 3.44 0
1711447842786 3.43 0
1711447848652 3.49 0
1711447854508 3.4 0
1711447860339 3.42 0
1711447866651 3.44 0
1711447872472 3.41 0
1711447878265 3.4 0
1711447884132 3.43 0
1711447889933 3.4 0
1711447895771 3.45 0
1711447901604 3.41 0
1711447907434 3.41 0
1711447917778 3.43 0
1711447923676 3.5 0
1711447929484 3.41 0
1711447935286 3.41 0
1711447941192 3.5 0
1711447947042 3.42 0
1711447952780 3.37 0
1711447958549 3.41 0
1711447964309 3.39 0
1711447970595 3.39 0
1711447976387 3.41 0
1711447982212 3.45 0
1711447988005 3.4 0
1711447993761 3.38 0
1711447999594 3.45 0
1711448005344 3.39 0
1711448011310 3.45 0
1711448017181 3.45 0
1711448023522 3.4 0
1711448029393 3.47 0
1711448035192 3.39 0
1711448041029 3.43 0
1711448046846 3.42 0
1711448052632 3.38 0
1711448058464 3.4 0
1711448064381 3.39 0
1711448070307 3.47 0
1711448076610 3.47 0
1711448082435 3.41 0
1711448088359 3.42 0
1711448094187 3.42 0
1711448100002 3.42 0
1711448109924 3.42 0
1711448115802 3.44 0
1711448121696 3.44 0
1711448128012 3.43 0
1711448133916 3.43 0
1711448139736 3.4 0
1711448145559 3.39 0
1711448151390 3.41 0
1711448157249 3.41 0
1711448163107 3.43 0
1711448168941 3.41 0
1711448174772 3.42 0
1711448181377 3.43 0
1711448187201 3.37 0
1711448193058 3.43 0
1711448198932 3.45 0
1711448204787 3.44 0
1711448210605 3.4 0
1711448216495 3.46 0
1711448222353 3.42 0
1711448228196 3.41 0
1711448234512 3.38 0
1711448244581 3.41 0
1711448250410 3.4 0
1711448256281 3.39 0
1711448262114 3.4 0
1711448268042 3.51 0
1711448273860 3.4 0
1711448280045 3.76 0
1711448285881 3.39 0
1711448291744 3.39 0
1711448297572 3.39 0
1711448303413 3.39 0
1711448309241 3.41 0
1711448315136 3.46 0
1711448321071 3.42 0
1711448326982 3.41 0
1711448333364 3.44 0
1711448339298 3.43 0
1711448345184 3.41 0
1711448351067 3.42 0
1711448356920 3.41 0
1711448362765 3.4 0
1711448368610 3.4 0
1711448374464 3.39 0
1711448380321 3.39 0
1711448386691 3.46 0
1711448392590 3.44 0
1711448398485 3.4 0
1711448404344 3.37 0
1711448414362 3.42 0
1711448420376 3.5 0
1711448426273 3.43 0
1711448432365 3.62 0
1711448438239 3.41 0
1711448444123 3.41 0
1711448454006 3.41 0
1711448463898 3.45 0
1711448469823 3.43 0
1711448475752 3.43 0
1711448485663 3.43 0
1711448492004 3.45 0
1711448497948 3.41 0
1711448503834 3.42 0
1711448509679 3.4 0
1711448515543 3.43 0
1711448521401 3.41 0
1711448527224 3.38 0
1711448533064 3.37 0
1711448539101 3.58 0
1711448545015 3.46 0
1711448550916 3.42 0
1711448556858 3.44 0
1711448562725 3.41 0
1711448568624 3.45 0
1711448574553 3.41 0
1711448580378 3.4 0
1711448586200 3.38 0
1711448592555 3.46 0
1711448598460 3.43 0
1711448604363 3.41 0
1711448610225 3.41 0
1711448616167 3.45 0
1711448622078 3.38 0
1711448627984 3.41 0
1711448633973 3.5 0
1711448639930 3.44 0
1711448646309 3.4 0
1711448652254 3.43 0
1711448658183 3.44 0
1711448664080 3.39 0
1711448669961 3.4 0
1711448675897 3.43 0
1711448681824 3.4 0
1711448687718 3.4 0
1711448694048 3.41 0
1711448699996 3.44 0
1711448705958 3.46 0
1711448711936 3.48 0
1711448717841 3.38 0
1711448728010 3.4 0
1711448733952 3.45 0
1711448739861 3.41 0
1711448746168 3.39 0
1711448752105 3.42 0
1711448758011 3.42 0
1711448763981 3.43 0
1711448769904 3.44 0
1711448775826 3.41 0
1711448781716 3.37 0
1711448787730 3.48 0
1711448793608 3.44 0
1711448799893 3.4 0
1711448805714 3.45 0
1711448811512 3.43 0
1711448817338 3.41 0
1711448823169 3.47 0
1711448829028 3.45 0
1711448834910 3.48 0
1711448840768 3.44 0
1711448846562 3.43 0
1711448852712 3.38 0
1711448858502 3.44 0
1711448864288 3.43 0
1711448870118 3.44 0
1711448875999 3.46 0
1711448881800 3.41 0
1711448887620 3.46 0
1711448893397 3.41 0
1711448899179 3.42 0
1711448904929 3.4 0
1711448911114 3.39 0
1711448916910 3.45 0
1711448922721 3.41 0
1711448928498 3.42 0
1711448934344 3.47 0
1711448940179 3.46 0
1711448945993 3.43 0
1711448951766 3.41 0
1711448958014 3.41 0
1711448963825 3.42 0
1711448969660 3.45 0
1711448975523 3.43 0
1711448981377 3.46 0
1711448987213 3.45 0
1711448992986 3.38 0
1711448998786 3.41 0
1711449004701 3.51 0
1711449010524 3.46 0
1711449016754 3.45 0
1711449026737 3.48 0
1711449032588 3.47 0
1711449038391 3.41 0
1711449044143 3.39 0
1711449049931 3.4 0
1711449055675 3.38 0
1711449061436 3.41 0
1711449067450 3.6 0
1711449073239 3.42 0
1711449079041 3.43 0
1711449084871 3.43 0
1711449090678 3.42 0
1711449096434 3.4 0
1711449102286 3.46 0
1711449108075 3.4 0
1711449113843 3.4 0
1711449120020 3.41 0
1711449125784 3.4 0
1711449131661 3.48 0
1711449137462 3.43 0
1711449143371 3.51 0
1711449149176 3.44 0
1711449155024 3.44 0
1711449160802 3.38 0
1711449166576 3.42 0
1711449172350 3.4 0
1711449178568 3.42 0
1711449184464 3.43 0
1711449190262 3.4 0
1711449196157 3.47 0
1711449202049 3.45 0
1711449207914 3.48 0
1711449213726 3.41 0
1711449219557 3.43 0
1711449225874 3.45 0
1711449231716 3.43 0
1711449237609 3.48 0
1711449243444 3.42 0
1711449249321 3.42 0
1711449255169 3.42 0
1711449261061 3.46 0
1711449266913 3.41 0
1711449272808 3.44 0
1711449279177 3.43 0
1711449285039 3.43 0
1711449290909 3.45 0
1711449296768 3.44 0
1711449302626 3.4 0
1711449308510 3.42 0
1711449314383 3.43 0
1711449324541 3.49 0
1711449330387 3.4 0
1711449336655 3.4 0
1711449342511 3.38 0
1711449348343 3.41 0
1711449354168 3.39 0
1711449360005 3.43 0
1711449365926 3.51 0
1711449371833 3.4 0
1711449377722 3.43 0
1711449383659 3.44 0
1711449390030 3.4 0
1711449395853 3.38 0
1711449401679 3.41 0
1711449407547 3.45 0
1711449413608 3.51 0
1711449419473 3.45 0
1711449425379 3.45 0
1711449431309 3.44 0
1711449437231 3.44 0
1711449443550 3.43 0
1711449449400 3.43 0
1711449455230 3.42 0
1711449461118 3.46 0
1711449466943 3.41 0
1711449472842 3.48 0
1711449478684 3.42 0
1711449484541 3.42 0
1711449490380 3.42 0
1711449496691 3.43 0
1711449502557 3.42 0
1711449508399 3.44 0
1711449514271 3.39 0
1711449520099 3.42 0
1711449525901 3.39 0
1711449531688 3.37 0
1711449537511 3.41 0
1711449543375 3.46 0
1711449549623 3.44 0
1711449555488 3.41 0
1711449561414 3.48 0
1711449567244 3.42 0
1711449573125 3.43 0
1711449579014 3.47 0
1711449584890 3.48 0
1711449590759 3.44 0
1711449596606 3.4 0
1711449602856 3.44 0
1711449608693 3.44 0
1711449614518 3.44 0
1711449624508 3.4 0
1711449630319 3.4 0
1711449636131 3.42 0
1711449641937 3.39 0
1711449647765 3.42 0
1711449653576 3.4 0
1711449659840 3.42 0
1711449665639 3.42 0
1711449671393 3.37 0
1711449677208 3.42 0
1711449683049 3.43 0
1711449688887 3.41 0
1711449694713 3.4 0
1711449700638 3.47 0
1711449706552 3.47 0
1711449712416 3.47 0
1711449718719 3.44 0
1711449724612 3.44 0
1711449730431 3.4 0
1711449736247 3.39 0
1711449742092 3.44 0
1711449747947 3.44 0
1711449753736 3.39 0
1711449759565 3.4 0
1711449765862 3.46 0
1711449771741 3.4 0
1711449777743 3.52 0
1711449783650 3.46 0
1711449789541 3.42 0
1711449795363 3.38 0
1711449801216 3.38 0
1711449807060 3.39 0
1711449812974 3.48 0
1711449819019 3.6 0
1711449824889 3.43 0
1711449830738 3.41 0
1711449836612 3.42 0
1711449842523 3.48 0
1711449848344 3.37 0
1711449854151 3.39 0
1711449860004 3.43 0
1711449865870 3.4 0
1711449871940 3.59 0
1711449877813 3.41 0
1711449883679 3.4 0
1711449889611 3.45 0
1711449895469 3.39 0
1711449901301 3.39 0
1711449911207 3.37 0
1711449921094 3.42 0
1711449935737 3.39 0
1711449941596 3.44 0
1711449947490 3.42 0
1711449953388 3.46 0
1711449959246 3.4 0
1711449965149 3.46 0
1711449970971 3.4 0
1711449976815 3.4 0
1711449982768 3.55 0
1711449988687 3.43 0
1711449994624 3.45 0
1711450000461 3.41 0
1711450006331 3.42 0
1711450012173 3.41 0
1711450018110 3.43 0
1711450024003 3.44 0
1711450029884 3.43 0
1711450035788 3.45 0
1711450046347 3.47 0
1711450056468 3.45 0
1711450066429 3.39 0
1711450075716 3.43 0
1711450081684 3.44 0
1711450087603 3.45 0
1711450093542 3.42 0
1711450104008 3.41 0
1711450109861 3.4 0
1711450115822 3.45 0
1711450121801 3.51 0
1711450127671 3.42 0
1711450133530 3.4 0
1711450139426 3.43 0
1711450145304 3.43 0
1711450151612 3.43 0
1711450157453 3.41 0
1711450163295 3.41 0
1711450169181 3.43 0
1711450175205 3.49 0
1711450181123 3.45 0
1711450187070 3.5 0
1711450193026 3.44 0
1711450198951 3.46 0
1711450205277 3.4 0
1711450211195 3.42 0
1711450217153 3.47 0
1711450223037 3.4 0
1711450228962 3.43 0
1711450234835 3.41 0
1711450240674 3.39 0
1711450246546 3.39 0
1711450257020 3.42 0
1711450262989 3.45 0
1711450268882 3.42 0
1711450274760 3.44 0
1711450280658 3.45 0
1711450286509 3.41 0
1711450292398 3.43 0
1711450298313 3.43 0
1711450304160 3.42 0
1711450310535 3.47 0
1711450316443 3.43 0
1711450322342 3.41 0
1711450328257 3.43 0
1711450338594 3.43 0
1711450344559 3.45 0
1711450354874 3.48 0
1711450365096 3.4 0
1711450375537 3.39 0
1711450385623 3.39 0
1711450391540 3.46 0
1711450397415 3.39 0
1711450403327 3.4 0
1711450409223 3.4 0
1711450415128 3.42 0
1711450421415 3.41 0
1711450427390 3.4 0
1711450433297 3.41 0
1711450439206 3.43 0
1711450445112 3.43 0
1711450451039 3.43 0
1711450456956 3.46 0
1711450462939 3.47 0
1711450468792 3.38 0
1711450475127 3.42 0
1711450485275 3.42 0
1711450491191 3.42 0
1711450501296 3.37 0
1711450511391 3.38 0
1711450517246 3.37 0
1711450527316 3.44 0
1711450538086 3.43 0
1711450548336 3.44 0
1711450558444 3.4 0
1711450568595 3.44 0
1711450574561 3.44 0
1711450580421 3.4 0
1711450586408 3.49 0
1711450592793 3.43 0
1711450598703 3.44 0
1711450604666 3.46 0
1711450614886 3.41 0
1711450620828 3.43 0
1711450626710 3.39 0
1711450636779 3.43 0
1711450647193 3.41 0
1711450657302 3.38 0
1711450663217 3.44 0
1711450669075 3.37 0
1711450674938 3.39 0
1711450680831 3.39 0
1711450686660 3.38 0
1711450692508 3.39 0
1711450698994 3.43 0
1711450704893 3.41 0
1711450710844 3.44 0
1711450716786 3.42 0
1711450722676 3.39 0
1711450728544 3.39 0
1711450734434 3.4 0
1711450740436 3.43 0
1711450746343 3.43 0
1711450752780 3.43 0
1711450758687 3.42 0
1711450764629 3.44 0
1711450770551 3.45 0
1711450776466 3.42 0
1711450782425 3.44 0
1711450788297 3.4 0
1711450794182 3.42 0
1711450800047 3.4 0
1711450806352 3.42 0
1711450812212 3.38 0
1711450822234 3.4 0
1711450828190 3.48 0
1711450834098 3.44 0
1711450840032 3.46 0
1711450845910 3.38 0
1711450851759 3.38 0
1711450862144 3.37 0
1711450872131 3.41 0
1711450878015 3.4 0
1711450883916 3.38 0
1711450894017 3.38 0
1711450904256 3.4 0
1711450914627 3.43 0
1711450924774 3.42 0
1711450930760 3.45 0
1711450936749 3.45 0
1711450942626 3.39 0
1711450952943 3.37 0
1711450963077 3.42 0
1711450969443 3.47 0
1711450975361 3.36 0
1711450981278 3.41 0
1711450987232 3.42 0
1711450993113 3.4 0
1711450999030 3.41 0
1711451004930 3.39 0
1711451010821 3.42 0
1711451016787 3.41 0
1711451023152 3.41 0
1711451029038 3.4 0
1711451039232 3.42 0
1711451045215 3.47 0
1711451051161 3.39 0
1711451057123 3.42 0
1711451063022 3.39 0
1711451069354 3.41 0
1711451075266 3.39 0
1711451081237 3.44 0
1711451087328 3.51 0
1711451093392 3.46 0
1711451099316 3.4 0
1711451105283 3.45 0
1711451111239 3.42 0
1711451117172 3.4 0
1711451123527 3.41 0
1711451129471 3.4 0
1711451135439 3.41 0
1711451141370 3.4 0
1711451147318 3.43 0
1711451153289 3.43 0
1711451159296 3.43 0
1711451165263 3.44 0
1711451171740 3.45 0
1711451177725 3.42 0
1711451183727 3.44 0
1711451189664 3.41 0
1711451195609 3.41 0
1711451201598 3.45 0
1711451207509 3.39 0
1711451213483 3.47 0
1711451219814 3.39 0
1711451225743 3.41 0
1711451231667 3.4 0
1711451237633 3.43 0
1711451243655 3.44 0
1711451249657 3.47 0
1711451255581 3.39 0
1711451261556 3.45 0
1711451271818 3.56 0
1711451277800 3.42 0
1711451283752 3.43 0
1711451289689 3.42 0
1711451295728 3.46 0
1711451301652 3.4 0
1711451307556 3.41 0
1711451313502 3.43 0
1711451319806 3.39 0
1711451325724 3.39 0
1711451331669 3.42 0
1711451337585 3.39 0
1711451343470 3.37 0
1711451353614 3.39 0
1711451363746 3.4 0
1711451373989 3.54 0
1711451384153 3.42 0
1711451394253 3.36 0
1711451404391 3.43 0
1711451414649 3.46 0
1711451420499 3.41 0
1711451430555 3.42 0
1711451441245 3.38 0
1711451446998 3.38 0
1711451452851 3.45 0
1711451458751 3.43 0
1711451464552 3.41 0
1711451470370 3.42 0
1711451476124 3.38 0
1711451481976 3.44 0
1711451488143 3.4 0
1711451493889 3.38 0
1711451503986 3.4 0
1711451509763 3.39 0
1711451515493 3.38 0
1711451525524 3.4 0
1711451531292 3.39 0
1711451537125 3.45 0
1711451547599 3.45 0
1711451553413 3.44 0
1711451563519 3.44 0
1711451569311 3.43 0
1711451575076 3.38 0
1711451580874 3.42 0
1711451586709 3.43 0
1711451592469 3.39 0
1711451598290 3.41 0
1711451604604 3.5 0
1711451610414 3.4 0
1711451620435 3.4 0
1711451634753 3.41 0
1711451645019 3.38 0
1711451650766 3.4 0
1711451656488 3.36 0
1711451662583 3.36 0
1711451668323 3.42 0
1711451674069 3.38 0
1711451679832 3.42 0
1711451685694 3.46 0
1711451691415 3.41 0
1711451697244 3.47 0
1711451703006 3.42 0
1711451708808 3.43 0
1711451714636 3.45 0
1711451720878 3.44 0
1711451726639 3.43 0
1711451732444 3.42 0
1711451738214 3.43 0
1711451744064 3.45 0
1711451749827 3.42 0
1711451755600 3.43 0
1711451761338 3.4 0
1711451767100 3.39 0
1711451773370 3.44 0
1711451779223 3.5 0
1711451785068 3.46 0
1711451790863 3.43 0
1711451796698 3.46 0
1711451802478 3.41 0
1711451808336 3.43 0
1711451814105 3.41 0
1711451819867 3.41 0
1711451826084 3.42 0
1711451831874 3.44 0
1711451837628 3.39 0
1711451843444 3.42 0
1711451849169 3.38 0
1711451854951 3.41 0
1711451860856 3.47 0
1711451871052 3.39 0
1711451876864 3.39 0
1711451883062 3.43 0
1711451888901 3.44 0
1711451894641 3.37 0
1711451900444 3.44 0
1711451910398 3.43 0
1711451916205 3.42 0
1711451922081 3.45 0
1711451927886 3.43 0
1711451933615 3.4 0
1711451944099 3.39 0
1711451949921 3.43 0
1711451955681 3.4 0
1711451961438 3.42 0
1711451967226 3.39 0
1711451972984 3.42 0
1711451978703 3.38 0
1711451984501 3.42 0
1711451990387 3.53 0
1711451996116 3.37 0
1711452001846 3.4 0
1711452007641 3.42 0
1711452013445 3.46 0
1711452019247 3.41 0
1711452025088 3.45 0
1711452030866 3.42 0
1711452036664 3.43 0
1711452042415 3.42 0
1711452048817 3.43 0
1711452054563 3.39 0
1711452060398 3.45 0
1711452070434 3.39 0
1711452080351 3.35 0
1711452090386 3.41 0
1711452100372 3.41 0
1711452106571 3.43 0
1711452112399 3.42 0
1711452118121 3.39 0
1711452123947 3.44 0
1711452129666 3.37 0
1711452135428 3.41 0
1711452141218 3.41 0
1711452147033 3.42 0
1711452152808 3.42 0
1711452159029 3.42 0
1711452164842 3.39 0
1711452170680 3.43 0
1711452176540 3.47 0
1711452182304 3.4 0
1711452188064 3.42 0
1711452193897 3.45 0
1711452199636 3.38 0
1711452205437 3.43 0
1711452211153 3.38 0
1711452217382 3.4 0
1711452223200 3.42 0
1711452228930 3.39 0
1711452234754 3.46 0
1711452240606 3.44 0
1711452246434 3.45 0
1711452256589 3.4 0
1711452262377 3.41 0
1711452268548 3.42 0
1711452274355 3.44 0
1711452280240 3.41 0
1711452286086 3.41 0
1711452291976 3.44 0
1711452297801 3.42 0
1711452307937 3.37 0
1711452313744 3.4 0
1711452319540 3.4 0
1711452329992 3.42 0
1711452335793 3.4 0
1711452341606 3.42 0
1711452347383 3.41 0
1711452353294 3.44 0
1711452359081 3.38 0
1711452364981 3.51 0
1711452375389 3.41 0
1711452386070 3.42 0
1711452391890 3.4 0
1711452397771 3.43 0
1711452403560 3.39 0
1711452409367 3.39 0
1711452415163 3.41 0
1711452420934 3.39 0
1711452426719 3.39 0
1711452432986 3.44 0
1711452438788 3.4 0
1711452444577 3.39 0
1711452450428 3.48 0
1711452456254 3.43 0
1711452462127 3.44 0
1711452472396 3.47 0
1711452478255 3.43 0
1711452484132 3.42 0
1711452490367 3.41 0
1711452496186 3.41 0
1711452501953 3.39 0
1711452507768 3.41 0
1711452513632 3.45 0
1711452519418 3.4 0
1711452525238 3.43 0
1711452531107 3.42 0
1711452536984 3.44 0
1711452543213 3.39 0
1711452549040 3.44 0
1711452554911 3.43 0
1711452560712 3.42 0
1711452566526 3.39 0
1711452581017 3.42 0
1711452591116 3.39 0
1711452597303 3.39 0
1711452607410 3.43 0
1711452613282 3.44 0
1711452619143 3.41 0
1711452625036 3.41 0
1711452630895 3.39 0
1711452636797 3.42 0
1711452642598 3.4 0
1711452648412 3.41 0
1711452654705 3.41 0
1711452664794 3.48 0
1711452675005 3.42 0
1711452685112 3.41 0
1711452695199 3.41 0
1711452701121 3.47 0
1711452707021 3.43 0
1711452713287 3.43 0
1711452719116 3.42 0
1711452724938 3.44 0
1711452730733 3.39 0
1711452736528 3.4 0
1711452742393 3.38 0
1711452748212 3.42 0
1711452754067 3.42 0
1711452759977 3.45 0
1711452766237 3.4 0
1711452772062 3.42 0
1711452777916 3.42 0
1711452783766 3.41 0
1711452789624 3.42 0
1711452795545 3.47 0
1711452801370 3.43 0
1711452807234 3.47 0
1711452813160 3.52 0
1711452819421 3.39 0
1711452825316 3.45 0
1711452831181 3.41 0
1711452837018 3.42 0
1711452842816 3.4 0
1711452848689 3.43 0
1711452854520 3.43 0
1711452860407 3.47 0
1711452866227 3.41 0
1711452872510 3.47 0
1711452878324 3.43 0
1711452884146 3.4 0
1711452890080 3.48 0
1711452895951 3.42 0
1711452906202 3.42 0
1711452911998 3.38 0
1711452917816 3.38 0
1711452924018 3.41 0
1711452929883 3.47 0
1711452935686 3.41 0
1711452941469 3.4 0
1711452947269 3.41 0
1711452953081 3.42 0
1711452958872 3.38 0
1711452964729 3.44 0
1711452970675 3.45 0
1711452977028 3.44 0
1711452982913 3.45 0
1711452992965 3.41 0
1711452998859 3.5 0
1711453004716 3.42 0
1711453010562 3.45 0
1711453016397 3.44 0
1711453022162 3.37 0
1711453028033 3.47 0
1711453034323 3.46 0
1711453040184 3.45 0
1711453046036 3.47 0
1711453051837 3.39 0
1711453057611 3.39 0
1711453063420 3.39 0
1711453069236 3.45 0
1711453075045 3.43 0
1711453081255 3.41 0
1711453087117 3.43 0
1711453093101 3.49 0
1711453099048 3.46 0
1711453104885 3.43 0
1711453110729 3.42 0
1711453116618 3.4 0
1711453122458 3.4 0
1711453128290 3.42 0
1711453134578 3.47 0
1711453140390 3.43 0
1711453146274 3.46 0
1711453152186 3.48 0
1711453158018 3.4 0
1711453163929 3.52 0
1711453169776 3.44 0
1711453175575 3.4 0
1711453181406 3.41 0
1711453187425 3.62 0
1711453193237 3.41 0
1711453199056 3.42 0
1711453209153 3.37 0
1711453214974 3.44 0
1711453225029 3.43 0
1711453230806 3.4 0
1711453236636 3.4 0
1711453242828 3.41 0
1711453248718 3.49 0
1711453254563 3.46 0
1711453260436 3.44 0
1711453266283 3.41 0
1711453272123 3.43 0
1711453277991 3.43 0
1711453283789 3.41 0
1711453289703 3.51 0
1711453296006 3.4 0
1711453301911 3.44 0
1711453307730 3.4 0
1711453313574 3.43 0
1711453319410 3.43 0
1711453325206 3.39 0
1711453331049 3.4 0
1711453336870 3.4 0
1711453342702 3.39 0
1711453349046 3.47 0
1711453354846 3.41 0
1711453360688 3.41 0
1711453366509 3.42 0
1711453372366 3.43 0
1711453378175 3.4 0
1711453383978 3.37 0
1711453389820 3.4 0
1711453395659 3.43 0
1711453401689 3.64 0
1711453407550 3.44 0
1711453413622 3.65 0
1711453419516 3.47 0
1711453425380 3.47 0
1711453431276 3.51 0
1711453437108 3.4 0
1711453442960 3.47 0
1711453448903 3.49 0
1711453455001 3.62 0
1711453460916 3.44 0
1711453466911 3.59 0
