1713799371141 0.002 0
1713799817644 0.002 1
1713800156491 0.002 2
1713800447333 0.002 3
1713800790809 0.002 4
1713801061839 0.002 5
1713801383923 0.002 6
1713801712005 0.002 7
1713801962192 0.002 8
1713802289422 0.002 9
1713802583801 0.002 10
1713802844709 0.002 11
1713803171127 0.002 12
1713803481928 0.00199 13
1713803816488 0.00199 14
1713804120441 0.00199 15
1713804408615 0.00199 16
1713804698906 0.00199 17
1713805030148 0.00199 18
1713805322584 0.00199 19
1713805614568 0.00199 20
1713805942010 0.00199 21
1713806302284 0.00199 22
1713806610165 0.00199 23
1713806936423 0.00199 24
1713807257242 0.00199 25
1713807568866 0.00199 26
1713807894880 0.00199 27
1713808175034 0.00199 28
1713808519416 0.00199 29
1713808830365 0.00199 30
1713809132278 0.00199 31
1713809428354 0.00199 32
1713809746156 0.00199 33
1713810069338 0.00199 34
1713810402998 0.00198 35
1713810680442 0.00198 36
1713810985252 0.00198 37
1713811289098 0.00198 38
1713811614841 0.00198 39
1713811892006 0.00198 40
1713812204043 0.00198 41
1713812517948 0.00198 42
1713812843753 0.00198 43
1713813165179 0.00198 44
1713813487158 0.00198 45
1713813802801 0.00198 46
1713814085863 0.00198 47
1713814420104 0.00198 48
1713814729770 0.00198 49
1713815062381 0.00198 50
1713815345552 0.00198 51
1713815641949 0.00198 52
1713815968857 0.00198 53
1713816265993 0.00198 54
1713816570238 0.00198 55
1713816876460 0.00198 56
1713817211855 0.00197 57
1713817559334 0.00197 58
1713817814492 0.00197 59
1713818167650 0.00197 60
1713818503059 0.00197 61
1713818811456 0.00197 62
1713819145643 0.00197 63
1713819431138 0.00197 64
1713819780657 0.00197 65
1713820078210 0.00197 66
1713820371311 0.00197 67
1713820706097 0.00197 68
1713821025401 0.00197 69
1713821295116 0.00197 70
1713821582054 0.00197 71
1713821886005 0.00197 72
1713822191980 0.00197 73
1713822530192 0.00197 74
1713822837672 0.00197 75
1713823154608 0.00197 76
1713823442000 0.00197 77
1713823751500 0.00197 78
1713824072567 0.00196 79
1713824382656 0.00196 80
1713824697928 0.00196 81
1713824977844 0.00196 82
1713825294302 0.00196 83
1713825612805 0.00196 84
1713825920320 0.00196 85
1713826231374 0.00196 86
1713826494724 0.00196 87
1713826818468 0.00196 88
1713827125370 0.00196 89
1713827442167 0.00196 90
1713827755474 0.00196 91
1713828052029 0.00196 92
1713828368307 0.00196 93
1713828678583 0.00196 94
1713828979994 0.00196 95
1713829269754 0.00196 96
1713829563183 0.00196 97
1713829907694 0.00196 98
1713830204927 0.00196 99
1713830568046 0.00196 100
1713830833265 0.00195 101
1713831132735 0.00195 102
1713831407522 0.00195 103
1713831710114 0.00195 104
1713832007888 0.00195 105
1713832330310 0.00195 106
1713832630974 0.00195 107
1713832974745 0.00195 108
1713833235981 0.00195 109
1713833556574 0.00195 110
1713833835218 0.00195 111
1713834150833 0.00195 112
1713834482599 0.00195 113
1713834814559 0.00195 114
1713835089827 0.00195 115
1713835399531 0.00195 116
1713835689218 0.00195 117
1713835969793 0.00195 118
1713836263448 0.00195 119
1713836582527 0.00195 120
1713836917616 0.00195 121
1713837204926 0.00195 122
1713837473788 0.00195 123
1713837833833 0.00194 124
1713838129512 0.00194 125
1713838411806 0.00194 126
1713838729376 0.00194 127
1713839025939 0.00194 128
1713839306187 0.00194 129
1713839605307 0.00194 130
1713839936806 0.00194 131
1713840207763 0.00194 132
1713840539014 0.00194 133
1713840847395 0.00194 134
1713841125361 0.00194 135
1713841430172 0.00194 136
1713841789333 0.00194 137
1713842046134 0.00194 138
1713842359786 0.00194 139
1713842644714 0.00194 140
1713842947461 0.00194 141
1713843248656 0.00194 142
1713843538349 0.00194 143
1713843920956 0.00194 144
1713844198709 0.00194 145
1713844486224 0.00193 146
1713844800597 0.00193 147
1713845092233 0.00193 148
1713845399803 0.00193 149
1713845737138 0.00193 150
1713845998570 0.00193 151
1713846314627 0.00193 152
1713846668843 0.00193 153
1713846962908 0.00193 154
1713847259914 0.00193 155
1713847549070 0.00193 156
1713847867332 0.00193 157
1713848190486 0.00193 158
1713848514844 0.00193 159
1713848837304 0.00193 160
1713849098987 0.00193 161
1713849388971 0.00193 162
1713849679688 0.00193 163
1713850014962 0.00193 164
1713850292000 0.00193 165
1713850597829 0.00193 166
1713850892985 0.00193 167
1713851230008 0.00192 168
1713851540613 0.00192 169
1713851800848 0.00192 170
1713852131082 0.00192 171
1713852424635 0.00192 172
1713852715236 0.00192 173
1713853006755 0.00192 174
1713853322812 0.00192 175
1713853613496 0.00192 176
1713853918603 0.00192 177
1713854237503 0.00192 178
1713854494953 0.00192 179
1713854796235 0.00192 180
1713855155629 0.00192 181
1713855486482 0.00192 182
1713855734676 0.00192 183
1713856052201 0.00192 184
1713856374911 0.00192 185
1713856698580 0.00192 186
