1713799811549 0.001582992710941941 0
1713800115620 0.0 1
1713800417005 9.177039780632042e-07 2
1713800726565 0.03345092412821599 3
1713801042721 0.0166753245216421 4
1713801353210 0.0282786432009166 5
1713801655027 0.04625063412652621 6
1713801959762 0.003955372202975292 7
1713802254944 0.04416524696737468 8
1713802561679 0.03866835528455193 9
1713802841472 0.014165187535162093 10
1713803143766 0.04384380161059164 11
1713803457145 0.03341569084682885 12
1713803778609 0.0333787893069879 13
1713804088673 0.03683442960355052 14
1713804405984 0.01681808424062958 15
1713804682786 0.04993805949741998 16
1713804996066 0.0450010289829046 17
1713805291411 0.0352922611814042 18
1713805598386 0.03459398196395794 19
1713805916643 0.04146041290494384 20
1713806230885 0.033226518615374435 21
1713806583886 0.0695742471592767 22
1713806904273 0.0758262656714778 23
1713807222949 0.06340766205206837 24
1713807536327 0.07551337584071409 25
1713807853179 0.06714210515304472 26
1713808139422 0.08126912372664798 27
1713808482348 0.06949019001091103 28
1713808795603 0.069870100921233 29
1713809084115 0.0730168666193576 30
1713809393706 0.08099262317088948 31
1713809722418 0.0816602806736244 32
1713810035573 0.07802195161659964 33
1713810341887 0.1043629589032536 34
1713810665315 0.10813440926234172 35
1713810957158 0.1138429535980409 36
1713811267444 0.09459608489029799 37
1713811583412 0.11942282139115672 38
1713811880722 0.08995769970452433 39
1713812180096 0.08640854789137332 40
1713812489454 0.13387175987067437 41
1713812787960 0.10860235347885598 42
1713813128095 0.09823865327442881 43
1713813442541 0.1142833741651396 44
1713813735931 0.09544327745195787 45
1713814053287 0.14424455847271575 46
1713814376852 0.1220624513365839 47
1713814695846 0.1104903763358059 48
1713815006873 0.12029802748107096 49
1713815342541 0.09643736736817615 50
1713815639492 0.10179299991032145 51
1713815937170 0.15784007959697602 52
1713816239654 0.17381033706857185 53
1713816550505 0.1800847007026844 54
1713816855279 0.18571187963750074 55
1713817175369 0.18767810900506599 56
1713817506338 0.2120286214101449 57
1713817810703 0.11668103920499662 58
1713818125566 0.18961273715530602 59
1713818458835 0.1924658510870211 60
1713818774840 0.16271169898161722 61
1713819081029 0.25712300483104106 62
1713819404289 0.20199239114921413 63
1713819722955 0.2942186062194892 64
1713820055975 0.1865326591869266 65
1713820341568 0.26366734335861935 66
1713820679348 0.24579754772677895 67
1713820993081 0.22344122754833146 68
1713821292566 0.18604718647449295 69
1713821560698 0.2666938501782207 70
1713821862609 0.24705054896057066 71
1713822174844 0.2589998251170843 72
1713822505401 0.21239482210408828 73
1713822819854 0.30100694972522385 74
1713823135792 0.26986508053677294 75
1713823421680 0.23067589327769708 76
1713823748886 0.15778293166119514 77
1713824046732 0.30947466986602584 78
1713824346119 0.33075401592421 79
1713824670585 0.2908323114218848 80
1713824967795 0.2165679010418928 81
1713825267750 0.3243488832813287 82
1713825582526 0.3040202176678409 83
1713825893962 0.35822777502660585 84
1713826200693 0.34839419929596294 85
1713826492160 0.19792774018229783 86
1713826809587 0.2842993606158598 87
1713827095754 0.35445622315376296 88
1713827439736 0.2696138046378672 89
1713827724725 0.3463358379020993 90
1713828049396 0.272252531943533 91
1713828339545 0.2980165448152065 92
1713828660686 0.3329511446146683 93
1713828977119 0.276545810504863 94
1713829267353 0.28669841327153045 95
1713829560623 0.26981666296683965 96
1713829883887 0.3429316255695127 97
1713830202575 0.2801945254179936 98
1713830502028 0.307618671714384 99
1713830824286 0.2102071273660752 100
1713831130358 0.2745060905518502 101
1713831405116 0.25928652910694666 102
1713831707729 0.31702755257437215 103
1713832005425 0.32313392603617735 104
1713832298942 0.36115472235099383 105
1713832605412 0.3057952524796121 106
1713832905510 0.42671154787369897 107
1713833208368 0.33047053237768964 108
1713833518959 0.39234500211427237 109
1713833832194 0.3105808042144504 110
1713834133213 0.3541362248021682 111
1713834457744 0.3534892294936886 112
1713834772567 0.3292477564806367 113
1713835060269 0.33240044207721725 114
1713835364146 0.3874628970666106 115
1713835686707 0.2429868703660711 116
1713835967353 0.3221561540254439 117
1713836260931 0.35865691077260725 118
1713836552775 0.41695180229559803 119
1713836865393 0.3540559941116673 120
1713837172537 0.36956719227351725 121
1713837471261 0.338691892643317 122
1713837776943 0.4587617819761333 123
1713838108970 0.41161939126546726 124
1713838409188 0.29910245724481255 125
1713838726969 0.36949825611083825 126
1713839023300 0.3213031174338305 127
1713839303596 0.32379252162949157 128
1713839602921 0.39174402995409907 129
1713839904423 0.4755312141104204 130
1713840205291 0.3443016073251234 131
1713840507296 0.46732051149255505 132
1713840815128 0.42556662816643664 133
1713841122052 0.3493246684296148 134
1713841427605 0.3836746261965168 135
1713841717724 0.44117491397580105 136
1713842021941 0.38758099847723504 137
1713842321838 0.5018309716674249 138
1713842623902 0.47029758058478904 139
1713842920027 0.48863416891328865 140
1713843224816 0.48580735031802086 141
1713843518204 0.4744008371372281 142
1713843852419 0.4917075863518306 143
1713844177648 0.47567613967240463 144
1713844483778 0.4136777196125916 145
1713844797989 0.30567461464734913 146
1713845089632 0.4961417150736963 147
1713845372851 0.532445019083399 148
1713845703492 0.3503478292421877 149
1713845995987 0.4885841206969505 150
1713846312208 0.45410894430208393 151
1713846596730 0.5851969626178772 152
1713846927411 0.4664212717888146 153
1713847234117 0.5172706928720313 154
1713847516269 0.5097343723721237 155
1713847832635 0.5839048213382544 156
1713848156729 0.4789671547500214 157
1713848466958 0.5908773299137752 158
1713848793603 0.5739337852077104 159
1713849089936 0.4559780373476477 160
1713849386377 0.4913255692730122 161
1713849677176 0.38833676126214056 162
1713849966915 0.5670224567927981 163
1713850288887 0.4120121566614107 164
1713850595304 0.5577402433311099 165
1713850890489 0.5473655589209907 166
1713851196723 0.5414092107298863 167
1713851504045 0.6267437759509176 168
1713851798424 0.49615643547886634 169
1713852128529 0.4991278185105289 170
1713852422058 0.5161073591717377 171
1713852712352 0.4506186684255326 172
1713853004267 0.498772402844977 173
1713853319174 0.5588040373609361 174
1713853610703 0.50050799110745 175
1713853887877 0.5714147249117498 176
1713854216114 0.5480625074973386 177
1713854491145 0.4362320926931325 178
1713854793664 0.5419437645777905 179
1713855116630 0.5877312069791171 180
1713855429737 0.6610966902086678 181
1713855732184 0.4507070675271831 182
1713856032946 0.622547029845871 183
1713856337668 0.6068546509161944 184
1713856647760 0.6427493392477767 185
