1708181519294 17.93 0
1708181529909 5.6 0
1708181543695 13.24 0
1708181556706 7.79 0
1708181568479 11.21 0
1708181582637 13.59 0
1708181593914 10.73 0
1708181607571 13.09 0
1708181617890 9.73 0
1708181628672 10.2 0
1708181642175 12.95 0
1708181656596 13.75 0
1708181666980 9.51 0
1708181678856 11.31 0
1708181693129 13.7 0
1708181705977 12.27 0
1708181718319 11.76 0
1708181730601 11.7 0
1708181743767 12.48 0
1708181758940 14.59 0
1708181773392 13.88 0
1708181786298 12.32 0
1708181799362 12.51 0
1708181812127 12.21 0
1708181824787 12.11 0
1708181836321 10.97 0
1708181848819 11.82 0
1708181859725 10.35 0
1708181873199 12.92 0
1708181887148 8.96 0
1708181899018 6.91 0
1708181912928 13.34 0
1708181925843 12.34 0
1708181939194 12.66 0
1708181950730 10.96 0
1708181961524 5.89 0
1708181973636 11.52 0
1708181988791 14.57 0
1708182001757 8.05 0
1708182013448 6.63 0
1708182025627 7.21 0
1708182038441 7.83 0
1708182053118 14.11 0
1708182065771 7.74 0
1708182076774 6.1 0
1708182088556 6.8 0
1708182100474 7.0 0
1708182112083 6.64 0
1708182123439 6.41 0
1708182137530 8.99 0
1708182148764 6.04 0
1708182161103 7.29 0
1708182176233 10.41 0
1708182189023 7.96 0
1708182201224 7.31 0
1708182214113 8.17 0
1708182228002 9.11 0
1708182238318 5.61 0
1708182251718 8.67 0
1708182263290 6.61 0
1708182276355 8.1 0
1708182290352 9.27 0
1708182302549 7.37 0
1708182315691 8.28 0
1708182327829 7.31 0
1708182338603 5.89 0
1708182353042 9.57 0
1708182364548 6.49 0
1708182376862 7.43 0
1708182389417 7.66 0
1708182402353 8.06 0
1708182414156 11.22 0
1708182426009 11.27 0
1708182437772 6.93 0
1708182449851 7.07 0
1708182461106 6.39 0
1708182473324 7.44 0
1708182484977 6.77 0
1708182496933 7.1 0
1708182510360 12.84 0
1708182521606 10.67 0
1708182534002 7.48 0
1708182546888 8.02 0
1708182558188 6.47 0
1708182572556 9.56 0
1708182583198 10.08 0
1708182596379 12.62 0
1708182606759 5.6 0
1708182617866 6.25 0
1708182629866 7.18 0
1708182644033 13.61 0
1708182656864 7.98 0
1708182667073 9.65 0
1708182679820 12.19 0
1708182692769 12.39 0
1708182703252 9.92 0
1708182714805 10.87 0
1708182728021 12.64 0
1708182740078 7.25 0
1708182752445 7.53 0
1708182767227 5.6 0
1708182775449 7.66 0
1708182788833 12.82 0
1708182801442 11.92 0
1708182812082 5.65 0
1708182824837 7.83 0
1708182836981 11.57 0
1708182850853 9.13 0
1708182861552 5.95 0
1708182875253 13.13 0
1708182888909 8.38 0
1708182901919 12.44 0
1708182915442 12.95 0
1708182927887 11.87 0
1708182942852 9.98 0
1708182954662 11.24 0
1708182967677 12.44 0
1708182978487 10.11 0
1708182990490 7.1 0
1708183002005 6.41 0
1708183015781 13.19 0
1708183028069 11.71 0
1708183040820 12.17 0
1708183052384 10.99 0
1708183065037 11.96 0
1708183077104 11.48 0
1708183091187 13.5 0
1708183105730 13.96 0
1708183117465 11.15 0
1708183130059 12.01 0
1708183142110 11.47 0
1708183156936 14.25 0
1708183169876 12.24 0
1708183184581 9.9 0
1708183199173 9.66 0
1708183211378 11.62 0
1708183224608 12.64 0
1708183238485 13.29 0
1708183251321 7.64 0
1708183265186 9.09 0
1708183278707 8.54 0
1708183290190 10.89 0
1708183304367 9.15 0
1708183318039 8.82 0
1708183332675 9.59 0
1708183344135 10.75 0
1708183357246 12.52 0
1708183369843 12.0 0
1708183382974 8.19 0
1708183395838 8.03 0
1708183407825 6.97 0
1708183419241 10.83 0
1708183430061 5.73 0
1708183443968 9.05 0
1708183458032 9.12 0
1708183471805 13.17 0
1708183482248 9.84 0
1708183494131 11.29 0
1708183505780 6.66 0
1708183517862 7.05 0
1708183533142 14.68 0
1708183547015 13.28 0
1708183559826 12.22 0
1708183571206 10.78 0
1708183584240 8.23 0
1708183595483 10.54 0
1708183607277 11.21 0
1708183618234 10.37 0
1708183630709 7.65 0
1708183643658 8.13 0
1708183655465 11.22 0
1708183668975 12.92 0
1708183683914 9.95 0
1708183697164 8.28 0
1708183707863 5.94 0
1708183721355 12.9 0
1708183736466 14.51 0
1708183746940 5.61 0
1708183762760 10.93 0
1708183776726 9.12 0
1708183789365 7.63 0
1708183802076 12.12 0
1708183814167 7.3 0
1708183827828 8.78 0
1708183840487 7.89 0
1708183854949 13.75 0
1708183866600 11.05 0
1708183877303 10.11 0
1708183890308 8.25 0
1708183904268 8.92 0
1708183918668 9.48 0
1708183929713 6.09 0
1708183943944 9.43 0
1708183956278 7.49 0
1708183969902 8.53 0
1708183982249 7.51 0
1708183994454 7.45 0
1708184007897 8.46 0
1708184018287 5.61 0
1708184030746 7.61 0
1708184041818 5.95 0
1708184055592 13.17 0
1708184068882 8.43 0
1708184081911 8.1 0
1708184095755 9.0 0
1708184110200 9.58 0
1708184122319 7.33 0
1708184136473 9.4 0
1708184147832 6.45 0
1708184160716 8.14 0
1708184175912 14.63 0
1708184186575 10.1 0
1708184199784 12.64 0
1708184211140 6.57 0
1708184224004 8.09 0
1708184237327 8.49 0
1708184250710 8.48 0
1708184262008 6.47 0
1708184272424 9.84 0
1708184286536 9.37 0
1708184296975 5.6 0
1708184307893 6.11 0
1708184322063 9.31 0
1708184334699 7.75 0
1708184349447 9.93 0
1708184362408 8.18 0
1708184373733 6.55 0
1708184387596 9.04 0
1708184400859 8.39 0
1708184416438 10.73 0
1708184428650 7.4 0
1708184439343 5.95 0
1708184453365 9.2 0
1708184464638 10.7 0
1708184475455 10.13 0
1708184487147 6.86 0
1708184500648 8.67 0
1708184514119 12.9 0
1708184527264 12.57 0
1708184542143 14.3 0
1708184555006 7.96 0
1708184568480 12.89 0
1708184580666 7.29 0
1708184592381 6.92 0
1708184604861 7.65 0
1708184616432 6.69 0
1708184630033 8.75 0
1708184642696 7.81 0
1708184654998 7.31 0
1708184666575 6.73 0
1708184681243 5.61 0
1708184691636 5.6 0
1708184699935 7.71 0
1708184713821 9.06 0
1708184727496 8.58 0
1708184740290 7.66 0
1708184752358 11.47 0
1708184762790 9.84 0
1708184774306 10.93 0
1708184786953 12.06 0
1708184799182 11.65 0
1708184811288 11.4 0
1708184825548 13.68 0
1708184836733 10.61 0
1708184848278 10.96 0
1708184860664 11.81 0
1708184873449 12.2 0
1708184887144 13.11 0
1708184898988 11.26 0
1708184909921 10.21 0
1708184921581 11.07 0
1708184935377 13.21 0
1708184950484 14.52 0
1708184963162 12.09 0
1708184976258 12.51 0
1708184988150 11.29 0
1708185001156 12.3 0
1708185013813 12.08 0
1708185027551 13.16 0
1708185038617 10.48 0
1708185052076 12.88 0
1708185063393 10.74 0
1708185075260 11.29 0
1708185087796 11.95 0
1708185099232 10.73 0
1708185112903 13.09 0
1708185125880 12.39 0
1708185137723 11.25 0
1708185151744 13.43 0
1708185164716 12.37 0
1708185178698 13.39 0
1708185192771 13.49 0
1708185204820 11.33 0
1708185217849 12.44 0
1708185230074 11.63 0
1708185242514 11.85 0
1708185254318 11.21 0
1708185267546 12.64 0
1708185280591 12.45 0
1708185293373 12.19 0
1708185305545 7.17 0
1708185316742 10.61 0
1708185328140 10.8 0
1708185341071 12.34 0
1708185351403 9.74 0
1708185364101 12.11 0
1708185377885 13.19 0
1708185390630 12.04 0
1708185401102 9.87 0
1708185413901 12.2 0
1708185427938 13.44 0
1708185440366 11.83 0
1708185453739 12.78 0
1708185466454 12.13 0
1708185477728 10.54 0
1708185490183 11.86 0
1708185501062 10.28 0
1708185512248 10.59 0
1708185527313 14.47 0
1708185538024 10.11 0
1708185552644 14.03 0
1708185566150 12.91 0
1708185579573 12.69 0
1708185589737 9.57 0
1708185601939 11.6 0
1708185615346 12.81 0
1708185627558 11.61 0
1708185639779 11.63 0
1708185652061 11.69 0
1708185661812 9.16 0
1708185675461 12.93 0
1708185690400 14.34 0
1708185701956 10.95 0
1708185713695 11.14 0
1708185726312 12.02 0
1708185736360 9.42 0
1708185750460 13.49 0
1708185763434 12.24 0
1708185777469 13.43 0
1708185788911 10.84 0
1708185802812 13.3 0
1708185814982 11.56 0
1708185824571 8.98 0
1708185838769 13.59 0
1708185853103 13.61 0
1708185865213 11.5 0
1708185877416 11.59 0
1708185890359 12.34 0
1708185904162 13.2 0
1708185919110 14.34 0
1708185931831 7.85 0
1708185944657 12.22 0
1708185956061 10.67 0
1708185969899 13.22 0
1708185982259 11.75 0
1708185994482 11.61 0
1708186007166 12.08 0
1708186020773 12.99 0
1708186034457 13.08 0
1708186045067 9.87 0
1708186057428 11.76 0
1708186071827 13.79 0
1708186082531 5.87 0
1708186092982 5.6 0
1708186107940 10.09 0
1708186120703 7.77 0
1708186134232 8.7 0
1708186146261 7.18 0
1708186160939 9.53 0
1708186171147 9.6 0
1708186181983 6.0 0
1708186196187 9.26 0
1708186207551 6.48 0
1708186219363 6.91 0
1708186232221 8.08 0
1708186245071 7.92 0
1708186257941 7.81 0
1708186272771 9.83 0
1708186285011 7.39 0
1708186296780 6.94 0
1708186310043 8.34 0
1708186324201 9.38 0
1708186337305 8.13 0
1708186353257 10.74 0
1708186368671 10.57 0
1708186379217 5.61 0
1708186393757 13.91 0
1708186406373 7.77 0
1708186419306 7.98 0
1708186432686 8.52 0
1708186446831 13.52 0
1708186458453 11.0 0
1708186469124 5.6 0
1708186481433 7.26 0
1708186493407 7.13 0
1708186505328 6.94 0
1708186518087 12.14 0
1708186528640 5.67 0
1708186543437 9.91 0
1708186555924 7.63 0
1708186571256 5.6 0
1708186579893 8.0 0
1708186593351 12.83 0
1708186604317 10.34 0
1708186619387 14.45 0
1708186631759 7.53 0
1708186646655 9.89 0
1708186657873 6.31 0
1708186670440 7.7 0
1708186684008 8.78 0
1708186695663 6.77 0
1708186708898 8.4 0
1708186721014 11.41 0
1708186734020 8.22 0
1708186745053 6.17 0
1708186757255 11.61 0
1708186769237 11.39 0
1708186783770 13.95 0
1708186797864 13.5 0
1708186809828 11.37 0
1708186823309 12.76 0
1708186838844 10.73 0
1708186850594 6.89 0
1708186861700 10.51 0
1708186873655 7.14 0
1708186885459 11.21 0
1708186899504 13.46 0
1708186913317 13.1 0
1708186926169 7.96 0
1708186939629 8.6 0
1708186952718 8.25 0
1708186965010 11.7 0
1708186975955 10.35 0
1708186988653 11.99 0
1708187001243 12.0 0
1708187013989 12.15 0
1708187024607 10.03 0
1708187036245 11.05 0
1708187051157 14.32 0
1708187062183 10.43 0
1708187074777 12.0 0
1708187087702 12.21 0
1708187099402 11.11 0
1708187111908 11.91 0
1708187124422 11.92 0
1708187137288 12.27 0
1708187149709 11.83 0
1708187159960 9.66 0
1708187175213 14.66 0
1708187188425 12.49 0
1708187202391 9.11 0
1708187213245 10.26 0
1708187227319 13.48 0
1708187242308 14.39 0
1708187252721 9.82 0
1708187263489 10.17 0
1708187276174 11.97 0
1708187286918 10.15 0
1708187297930 10.4 0
1708187309791 11.26 0
1708187324250 13.86 0
1708187334883 10.04 0
1708187349415 13.94 0
1708187362924 12.92 0
1708187377557 13.91 0
1708187386775 8.62 0
1708187400030 12.66 0
1708187411065 10.44 0
1708187422713 11.05 0
1708187434309 11.0 0
1708187447034 12.13 0
1708187458062 10.31 0
1708187472163 13.51 0
1708187484961 12.2 0
1708187496298 10.75 0
1708187510797 13.91 0
1708187523706 12.31 0
1708187536543 12.24 0
1708187551413 14.27 0
1708187562773 10.62 0
1708187574994 11.6 0
1708187587066 11.46 0
1708187599504 11.82 0
1708187613467 13.35 0
1708187622773 8.68 0
1708187635376 11.99 0
1708187648320 12.34 0
1708187662506 13.45 0
1708187676363 13.24 0
1708187688750 11.77 0
1708187699594 10.23 0
1708187712762 12.55 0
1708187723266 9.89 0
1708187737181 13.3 0
1708187749935 12.14 0
1708187760576 9.89 0
1708187773398 12.2 0
1708187787524 13.51 0
1708187799501 11.37 0
1708187813732 13.62 0
1708187825905 7.29 0
1708187838221 11.58 0
1708187850168 11.33 0
1708187863486 12.7 0
1708187875519 11.42 0
1708187888548 12.41 0
1708187901863 12.7 0
1708187914037 11.56 0
1708187924402 9.74 0
1708187936698 11.54 0
1708187947809 10.49 0
1708187960631 12.2 0
1708187972068 10.82 0
1708187983719 11.03 0
1708187997239 12.9 0
1708188010826 12.98 0
1708188023888 12.45 0
1708188036740 12.11 0
1708188049620 12.25 0
1708188063410 13.17 0
1708188075623 11.6 0
1708188090959 14.71 0
1708188103534 11.96 0
1708188114613 10.46 0
1708188126851 11.5 0
1708188138937 11.46 0
1708188152007 12.45 0
1708188165209 12.58 0
1708188179829 14.0 0
1708188190918 10.47 0
1708188201958 10.43 0
1708188214325 11.75 0
1708188226259 11.19 0
1708188240743 13.87 0
1708188253043 11.68 0
1708188265741 12.08 0
1708188279099 8.49 0
1708188290497 6.55 0
1708188304605 9.23 0
1708188316454 11.1 0
1708188331291 9.83 0
1708188342949 6.52 0
1708188354345 10.78 0
1708188369319 14.35 0
1708188384320 10.0 0
1708188395670 6.31 0
1708188409817 9.26 0
1708188423306 12.87 0
1708188436637 12.72 0
1708188447840 10.58 0
1708188462886 5.6 0
1708188473750 6.07 0
1708188486423 7.68 0
1708188499674 8.39 0
1708188511713 11.42 0
1708188522498 10.17 0
1708188535189 12.07 0
1708188548650 8.61 0
1708188561513 7.86 0
1708188571985 5.61 0
1708188584811 12.2 0
1708188597160 11.73 0
1708188609857 12.08 0
1708188622328 11.85 0
1708188633209 5.96 0
1708188647268 9.08 0
1708188661165 9.09 0
1708188674770 8.69 0
1708188688544 8.88 0
1708188702066 12.9 0
1708188715318 8.4 0
1708188727537 11.48 0
1708188740808 12.65 0
1708188753112 7.39 0
1708188766836 8.84 0
1708188779874 12.4 0
1708188791355 6.57 0
1708188804404 12.42 0
1708188817528 8.11 0
1708188829793 7.45 0
1708188841822 7.14 0
1708188855664 13.22 0
1708188866022 9.73 0
1708188879534 12.88 0
1708188892662 8.15 0
1708188904018 6.53 0
1708188917106 8.17 0
1708188929280 11.54 0
1708188941066 11.15 0
1708188955063 13.36 0
1708188966275 10.58 0
1708188979128 7.74 0
1708188994274 10.27 0
1708189005982 11.07 0
1708189018875 8.01 0
1708189030709 6.94 0
1708189044236 12.89 0
1708189055250 10.26 0
1708189069225 13.35 0
1708189082951 13.09 0
1708189094908 7.13 0
1708189105224 9.67 0
1708189117513 11.65 0
1708189129332 11.19 0
1708189142091 12.0 0
1708189154655 11.93 0
1708189164758 9.47 0
1708189177116 11.72 0
1708189187212 9.44 0
1708189199431 11.59 0
1708189214882 14.82 0
1708189228044 12.39 0
1708189240332 11.65 0
1708189252876 11.9 0
1708189263186 9.68 0
1708189276037 12.22 0
1708189288790 12.12 0
1708189302731 13.3 0
1708189315905 12.54 0
1708189325422 8.75 0
1708189339269 13.22 0
1708189351652 11.75 0
1708189362526 10.24 0
1708189376057 12.9 0
1708189385314 8.62 0
1708189399190 13.25 0
1708189411435 11.48 0
1708189425226 13.16 0
1708189436514 10.65 0
1708189449028 11.87 0
1708189462612 12.94 0
1708189475518 12.28 0
1708189488008 11.85 0
1708189499115 10.35 0
1708189512080 12.33 0
1708189522771 10.05 0
1708189535804 12.4 0
1708189549764 13.32 0
1708189562056 11.66 0
1708189574356 11.66 0
1708189588060 13.07 0
1708189599649 10.81 0
1708189610193 9.91 0
1708189623732 12.91 0
1708189636345 11.98 0
1708189648928 11.95 0
1708189662221 12.66 0
1708189676549 13.69 0
1708189687813 10.5 0
1708189701454 13.0 0
1708189714550 7.92 0
1708189726899 11.71 0
1708189737826 10.29 0
1708189753436 14.97 0
1708189764057 9.98 0
1708189776581 11.76 0
1708189789535 12.32 0
1708189803516 13.34 0
1708189817780 13.63 0
1708189827802 9.38 0
1708189841036 12.6 0
1708189854797 13.13 0
1708189867153 11.6 0
1708189882007 14.2 0
1708189895494 12.85 0
1708189910477 14.35 0
1708189921897 10.78 0
1708189935269 12.74 0
1708189948596 12.67 0
1708189961653 12.42 0
1708189974400 11.94 0
1708189988331 13.29 0
1708190000516 11.54 0
1708190013100 11.94 0
1708190023547 9.8 0
1708190036471 12.28 0
1708190051035 13.92 0
1708190063367 11.57 0
1708190076121 12.11 0
1708190089321 12.55 0
1708190101801 11.83 0
1708190114062 11.61 0
1708190128591 13.88 0
1708190142498 13.26 0
1708190155527 12.26 0
1708190168919 12.74 0
1708190181304 11.74 0
1708190194765 12.81 0
1708190208884 13.47 0
1708190220834 11.3 0
1708190232740 11.25 0
1708190243237 9.72 0
1708190257616 13.73 0
1708190272370 14.11 0
1708190284449 11.43 0
1708190298056 12.96 0
1708190310814 12.11 0
1708190325215 13.76 0
1708190336754 10.76 0
1708190349575 12.18 0
1708190362345 7.8 0
1708190374110 11.11 0
1708190387872 13.11 0
1708190400548 12.03 0
1708190411848 10.65 0
1708190425661 13.16 0
1708190438534 12.08 0
1708190451900 12.72 0
1708190464820 12.27 0
1708190478871 13.4 0
1708190489241 9.72 0
1708190501624 11.73 0
1708190515027 12.76 0
1708190527194 11.4 0
1708190538092 10.23 0
1708190553328 14.59 0
1708190565472 11.5 0
1708190577738 11.61 0
1708190590742 12.35 0
1708190604203 12.82 0
1708190615654 10.67 0
1708190628001 11.7 0
1708190641926 13.27 0
1708190654615 12.04 0
1708190667971 12.7 0
1708190679834 11.21 0
1708190694202 13.72 0
1708190706227 11.25 0
1708190719041 12.16 0
1708190731877 12.18 0
1708190744540 7.66 0
1708190756019 10.83 0
1708190766645 5.66 0
1708190777251 5.64 0
1708190790920 12.9 0
1708190805756 14.19 0
1708190819153 8.44 0
1708190832390 12.59 0
1708190845658 8.01 0
1708190858507 7.95 0
1708190869148 5.61 0
1708190880206 10.41 0
1708190893787 12.92 0
1708190907335 12.9 0
1708190919572 11.58 0
1708190933533 13.31 0
1708190944443 10.26 0
1708190959091 13.87 0
1708190969259 9.52 0
1708190982929 13.02 0
1708190995478 7.56 0
1708191008205 12.08 0
1708191021297 12.44 0
1708191034283 12.33 0
1708191046356 11.3 0
1708191055420 8.41 0
1708191069375 9.09 0
1708191081686 7.43 0
1708191095878 9.24 0
1708191108606 7.81 0
1708191120343 10.97 0
1708191132271 11.28 0
1708191142090 9.17 0
1708191153778 11.03 0
1708191168119 13.68 0
1708191177940 9.15 0
1708191190711 12.12 0
1708191202948 11.45 0
1708191215929 12.32 0
1708191230130 13.54 0
1708191242033 11.24 0
1708191252702 10.01 0
1708191266501 13.13 0
1708191276746 9.58 0
1708191291925 14.39 0
1708191304001 11.41 0
1708191315592 10.92 0
1708191327312 11.05 0
1708191341738 13.77 0
1708191354511 12.11 0
1708191366327 11.15 0
1708191380563 13.44 0
1708191393308 12.08 0
1708191406483 12.51 0
1708191419816 12.68 0
1708191431491 11.01 0
1708191445375 13.23 0
1708191457086 11.05 0
1708191467894 9.99 0
1708191481022 12.46 0
1708191493481 11.79 0
1708191508313 14.16 0
1708191520228 11.25 0
1708191535907 15.01 0
1708191545987 9.42 0
1708191556416 9.64 0
1708191568532 11.45 0
1708191579979 10.79 0
1708191591072 10.43 0
1708191604087 12.36 0
1708191617758 8.75 0
1708191628827 10.41 0
1708191640827 11.2 0
1708191652077 10.58 0
1708191667309 14.57 0
1708191679481 11.5 0
1708191692434 12.29 0
1708191708708 15.61 0
1708191719918 10.54 0
1708191734548 13.84 0
1708191748385 13.17 0
1708191761489 12.43 0
1708191773761 11.6 0
1708191785238 10.81 0
1708191800254 14.35 0
1708191814465 13.55 0
1708191825668 10.41 0
1708191839026 12.69 0
1708191852168 12.47 0
1708191865631 12.8 0
1708191877297 11.03 0
1708191892083 14.13 0
1708191906583 13.87 0
1708191917764 10.55 0
1708191930111 11.58 0
1708191942889 12.15 0
1708191954836 11.31 0
1708191973098 17.63 0
1708191983788 10.05 0
1708191998098 13.68 0
1708192011044 12.31 0
1708192023718 11.93 0
1708192036261 11.9 0
1708192049482 12.59 0
1708192062980 12.87 0
1708192073902 10.29 0
1708192086934 12.4 0
1708192100994 13.43 0
1708192113346 11.71 0
1708192125242 11.12 0
1708192138378 12.5 0
1708192151051 12.04 0
1708192163401 11.71 0
1708192173938 9.9 0
1708192187532 12.96 0
1708192201161 12.99 0
1708192215999 14.2 0
1708192228782 12.0 0
1708192240243 10.82 0
1708192252279 11.4 0
1708192266441 9.01 0
1708192278223 11.15 0
1708192289929 11.08 0
1708192303329 12.76 0
1708192314398 10.3 0
1708192326819 11.78 0
1708192338733 11.28 0
1708192352646 13.28 0
1708192365612 12.33 0
1708192379972 13.72 0
1708192390519 9.91 0
1708192405096 13.94 0
1708192417538 11.67 0
1708192428598 10.41 0
1708192441382 12.14 0
1708192455080 13.06 0
1708192465099 9.38 0
1708192477761 12.03 0
1708192489672 11.25 0
1708192503386 13.08 0
1708192515752 11.58 0
1708192528712 12.32 0
1708192541254 11.9 0
1708192552155 10.27 0
1708192565086 12.29 0
1708192578457 12.73 0
1708192589623 10.53 0
1708192603239 12.85 0
1708192613814 9.93 0
1708192626514 12.06 0
1708192637547 10.4 0
1708192649056 10.87 0
1708192662906 13.21 0
1708192674252 10.71 0
1708192688003 13.12 0
1708192700960 12.18 0
1708192714414 12.82 0
1708192727975 12.92 0
1708192740452 11.84 0
1708192755219 14.13 0
1708192766641 10.79 0
1708192778233 10.95 0
1708192792088 13.21 0
1708192805813 12.96 0
1708192818608 12.16 0
1708192830388 11.14 0
1708192844305 13.28 0
1708192856972 12.04 0
1708192869122 11.51 0
1708192881991 12.23 0
1708192894953 7.86 0
1708192906915 11.31 0
1708192918537 10.98 0
1708192930970 11.8 0
1708192943797 12.2 0
1708192957416 12.99 0
1708192968835 10.76 0
1708192980598 6.75 0
1708192992929 7.44 0
1708193007348 13.78 0
1708193018525 10.53 0
1708193030132 10.97 0
1708193042926 12.15 0
1708193056425 12.86 0
1708193069173 12.11 0
1708193082555 8.35 0
1708193094555 7.12 0
1708193106283 6.81 0
1708193119148 12.23 0
1708193130707 6.62 0
1708193141806 6.21 0
1708193154924 12.36 0
1708193167922 12.36 0
1708193179801 11.21 0
1708193190361 5.6 0
1708193202440 11.44 0
1708193216612 13.53 0
1708193231480 14.23 0
1708193244963 12.71 0
1708193258325 8.12 0
1708193272298 13.34 0
1708193283658 10.72 0
1708193296145 11.85 0
1708193308144 11.36 0
1708193321483 8.35 0
1708193332832 10.58 0
1708193344345 10.87 0
1708193359024 9.54 0
1708193370626 10.96 0
1708193383799 12.53 0
1708193397659 13.22 0
1708193411044 8.49 0
1708193424905 8.63 0
1708193436643 11.1 0
1708193451466 14.18 0
1708193464528 12.42 0
1708193478069 12.9 0
1708193490940 7.89 0
1708193504530 12.95 0
1708193517905 12.73 0
1708193530132 7.1 0
1708193542600 11.82 0
1708193555611 12.36 0
1708193571070 14.81 0
1708193581685 9.96 0
1708193593099 10.77 0
1708193605142 11.39 0
1708193617265 11.36 0
1708193627854 9.93 0
1708193643007 14.51 0
1708193655175 11.52 0
1708193666899 11.07 0
1708193676966 9.41 0
1708193689140 11.53 0
1708193702440 12.66 0
1708193714122 10.89 0
1708193726224 11.46 0
1708193739127 12.26 0
1708193751501 11.72 0
1708193763403 11.25 0
1708193772681 8.63 0
1708193784849 11.52 0
1708193798690 13.07 0
1708193809936 10.6 0
1708193822929 12.34 0
1708193836269 12.69 0
1708193850840 13.92 0
1708193865603 14.11 0
1708193877566 11.31 0
1708193890507 12.29 0
1708193903550 12.25 0
1708193914348 10.14 0
1708193926396 11.4 0
1708193938493 11.45 0
1708193949791 10.65 0
1708193960483 10.05 0
1708193975635 14.51 0
1708193986747 10.33 0
1708194001038 13.65 0
1708194013705 12.02 0
1708194026462 12.11 0
1708194038599 11.49 0
1708194051882 12.64 0
1708194064281 11.75 0
1708194074657 9.71 0
1708194089810 14.38 0
1708194102674 12.22 0
1708194116677 13.36 0
1708194128754 11.43 0
1708194141565 12.17 0
1708194153286 6.49 0
1708194167944 14.01 0
1708194180523 11.81 0
1708194193620 12.44 0
1708194204188 9.91 0
1708194217497 12.66 0
1708194228661 10.51 0
1708194241015 11.69 0
1708194252366 10.71 0
1708194264505 11.49 0
1708194276812 11.53 0
1708194289334 11.87 0
1708194302909 12.92 0
1708194315199 11.63 0
1708194326270 10.42 0
1708194339760 12.84 0
1708194350510 10.1 0
1708194367495 16.22 0
1708194379528 11.38 0
1708194392282 12.1 0
1708194405375 12.44 0
1708194417964 11.94 0
1708194429388 10.78 0
1708194441855 11.81 0
1708194452411 9.9 0
1708194464669 11.46 0
1708194476239 10.92 0
1708194490957 14.07 0
1708194503750 12.14 0
1708194515368 10.96 0
1708194528993 12.97 0
1708194540832 11.19 0
1708194552429 10.82 0
1708194563790 10.71 0
1708194576227 11.78 0
1708194587256 10.37 0
1708194600067 12.16 0
1708194612837 12.12 0
1708194625549 12.06 0
1708194637440 11.23 0
1708194650539 12.32 0
1708194662834 11.64 0
1708194675270 11.78 0
1708194687233 11.31 0
1708194699019 11.14 0
1708194712772 13.1 0
1708194725980 12.56 0
1708194738124 11.37 0
1708194749862 11.08 0
1708194763075 12.56 0
1708194776168 7.95 0
1708194789153 12.33 0
1708194802888 13.09 0
1708194813769 10.23 0
1708194824212 9.79 0
1708194835832 10.84 0
1708194848942 12.46 0
1708194860586 10.99 0
1708194871200 9.96 0
1708194885399 13.55 0
1708194899413 13.36 0
1708194910540 10.48 0
1708194924388 13.08 0
1708194936461 11.42 0
1708194947164 10.05 0
1708194959210 11.39 0
1708194970640 10.78 0
1708194984369 13.08 0
1708194995908 10.88 0
1708195008144 11.58 0
1708195021189 12.27 0
1708195033505 11.67 0
1708195048990 14.83 0
1708195063942 14.3 0
1708195073851 9.25 0
1708195088883 14.39 0
1708195102974 13.44 0
1708195116100 12.35 0
1708195126982 10.23 0
1708195143201 15.57 0
1708195156363 12.5 0
1708195170113 13.09 0
1708195183003 12.23 0
1708195194744 11.09 0
1708195206698 11.3 0
1708195219590 7.66 0
1708195233596 13.36 0
1708195245812 11.56 0
1708195259626 13.16 0
1708195270565 10.28 0
1708195282818 11.6 0
1708195296453 12.98 0
1708195307962 10.74 0
1708195319086 10.47 0
1708195333751 14.01 0
1708195347353 12.95 0
1708195359456 11.45 0
1708195374507 14.4 0
1708195386011 10.84 0
1708195397778 10.98 0
1708195411428 8.7 0
1708195425830 13.75 0
1708195436495 10.01 0
1708195445742 8.6 0
1708195458113 11.72 0
1708195471914 13.15 0
1708195484513 11.95 0
1708195498374 13.08 0
1708195511347 12.32 0
1708195524443 12.44 0
1708195538168 13.07 0
1708195549499 10.66 0
1708195562066 11.91 0
1708195573104 10.39 0
1708195586633 12.75 0
1708195599749 12.46 0
1708195615162 14.76 0
1708195628075 12.26 0
1708195640194 11.46 0
1708195654871 14.02 0
1708195666929 11.4 0
1708195681324 13.74 0
1708195691446 9.35 0
1708195704403 12.3 0
1708195716298 11.24 0
1708195731352 14.4 0
1708195745109 13.11 0
1708195755447 9.69 0
1708195768810 12.71 0
1708195780752 11.14 0
1708195794773 13.36 0
1708195807594 12.17 0
1708195820914 12.66 0
1708195833287 11.71 0
1708195846095 12.15 0
1708195858209 11.45 0
1708195867937 9.08 0
1708195879408 10.66 0
1708195892444 12.39 0
1708195904471 11.37 0
1708195917280 12.15 0
1708195929669 11.73 0
1708195942320 12.0 0
1708195953953 10.98 0
1708195964892 10.15 0
1708195977243 11.68 0
1708195990200 12.29 0
1708196002313 11.45 0
1708196014447 11.47 0
1708196025751 10.64 0
1708196036591 5.6 0
1708196049387 12.14 0
1708196061299 11.12 0
1708196074553 12.59 0
1708196084024 8.81 0
1708196097544 12.86 0
1708196109860 11.65 0
1708196122360 11.84 0
1708196134752 11.73 0
1708196146918 11.38 0
1708196158286 10.71 0
1708196169282 10.33 0
1708196184662 14.72 0
1708196196405 11.07 0
1708196210404 13.34 0
1708196222565 11.5 0
1708196235246 12.02 0
1708196247508 11.47 0
1708196260853 12.68 0
1708196272228 10.71 0
1708196283625 10.73 0
1708196295432 11.14 0
1708196306445 10.34 0
1708196322125 15.02 0
1708196337111 14.2 0
1708196349522 11.75 0
1708196360261 10.07 0
1708196374773 13.85 0
1708196387557 12.12 0
1708196399486 11.27 0
1708196411698 11.54 0
1708196423154 10.66 0
1708196435177 11.35 0
1708196448684 12.85 0
1708196461375 12.02 0
1708196475256 13.22 0
1708196488528 12.61 0
1708196500310 11.12 0
1708196513625 12.65 0
1708196523634 9.21 0
1708196535858 11.56 0
1708196547354 10.84 0
1708196559044 11.03 0
1708196571858 12.15 0
1708196586371 13.85 0
1708196598961 11.92 0
1708196612119 12.37 0
1708196626189 13.41 0
1708196639335 12.48 0
1708196651460 11.46 0
1708196664840 8.35 0
1708196677016 11.51 0
1708196689618 11.94 0
1708196700802 10.4 0
1708196712547 11.08 0
1708196724159 10.95 0
1708196738366 13.54 0
1708196753226 14.18 0
1708196765726 11.83 0
1708196779770 13.38 0
1708196791523 11.08 0
1708196805203 12.89 0
1708196817774 11.9 0
1708196829772 11.33 0
1708196843738 13.31 0
1708196855324 10.91 0
1708196867541 11.55 0
1708196880719 12.52 0
1708196892127 10.62 0
1708196905338 12.55 0
1708196918963 12.96 0
1708196933730 14.1 0
1708196945421 11.02 0
1708196958486 12.4 0
1708196972043 12.89 0
1708196983208 10.38 0
1708196995797 11.92 0
1708197009014 12.55 0
1708197020967 11.29 0
1708197035382 13.75 0
1708197047898 11.85 0
1708197058304 9.74 0
1708197069921 10.95 0
1708197082390 11.67 0
1708197092627 9.57 0
1708197106843 13.55 0
1708197117337 9.83 0
1708197128377 10.37 0
1708197141183 12.14 0
1708197156066 14.22 0
1708197167077 10.22 0
1708197179681 11.94 0
1708197191178 10.83 0
1708197203869 12.02 0
1708197217952 13.43 0
1708197231594 12.98 0
1708197244086 11.83 0
1708197256786 11.9 0
1708197267296 9.83 0
1708197279568 11.6 0
1708197290977 6.27 0
1708197302225 10.58 0
1708197315331 12.44 0
1708197326670 6.07 0
1708197337837 6.14 0
1708197349264 6.29 0
1708197363330 13.4 0
1708197376184 12.19 0
1708197390556 13.7 0
1708197401958 10.74 0
1708197415136 12.51 0
1708197427766 11.84 0
1708197440536 12.1 0
1708197454953 13.76 0
1708197468237 12.62 0
1708197479671 10.77 0
1708197494643 14.31 0
1708197504811 9.5 0
1708197517712 12.23 0
1708197529372 10.86 0
1708197542498 12.46 0
1708197554560 11.39 0
1708197566183 10.96 0
1708197578403 11.55 0
1708197589806 10.73 0
1708197603881 13.42 0
1708197617098 12.43 0
1708197630450 12.68 0
1708197643469 12.36 0
1708197656512 12.38 0
1708197668480 11.3 0
1708197682482 13.32 0
1708197695815 12.67 0
1708197709650 13.05 0
1708197721974 11.65 0
1708197736084 13.44 0
1708197747386 10.63 0
1708197758974 10.92 0
1708197771917 12.28 0
1708197783296 10.72 0
1708197797652 13.7 0
1708197809700 11.24 0
1708197823145 12.78 0
1708197832981 9.17 0
1708197845882 12.23 0
1708197858419 11.87 0
1708197872164 13.08 0
1708197883440 10.61 0
1708197896430 12.18 0
1708197909983 12.89 0
1708197922368 7.34 0
1708197934949 11.92 0
1708197947864 12.25 0
1708197959943 11.41 0
1708197972424 11.81 0
1708197984856 11.64 0
1708197996554 11.03 0
1708198006983 9.77 0
1708198018014 10.37 0
1708198033280 14.6 0
1708198044576 10.63 0
1708198054165 8.92 0
1708198067426 12.47 0
1708198080082 11.99 0
1708198093991 13.25 0
1708198105546 10.88 0
1708198116902 10.69 0
1708198129204 11.64 0
1708198139085 9.21 0
1708198150873 11.11 0
1708198162854 11.18 0
1708198174778 11.26 0
1708198185696 10.25 0
1708198198229 11.87 0
1708198210356 11.46 0
1708198222232 11.21 0
1708198234971 12.07 0
1708198250776 15.0 0
1708198262658 11.21 0
1708198274120 10.8 0
1708198287269 12.48 0
1708198300396 12.46 0
1708198312662 11.6 0
1708198325695 12.37 0
1708198337400 11.04 0
1708198350170 11.97 0
1708198362760 11.91 0
1708198374166 10.73 0
1708198387360 12.52 0
1708198401309 13.28 0
1708198414302 12.32 0
1708198427574 12.6 0
1708198442776 14.4 0
1708198458469 15.02 0
1708198468992 9.85 0
1708198480080 10.41 0
1708198495831 15.08 0
1708198507454 10.94 0
1708198521971 13.85 0
1708198534880 12.11 0
1708198547104 7.14 0
1708198559886 12.11 0
1708198572177 11.62 0
1708198583840 10.98 0
1708198597981 13.47 0
1708198610338 11.68 0
1708198623347 12.21 0
1708198636401 12.38 0
1708198646244 9.17 0
1708198659556 12.64 0
1708198671057 10.83 0
1708198682696 10.96 0
1708198695540 12.17 0
1708198708150 11.8 0
1708198720668 11.84 0
1708198733028 11.68 0
1708198746015 12.31 0
1708198758899 12.2 0
1708198771147 11.57 0
1708198782679 10.86 0
1708198794747 11.26 0
1708198806513 11.08 0
1708198818925 11.73 0
1708198832396 12.79 0
1708198844215 11.15 0
1708198856928 12.04 0
1708198868506 10.9 0
1708198882029 12.71 0
1708198896880 14.18 0
1708198907635 10.07 0
1708198920589 12.28 0
1708198934176 12.91 0
1708198946724 11.87 0
1708198959412 12.01 0
1708198973892 13.68 0
1708198986800 12.23 0
1708198997866 10.39 0
1708199009961 11.41 0
1708199021960 11.33 0
1708199033883 11.25 0
1708199044498 9.94 0
1708199056465 11.29 0
1708199069394 12.13 0
1708199080124 10.05 0
1708199090754 9.96 0
1708199104307 12.87 0
1708199116336 11.36 0
1708199131964 14.96 0
1708199144106 11.47 0
1708199156098 6.54 0
1708199170963 5.61 0
1708199182601 6.5 0
1708199196436 8.6 0
1708199208880 11.76 0
1708199222785 8.59 0
1708199236602 13.14 0
1708199250779 8.93 0
1708199264790 13.34 0
1708199277283 7.33 0
1708199291687 9.12 0
1708199303472 11.11 0
1708199316449 12.18 0
1708199326663 9.54 0
1708199339895 12.55 0
1708199352860 12.29 0
1708199366676 13.14 0
1708199378684 11.32 0
1708199391567 12.19 0
1708199405348 12.99 0
1708199417300 11.28 0
1708199431516 13.53 0
1708199441715 9.52 0
1708199456373 13.98 0
1708199467997 10.94 0
1708199480696 12.02 0
1708199491671 10.18 0
1708199503909 11.56 0
1708199517019 12.43 0
1708199526927 9.23 0
1708199541218 13.61 0
1708199553826 11.93 0
1708199565989 11.49 0
1708199576699 10.03 0
1708199590444 12.94 0
1708199602642 11.52 0
1708199615887 12.57 0
1708199629265 12.7 0
1708199641972 12.03 0
1708199653433 10.78 0
1708199665411 11.3 0
1708199679412 13.19 0
1708199690873 10.78 0
1708199703670 12.12 0
1708199717060 12.71 0
1708199730022 7.83 0
1708199741119 6.02 0
1708199752179 5.62 0
1708199764754 11.9 0
1708199778190 12.76 0
1708199789720 10.86 0
1708199801201 6.53 0
1708199813242 11.37 0
1708199823493 9.58 0
1708199834783 10.62 0
1708199847505 11.93 0
1708199860168 11.98 0
1708199871436 10.6 0
1708199883467 11.36 0
1708199895817 11.68 0
1708199906894 10.4 0
1708199920316 12.75 0
1708199933643 12.53 0
1708199944644 10.33 0
1708199957833 12.52 0
1708199970272 11.76 0
1708199982657 11.72 0
1708199994935 11.61 0
1708200006205 10.6 0
1708200018806 11.81 0
1708200029096 9.62 0
1708200044615 14.85 0
1708200056630 11.33 0
1708200068690 11.39 0
1708200084869 15.51 0
1708200096847 11.31 0
1708200107085 9.55 0
1708200121193 13.31 0
1708200135292 13.43 0
1708200147742 11.78 0
1708200158702 10.29 0
1708200171862 12.48 0
1708200187179 14.65 0
1708200199297 11.45 0
1708200212668 12.57 0
1708200227016 13.68 0
1708200239190 11.49 0
1708200253773 13.91 0
1708200266484 12.04 0
1708200276267 9.1 0
1708200288680 11.73 0
1708200303571 14.22 0
1708200317985 13.62 0
1708200330543 11.88 0
1708200342277 11.06 0
1708200356854 13.91 0
1708200368183 10.66 0
1708200381245 12.39 0
1708200390915 9.0 0
1708200402219 10.51 0
1708200417408 14.52 0
