1708181519287 0.024260818976427352 0
1708181529904 0.021731653365652654 1
1708181543689 0.027659250057451106 2
1708181556700 0.01937476765953311 3
1708181568472 0.02754184845047005 4
1708181582631 0.017462307293685083 5
1708181593908 0.02083298797339863 6
1708181607565 0.018248741936047492 7
1708181617884 0.026058655638969124 8
1708181628666 0.022311332391616277 9
1708181642169 0.02161776685041158 10
1708181656590 0.017565061752845428 11
1708181666974 0.03057839583594648 12
1708181678851 0.02770754099945346 13
1708181693123 0.007953860640956574 14
1708181705970 0.002003076542140465 15
1708181718313 0.004064557942112685 16
1708181730595 0.027966484281995 17
1708181743761 0.017532949766060513 18
1708181758934 0.03288427147423051 19
1708181773386 0.016143633781902086 20
1708181786292 0.010652071932791786 21
1708181799356 0.024719668845027812 22
1708181812121 0.0326100938419347 23
1708181824780 0.043714996995882105 24
1708181836315 0.012273591958078842 25
1708181848813 0.03171825784555964 26
1708181859719 0.03086392568223755 27
1708181873193 0.043872432511770296 28
1708181887141 0.042173711293821955 29
1708181899011 0.00504776365446662 30
1708181912922 0.012401525003059523 31
1708181925837 0.025304833425322176 32
1708181939187 0.039405984421893206 33
1708181950725 0.04577185610115424 34
1708181961519 0.024766231783339834 35
1708181973631 0.029326014060958718 36
1708181988785 0.04153083292705337 37
1708182001750 0.043884992316940444 38
1708182013441 0.056041862711146515 39
1708182025622 0.04545852777317369 40
1708182038436 0.033570755191304646 41
1708182053111 0.05984200746717113 42
1708182065764 0.07419522921422818 43
1708182076767 0.054183904402425785 44
1708182088549 0.045758781273641996 45
1708182100468 0.0546181301710974 46
1708182112076 0.06771481639771154 47
1708182123433 0.0757920768887357 48
1708182137524 0.08710875158166333 49
1708182148757 0.08242748538724717 50
1708182161097 0.08893015679368044 51
1708182176228 0.07829726785189152 52
1708182189017 0.09240301439340873 53
1708182201218 0.1012102557884098 54
1708182214107 0.09195045607247607 55
1708182227997 0.10959293281887322 56
1708182238313 0.09955332077052773 57
1708182251713 0.10504055295796652 58
1708182263284 0.114566516112786 59
1708182276349 0.11222834155787906 60
1708182290346 0.12086989558106277 61
1708182302543 0.12302954376722995 62
1708182315685 0.11807990982704006 63
1708182327823 0.10539766926191528 64
1708182338597 0.10261907941425007 65
1708182353035 0.11934787652367139 66
1708182364542 0.1014276995456021 67
1708182376855 0.11122864796133888 68
1708182389411 0.11023438679615236 69
1708182402347 0.08917556719602858 70
1708182414150 0.10794853365336093 71
1708182426002 0.11337193116213094 72
1708182437767 0.11074550034926961 73
1708182449845 0.12494486083097277 74
1708182461100 0.12078615088482543 75
1708182473318 0.12220443894626233 76
1708182484972 0.11290631682057158 77
1708182496927 0.10675002484073927 78
1708182510354 0.09820938830495199 79
1708182521601 0.1315684107654191 80
1708182533996 0.11606408293955689 81
1708182546882 0.11923904580281114 82
1708182558182 0.12341088727231403 83
1708182572550 0.09801765914717589 84
1708182583191 0.11698630510842906 85
1708182596373 0.12811279711378526 86
1708182606752 0.11750237815430563 87
1708182617860 0.12457346445420833 88
1708182629860 0.1098135583612539 89
1708182644028 0.12221626043952884 90
1708182656859 0.10988249241596544 91
1708182667067 0.11187858664181889 92
1708182679814 0.11308407110352837 93
1708182692763 0.12084723099940507 94
1708182703245 0.10626418653794903 95
1708182714799 0.12161412851859646 96
1708182728016 0.12199489034779734 97
1708182740073 0.12259981442950693 98
1708182752438 0.1336452423722702 99
1708182767221 0.11445935205480746 100
1708182775443 0.11576481193511766 101
1708182788827 0.11925859670501714 102
1708182801437 0.12561355047430897 103
1708182812076 0.12781553570164403 104
1708182824831 0.1143913560885286 105
1708182836975 0.13220141981614644 106
1708182850848 0.13673103020866628 107
1708182861546 0.1217045370307919 108
1708182875248 0.12807570596395387 109
1708182888903 0.1192139439523599 110
1708182901914 0.1101971265761312 111
1708182915436 0.12860056617891685 112
1708182927881 0.1315901856352058 113
1708182942846 0.1170196190264806 114
1708182954656 0.10375027620083818 115
1708182967671 0.13691943566666598 116
1708182978481 0.13520569788868478 117
1708182990484 0.1428303711362535 118
1708183001999 0.09809064941868478 119
1708183015775 0.10649855147450847 120
1708183028063 0.12727131947156456 121
1708183040813 0.14257106886058682 122
1708183052378 0.13128459114796573 123
1708183065032 0.11133213465980987 124
1708183077098 0.06259254394257222 125
1708183091182 0.15386517217549386 126
1708183105724 0.11450671004278022 127
1708183117460 0.16488827384869606 128
1708183130052 0.07139350237179226 129
1708183142104 0.09053665808980436 130
1708183156930 0.1600553245814063 131
1708183169871 0.17154407388593532 132
1708183184575 0.13144917818697704 133
1708183199168 0.0867392781483926 134
1708183211372 0.11513152458654513 135
1708183224602 0.1405757049296403 136
1708183238480 0.16825131349064185 137
1708183251316 0.18464273432358924 138
1708183265180 0.13786850823584432 139
1708183278701 0.10099194938346345 140
1708183290184 0.20343784538884307 141
1708183304357 0.22131162793877165 142
1708183318033 0.21824217283974745 143
1708183332669 0.0945166759669333 144
1708183344130 0.09839044923682416 145
1708183357240 0.2017708423648753 146
1708183369837 0.2023853829266651 147
1708183382969 0.20082430703029777 148
1708183395832 0.12910446035167672 149
1708183407819 0.08845975226828823 150
1708183419235 0.24887725764991853 151
1708183430055 0.24397755413592095 152
1708183443961 0.20751053699398916 153
1708183458026 0.12760171463497727 154
1708183471799 0.14207869899208742 155
1708183482242 0.22306274913938823 156
1708183494125 0.2431523799732947 157
1708183505774 0.26989549893741854 158
1708183517856 0.18397738958653426 159
1708183533136 0.13573346617831514 160
1708183547009 0.15743916084880635 161
1708183559819 0.2136899686871988 162
1708183571200 0.23121885990373847 163
1708183584235 0.13123596887065297 164
1708183595477 0.14253678497238065 165
1708183607271 0.23856489514216456 166
1708183618228 0.28497893181675843 167
1708183630704 0.21662123165837283 168
1708183643652 0.184241286900456 169
1708183655459 0.19048164275636628 170
1708183668969 0.23501988437387772 171
1708183683908 0.28955013637156546 172
1708183697159 0.2588495617265477 173
1708183707857 0.1889932166870579 174
1708183721349 0.20521306909320008 175
1708183736459 0.2568933037662627 176
1708183746934 0.2705365390306148 177
1708183762754 0.2644580248780382 178
1708183776720 0.23257593229853193 179
1708183789360 0.18391569802942043 180
1708183802071 0.28619136305052395 181
1708183814161 0.31549563754667914 182
1708183827823 0.2745091330260543 183
1708183840481 0.21410485023431003 184
1708183854943 0.2306418427672597 185
1708183866595 0.25871362315410856 186
1708183877297 0.3184127393677869 187
1708183890302 0.32888134055371104 188
1708183904262 0.28438150425197145 189
1708183918662 0.29590399579225457 190
1708183929707 0.3679900805520221 191
1708183943938 0.3436152859167627 192
1708183956271 0.4031752848032736 193
1708183969896 0.3669547419162908 194
1708183982243 0.3861345679003397 195
1708183994448 0.337772864016759 196
1708184007892 0.40950098798640366 197
1708184018281 0.37387498548353343 198
1708184030740 0.2654621575510992 199
1708184041812 0.3103989877543754 200
1708184055586 0.40286860143344516 201
1708184068876 0.40485869820515963 202
1708184081905 0.42820705273527226 203
1708184095749 0.4438780793048629 204
1708184110194 0.4337218995281387 205
1708184122313 0.42132641027218765 206
1708184136468 0.4460013005531161 207
1708184147827 0.45069587875994344 208
1708184160710 0.350396921355799 209
1708184175906 0.41299917955701304 210
1708184186569 0.37267457611165455 211
1708184199778 0.47613281576499783 212
1708184211134 0.471256894582013 213
1708184223998 0.4820924031741305 214
1708184237321 0.45886247816852904 215
1708184250705 0.49078727607782036 216
1708184262002 0.419082487511098 217
1708184272419 0.44311013884851136 218
1708184286530 0.481436987726652 219
1708184296969 0.4427000728061854 220
1708184307886 0.4387239674146394 221
1708184322056 0.43507113562220334 222
1708184334693 0.4453619514950391 223
1708184349442 0.4576838816820307 224
1708184362402 0.4547064659345923 225
1708184373727 0.4589449755223628 226
1708184387591 0.4691725543892932 227
1708184400853 0.481811798398862 228
1708184416432 0.5043045264486452 229
1708184428644 0.5038149046792172 230
1708184439337 0.46381714883566494 231
1708184453359 0.43057910368616725 232
1708184464633 0.48207689569553264 233
1708184475450 0.4627701044624317 234
1708184487141 0.46676310466341886 235
1708184500642 0.45137152612939846 236
1708184514113 0.42756379202719597 237
1708184527258 0.4756234856193488 238
1708184542137 0.4812016434648474 239
1708184555000 0.453546977250237 240
1708184568474 0.4772173044570135 241
1708184580660 0.4902331215544174 242
1708184592375 0.4825387900641067 243
1708184604855 0.4968839076305035 244
1708184616423 0.480712603877519 245
1708184630027 0.49467128581843134 246
1708184642690 0.4797889127822971 247
1708184654992 0.5171531299350451 248
1708184666569 0.49411703639255844 249
1708184681237 0.4981943263393905 250
1708184691629 0.47949407722443627 251
1708184699929 0.5217374557121816 252
1708184713815 0.511727419587966 253
1708184727490 0.49829881471998816 254
1708184740284 0.4450207956009411 255
1708184752352 0.47170021326614003 256
1708184762784 0.4873955242990539 257
1708184774300 0.4801725030770089 258
1708184786947 0.48543407094828567 259
1708184799177 0.46353755872692237 260
1708184811282 0.4621087583872167 261
1708184825542 0.4795661895982689 262
1708184836727 0.48264017816412974 263
1708184848272 0.47151946184864335 264
1708184860659 0.4728868542313786 265
1708184873443 0.5050995966324748 266
1708184887139 0.5131910100277953 267
1708184898982 0.4519776090296558 268
1708184909915 0.4579546826406008 269
1708184921575 0.48484382955756544 270
1708184935371 0.43702995335108563 271
1708184950477 0.47854599899261213 272
1708184963156 0.5070542918307082 273
1708184976252 0.4327124287670029 274
1708184988144 0.4735716154671171 275
1708185001150 0.48706074064430377 276
1708185013807 0.45348418044749417 277
1708185027546 0.47505119549828756 278
1708185038611 0.442286255073853 279
1708185052071 0.501893754558772 280
1708185063388 0.4647212588713794 281
1708185075255 0.4332306557947148 282
1708185087790 0.44383247376911555 283
1708185099226 0.44861506650991484 284
1708185112897 0.4472764201159709 285
1708185125875 0.4900233306428481 286
1708185137716 0.4765342344685586 287
1708185151738 0.48478766902964926 288
1708185164710 0.4791595947077196 289
1708185178691 0.440306328615779 290
1708185192766 0.47238603570635335 291
1708185204814 0.48265668602589495 292
1708185217843 0.40342767635751847 293
1708185230066 0.41806099021784404 294
1708185242509 0.4771420105972476 295
1708185254312 0.4694062632101019 296
1708185267540 0.4512102255322388 297
1708185280585 0.40957328030428247 298
1708185293367 0.3803995689729136 299
1708185305540 0.44559080547208946 300
1708185316736 0.4109374439723758 301
1708185328135 0.4297502384418037 302
1708185341066 0.3761029657724181 303
1708185351397 0.3852428600405098 304
1708185364095 0.40913657438373785 305
1708185377878 0.5061914055219754 306
1708185390624 0.4816014968575693 307
1708185401096 0.20055695417879663 308
1708185413895 0.3836322697826286 309
1708185427932 0.4845972067829052 310
1708185440359 0.43960678740334325 311
1708185453733 0.5037612738202727 312
1708185466448 0.33520526771552733 313
1708185477722 0.469065186325187 314
1708185490177 0.4410956561782443 315
1708185501056 0.3919130735431425 316
1708185512242 0.47605821424035494 317
1708185527306 0.37336926877153115 318
1708185538018 0.29888641008362204 319
1708185552638 0.4804330264404714 320
1708185566144 0.4340904355655906 321
1708185579568 0.35718860691875454 322
1708185589730 0.30324557742112307 323
1708185601933 0.24480092499545295 324
1708185615340 0.3787277172491782 325
1708185627552 0.4559260963387274 326
1708185639773 0.4813324502167627 327
1708185652055 0.38538554147328824 328
1708185661807 0.41374509214145316 329
1708185675455 0.5111963059261733 330
1708185690394 0.4454921874152565 331
1708185701950 0.4837647163753566 332
1708185713689 0.4295679294195814 333
1708185726306 0.319862471461582 334
1708185736354 0.4696625387280183 335
1708185750454 0.5043545117795051 336
1708185763428 0.5145819361494841 337
1708185777464 0.3947361315195516 338
1708185788905 0.4072559875429644 339
1708185802805 0.42642623377936234 340
1708185814977 0.4668810069682151 341
1708185824566 0.5392424630654155 342
1708185838762 0.37617672251900025 343
1708185853097 0.36143496527561136 344
1708185865207 0.45097990995777104 345
1708185877409 0.5038852254363264 346
1708185890353 0.5616797176469644 347
1708185904155 0.4340190873244288 348
1708185919105 0.4578958120052497 349
1708185931825 0.4715028232351315 350
1708185944651 0.4916926802724216 351
1708185956056 0.4796703087964445 352
1708185969893 0.427239236775615 353
1708185982253 0.4592660331104569 354
1708185994476 0.49884082870231017 355
1708186007159 0.44620363361683746 356
1708186020767 0.49573728859574917 357
1708186034452 0.5054263394249248 358
1708186045061 0.5607893616606124 359
1708186057422 0.5335291021958772 360
1708186071821 0.5656082566509331 361
1708186082525 0.5708608486058954 362
1708186092976 0.5191357274950319 363
1708186107934 0.5037688785935028 364
1708186120697 0.5581471063303668 365
1708186134226 0.5599002099435327 366
1708186146255 0.5992150388562162 367
1708186160933 0.5136895996054561 368
1708186171141 0.594425726032264 369
1708186181977 0.5654747362786133 370
1708186196181 0.5703095653106667 371
1708186207546 0.6004477421438774 372
1708186219357 0.6143220292264581 373
1708186232215 0.5955975758126865 374
1708186245065 0.5824926836740063 375
1708186257935 0.608666065916538 376
1708186272766 0.6275645771135495 377
1708186285006 0.6132320890733836 378
1708186296774 0.6132582599985398 379
1708186310037 0.6566142511998746 380
1708186324195 0.6084702030796328 381
1708186337299 0.6137785329334403 382
1708186353252 0.653629055392418 383
1708186368665 0.6229337902472133 384
1708186379212 0.5892819363116907 385
1708186393751 0.641603574718417 386
1708186406368 0.6028613817358173 387
1708186419300 0.6349746710001123 388
1708186432680 0.5648518864117704 389
1708186446823 0.6345200380623965 390
1708186458447 0.6169086645529842 391
1708186469119 0.6523290163528676 392
1708186481427 0.651049671868602 393
1708186493401 0.6452479023448384 394
1708186505322 0.6063012719951163 395
1708186518081 0.6524962887114789 396
1708186528635 0.6339039345049154 397
1708186543431 0.6331215444491965 398
1708186555918 0.6555804493685405 399
1708186571250 0.6223429674845844 400
1708186579887 0.6214700927383157 401
1708186593345 0.5632716881523746 402
1708186604311 0.6487275851283558 403
1708186619382 0.6905310069190913 404
1708186631752 0.6435812287340477 405
1708186646649 0.6675925541495192 406
1708186657868 0.639805298045 407
1708186670434 0.6478900715155302 408
1708186684002 0.6450735320800168 409
1708186695657 0.6391103927025076 410
1708186708891 0.6222277496016729 411
1708186721008 0.685399226302096 412
1708186734014 0.673067265852427 413
1708186745047 0.6432369650054617 414
1708186757249 0.6371292364529051 415
1708186769231 0.6170873955645603 416
1708186783764 0.651175048300458 417
1708186797858 0.6483146916629465 418
1708186809822 0.6519563203605474 419
1708186823304 0.6791349011250506 420
1708186838838 0.6604879164134919 421
1708186850588 0.6470396900590488 422
1708186861694 0.6494795707606973 423
1708186873648 0.6167980363470739 424
1708186885452 0.6475755102680186 425
1708186899498 0.6718061286220719 426
1708186913312 0.6822568560083919 427
1708186926164 0.6570031717241387 428
1708186939624 0.6798234917348791 429
1708186952712 0.641645581133749 430
1708186965004 0.6450142054792429 431
1708186975948 0.6223899481750996 432
1708186988647 0.6531783321166641 433
1708187001237 0.6619193341332911 434
1708187013983 0.6342719751011475 435
1708187024601 0.6858882901134098 436
1708187036240 0.641426674262849 437
1708187051151 0.6329306550857635 438
1708187062177 0.657157455999738 439
1708187074770 0.6462646388756228 440
1708187087696 0.6223454945321358 441
1708187099397 0.6746044300143077 442
1708187111902 0.6580283122255205 443
1708187124416 0.6064033918482334 444
1708187137282 0.6333962881730658 445
1708187149703 0.6883855457708845 446
1708187159954 0.5996032663192972 447
1708187175208 0.571555674334941 448
1708187188419 0.63383584049917 449
1708187202384 0.6623627717539251 450
1708187213239 0.5986858504095715 451
1708187227313 0.5750809918334028 452
1708187242302 0.6331036619201552 453
1708187252716 0.6640427957079361 454
1708187263483 0.6225044336266734 455
1708187276168 0.6194695752472502 456
1708187286910 0.6155628390022087 457
1708187297923 0.6300148872196392 458
1708187309785 0.636029281376085 459
1708187324244 0.5898042109619682 460
1708187334877 0.6396286262246892 461
1708187349408 0.6170686647590944 462
1708187362918 0.5870787525626995 463
1708187377551 0.5709487582537751 464
1708187386769 0.6571160005821945 465
1708187400025 0.6338573976889575 466
1708187411059 0.5935598437402292 467
1708187422708 0.6099022047105589 468
1708187434303 0.6186211485492972 469
1708187447028 0.6370055808705637 470
1708187458056 0.6597038127516451 471
1708187472157 0.7062276197598046 472
1708187484955 0.5885127366316699 473
1708187496293 0.5870210968099081 474
1708187510791 0.6461714239584995 475
1708187523700 0.6265707358513529 476
1708187536537 0.6629879598112798 477
1708187551407 0.5334588421768207 478
1708187562767 0.481496175508077 479
1708187574988 0.6010170075038668 480
1708187587060 0.6368407118121294 481
1708187599499 0.6901312661631356 482
1708187613460 0.6265071393857935 483
1708187622767 0.5924490521312056 484
1708187635370 0.6242728777737203 485
1708187648314 0.653994691212592 486
1708187662500 0.647208496511203 487
1708187676357 0.40536140918499974 488
1708187688744 0.3671882575097577 489
1708187699588 0.616728041161728 490
1708187712756 0.6038468380793076 491
1708187723259 0.6079502839389629 492
1708187737174 0.6002465449045703 493
1708187749928 0.5105658471602615 494
1708187760571 0.6441392191844921 495
1708187773392 0.5997496777227996 496
1708187787518 0.5588058394338307 497
1708187799496 0.5478880634162064 498
1708187813726 0.49850521004408255 499
1708187825899 0.6520187032691397 500
1708187838215 0.5424747848410352 501
1708187850162 0.5931454939518772 502
1708187863480 0.673564584693809 503
1708187875513 0.6268829379551994 504
1708187888542 0.6339776710169893 505
1708187901857 0.482361462160784 506
1708187914030 0.6842246057760709 507
1708187924396 0.7081433305421305 508
1708187936693 0.6854161580508181 509
1708187947804 0.5570036352750009 510
1708187960626 0.5262559773970656 511
1708187972062 0.6014671016075823 512
1708187983712 0.6180297820449989 513
1708187997233 0.6905133501124632 514
1708188010821 0.5289968466303997 515
1708188023883 0.6107254261881856 516
1708188036734 0.6690260407777953 517
1708188049613 0.6417362788477223 518
1708188063404 0.7168785579077566 519
1708188075616 0.5279202093372601 520
1708188090952 0.584068997874374 521
1708188103528 0.702113652748606 522
1708188114607 0.6447440972289822 523
1708188126845 0.6768018823361578 524
1708188138931 0.5862891347724241 525
1708188152001 0.6484032997815574 526
1708188165203 0.6412743737708566 527
1708188179822 0.6300077366032019 528
1708188190911 0.7151659448817357 529
1708188201951 0.663574853105277 530
1708188214319 0.6414204962000751 531
1708188226253 0.6860547859305801 532
1708188240737 0.6916650543288285 533
1708188253037 0.6995017863871964 534
1708188265736 0.6681143294339064 535
1708188279093 0.6781648905220403 536
1708188290491 0.6795645171646203 537
1708188304599 0.6551259605705505 538
1708188316447 0.6927346427117532 539
1708188331285 0.6972452187657981 540
1708188342943 0.6537640622383536 541
1708188354339 0.6579269309551213 542
1708188369314 0.6857211160625079 543
1708188384313 0.7320260875016688 544
1708188395664 0.7330518712047269 545
1708188409811 0.6295818719107197 546
1708188423300 0.6962716780084185 547
1708188436631 0.6834708385328494 548
1708188447835 0.7411574235646969 549
1708188462880 0.6883049863323336 550
1708188473745 0.7119656741634055 551
1708188486417 0.710631426695561 552
1708188499667 0.6879352494099061 553
1708188511707 0.6868990359647901 554
1708188522493 0.6798411038388246 555
1708188535183 0.7159851254633423 556
1708188548645 0.7244919254866827 557
1708188561507 0.7034115260014855 558
1708188571979 0.68294313008117 559
1708188584805 0.6621030067536414 560
1708188597155 0.6886065748487222 561
1708188609851 0.6915957677574719 562
1708188622322 0.7360455476166898 563
1708188633203 0.7078164626762597 564
1708188647263 0.7499397557704053 565
1708188661159 0.7226071379633373 566
1708188674764 0.7213322895217918 567
1708188688539 0.6996953462697112 568
1708188702060 0.733332903367963 569
1708188715311 0.6945766891006335 570
1708188727531 0.7140925009248336 571
1708188740803 0.7235719883207151 572
1708188753106 0.7439543104261153 573
1708188766830 0.7111224092145799 574
1708188779868 0.7225928478905808 575
1708188791349 0.7120597485636458 576
1708188804398 0.7324693518215674 577
1708188817523 0.7368023218825072 578
1708188829787 0.7298608382052433 579
1708188841816 0.6653999164077127 580
1708188855658 0.743074264476711 581
1708188866016 0.7027608846822401 582
1708188879528 0.7623223975262085 583
1708188892656 0.7414075580403016 584
1708188904012 0.7354604196237532 585
1708188917100 0.6971513740737083 586
1708188929275 0.7380896632132307 587
1708188941060 0.7035636507166749 588
1708188955057 0.7411291570941926 589
1708188966269 0.7528007568655288 590
1708188979122 0.7484351879721588 591
1708188994268 0.7126574749652985 592
1708189005975 0.7456438662671994 593
1708189018869 0.7394602769444217 594
1708189030703 0.7212312670453535 595
1708189044229 0.7142895301151828 596
1708189055245 0.7127390993554706 597
1708189069219 0.7349154006203682 598
1708189082945 0.6586233964527021 599
1708189094902 0.7106067208854763 600
1708189105218 0.7157391819893342 601
1708189117506 0.7142476191945372 602
1708189129327 0.7281859466972816 603
1708189142085 0.6719167465668214 604
1708189154649 0.7359025730856482 605
1708189164752 0.7186184299180502 606
1708189177109 0.7244685892877675 607
1708189187206 0.7387418517058235 608
1708189199425 0.7399106000840351 609
1708189214876 0.7383367819652622 610
1708189228038 0.6729106100792213 611
1708189240326 0.7247386102679159 612
1708189252870 0.7188474508468489 613
1708189263180 0.670210123749204 614
1708189276031 0.7160681737605287 615
1708189288785 0.7084230907833253 616
1708189302725 0.6981078766955388 617
1708189315900 0.7085483290398142 618
1708189325416 0.7328186455854465 619
1708189339263 0.6848271913014418 620
1708189351646 0.6405278059635493 621
1708189362520 0.7387710680648991 622
1708189376052 0.7149214052840507 623
1708189385308 0.7077951384554214 624
1708189399184 0.6294481901702043 625
1708189411430 0.5843404851493311 626
1708189425220 0.692857171882387 627
1708189436509 0.7368092901028208 628
1708189449021 0.7185521744705958 629
1708189462606 0.6486979364233935 630
1708189475513 0.7147281899199255 631
1708189488002 0.6999864837120083 632
1708189499109 0.6835183897757826 633
1708189512074 0.7672300835342125 634
1708189522765 0.6308735941058814 635
1708189535798 0.6792175453806446 636
1708189549758 0.6982499163778702 637
1708189562050 0.706790550578555 638
1708189574351 0.7032821834856269 639
1708189588055 0.5805109692298903 640
1708189599643 0.5976569173047058 641
1708189610187 0.7203983095002072 642
1708189623727 0.7145793687319689 643
1708189636339 0.6741864168766509 644
1708189648922 0.677168998343525 645
1708189662215 0.5926052155864621 646
1708189676543 0.5921712366603062 647
1708189687807 0.6321636633787917 648
1708189701448 0.7404930611556458 649
1708189714545 0.602695349804552 650
1708189726893 0.594077067650669 651
1708189737820 0.6622324895826631 652
1708189753430 0.6567216264098561 653
1708189764051 0.67016476625616 654
1708189776576 0.5531704985236457 655
1708189789529 0.4598011844499429 656
1708189803510 0.6543023003434668 657
1708189817775 0.6665086457638822 658
1708189827796 0.6226962357848941 659
1708189841030 0.494373392025345 660
1708189854791 0.5101837141722598 661
1708189867147 0.6147391810736248 662
1708189882002 0.6978357170332745 663
1708189895488 0.7087340263178614 664
1708189910471 0.6167509223804806 665
1708189921890 0.6463415853492293 666
1708189935264 0.6044695604878734 667
1708189948591 0.7428088203525609 668
1708189961647 0.717540521110847 669
1708189974394 0.6708926508103306 670
1708189988325 0.5956472070927454 671
1708190000510 0.606626300269106 672
1708190013094 0.5789074551880634 673
1708190023541 0.6441272300204025 674
1708190036465 0.7179035995434974 675
1708190051029 0.6970603831642832 676
1708190063361 0.6382891746130374 677
1708190076116 0.6172895838655935 678
1708190089315 0.6637938715753994 679
1708190101795 0.6812128835182427 680
1708190114056 0.6836688431551478 681
1708190128585 0.5646504634330648 682
1708190142492 0.6702251717689148 683
1708190155522 0.7062026337768409 684
1708190168913 0.7032102808300689 685
1708190181297 0.7269188622596118 686
1708190194759 0.6101110125500379 687
1708190208878 0.5879156171735992 688
1708190220828 0.6710968161737365 689
1708190232734 0.6836581284227379 690
1708190243231 0.654234898736483 691
1708190257610 0.644067163535283 692
1708190272365 0.6623412763752035 693
1708190284443 0.7025149922006797 694
1708190298050 0.7076971814294699 695
1708190310807 0.6719949947058654 696
1708190325209 0.7156240702626407 697
1708190336748 0.697207716953632 698
1708190349569 0.7022424125975152 699
1708190362339 0.759301319517186 700
1708190374105 0.7387199002860592 701
1708190387867 0.7082464342278108 702
1708190400543 0.6870235331886776 703
1708190411842 0.6972942261181007 704
1708190425655 0.7111428441492347 705
1708190438528 0.6883739100580054 706
1708190451895 0.7198946406652869 707
1708190464815 0.6594826109080066 708
1708190478864 0.7088124317207577 709
1708190489235 0.6978773449137647 710
1708190501618 0.6976017866232556 711
1708190515021 0.6880440843096209 712
1708190527188 0.6895943640131981 713
1708190538087 0.7403712859570764 714
1708190553322 0.7182152033150472 715
1708190565466 0.7232410254092246 716
1708190577733 0.6836833682830277 717
1708190590736 0.7396420097008882 718
1708190604198 0.7305651212975006 719
1708190615649 0.7446220350719083 720
1708190627995 0.7414877729199489 721
1708190641920 0.7060565973403476 722
1708190654610 0.661132883339361 723
1708190667966 0.7371614274483556 724
1708190679828 0.7360651262248398 725
1708190694196 0.7479052677276415 726
1708190706222 0.7677807792777677 727
1708190719035 0.7660863668179734 728
1708190731871 0.773868637823835 729
1708190744535 0.71174992046379 730
1708190756013 0.7593136858527618 731
1708190766639 0.755444926548478 732
1708190777246 0.7012840894751537 733
1708190790915 0.7549564647888792 734
1708190805750 0.7511714987957833 735
1708190819147 0.7009575920572056 736
1708190832385 0.7663276914012453 737
1708190845652 0.7572345829987981 738
1708190858501 0.7534903128398734 739
1708190869142 0.7205166313695334 740
1708190880201 0.7152554333433556 741
1708190893782 0.7539460881420811 742
1708190907330 0.7374284505515931 743
1708190919566 0.73026771377038 744
1708190933528 0.7193391955150796 745
1708190944437 0.7505640217423817 746
1708190959085 0.7452740865705727 747
1708190969253 0.7328485065946827 748
1708190982923 0.7328827392747004 749
1708190995471 0.712223283889788 750
1708191008199 0.7298857007554796 751
1708191021291 0.7631631823698993 752
1708191034277 0.7282040392583864 753
1708191046350 0.7670078167362473 754
1708191055414 0.7469354724745673 755
1708191069369 0.7896626761745508 756
1708191081681 0.7499245570249281 757
1708191095872 0.7811962055785773 758
1708191108600 0.7036456330663609 759
1708191120338 0.7436884816783565 760
1708191132265 0.7422078335876156 761
1708191142084 0.7481090460609182 762
1708191153772 0.6904967808524916 763
1708191168113 0.7073130576709589 764
1708191177934 0.7143406058912203 765
1708191190705 0.7169577075711608 766
1708191202942 0.7582177297650282 767
1708191215922 0.7418969735790437 768
1708191230125 0.7589731889847987 769
1708191242026 0.75541035622772 770
1708191252697 0.725089378330739 771
1708191266495 0.7336901887123974 772
1708191276740 0.7027685993944934 773
1708191291919 0.7686961326277715 774
1708191303995 0.7517915970117962 775
1708191315586 0.6826268658369197 776
1708191327306 0.749131907732611 777
1708191341732 0.7446248046047403 778
1708191354504 0.737142085439098 779
1708191366321 0.7435648917516873 780
1708191380558 0.6982038119505242 781
1708191393302 0.6980284940001831 782
1708191406477 0.7465372045562645 783
1708191419810 0.7356495270679004 784
1708191431485 0.756946851318665 785
1708191445370 0.7029355268698007 786
1708191457080 0.6626143972318919 787
1708191467888 0.6949630111352524 788
1708191481016 0.7365012126678607 789
1708191493474 0.7710555717261254 790
1708191508307 0.7398841281853789 791
1708191520222 0.7307806013587707 792
1708191535900 0.7551809619568224 793
1708191545981 0.6758547933979876 794
1708191556410 0.682905905063011 795
1708191568526 0.7298908977875548 796
1708191579973 0.7069152291755502 797
1708191591066 0.7089783342189419 798
1708191604081 0.7146218443979871 799
1708191617752 0.7201852220934154 800
1708191628821 0.7148478632146644 801
1708191640822 0.6978370997266887 802
1708191652071 0.6810685587479857 803
1708191667303 0.6899460136615077 804
1708191679475 0.7293141087032494 805
1708191692429 0.7148019582876374 806
1708191708701 0.6973567382909576 807
1708191719912 0.6357942613281679 808
1708191734542 0.7214156245751753 809
1708191748379 0.7699935478382675 810
1708191761483 0.7204654504860132 811
1708191773755 0.6792799889041656 812
1708191785232 0.6565961611716287 813
1708191800248 0.6870884943936038 814
1708191814459 0.737109240663104 815
1708191825662 0.7085879163166562 816
1708191839020 0.6792116214387109 817
1708191852162 0.6673644051845109 818
1708191865623 0.6986898980332293 819
1708191877290 0.7381265195368143 820
1708191892077 0.6879674517541693 821
1708191906577 0.7110064588847123 822
1708191917759 0.7155474302695333 823
1708191930105 0.6869614907083667 824
1708191942883 0.6881361798300566 825
1708191954830 0.7169219368142021 826
1708191973093 0.5962741170649589 827
1708191983782 0.6130507859227793 828
1708191998092 0.6233980758249286 829
1708192011039 0.7447700257818651 830
1708192023712 0.7315802547808167 831
1708192036255 0.5987128710019698 832
1708192049476 0.6339294861453264 833
1708192062974 0.6710101253877822 834
1708192073896 0.5838310053046082 835
1708192086928 0.725712682215373 836
1708192100988 0.6307829221664437 837
1708192113339 0.6015289126704202 838
1708192125236 0.6326234005620381 839
1708192138372 0.6203200465845331 840
1708192151045 0.6681247360944632 841
1708192163395 0.6590187981915127 842
1708192173932 0.6850896635487032 843
1708192187526 0.6472740716287917 844
1708192201155 0.6604878625579539 845
1708192215993 0.7059887531366813 846
1708192228775 0.7683369148175447 847
1708192240238 0.7195386793635563 848
1708192252273 0.7024193147226676 849
1708192266435 0.6997266906912353 850
1708192278217 0.7188278342404756 851
1708192289923 0.7347436037632611 852
1708192303322 0.7505635711527272 853
1708192314392 0.691622033603771 854
1708192326814 0.692649988242902 855
1708192338728 0.7440978856941446 856
1708192352640 0.667707897712358 857
1708192365606 0.7266280878867283 858
1708192379966 0.6596665791960911 859
1708192390513 0.6421266184785863 860
1708192405091 0.7344095282819288 861
1708192417533 0.7368648055818756 862
1708192428591 0.7214390759770928 863
1708192441376 0.700467407180777 864
1708192455074 0.6306425667463719 865
1708192465093 0.6718648228992209 866
1708192477755 0.7498006473179694 867
1708192489665 0.7527107883918475 868
1708192503379 0.7293422885581554 869
1708192515747 0.7019083314868213 870
1708192528706 0.7362020962911556 871
1708192541248 0.7414484039102608 872
1708192552150 0.7230735872838326 873
1708192565080 0.7266542958501231 874
1708192578451 0.6794571581463961 875
1708192589616 0.7237260444316005 876
1708192603233 0.690806224196598 877
1708192613808 0.739886665426167 878
1708192626508 0.7006397938999338 879
1708192637542 0.754438384967979 880
1708192649050 0.6951235501306668 881
1708192662901 0.79771863905924 882
1708192674246 0.7332912249951724 883
1708192687996 0.7402300401571076 884
1708192700953 0.7019433831102488 885
1708192714408 0.7315343618557484 886
1708192727969 0.6892442634735549 887
1708192740445 0.7297350450392316 888
1708192755213 0.7673004198545692 889
1708192766636 0.7614937179004979 890
1708192778226 0.7417147931566576 891
1708192792082 0.7365295476901349 892
1708192805807 0.7496089218151886 893
1708192818602 0.7478253063819177 894
1708192830382 0.7505408876230228 895
1708192844299 0.7383024289129553 896
1708192856966 0.7605025460865449 897
1708192869116 0.7623536730699711 898
1708192881984 0.7559577810505345 899
1708192894947 0.7762908181648824 900
1708192906909 0.7473857018272588 901
1708192918532 0.7401104939480599 902
1708192930964 0.7446713483472414 903
1708192943791 0.7711503545532264 904
1708192957410 0.751148639761783 905
1708192968829 0.7763242827432266 906
1708192980591 0.7677152194656831 907
1708192992923 0.7339406439440253 908
1708193007343 0.765009050555586 909
1708193018519 0.7150156236709596 910
1708193030127 0.7163172704945405 911
1708193042920 0.7807947748055452 912
1708193056419 0.7745325748614585 913
1708193069167 0.7676795883899591 914
1708193082549 0.7691936008210336 915
1708193094549 0.757096191891529 916
1708193106277 0.7428713050111438 917
1708193119142 0.7943038796979089 918
1708193130701 0.75838149483192 919
1708193141801 0.7317701996218798 920
1708193154918 0.7691313391730658 921
1708193167917 0.7641499160020686 922
1708193179795 0.7640857274936728 923
1708193190355 0.731687444338142 924
1708193202435 0.739315165320119 925
1708193216606 0.7505146184401021 926
1708193231474 0.7976140409242706 927
1708193244957 0.7907217660123019 928
1708193258319 0.7455408109784096 929
1708193272292 0.7339633775600233 930
1708193283652 0.7543445595694672 931
1708193296139 0.7818856162570242 932
1708193308138 0.7781981709941687 933
1708193321477 0.7570875983909994 934
1708193332826 0.7587918923373466 935
1708193344339 0.7918341453843847 936
1708193359018 0.7625743382362595 937
1708193370620 0.7617055836049761 938
1708193383793 0.7620872390744092 939
1708193397653 0.7862480414589166 940
1708193411038 0.7776772992467771 941
1708193424899 0.7548819999226951 942
1708193436637 0.7580829605516997 943
1708193451461 0.7720646156094797 944
1708193464522 0.7641240351116109 945
1708193478064 0.782397605179318 946
1708193490934 0.7498137893169362 947
1708193504524 0.7555564756069847 948
1708193517899 0.7595512519445646 949
1708193530126 0.7238707883692624 950
1708193542594 0.7292301549885727 951
1708193555605 0.7534390347523057 952
1708193571064 0.7635556916442869 953
1708193581679 0.7241805887087788 954
1708193593093 0.7473588157160841 955
1708193605136 0.7755610837867984 956
1708193617259 0.7761764345092418 957
1708193627848 0.7871562148119159 958
1708193643002 0.7822077851626676 959
1708193655170 0.7446365742280082 960
1708193666893 0.7316748788469606 961
1708193676960 0.6845583139145646 962
1708193689134 0.7700881522410044 963
1708193702435 0.6863587564561299 964
1708193714116 0.7246882808560555 965
1708193726218 0.7114817439148331 966
1708193739121 0.7145609065864545 967
1708193751495 0.7661344691309038 968
1708193763397 0.7385239663604175 969
1708193772676 0.6527346138891361 970
1708193784843 0.7221226531416446 971
1708193798685 0.7395576445149445 972
1708193809930 0.7324923684716022 973
1708193822922 0.7425846952141951 974
1708193836264 0.7122790650518075 975
1708193850834 0.7542412101021991 976
1708193865597 0.7341998154708661 977
1708193877560 0.6801123659174411 978
1708193890501 0.7321756673981544 979
1708193903543 0.7614184555926304 980
1708193914342 0.6994186298908301 981
1708193926390 0.6964467549600738 982
1708193938487 0.6819632596524399 983
1708193949785 0.7540551841369165 984
1708193960477 0.7290168297643965 985
1708193975629 0.7167179757727816 986
1708193986741 0.6497831729986543 987
1708194001031 0.7208701078925586 988
1708194013699 0.7315031038649485 989
1708194026456 0.7695979421646777 990
1708194038594 0.7346547702037566 991
1708194051876 0.6032065368020235 992
1708194064275 0.6755355622499267 993
1708194074651 0.7320144717995363 994
1708194089804 0.7305059954132929 995
1708194102668 0.6662325391937203 996
1708194116671 0.6276907385612923 997
1708194128748 0.6778105647314115 998
1708194141560 0.7444553668411571 999
1708194153280 0.7128159287064525 1000
1708194167939 0.6570763745134672 1001
1708194180516 0.6267114302056279 1002
1708194193614 0.7344780882873768 1003
1708194204181 0.6484049118710472 1004
1708194217492 0.7315999317492019 1005
1708194228656 0.6829350709393343 1006
1708194241009 0.6358598563848344 1007
1708194252360 0.6977443607311977 1008
1708194264499 0.7614037159981571 1009
1708194276805 0.6938074826012802 1010
1708194289328 0.7015628253015702 1011
1708194302903 0.7302399908167989 1012
1708194315193 0.6944959041001953 1013
1708194326264 0.72371389520564 1014
1708194339754 0.7379518950565831 1015
1708194350504 0.6903051641925433 1016
1708194367489 0.752843758061374 1017
1708194379522 0.7165513105533694 1018
1708194392276 0.7144727306351876 1019
1708194405369 0.6778497046761454 1020
1708194417958 0.6709983570035148 1021
1708194429383 0.6979741205869454 1022
1708194441849 0.7019914744252791 1023
1708194452405 0.6505091060785207 1024
1708194464663 0.637586178083102 1025
1708194476233 0.6905154868465476 1026
1708194490951 0.7373846516909327 1027
1708194503744 0.7159934770499927 1028
1708194515362 0.799451614275587 1029
1708194528986 0.7629939034372218 1030
1708194540827 0.6878301289303731 1031
1708194552423 0.7519451351882473 1032
1708194563784 0.7397129584134879 1033
1708194576221 0.7026629777843514 1034
1708194587250 0.7128088651859598 1035
1708194600061 0.7508349093021726 1036
1708194612831 0.716633865316769 1037
1708194625543 0.7567532067894516 1038
1708194637433 0.7316578594045503 1039
1708194650534 0.7639659025168809 1040
1708194662828 0.76706218427781 1041
1708194675264 0.7747966268716604 1042
1708194687227 0.7546701887169807 1043
1708194699014 0.7657421026755428 1044
1708194712767 0.7738581365538438 1045
1708194725974 0.7607604245547521 1046
1708194738118 0.7581275454392128 1047
1708194749857 0.7270715866303336 1048
1708194763069 0.7928119802956641 1049
1708194776162 0.7640588263781057 1050
1708194789146 0.7554339686667395 1051
1708194802882 0.7485657731083758 1052
1708194813762 0.7572875155828308 1053
1708194824205 0.7791573628976265 1054
1708194835826 0.7596302526275417 1055
1708194848936 0.7453553822121317 1056
1708194860580 0.7602210314572196 1057
1708194871195 0.7224093898413364 1058
1708194885393 0.7598948570981782 1059
1708194899407 0.8069433178906686 1060
1708194910535 0.7938133177711635 1061
1708194924382 0.7753424383365052 1062
1708194936455 0.758834072554043 1063
1708194947158 0.7562520074056379 1064
1708194959204 0.7443223896721265 1065
1708194970633 0.7393736487477197 1066
1708194984363 0.7397119447472146 1067
1708194995902 0.7672069974968707 1068
1708195008138 0.7462094132137356 1069
1708195021183 0.7714480184170813 1070
1708195033499 0.7754295283432471 1071
1708195048984 0.7811868219383276 1072
1708195063936 0.7694179513654719 1073
1708195073845 0.7485509700571501 1074
1708195088877 0.7479907275185135 1075
1708195102968 0.7807026530702086 1076
1708195116094 0.7077373338414821 1077
1708195126975 0.7712516059875744 1078
1708195143195 0.7424967773816197 1079
1708195156357 0.7798111621805409 1080
1708195170106 0.7757530709392242 1081
1708195182997 0.8033081434209088 1082
1708195194738 0.7726257738665342 1083
1708195206692 0.8031578135032406 1084
1708195219584 0.742268837101939 1085
1708195233591 0.7501744295236867 1086
1708195245806 0.7549380913519576 1087
1708195259620 0.7872658873183999 1088
1708195270559 0.7607701290249267 1089
1708195282812 0.7641491533301797 1090
1708195296447 0.7798493447879964 1091
1708195307956 0.7242090805776387 1092
1708195319079 0.7721045803300851 1093
1708195333745 0.7371772145849759 1094
1708195347347 0.7487854116454191 1095
1708195359451 0.7511543500418154 1096
1708195374501 0.7772139970097148 1097
1708195386004 0.7488808847098328 1098
1708195397772 0.76031178757227 1099
1708195411423 0.7442006765444132 1100
1708195425825 0.7381302972663714 1101
1708195436489 0.7839502002615106 1102
1708195445736 0.7736778722478642 1103
1708195458107 0.7611564562336505 1104
1708195471908 0.7848691085420795 1105
1708195484507 0.7562830312646937 1106
1708195498368 0.7593450886593763 1107
1708195511341 0.7652894682437926 1108
1708195524437 0.7712911959938152 1109
1708195538161 0.7828136150367229 1110
1708195549493 0.7441990516721914 1111
1708195562059 0.8076898197409185 1112
1708195573099 0.7512811231867699 1113
1708195586627 0.7785604021437549 1114
1708195599743 0.7769167360869157 1115
1708195615157 0.7394859236858307 1116
1708195628069 0.75200710216804 1117
1708195640188 0.7574836899182996 1118
1708195654864 0.7896817474408636 1119
1708195666923 0.7501507187824039 1120
1708195681318 0.7875898082020789 1121
1708195691440 0.7552272482653279 1122
1708195704397 0.7484251133733892 1123
1708195716293 0.751750413296429 1124
1708195731346 0.745106727099018 1125
1708195745104 0.7426966352575626 1126
1708195755440 0.7566376218303815 1127
1708195768804 0.7858770730169712 1128
1708195780745 0.7066773434873774 1129
1708195794767 0.7425256784157034 1130
1708195807589 0.7247272459291231 1131
1708195820908 0.7543464412764742 1132
1708195833280 0.7101650012651806 1133
1708195846089 0.7697228569739397 1134
1708195858203 0.6741122450353523 1135
1708195867931 0.754544303929468 1136
1708195879402 0.7093117113320643 1137
1708195892438 0.7546487150962591 1138
1708195904464 0.7295469636417675 1139
1708195917274 0.7499840747287544 1140
1708195929663 0.723398990477304 1141
1708195942314 0.7095676466936598 1142
1708195953948 0.7625636911327918 1143
1708195964886 0.7198042809699386 1144
1708195977236 0.7642980047329536 1145
1708195990194 0.7075537049425926 1146
1708196002307 0.6740222113253503 1147
1708196014440 0.7259998588210972 1148
1708196025745 0.7320195577685017 1149
1708196036585 0.677525380145606 1150
1708196049381 0.6443039837151634 1151
1708196061293 0.6709721375315814 1152
1708196074546 0.7723988738653917 1153
1708196084017 0.700191812960766 1154
1708196097538 0.725800160835841 1155
1708196109854 0.6965077201380804 1156
1708196122354 0.7201442245702372 1157
1708196134747 0.7283768935112351 1158
1708196146913 0.7667810617304078 1159
1708196158281 0.6630757334391928 1160
1708196169276 0.6526194627039559 1161
1708196184656 0.6681713416827948 1162
1708196196398 0.7254510557168404 1163
1708196210398 0.6587914375244381 1164
1708196222559 0.708723420813556 1165
1708196235239 0.7155837000878196 1166
1708196247503 0.6027572045884088 1167
1708196260847 0.7194563529834361 1168
1708196272223 0.7458238976403456 1169
1708196283619 0.7209187598135931 1170
1708196295425 0.6570419068269905 1171
1708196306439 0.6685276670316012 1172
1708196322119 0.6530402050310904 1173
1708196337105 0.725678160317403 1174
1708196349516 0.7674344536448168 1175
1708196360255 0.7400858066138606 1176
1708196374767 0.6968564841211585 1177
1708196387551 0.7211532656046817 1178
1708196399480 0.7454823847632591 1179
1708196411691 0.75465166363559 1180
1708196423149 0.7243543869726156 1181
1708196435170 0.7644864593628574 1182
1708196448678 0.7546886267281075 1183
1708196461369 0.7446408023630042 1184
1708196475250 0.7535217081717825 1185
1708196488521 0.7332588691691166 1186
1708196500304 0.7234946407723611 1187
1708196513619 0.7165668315911791 1188
1708196523628 0.7094661616435786 1189
1708196535851 0.7737888392675376 1190
1708196547348 0.7285483737118722 1191
1708196559038 0.7218685689562465 1192
1708196571852 0.666272919827626 1193
1708196586365 0.7031484887238066 1194
1708196598955 0.7368530243833586 1195
1708196612113 0.7604811721960265 1196
1708196626183 0.8114555299885247 1197
1708196639329 0.739897688757974 1198
1708196651454 0.7253782167555087 1199
1708196664834 0.7207929342128409 1200
1708196677010 0.7447221825046946 1201
1708196689612 0.6973200165698217 1202
1708196700796 0.7477683917285929 1203
1708196712542 0.7542277631328271 1204
1708196724153 0.7449680845122941 1205
1708196738360 0.7521181190887973 1206
1708196753220 0.798365596041809 1207
1708196765720 0.7633926808420639 1208
1708196779764 0.7894936095835734 1209
1708196791517 0.7843847498991603 1210
1708196805197 0.7524122138599639 1211
1708196817768 0.744013770680759 1212
1708196829766 0.7489961980204526 1213
1708196843732 0.7545660807982876 1214
1708196855318 0.736244666427432 1215
1708196867535 0.7807915868398136 1216
1708196880713 0.7333576485181855 1217
1708196892121 0.7875983913555726 1218
1708196905332 0.7612574774977049 1219
1708196918957 0.7812109190407857 1220
1708196933724 0.7359885834344218 1221
1708196945416 0.7826728306229455 1222
1708196958480 0.7403899944616016 1223
1708196972037 0.7558594009354862 1224
1708196983203 0.7712322541596597 1225
1708196995791 0.770111762963677 1226
1708197009008 0.7119216725159766 1227
1708197020961 0.7962481107893283 1228
1708197035377 0.761254112492148 1229
1708197047891 0.76510119481759 1230
1708197058298 0.7733634959416725 1231
1708197069915 0.7824703678637301 1232
1708197082384 0.7828760828619524 1233
1708197092621 0.7616089712091252 1234
1708197106837 0.7587619388826161 1235
1708197117331 0.7830304423244784 1236
1708197128371 0.7737039323628299 1237
1708197141177 0.7894872752379956 1238
1708197156061 0.7419580278365642 1239
1708197167071 0.7635463808262904 1240
1708197179675 0.776054727696499 1241
1708197191172 0.7150678828933269 1242
1708197203863 0.7539651723195611 1243
1708197217946 0.7869696855289281 1244
1708197231588 0.7790525310836305 1245
1708197244080 0.7472888623224769 1246
1708197256780 0.7428767820542805 1247
1708197267291 0.7597687644309936 1248
1708197279563 0.7680343945377062 1249
1708197290971 0.7862703975298028 1250
1708197302219 0.7765630091405652 1251
1708197315325 0.8073029803685364 1252
1708197326664 0.791217177657044 1253
1708197337831 0.7986372662073069 1254
1708197349258 0.754265809872735 1255
1708197363324 0.7833855572069296 1256
1708197376177 0.7423114180712673 1257
1708197390550 0.767750240667353 1258
1708197401952 0.7749017781794547 1259
1708197415130 0.7974192124520536 1260
1708197427760 0.7362348748478479 1261
1708197440530 0.7180891573683479 1262
1708197454948 0.7642558594599455 1263
1708197468231 0.79148708575292 1264
1708197479665 0.7636947965849941 1265
1708197494637 0.7497259987401664 1266
1708197504806 0.7896224631449882 1267
1708197517706 0.74749796088411 1268
1708197529366 0.7940197708773084 1269
1708197542492 0.7931660138488971 1270
1708197554554 0.7874062092816279 1271
1708197566177 0.7771045798595698 1272
1708197578397 0.7719489437677035 1273
1708197589800 0.7832252837161024 1274
1708197603875 0.697332513888308 1275
1708197617092 0.7430331750848075 1276
1708197630445 0.7818272487073106 1277
1708197643463 0.7465307030626037 1278
1708197656506 0.799071016428582 1279
1708197668474 0.817653227273482 1280
1708197682476 0.7882192924735568 1281
1708197695808 0.7371046672353653 1282
1708197709644 0.7507247018139445 1283
1708197721968 0.7491153919721432 1284
1708197736078 0.7563395190625346 1285
1708197747379 0.7967163336369312 1286
1708197758968 0.7420893909881718 1287
1708197771911 0.7325642271263422 1288
1708197783290 0.7699674632726572 1289
1708197797646 0.7341790869152439 1290
1708197809694 0.7789545535934178 1291
1708197823139 0.7768557375618556 1292
1708197832975 0.7210289597179309 1293
1708197845876 0.7188741371914271 1294
1708197858413 0.6996067140543049 1295
1708197872159 0.7388969750946893 1296
1708197883434 0.7556259559721196 1297
1708197896423 0.7059394601898578 1298
1708197909977 0.6806294155167715 1299
1708197922362 0.7487270055688988 1300
1708197934943 0.7595672839025661 1301
1708197947858 0.7834959525011184 1302
1708197959938 0.6831698723046743 1303
1708197972418 0.707951030170989 1304
1708197984850 0.7053265848238967 1305
1708197996548 0.6980274852994852 1306
1708198006978 0.7827714237353314 1307
1708198018008 0.772452166071202 1308
1708198033274 0.7482644213087831 1309
1708198044570 0.6841847931999454 1310
1708198054159 0.7504773625753361 1311
1708198067420 0.7629455889500225 1312
1708198080076 0.7608555438679715 1313
1708198093984 0.7900440470378131 1314
1708198105541 0.7167375123540782 1315
1708198116896 0.6485893776363244 1316
1708198129198 0.7325529165525743 1317
1708198139079 0.7749372565221836 1318
1708198150867 0.7630357474492168 1319
1708198162849 0.693672538114505 1320
1708198174772 0.7217116234282869 1321
1708198185690 0.7472905167044339 1322
1708198198223 0.7380054661999994 1323
1708198210350 0.7726284998884034 1324
1708198222225 0.7447340003522901 1325
1708198234965 0.7657038107668526 1326
1708198250770 0.7300603356741681 1327
1708198262652 0.7396936141909971 1328
1708198274114 0.7165825279084052 1329
1708198287262 0.6696328004926861 1330
1708198300390 0.6260843793161033 1331
1708198312656 0.7439506915087966 1332
1708198325689 0.7271775581924582 1333
1708198337394 0.7914068471436526 1334
1708198350164 0.6903245038885847 1335
1708198362754 0.7564476400878241 1336
1708198374161 0.7472754970317705 1337
1708198387354 0.7185751036168857 1338
1708198401304 0.7209177267875339 1339
1708198414296 0.7627866264467519 1340
1708198427568 0.710448451533247 1341
1708198442770 0.7473113889465186 1342
1708198458463 0.7687679447000543 1343
1708198468987 0.7374196787652986 1344
1708198480075 0.7062398082555568 1345
1708198495825 0.7132318665930482 1346
1708198507448 0.7695689386773436 1347
1708198521965 0.676901026481282 1348
1708198534874 0.7319797077254395 1349
1708198547098 0.7120219681858745 1350
1708198559881 0.6809132394331179 1351
1708198572171 0.748563419541524 1352
1708198583834 0.7177342998552583 1353
1708198597975 0.7649259570923483 1354
1708198610332 0.7745639104389304 1355
1708198623341 0.7147164444855504 1356
1708198636395 0.7479026720597524 1357
1708198646238 0.6589065230534955 1358
1708198659550 0.7860730371131249 1359
1708198671051 0.7951923096963974 1360
1708198682690 0.7675262473733871 1361
1708198695534 0.7437050115783188 1362
1708198708144 0.7596498999179363 1363
1708198720662 0.7645226504779851 1364
1708198733022 0.7369737787433438 1365
1708198746009 0.7524672613296899 1366
1708198758893 0.7856348317229304 1367
1708198771140 0.7613076324601559 1368
1708198782673 0.7535841584574072 1369
1708198794741 0.7553322791107857 1370
1708198806507 0.7119495213117001 1371
1708198818919 0.7815117063887802 1372
1708198832390 0.7806853546906477 1373
1708198844209 0.766928234921181 1374
1708198856922 0.7444056485602903 1375
1708198868500 0.7917963571373714 1376
1708198882023 0.7952506640780191 1377
1708198896874 0.786191620424484 1378
1708198907629 0.7805241465800487 1379
1708198920583 0.7817137811236512 1380
1708198934170 0.7303330040661782 1381
1708198946717 0.7512689780867545 1382
1708198959406 0.7241471921255227 1383
1708198973886 0.7923472193772371 1384
1708198986794 0.8049169461779389 1385
1708198997860 0.7682914897526267 1386
1708199009955 0.7407394677264438 1387
1708199021954 0.7479433280420787 1388
1708199033878 0.7874332513211969 1389
1708199044492 0.7605696290561864 1390
1708199056459 0.7775714943345944 1391
1708199069388 0.749909336211381 1392
1708199080118 0.7654003220279072 1393
1708199090748 0.7895574559873919 1394
1708199104301 0.7923770190147224 1395
1708199116331 0.7964948024330684 1396
1708199131958 0.7924439664408502 1397
1708199144100 0.8100350161515243 1398
1708199156092 0.814945287497507 1399
1708199170956 0.7914321063595775 1400
1708199182595 0.7830011674262517 1401
1708199196430 0.7773730517801613 1402
1708199208874 0.8092899989633696 1403
1708199222780 0.7737657522120818 1404
1708199236596 0.7992319125551377 1405
1708199250773 0.7634160892976415 1406
1708199264784 0.8064547573789582 1407
1708199277276 0.7968246698754332 1408
1708199291681 0.7860034587514301 1409
1708199303466 0.7737579637619117 1410
1708199316443 0.7822136016535258 1411
1708199326657 0.7618233132212618 1412
1708199339889 0.7675676909741299 1413
1708199352854 0.7961394443075158 1414
1708199366671 0.806929584062025 1415
1708199378678 0.7699280419887646 1416
1708199391562 0.7540092327842104 1417
1708199405342 0.7853422134686284 1418
1708199417295 0.783476846731156 1419
1708199431509 0.8011952986578651 1420
1708199441710 0.7832697147563857 1421
1708199456367 0.7646232172013209 1422
1708199467992 0.7638454092717607 1423
1708199480690 0.7552041340000837 1424
1708199491666 0.7975881807306636 1425
1708199503904 0.7761409457471886 1426
1708199517013 0.7706490963246642 1427
1708199526921 0.8129729459565808 1428
1708199541212 0.7776817909738687 1429
1708199553820 0.7851695547824694 1430
1708199565983 0.7851202191418574 1431
1708199576692 0.7394981589622269 1432
1708199590438 0.7764924515169513 1433
1708199602636 0.7950526950047347 1434
1708199615881 0.7567044928879161 1435
1708199629259 0.7800840389599164 1436
1708199641966 0.7651338610965875 1437
1708199653426 0.8106611671947674 1438
1708199665406 0.8195257043933096 1439
1708199679406 0.8025038113466594 1440
1708199690867 0.7687453699407798 1441
1708199703664 0.808679081291407 1442
1708199717055 0.8230076900886144 1443
1708199730017 0.803581118865568 1444
1708199741113 0.795733646569092 1445
1708199752173 0.7351323987300418 1446
1708199764748 0.7268011126761329 1447
1708199778184 0.7932560012569702 1448
1708199789714 0.7792021720424851 1449
1708199801195 0.7576978492897012 1450
1708199813236 0.7724612662043839 1451
1708199823487 0.7806867509919903 1452
1708199834777 0.7754527569867603 1453
1708199847498 0.7509170968846205 1454
1708199860163 0.7604596480770325 1455
1708199871430 0.7890185057331499 1456
1708199883461 0.7849860048742656 1457
1708199895811 0.7841352676000071 1458
1708199906888 0.7969961196416475 1459
1708199920310 0.7804744466305705 1460
1708199933638 0.76985039981599 1461
1708199944638 0.7946692824909944 1462
1708199957826 0.754912501105016 1463
1708199970266 0.7374184230862083 1464
1708199982651 0.7767317821577209 1465
1708199994930 0.7572077208522308 1466
1708200006200 0.7587503985554842 1467
1708200018800 0.7323190108079142 1468
1708200029090 0.749542613406731 1469
1708200044609 0.7303728906053635 1470
1708200056624 0.7602677023837967 1471
1708200068685 0.7592643458620756 1472
1708200084863 0.7900861628498342 1473
1708200096839 0.7793928007843512 1474
1708200107079 0.7706962965403422 1475
1708200121187 0.7779220223453873 1476
1708200135287 0.7435234003437875 1477
1708200147736 0.7377745103344147 1478
1708200158697 0.7906060357234591 1479
1708200171856 0.6925824519623022 1480
1708200187174 0.7470857457173419 1481
1708200199291 0.7858201725163533 1482
1708200212663 0.7713733478068688 1483
1708200227010 0.760633688579527 1484
1708200239184 0.7381620474611086 1485
1708200253766 0.7342711898414207 1486
1708200266478 0.7432339200555951 1487
1708200276262 0.7303127480633672 1488
1708200288674 0.7388538258333249 1489
1708200303565 0.6641066722636537 1490
1708200317980 0.6739871796879456 1491
1708200330537 0.7291181651037388 1492
1708200342271 0.7591639109625453 1493
1708200356848 0.758455562524897 1494
1708200368177 0.6861635116399031 1495
1708200381239 0.5230793805694861 1496
1708200390910 0.7829158699152662 1497
1708200402213 0.6997804334933669 1498
1708200417403 0.7237659125686506 1499
