1707036342600 24.67 0
1707036356819 10.14 0
1707036367483 10.14 0
1707036383154 11.9 0
1707036397747 10.68 0
1707036411855 10.29 0
1707036425801 10.16 0
1707036439940 10.17 0
1707036453943 10.17 0
1707036469150 11.23 0
1707036483116 10.17 0
1707036497144 10.17 0
1707036511297 10.25 0
1707036525922 10.89 0
1707036539895 10.18 0
1707036553869 10.17 0
1707036567963 10.17 0
1707036582018 10.18 0
1707036596005 10.17 0
1707036609918 10.18 0
1707036621220 10.76 0
1707036633033 11.26 0
1707036645606 12.06 0
1707036659367 13.24 0
1707036673164 13.28 0
1707036686413 12.73 0
1707036702595 12.31 0
1707036719312 12.96 0
1707036733296 10.17 0
1707036750105 13.0 0
1707036764154 10.16 0
1707036778169 10.16 0
1707036793724 11.61 0
1707036809387 11.69 0
1707036822642 12.72 0
1707036837444 11.06 0
1707036851436 13.45 0
1707036866081 10.85 0
1707036880014 10.18 0
1707036894159 10.18 0
1707036908408 13.7 0
1707036924932 12.63 0
1707036938961 10.17 0
1707036955191 12.47 0
1707036969286 10.17 0
1707036983263 10.17 0
1707036997556 10.43 0
1707037011474 10.17 0
1707037025523 10.29 0
1707037040139 10.67 0
1707037054667 10.17 0
1707037068694 10.17 0
1707037079560 10.34 0
1707037092069 11.98 0
1707037108507 15.91 0
1707037123132 14.1 0
1707037137716 10.85 0
1707037152140 10.49 0
1707037166084 10.17 0
1707037180074 10.17 0
1707037194099 10.17 0
1707037204805 10.17 0
1707037219825 14.49 0
1707037234049 10.17 0
1707037248073 10.17 0
1707037259175 10.57 0
1707037273234 10.17 0
1707037287243 10.17 0
1707037301279 10.17 0
1707037315411 10.17 0
1707037329495 10.17 0
1707037343665 10.16 0
1707037358263 10.75 0
1707037374641 12.54 0
1707037390707 12.04 0
1707037404757 10.17 0
1707037418833 10.16 0
1707037432904 10.18 0
1707037446978 10.17 0
1707037460966 10.16 0
1707037475159 10.17 0
1707037489255 10.16 0
1707037503422 10.16 0
1707037517398 10.17 0
1707037531376 10.18 0
1707037545529 10.17 0
1707037559628 10.17 0
1707037570319 10.17 0
1707037581018 10.18 0
1707037595030 10.17 0
1707037609113 10.18 0
1707037623318 10.18 0
1707037637279 10.17 0
1707037651090 13.28 0
1707037666358 11.28 0
1707037680218 13.34 0
1707037696017 15.27 0
1707037710308 10.17 0
1707037724407 10.18 0
1707037738497 10.16 0
1707037755818 10.17 0
1707037769886 10.16 0
1707037783961 10.21 0
1707037798017 10.17 0
1707037812018 10.17 0
1707037825877 10.17 0
1707037839884 10.16 0
1707037853938 10.23 0
1707037867833 10.17 0
1707037881746 10.17 0
1707037896776 11.23 0
1707037910872 10.16 0
1707037925178 10.21 0
1707037936313 10.61 0
1707037950858 10.64 0
1707037967095 12.35 0
1707037981077 10.17 0
1707037995227 10.17 0
1707038009381 10.17 0
1707038023447 10.17 0
1707038035064 11.08 0
1707038049032 13.43 0
1707038063075 10.17 0
1707038077019 10.17 0
1707038089148 11.44 0
1707038103443 13.76 0
1707038117427 10.17 0
1707038131369 10.17 0
1707038145383 13.48 0
1707038160038 10.75 0
1707038174246 10.17 0
1707038185170 10.39 0
1707038199251 10.17 0
1707038213213 10.17 0
1707038227321 10.32 0
1707038243881 12.68 0
1707038258305 13.88 0
1707038272285 10.17 0
1707038287158 11.08 0
1707038302283 11.22 0
1707038317568 14.73 0
1707038330313 12.19 0
1707038343246 12.39 0
1707038355955 12.01 0
1707038370253 10.34 0
1707038385190 11.01 0
1707038399606 10.17 0
1707038413669 10.16 0
1707038428878 14.53 0
1707038442847 10.17 0
1707038460176 10.17 0
1707038470892 10.17 0
1707038484191 12.75 0
1707038498184 10.16 0
1707038515250 16.37 0
1707038530459 11.15 0
1707038544581 10.18 0
1707038559530 11.13 0
1707038573508 10.17 0
1707038587679 10.16 0
1707038603834 12.44 0
1707038621702 14.05 0
1707038635712 10.17 0
1707038649724 10.17 0
1707038663753 10.17 0
1707038677630 10.17 0
1707038691476 10.17 0
1707038702752 10.74 0
1707038720450 13.95 0
1707038733644 12.65 0
1707038746386 12.06 0
1707038761115 14.18 0
1707038775209 10.17 0
1707038789317 10.17 0
1707038804635 14.77 0
1707038817043 11.86 0
1707038830517 12.92 0
1707038845018 13.8 0
1707038856384 10.81 0
1707038870060 13.12 0
1707038884425 10.57 0
1707038899117 10.95 0
1707038910939 11.27 0
1707038924921 13.43 0
1707038938687 13.07 0
1707038952640 10.17 0
1707038967558 11.05 0
1707038981669 10.17 0
1707038995772 10.17 0
1707039010135 10.17 0
1707039021675 10.99 0
1707039034374 12.15 0
1707039048535 13.61 0
1707039062771 13.68 0
1707039075678 12.35 0
1707039092460 16.23 0
1707039106958 10.16 0
1707039123918 12.72 0
1707039136708 12.23 0
1707039150739 10.16 0
1707039168297 10.16 0
1707039182097 13.24 0
1707039196868 10.65 0
1707039210355 12.93 0
1707039226799 12.62 0
1707039238832 11.47 0
1707039253054 13.7 0
1707039266271 12.69 0
1707039280819 14.03 0
1707039296422 11.55 0
1707039309753 12.81 0
1707039326802 16.53 0
1707039340880 10.16 0
1707039356414 11.66 0
1707039371824 11.51 0
1707039388028 12.19 0
1707039403450 11.41 0
1707039415411 11.43 0
1707039427596 11.66 0
1707039441879 10.36 0
1707039453347 10.95 0
1707039467245 13.37 0
1707039481116 13.34 0
1707039494214 12.58 0
1707039507610 12.88 0
1707039520894 12.76 0
1707039539302 17.89 0
1707039553959 14.14 0
1707039567071 12.59 0
1707039580829 13.24 0
1707039594603 13.25 0
1707039608005 12.88 0
1707039622938 14.41 0
1707039637015 10.16 0
1707039651096 10.17 0
1707039665506 10.51 0
1707039677116 11.07 0
1707039691381 13.74 0
1707039705567 10.16 0
1707039721729 15.63 0
1707039735962 10.16 0
1707039750157 10.29 0
1707039764234 10.17 0
1707039778318 10.22 0
1707039792441 10.18 0
1707039803139 10.17 0
1707039814245 10.57 0
1707039826673 11.89 0
1707039840613 13.4 0
1707039853576 12.43 0
1707039867805 10.23 0
1707039879327 10.99 0
1707039895365 15.5 0
1707039908823 12.92 0
1707039922758 13.4 0
1707039934184 10.89 0
1707039948930 14.21 0
1707039962729 13.27 0
1707039977361 14.1 0
1707039991511 13.45 0
1707040003541 11.5 0
1707040016861 12.78 0
1707040030961 10.17 0
1707040044964 10.16 0
1707040058978 10.17 0
1707040073080 10.17 0
1707040087170 10.17 0
1707040101239 10.17 0
1707040111946 10.17 0
1707040125971 13.49 0
1707040140531 14.01 0
1707040156244 11.97 0
1707040168620 11.83 0
1707040183423 14.27 0
1707040194122 10.16 0
1707040212023 17.36 0
1707040224834 12.27 0
1707040241785 16.42 0
1707040255178 12.85 0
1707040267011 11.29 0
1707040278632 11.09 0
1707040291695 12.53 0
1707040303613 11.38 0
1707040317033 12.88 0
1707040330227 12.65 0
1707040345047 14.26 0
1707040358548 12.96 0
1707040371347 12.26 0
1707040387538 15.64 0
1707040401929 13.69 0
1707040414603 12.13 0
1707040427453 12.29 0
1707040442561 14.57 0
1707040457040 13.94 0
1707040472553 14.97 0
1707040483803 10.7 0
1707040497369 13.02 0
1707040512121 14.2 0
1707040523586 10.75 0
1707040540623 16.49 0
1707040555274 10.81 0
1707040571466 15.65 0
1707040587788 15.77 0
1707040601290 12.95 0
1707040613547 11.7 0
1707040626425 12.33 0
1707040638500 11.37 0
1707040650922 11.86 0
1707040661722 10.25 0
1707040673220 10.94 0
1707040692693 18.92 0
1707040704582 11.34 0
1707040718677 13.55 0
1707040732392 13.17 0
1707040744944 12.0 0
1707040760885 15.24 0
1707040773727 12.3 0
1707040787316 13.05 0
1707040801275 13.41 0
1707040812722 10.9 0
1707040827864 14.6 0
1707040839887 11.48 0
1707040854872 14.44 0
1707040869549 14.12 0
1707040881793 11.54 0
1707040895849 10.17 0
1707040909896 10.17 0
1707040924001 13.56 0
1707040937972 13.42 0
1707040954977 16.46 0
1707040969002 13.47 0
1707040980297 10.58 0
1707040996416 15.57 0
1707041009393 12.43 0
1707041023270 13.33 0
1707041038474 14.65 0
1707041052933 13.9 0
1707041063664 10.17 0
1707041077536 13.31 0
1707041093324 15.23 0
1707041105135 11.08 0
1707041120518 11.48 0
1707041133474 12.39 0
1707041150157 16.12 0
1707041164201 10.18 0
1707041178417 10.17 0
1707041192661 10.17 0
1707041206762 10.18 0
1707041220778 10.17 0
1707041234906 10.17 0
1707041248993 10.17 0
1707041263251 10.17 0
1707041277343 10.17 0
1707041288069 10.17 0
1707041299249 10.61 0
1707041311229 11.42 0
1707041324767 12.98 0
1707041338906 13.58 0
1707041352051 12.43 0
1707041368869 16.25 0
1707041381707 12.27 0
1707041396653 11.1 0
1707041411967 11.47 0
1707041426809 11.0 0
1707041440950 10.17 0
1707041454990 10.18 0
1707041465731 10.17 0
1707041481926 15.63 0
1707041498113 15.62 0
1707041514096 15.42 0
1707041528621 13.96 0
1707041540328 11.15 0
1707041552438 11.39 0
1707041565928 12.92 0
1707041581843 15.35 0
1707041595686 13.28 0
1707041611513 15.26 0
1707041624023 11.95 0
1707041640127 15.54 0
1707041654448 13.76 0
1707041670577 15.56 0
1707041683577 12.43 0
1707041698834 14.69 0
1707041712587 13.18 0
1707041726714 13.56 0
1707041738582 11.29 0
1707041755622 16.47 0
1707041769936 13.74 0
1707041784268 13.76 0
1707041798590 13.59 0
1707041814942 15.77 0
1707041829656 14.14 0
1707041843167 12.94 0
1707041856342 12.59 0
1707041868582 11.67 0
1707041883695 14.54 0
1707041897059 12.79 0
1707041909851 12.07 0
1707041923082 12.66 0
1707041936459 12.8 0
1707041950555 10.17 0
1707041963295 12.16 0
1707041977372 10.17 0
1707041989867 11.92 0
1707042004694 10.82 0
1707042018808 10.17 0
1707042032943 10.17 0
1707042045553 12.03 0
1707042059634 10.17 0
1707042074632 14.42 0
1707042091912 13.33 0
1707042107062 14.61 0
1707042120374 12.77 0
1707042136533 15.62 0
1707042150710 10.47 0
1707042164740 10.16 0
1707042178032 12.61 0
1707042195336 16.76 0
1707042206814 10.93 0
1707042218423 11.07 0
1707042232346 13.38 0
1707042247115 14.23 0
1707042262146 14.49 0
1707042275633 12.95 0
1707042289810 10.17 0
1707042300619 10.27 0
1707042317231 16.07 0
1707042331135 10.17 0
1707042345165 10.17 0
1707042360937 15.23 0
1707042372719 11.24 0
1707042386206 12.94 0
1707042400326 13.57 0
1707042414333 13.46 0
1707042425546 10.66 0
1707042441553 15.46 0
1707042456075 13.98 0
1707042470635 14.02 0
1707042482197 11.02 0
1707042496633 13.89 0
1707042509423 12.09 0
1707042521976 12.0 0
1707042538348 15.83 0
1707042550783 11.89 0
1707042563846 12.52 0
1707042577446 13.06 0
1707042589074 11.09 0
1707042602970 13.35 0
1707042618799 15.29 0
1707042631620 12.28 0
1707042645519 10.18 0
1707042658267 12.2 0
1707042672823 14.02 0
1707042685065 11.7 0
1707042700896 15.3 0
1707042715517 14.08 0
1707042726582 10.52 0
1707042741114 13.99 0
1707042755198 13.54 0
1707042767973 12.23 0
1707042782301 13.76 0
1707042793334 10.49 0
1707042808072 14.19 0
1707042821071 12.46 0
1707042834886 13.27 0
1707042853121 17.69 0
1707042864617 10.8 0
1707042878679 10.17 0
1707042893032 10.56 0
1707042910195 13.29 0
1707042922800 12.06 0
1707042935799 12.46 0
1707042949994 10.23 0
1707042964099 10.17 0
1707042977743 13.1 0
1707042990987 12.7 0
1707043006231 14.69 0
1707043019859 13.09 0
1707043036533 16.12 0
1707043049488 12.4 0
1707043062224 12.18 0
1707043074453 11.68 0
1707043088023 13.02 0
1707043100683 12.11 0
1707043115061 13.82 0
1707043129262 13.65 0
1707043143031 13.22 0
1707043155325 11.74 0
1707043169463 10.25 0
1707043180187 10.17 0
1707043193354 12.61 0
1707043207653 13.74 0
1707043223507 15.3 0
1707043237726 13.67 0
1707043250996 12.72 0
1707043266027 14.48 0
1707043276753 10.17 0
1707043291207 13.74 0
1707043307693 15.94 0
1707043321334 13.09 0
1707043337274 12.01 0
1707043351667 13.83 0
1707043364983 12.76 0
1707043376908 11.37 0
1707043390218 12.76 0
1707043408878 17.95 0
1707043421623 12.2 0
1707043433146 10.97 0
1707043450201 16.51 0
1707043464842 14.09 0
1707043477524 12.13 0
1707043492343 14.27 0
1707043508414 15.52 0
1707043523481 14.51 0
1707043536065 11.86 0
1707043550162 10.17 0
1707043560894 10.17 0
1707043575015 10.17 0
1707043587483 11.91 0
1707043601343 13.31 0
1707043617015 15.11 0
1707043631962 14.24 0
1707043643733 11.22 0
1707043656417 12.12 0
1707043671201 14.23 0
1707043687334 15.57 0
1707043701158 13.27 0
1707043716420 14.71 0
1707043730396 13.42 0
1707043743400 12.44 0
1707043762411 18.46 0
1707043773899 10.93 0
1707043789888 15.43 0
1707043804005 13.56 0
1707043815074 10.49 0
1707043829756 14.13 0
1707043843304 13.0 0
1707043857410 10.24 0
1707043872768 14.8 0
1707043886929 10.17 0
1707043899560 12.08 0
1707043911595 11.48 0
1707043923906 11.75 0
1707043937265 12.8 0
1707043949837 12.01 0
1707043964601 14.19 0
1707043976568 11.4 0
1707043991029 13.91 0
1707044005977 14.39 0
1707044020658 14.13 0
1707044034821 10.16 0
1707044047878 12.5 0
1707044061356 12.92 0
1707044075940 13.88 0
1707044090676 14.18 0
1707044107509 16.28 0
1707044122603 14.53 0
1707044136116 12.96 0
1707044151428 14.75 0
1707044162714 10.72 0
1707044177173 13.9 0
1707044191678 13.94 0
1707044204606 12.21 0
1707044216768 11.6 0
1707044229414 12.08 0
1707044242178 12.19 0
1707044255360 12.62 0
1707044268970 13.06 0
1707044282930 13.38 0
1707044297273 13.78 0
1707044311034 13.21 0
1707044326359 14.61 0
1707044340458 10.19 0
1707044354070 13.04 0
1707044369962 15.33 0
1707044385779 15.25 0
1707044398147 11.8 0
1707044412110 13.4 0
1707044426931 14.25 0
1707044444565 16.93 0
1707044456949 11.81 0
1707044470737 13.21 0
1707044483546 12.24 0
1707044496670 12.56 0
1707044514522 17.29 0
1707044526862 11.77 0
1707044538273 10.85 0
1707044551544 12.7 0
1707044564392 12.11 0
1707044578819 13.85 0
1707044593755 14.36 0
1707044605049 10.72 0
1707044617896 12.28 0
1707044630459 11.98 0
1707044642020 10.99 0
1707044657035 14.41 0
1707044673378 15.78 0
1707044687243 13.13 0
1707044700755 12.95 0
1707044714490 13.16 0
1707044728565 10.17 0
1707044741527 12.39 0
1707044755276 13.18 0
1707044767993 12.14 0
1707044782904 14.34 0
1707044795456 11.98 0
1707044808244 12.22 0
1707044822441 13.63 0
1707044836855 13.84 0
1707044850901 13.48 0
1707044864847 13.38 0
1707044879132 13.71 0
1707044892717 13.02 0
1707044904179 10.71 0
1707044918134 13.39 0
1707044932673 13.97 0
1707044948048 14.81 0
1707044962743 14.13 0
1707044979781 16.47 0
1707044993649 13.3 0
1707045009220 14.99 0
1707045025755 15.96 0
1707045037753 11.26 0
1707045051697 13.37 0
1707045066398 14.13 0
1707045081880 14.91 0
1707045096134 13.69 0
1707045108166 11.46 0
1707045122510 10.41 0
1707045136840 10.3 0
1707045150820 13.41 0
1707045164917 10.18 0
1707045179093 13.6 0
1707045189996 10.34 0
1707045206546 15.97 0
1707045221994 14.88 0
1707045237102 14.54 0
1707045252081 10.8 0
1707045264782 12.12 0
1707045278870 10.17 0
1707045294471 11.73 0
1707045309117 10.75 0
1707045323920 10.68 0
1707045340964 12.99 0
1707045353699 12.16 0
1707045365499 11.23 0
1707045380880 11.78 0
1707045396233 11.46 0
1707045410408 10.17 0
1707045424410 10.18 0
1707045438473 10.18 0
1707045449209 10.17 0
1707045465094 15.31 0
1707045480296 14.62 0
1707045493361 12.5 0
1707045506334 12.26 0
1707045517529 10.63 0
1707045531315 13.22 0
1707045546151 14.26 0
1707045564539 17.82 0
1707045579034 13.93 0
1707045591035 11.43 0
1707045604560 12.95 0
1707045617658 12.52 0
1707045631087 12.85 0
1707045647628 15.96 0
1707045661715 13.51 0
1707045676350 14.06 0
1707045693137 16.21 0
1707045707319 13.6 0
1707045721665 13.76 0
1707045735955 13.71 0
1707045751685 11.7 0
1707045766537 14.27 0
1707045779802 12.68 0
1707045795060 14.67 0
1707045810382 11.48 0
1707045824927 10.66 0
1707045840933 15.28 0
1707045855907 14.4 0
1707045870839 14.35 0
1707045884225 12.8 0
1707045897879 13.08 0
1707045910787 12.33 0
1707045925089 13.73 0
1707045939462 13.79 0
1707045952384 12.17 0
1707045964431 11.46 0
1707045979123 14.11 0
1707045992768 13.06 0
1707046009964 16.61 0
1707046021881 11.33 0
1707046036829 14.36 0
1707046052183 14.77 0
1707046067771 11.43 0
1707046081934 10.18 0
1707046096131 10.17 0
1707046110146 10.17 0
1707046124260 10.17 0
1707046138663 10.17 0
1707046156100 10.17 0
1707046166861 10.17 0
1707046177617 10.17 0
1707046193847 15.64 0
1707046208510 14.08 0
1707046220348 11.26 0
1707046233111 12.18 0
1707046247950 14.26 0
1707046261044 12.5 0
1707046276698 15.07 0
1707046290904 13.62 0
1707046307264 15.77 0
1707046324869 17.02 0
1707046339226 13.78 0
1707046356726 16.76 0
1707046369522 12.2 0
1707046386594 16.47 0
1707046397421 10.23 0
1707046413180 15.16 0
1707046426334 12.56 0
1707046441240 14.31 0
1707046456171 14.34 0
1707046469802 13.04 0
1707046484624 14.22 0
1707046499648 11.06 0
1707046514827 11.18 0
1707046531469 12.6 0
1707046545528 10.18 0
1707046557185 10.92 0
1707046570496 12.72 0
1707046585442 14.35 0
1707046600752 11.29 0
1707046614900 13.56 0
1707046625666 10.17 0
1707046641240 14.97 0
1707046654646 12.81 0
1707046667632 12.39 0
1707046681687 13.46 0
1707046698668 16.38 0
1707046710343 11.08 0
1707046724467 13.53 0
1707046737478 12.42 0
1707046752114 14.04 0
1707046767016 14.31 0
1707046780134 12.36 0
1707046793026 12.28 0
1707046807561 13.94 0
1707046820077 11.92 0
1707046833725 13.04 0
1707046846891 12.56 0
1707046860958 10.17 0
1707046873978 12.42 0
1707046886388 11.66 0
1707046899280 12.3 0
1707046912545 12.66 0
1707046925756 12.62 0
1707046941021 14.67 0
1707046956183 14.57 0
1707046969135 12.36 0
1707046983459 13.72 0
1707046998388 14.33 0
1707047011788 12.81 0
1707047027880 15.49 0
1707047042640 14.15 0
1707047056415 13.16 0
1707047069176 12.16 0
1707047084054 10.89 0
1707047098713 10.54 0
1707047112852 10.18 0
1707047124645 11.18 0
1707047140144 14.85 0
1707047150932 10.17 0
1707047163253 11.72 0
1707047176945 13.09 0
1707047190788 13.24 0
1707047203521 11.97 0
1707047218435 14.31 0
1707047231857 12.82 0
1707047248198 15.74 0
1707047259671 10.87 0
1707047274600 14.32 0
1707047288425 13.22 0
1707047302997 13.96 0
1707047317466 13.71 0
1707047330864 12.79 0
1707047344436 12.97 0
1707047356357 11.31 0
1707047372561 15.6 0
1707047384025 10.86 0
1707047401887 17.26 0
1707047416148 13.64 0
1707047429354 12.6 0
1707047442956 13.0 0
1707047456770 13.21 0
1707047468343 10.95 0
1707047484229 15.28 0
1707047499241 14.41 0
1707047511238 11.4 0
1707047522228 10.38 0
1707047537398 14.57 0
1707047551462 10.17 0
1707047564488 12.42 0
1707047577583 12.49 0
1707047593429 15.23 0
1707047606510 12.47 0
1707047621825 14.71 0
1707047639095 16.67 0
1707047656766 16.92 0
1707047669397 12.02 0
1707047681184 11.18 0
1707047697744 15.95 0
1707047709030 10.68 0
1707047723517 13.88 0
1707047739833 15.71 0
1707047751404 10.96 0
1707047762999 10.82 0
1707047777810 14.2 0
1707047789933 11.52 0
1707047804428 13.88 0
1707047817661 12.62 0
1707047831080 12.83 0
1707047844410 12.75 0
1707047858585 13.59 0
1707047873266 14.1 0
1707047888043 14.04 0
1707047904725 16.11 0
1707047917079 11.79 0
1707047931411 13.76 0
1707047945236 13.25 0
1707047960598 14.78 0
1707047975312 14.14 0
1707047991354 15.46 0
1707048006855 14.92 0
1707048021361 13.77 0
1707048037662 15.72 0
1707048050707 12.46 0
1707048064189 12.91 0
1707048079906 15.14 0
1707048090680 10.2 0
1707048107370 16.1 0
1707048122892 14.94 0
1707048135174 11.7 0
1707048148078 12.16 0
1707048160745 12.09 0
1707048176817 15.49 0
1707048189787 12.39 0
1707048207460 17.09 0
1707048222350 14.31 0
1707048236709 13.78 0
1707048252992 15.7 0
1707048267130 10.25 0
1707048277890 10.18 0
1707048288890 10.42 0
1707048302647 13.18 0
1707048315331 12.1 0
1707048331385 15.47 0
1707048344351 12.38 0
1707048357800 12.87 0
1707048372485 14.11 0
1707048385152 11.94 0
1707048396093 10.35 0
1707048410469 13.79 0
1707048424156 13.11 0
1707048436777 12.04 0
1707048450162 12.8 0
1707048463324 12.58 0
1707048480330 16.43 0
1707048496412 15.51 0
1707048509268 12.11 0
1707048520027 10.17 0
1707048533701 13.09 0
1707048549003 14.72 0
1707048562427 12.84 0
1707048575383 12.38 0
1707048588404 12.44 0
1707048601397 12.4 0
1707048614328 12.35 0
1707048629955 14.88 0
1707048643815 13.28 0
1707048657875 10.17 0
1707048671968 10.18 0
1707048684148 11.6 0
1707048698244 10.17 0
1707048712459 10.18 0
1707048725629 12.58 0
1707048738199 11.98 0
1707048752453 13.67 0
1707048765193 12.16 0
1707048779595 13.82 0
1707048792550 12.37 0
1707048808023 14.89 0
1707048820067 11.46 0
1707048835420 14.62 0
1707048849846 13.84 0
1707048863799 13.37 0
1707048878191 13.81 0
1707048889944 11.17 0
1707048904734 14.21 0
1707048920125 14.81 0
1707048935006 14.3 0
1707048949202 10.18 0
1707048960841 11.05 0
1707048972796 11.37 0
1707048983793 10.41 0
1707048997829 13.45 0
1707049011465 13.05 0
1707049022218 10.17 0
1707049035134 12.33 0
1707049048063 12.34 0
1707049062346 13.53 0
1707049074632 11.7 0
1707049089326 14.11 0
1707049104757 14.84 0
1707049117398 12.06 0
1707049129843 11.85 0
1707049145090 14.66 0
1707049158782 13.11 0
1707049172573 13.21 0
1707049187354 14.02 0
1707049200215 12.27 0
1707049213869 13.07 0
1707049227245 12.78 0
1707049240308 12.48 0
1707049254832 13.93 0
1707049268896 10.18 0
1707049281254 11.77 0
1707049294649 12.81 0
1707049311226 15.98 0
1707049325929 14.12 0
1707049337343 10.83 0
1707049351282 13.35 0
1707049363036 11.17 0
1707049375614 11.98 0
1707049389042 12.85 0
1707049404334 14.7 0
1707049416487 11.56 0
1707049428703 11.63 0
1707049444897 15.61 0
1707049459407 13.93 0
1707049472806 12.81 0
1707049483565 10.17 0
1707049499428 15.28 0
1707049515001 14.99 0
1707049528822 13.23 0
1707049542733 13.17 0
1707049554756 11.44 0
1707049567813 12.47 0
1707049582205 13.81 0
1707049596398 13.6 0
1707049609360 12.38 0
1707049625232 11.96 0
1707049637574 11.76 0
1707049651956 13.64 0
1707049664288 11.73 0
1707049677073 12.18 0
1707049691207 13.53 0
1707049703198 11.4 0
1707049719693 15.9 0
1707049732709 12.42 0
1707049746852 13.55 0
1707049762237 14.79 0
1707049779011 16.01 0
1707049794980 15.37 0
1707049808424 12.85 0
1707049820414 11.39 0
1707049837185 16.18 0
1707049850358 12.58 0
1707049863988 13.04 0
1707049877878 13.29 0
1707049893429 14.94 0
1707049904367 10.18 0
1707049921277 16.31 0
1707049936296 14.42 0
1707049952275 15.38 0
1707049964204 11.33 0
1707049976051 11.24 0
1707049991566 14.92 0
1707050006167 14.0 0
1707050019582 12.81 0
1707050036218 16.03 0
1707050050127 13.31 0
1707050064133 13.4 0
1707050080374 15.64 0
1707050093851 12.88 0
1707050109640 15.19 0
1707050126184 15.94 0
1707050139183 12.4 0
1707050154998 15.06 0
1707050171754 16.16 0
1707050185496 13.14 0
1707050200093 14.0 0
1707050213551 12.86 0
1707050225960 11.82 0
1707050240502 13.95 0
1707050255113 10.73 0
1707050269930 14.07 0
1707050284256 10.19 0
1707050298370 10.18 0
1707050309557 10.59 0
1707050323875 13.71 0
1707050339711 11.85 0
1707050355558 15.1 0
1707050368074 11.91 0
1707050380917 12.25 0
1707050395829 14.32 0
1707050408780 12.36 0
1707050421339 11.97 0
1707050436402 14.47 0
1707050450442 13.45 0
1707050465656 14.61 0
1707050479922 13.51 0
1707050492241 11.71 0
1707050506849 14.01 0
1707050521579 14.13 0
1707050536349 14.17 0
1707050551433 14.49 0
1707050564681 12.64 0
1707050581169 15.89 0
1707050592041 10.27 0
1707050604743 11.93 0
1707050623535 18.19 0
1707050635378 11.24 0
1707050647531 11.55 0
1707050664093 15.96 0
1707050678074 13.39 0
1707050692626 13.95 0
1707050704996 11.77 0
1707050720404 14.81 0
1707050734450 10.18 0
1707050748631 10.18 0
1707050759413 10.17 0
1707050773647 10.18 0
1707050787811 10.17 0
1707050802087 10.17 0
1707050812857 10.17 0
1707050825472 12.01 0
1707050842066 16.0 0
1707050856142 13.47 0
1707050868468 11.72 0
1707050883190 14.12 0
1707050898147 14.36 0
1707050913817 14.9 0
1707050925501 11.08 0
1707050939169 13.07 0
1707050953035 13.26 0
1707050964581 10.95 0
1707050977428 12.25 0
1707050994419 16.39 0
1707051007749 12.73 0
1707051021765 13.42 0
1707051039825 14.01 0
1707051056261 15.84 0
1707051069212 12.35 0
1707051083465 13.65 0
1707051095609 11.55 0
1707051110553 14.34 0
1707051122401 11.25 0
1707051136849 13.84 0
1707051151336 13.73 0
1707051165687 13.75 0
1707051180724 14.42 0
1707051192843 11.51 0
1707051206554 13.12 0
1707051219848 12.7 0
1707051233520 13.07 0
1707051245983 11.86 0
1707051259674 13.09 0
1707051272695 12.43 0
1707051286011 12.7 0
1707051299422 12.8 0
1707051312729 12.71 0
1707051325863 12.53 0
1707051340627 14.17 0
1707051355039 13.81 0
1707051367682 12.04 0
1707051384697 16.25 0
1707051396929 11.62 0
1707051413924 16.39 0
1707051428149 13.62 0
1707051442865 14.12 0
1707051453635 10.17 0
1707051469349 15.11 0
1707051484279 14.33 0
1707051497852 12.96 0
1707051508790 10.18 0
1707051523865 14.48 0
1707051540500 16.04 0
1707051556058 14.96 0
1707051568928 12.26 0
1707051581366 11.84 0
1707051594507 12.54 0
1707051608528 13.42 0
1707051622792 13.64 0
1707051637263 13.71 0
1707051650939 13.07 0
1707051664484 12.95 0
1707051679477 14.39 0
1707051693875 13.79 0
1707051708561 14.07 0
1707051719963 10.8 0
1707051734125 10.17 0
1707051746097 11.22 0
1707051763095 16.39 0
1707051778364 14.67 0
1707051789611 10.64 0
1707051800968 10.76 0
1707051814338 12.75 0
1707051829148 14.21 0
1707051843021 13.27 0
1707051857191 13.56 0
1707051873744 15.95 0
1707051889457 15.11 0
1707051902687 12.63 0
1707051916524 13.23 0
1707051927297 10.17 0
1707051938438 10.54 0
1707051955429 16.39 0
1707051966903 10.88 0
1707051978711 11.05 0
1707051994389 15.08 0
1707052005178 10.17 0
1707052018527 12.74 0
1707052035383 16.26 0
1707052050202 14.22 0
1707052063978 13.16 0
1707052078295 13.71 0
1707052094641 15.74 0
1707052109858 14.45 0
1707052123439 12.97 0
1707052136975 12.93 0
1707052152049 14.47 0
1707052165657 13.0 0
1707052178042 11.78 0
1707052191346 12.7 0
1707052204082 12.14 0
1707052217643 12.96 0
1707052231008 12.76 0
1707052244920 13.31 0
1707052256807 11.29 0
1707052270757 13.34 0
1707052284266 12.9 0
1707052296452 11.59 0
1707052310984 13.93 0
1707052322401 10.81 0
1707052338169 15.0 0
1707052354013 15.23 0
1707052367092 12.46 0
1707052380567 12.86 0
1707052391779 10.6 0
1707052404455 12.05 0
1707052418582 10.17 0
1707052429921 10.73 0
1707052446276 15.59 0
1707052460699 13.8 0
1707052473656 12.34 0
1707052489723 15.45 0
1707052501632 11.3 0
1707052515971 13.72 0
1707052531347 14.76 0
1707052546105 14.14 0
1707052560075 13.35 0
1707052572901 12.22 0
1707052586685 13.17 0
1707052601864 14.57 0
1707052616752 14.27 0
1707052630986 13.62 0
1707052644962 13.36 0
1707052659138 13.56 0
1707052670689 10.94 0
1707052683306 11.85 0
1707052697789 13.87 0
1707052711163 12.76 0
1707052726259 14.48 0
1707052739915 13.04 0
1707052755607 15.07 0
1707052768589 12.37 0
1707052783053 13.84 0
1707052796712 13.04 0
1707052812900 15.42 0
1707052826244 12.73 0
1707052841289 14.43 0
1707052855662 13.75 0
1707052870583 14.3 0
1707052883761 12.56 0
1707052896435 12.06 0
1707052913154 16.11 0
1707052925652 11.73 0
1707052940785 14.52 0
1707052955975 14.58 0
1707052971459 14.86 0
1707052984187 12.11 0
1707052998451 13.65 0
1707053011781 12.71 0
1707053026955 14.56 0
1707053040050 12.47 0
1707053053349 12.51 0
1707053066605 12.64 0
1707053081596 14.38 0
1707053096231 14.02 0
1707053109864 13.01 0
1707053124071 10.16 0
1707053139674 14.99 0
1707053155269 14.98 0
1707053168153 12.27 0
1707053180112 11.34 0
1707053195550 14.82 0
1707053209273 13.11 0
1707053224957 15.07 0
1707053238066 12.5 0
1707053251568 12.89 0
1707053265307 13.12 0
1707053277181 11.1 0
1707053291167 13.37 0
1707053306774 14.99 0
1707053322572 15.18 0
1707053334293 11.1 0
1707053347644 12.73 0
1707053361190 12.92 0
1707053373428 11.62 0
1707053388049 14.0 0
1707053403971 15.14 0
1707053417787 13.2 0
1707053430841 12.43 0
1707053444448 12.99 0
1707053461178 16.11 0
1707053472981 11.18 0
1707053486255 12.66 0
1707053499569 12.7 0
1707053513251 12.91 0
1707053527580 13.71 0
1707053541166 12.96 0
1707053554571 12.79 0
1707053568008 12.82 0
1707053581617 12.99 0
1707053596307 14.07 0
1707053608097 11.17 0
1707053625500 16.79 0
1707053636483 10.2 0
1707053651056 13.95 0
1707053665343 13.68 0
1707053679532 13.58 0
1707053693635 13.48 0
1707053708277 14.03 0
1707053722996 14.1 0
1707053736289 12.68 0
1707053749209 12.31 0
1707053764512 14.68 0
1707053777085 11.95 0
1707053791548 13.83 0
1707053806084 13.92 0
1707053820358 10.16 0
1707053831931 10.96 0
1707053848428 15.88 0
1707053861712 12.52 0
1707053876243 13.91 0
1707053888267 11.4 0
1707053905068 16.18 0
1707053917846 12.16 0
1707053933841 15.36 0
1707053946790 12.33 0
1707053959883 12.48 0
1707053972092 11.59 0
1707053987611 14.75 0
1707053998892 10.67 0
1707054012404 12.89 0
1707054024870 11.85 0
1707054039568 14.09 0
1707054054216 14.03 0
1707054069866 15.04 0
1707054081658 11.18 0
1707054095348 12.91 0
1707054109077 13.11 0
1707054122862 13.16 0
1707054135445 11.96 0
1707054147461 11.4 0
1707054158826 10.75 0
1707054172906 13.46 0
1707054185597 12.07 0
1707054198778 12.56 0
1707054212417 12.85 0
1707054228036 15.0 0
1707054241928 13.27 0
1707054257065 14.52 0
1707054269471 11.78 0
1707054283447 13.36 0
1707054297857 13.79 0
1707054312022 13.55 0
1707054324894 12.08 0
1707054340152 14.64 0
1707054355733 14.96 0
1707054370783 14.43 0
1707054383420 12.02 0
1707054395939 11.9 0
1707054412563 16.01 0
1707054424063 10.88 0
1707054437374 12.69 0
1707054451949 13.79 0
1707054464617 12.05 0
1707054478961 13.72 0
1707054492624 13.04 0
1707054507097 10.17 0
1707054518642 10.92 0
1707054537259 18.0 0
1707054551850 10.18 0
1707054567595 11.45 0
1707054581562 13.34 0
1707054596032 10.17 0
1707054610148 10.18 0
1707054622313 11.55 0
1707054636839 10.38 0
1707054651090 10.18 0
1707054665890 14.18 0
1707054679941 13.42 0
1707054694995 14.43 0
1707054708014 12.4 0
1707054722733 14.1 0
1707054734507 11.0 0
1707054746845 11.71 0
1707054759470 12.01 0
1707054773304 13.22 0
1707054786947 13.02 0
1707054797978 10.4 0
1707054810739 12.14 0
1707054825594 14.22 0
1707054838041 11.83 0
1707054852255 13.43 0
1707054866814 13.94 0
1707054881293 13.85 0
1707054895262 13.34 0
1707054911258 15.38 0
1707054923350 11.47 0
1707054935308 11.34 0
1707054947346 11.42 0
1707054960022 12.05 0
1707054972515 11.86 0
1707054986210 13.06 0
1707055000826 13.99 0
1707055013489 12.04 0
1707055027061 12.94 0
1707055040303 12.61 0
1707055056523 15.6 0
1707055069803 12.65 0
1707055082596 12.0 0
1707055097313 14.09 0
1707055111734 13.79 0
1707055123074 10.71 0
1707055136245 12.54 0
1707055150056 13.19 0
1707055164997 14.31 0
1707055178468 12.84 0
1707055192838 10.18 0
1707055206543 13.08 0
1707055217817 10.64 0
1707055229287 10.84 0
1707055242339 12.43 0
1707055255158 12.19 0
1707055270921 15.13 0
1707055282567 11.01 0
1707055297325 13.98 0
1707055308881 10.93 0
1707055324435 14.92 0
1707055337663 12.6 0
1707055350276 11.98 0
1707055365480 14.57 0
1707055378884 12.77 0
1707055393771 14.26 0
1707055405537 11.14 0
1707055417889 11.72 0
1707055436738 18.22 0
1707055449278 11.91 0
1707055464313 14.41 0
1707055480983 16.04 0
1707055494469 12.86 0
1707055506703 11.61 0
1707055521040 13.7 0
1707055536828 15.01 0
1707055548481 11.02 0
1707055562183 13.07 0
1707055574952 12.14 0
1707055589293 13.71 0
1707055604482 14.56 0
1707055619746 14.63 0
1707055632415 12.04 0
1707055647032 13.99 0
1707055661054 13.4 0
1707055675300 13.62 0
1707055690612 14.68 0
1707055704541 13.29 0
1707055716363 11.2 0
1707055728435 11.43 0
1707055742741 13.68 0
1707055756448 13.08 0
1707055771464 14.24 0
1707055785000 12.91 0
1707055798998 13.36 0
1707055814134 14.5 0
1707055826239 11.47 0
1707055839808 12.94 0
1707055857348 16.92 0
1707055870733 12.76 0
1707055885032 10.17 0
1707055895846 10.18 0
1707055906654 10.18 0
1707055921833 14.54 0
1707055935328 12.84 0
1707055947812 11.85 0
1707055961940 13.5 0
1707055976256 13.68 0
1707055988911 11.88 0
1707056004392 14.85 0
1707056019072 14.05 0
1707056031829 12.13 0
1707056045969 13.51 0
1707056056766 10.16 0
1707056070258 12.86 0
1707056085391 14.51 0
1707056101038 15.01 0
1707056116086 14.25 0
1707056129067 12.35 0
1707056143753 14.06 0
1707056156150 11.76 0
1707056170143 13.36 0
1707056180939 10.17 0
1707056193646 12.08 0
1707056208112 13.83 0
1707056223320 14.41 0
1707056237180 13.23 0
1707056254455 16.64 0
1707056268234 13.15 0
1707056280539 11.67 0
1707056297143 15.98 0
1707056313671 15.9 0
1707056327540 13.24 0
1707056339201 11.02 0
1707056353889 14.06 0
1707056368393 13.87 0
1707056382033 13.0 0
1707056393390 10.71 0
1707056407996 13.97 0
1707056422973 14.35 0
1707056438675 15.07 0
1707056453225 13.92 0
1707056465048 11.03 0
1707056482743 17.07 0
1707056498663 15.29 0
1707056512163 12.86 0
1707056528857 16.06 0
1707056540795 11.3 0
1707056552582 11.15 0
1707056567745 14.53 0
1707056582092 10.19 0
1707056595755 13.03 0
1707056609509 13.12 0
1707056623927 13.78 0
1707056637131 12.57 0
1707056648401 10.64 0
1707056661582 12.55 0
1707056674860 12.65 0
1707056688586 13.09 0
1707056703175 13.95 0
1707056717277 13.46 0
1707056732579 14.66 0
1707056744468 11.26 0
1707056757168 12.07 0
1707056771688 13.88 0
1707056785598 13.28 0
1707056800645 14.42 0
1707056813052 11.62 0
1707056828891 15.2 0
1707056843413 13.89 0
1707056857028 12.98 0
1707056872161 14.5 0
1707056884921 12.12 0
1707056900306 14.75 0
1707056912820 11.88 0
1707056925331 11.88 0
1707056938844 12.87 0
1707056953643 14.17 0
1707056969259 14.99 0
1707056983771 13.89 0
1707056996255 11.85 0
1707057011733 14.85 0
1707057024380 12.02 0
1707057038572 13.56 0
1707057051578 12.23 0
1707057067182 14.96 0
1707057083834 16.02 0
1707057096050 11.58 0
1707057109914 13.23 0
1707057122870 12.32 0
1707057140727 17.22 0
1707057152315 10.96 0
1707057168428 15.33 0
1707057179233 10.17 0
1707057191831 11.96 0
1707057205277 12.81 0
1707057221027 15.12 0
1707057235691 14.02 0
1707057250266 13.95 0
1707057263018 12.12 0
