1707036317929 0.001 0
1707036346677 0.001 1
1707036357339 0.001 2
1707036371255 0.001 3
1707036387061 0.001 4
1707036401561 0.001 5
1707036415638 0.001 6
1707036429771 0.001 7
1707036443768 0.001 8
1707036457916 0.001 9
1707036472942 0.001 10
1707036486966 0.001 11
1707036501048 0.001 12
1707036515025 0.001 13
1707036529711 0.001 14
1707036543694 0.001 15
1707036557789 0.001 16
1707036571838 0.001 17
1707036585830 0.001 18
1707036599734 0.001 19
1707036610460 0.001 20
1707036621774 0.001 21
1707036633547 0.001 22
1707036646123 0.001 23
1707036659882 0.001 24
1707036673685 0.001 25
1707036690280 0.001 26
1707036706346 0.001 27
1707036723127 0.001 28
1707036737103 0.001 29
1707036753993 0.001 30
1707036768004 0.001 31
1707036782109 0.001 32
1707036797690 0.001 33
1707036809920 0.001 34
1707036826383 0.001 35
1707036837985 0.001 36
1707036855226 0.001 37
1707036869836 0.001 38
1707036883979 0.001 39
1707036894706 0.001 40
1707036912303 0.001 41
1707036928788 0.001 42
1707036942720 0.001 43
1707036959113 0.001 44
1707036973090 0.001 45
1707036987123 0.001 46
1707037001297 0.001 47
1707037015233 0.001 48
1707037029468 0.001 49
1707037044494 0.001 50
1707037058521 0.001 51
1707037069214 0.001 52
1707037080091 0.001 53
1707037092594 0.001 54
1707037109024 0.001 55
1707037126866 0.001 56
1707037141649 0.001 57
1707037155913 0.001 58
1707037169904 0.001 59
1707037183925 0.001 60
1707037194634 0.001 61
1707037205337 0.001 62
1707037223874 0.001 63
1707037237897 0.001 64
1707037248601 0.001 65
1707037263063 0.001 66
1707037277073 0.001 67
1707037291104 0.001 68
1707037305242 0.001 69
1707037319323 0.001 70
1707037333502 0.001 71
1707037347511 0.001 72
1707037362099 0.001 73
1707037378667 0.001 74
1707037394583 0.001 75
1707037408672 0.001 76
1707037422725 0.001 77
1707037436805 0.001 78
1707037450799 0.001 79
1707037464989 0.001 80
1707037479096 0.001 81
1707037493254 0.001 82
1707037507223 0.001 83
1707037521196 0.001 84
1707037535353 0.001 85
1707037549455 0.001 86
1707037560147 0.001 87
1707037570836 0.001 88
1707037584856 0.001 89
1707037598930 0.001 90
1707037613137 0.001 91
1707037627102 0.001 92
1707037637806 0.001 93
1707037655079 0.001 94
1707037666879 0.001 95
1707037680749 0.001 96
1707037700134 0.001 97
1707037714227 0.001 98
1707037728329 0.001 99
1707037745648 0.001 100
1707037759725 0.001 101
1707037773744 0.001 102
1707037787842 0.001 103
1707037801846 0.001 104
1707037815702 0.001 105
1707037829717 0.001 106
1707037843705 0.001 107
1707037857658 0.001 108
1707037871576 0.001 109
1707037885542 0.001 110
1707037900704 0.001 111
1707037914967 0.001 112
1707037925704 0.001 113
1707037940219 0.001 114
1707037954744 0.001 115
1707037970906 0.001 116
1707037985059 0.001 117
1707037999209 0.001 118
1707038013273 0.001 119
1707038023980 0.001 120
1707038035604 0.001 121
1707038052904 0.001 122
1707038066846 0.001 123
1707038077703 0.001 124
1707038089681 0.001 125
1707038107259 0.001 126
1707038121196 0.001 127
1707038131903 0.001 128
1707038149284 0.001 129
1707038164073 0.001 130
1707038174781 0.001 131
1707038189081 0.001 132
1707038203042 0.001 133
1707038216996 0.001 134
1707038231195 0.001 135
1707038244422 0.001 136
1707038262108 0.001 137
1707038276070 0.001 138
1707038291063 0.001 139
1707038302835 0.001 140
1707038318116 0.001 141
1707038330856 0.001 142
1707038343937 0.001 143
1707038359907 0.001 144
1707038374181 0.001 145
1707038389436 0.001 146
1707038403501 0.001 147
1707038414345 0.001 148
1707038432670 0.001 149
1707038450006 0.001 150
1707038460721 0.001 151
1707038471436 0.001 152
1707038488021 0.001 153
1707038498872 0.001 154
1707038519311 0.001 155
1707038534396 0.001 156
1707038548396 0.001 157
1707038563337 0.001 158
1707038577514 0.001 159
1707038591391 0.001 160
1707038607649 0.001 161
1707038625538 0.001 162
1707038639555 0.001 163
1707038653578 0.001 164
1707038667462 0.001 165
1707038681307 0.001 166
1707038692009 0.001 167
1707038706499 0.001 168
1707038720992 0.001 169
1707038734327 0.001 170
1707038746928 0.001 171
1707038765034 0.001 172
1707038779146 0.001 173
1707038789862 0.001 174
1707038805177 0.001 175
1707038817598 0.001 176
1707038831214 0.001 177
1707038845569 0.001 178
1707038856937 0.001 179
1707038873856 0.001 180
1707038888166 0.001 181
1707038899666 0.001 182
1707038911487 0.001 183
1707038925618 0.001 184
1707038942464 0.001 185
1707038956502 0.001 186
1707038971497 0.001 187
1707038985596 0.001 188
1707038999965 0.001 189
1707039010682 0.001 190
1707039022218 0.001 191
1707039034921 0.001 192
1707039049088 0.001 193
1707039063321 0.001 194
1707039076231 0.001 195
1707039096794 0.001 196
1707039111198 0.001 197
1707039124471 0.001 198
1707039140576 0.001 199
1707039158132 0.001 200
1707039168855 0.001 201
1707039186214 0.001 202
1707039197422 0.001 203
1707039214180 0.001 204
1707039227355 0.001 205
1707039239351 0.001 206
1707039253574 0.001 207
1707039266788 0.001 208
1707039284871 0.001 209
1707039296936 0.001 210
1707039310266 0.001 211
1707039330716 0.001 212
1707039344746 0.001 213
1707039360308 0.001 214
1707039375833 0.001 215
1707039392036 0.001 216
1707039403975 0.001 217
1707039415931 0.001 218
1707039431511 0.001 219
1707039442398 0.001 220
1707039453869 0.001 221
1707039467773 0.001 222
1707039481634 0.001 223
1707039494729 0.001 224
1707039508133 0.001 225
1707039521410 0.001 226
1707039539818 0.001 227
1707039554482 0.001 228
1707039567590 0.001 229
1707039581346 0.001 230
1707039595123 0.001 231
1707039608527 0.001 232
1707039626847 0.001 233
1707039640919 0.001 234
1707039654990 0.001 235
1707039666043 0.001 236
1707039677636 0.001 237
1707039695401 0.001 238
1707039706092 0.001 239
1707039725800 0.001 240
1707039739868 0.001 241
1707039754057 0.001 242
1707039768093 0.001 243
1707039782262 0.001 244
1707039792966 0.001 245
1707039803669 0.001 246
1707039814777 0.001 247
1707039827205 0.001 248
1707039841144 0.001 249
1707039857575 0.001 250
1707039868332 0.001 251
1707039879861 0.001 252
1707039895904 0.001 253
1707039909355 0.001 254
1707039923290 0.001 255
1707039934718 0.001 256
1707039949460 0.001 257
1707039963258 0.001 258
1707039978057 0.001 259
1707039992043 0.001 260
1707040004077 0.001 261
1707040020788 0.001 262
1707040034797 0.001 263
1707040048803 0.001 264
1707040062904 0.001 265
1707040076994 0.001 266
1707040091063 0.001 267
1707040101774 0.001 268
1707040112483 0.001 269
1707040126521 0.001 270
1707040144272 0.001 271
1707040156782 0.001 272
1707040169152 0.001 273
1707040183958 0.001 274
1707040194660 0.001 275
1707040212557 0.001 276
1707040225367 0.001 277
1707040242326 0.001 278
1707040255713 0.001 279
1707040267540 0.001 280
1707040279167 0.001 281
1707040292234 0.001 282
1707040304151 0.001 283
1707040317575 0.001 284
1707040330781 0.001 285
1707040345583 0.001 286
1707040359088 0.001 287
1707040371893 0.001 288
1707040388238 0.001 289
1707040402471 0.001 290
1707040415155 0.001 291
1707040427989 0.001 292
1707040443098 0.001 293
1707040457581 0.001 294
1707040473098 0.001 295
1707040484350 0.001 296
1707040497914 0.001 297
1707040512828 0.001 298
1707040524133 0.001 299
1707040544461 0.001 300
1707040555817 0.001 301
1707040572013 0.001 302
1707040588338 0.001 303
1707040601841 0.001 304
1707040614092 0.001 305
1707040627123 0.001 306
1707040639062 0.001 307
1707040651463 0.001 308
1707040662273 0.001 309
1707040673766 0.001 310
1707040693237 0.001 311
1707040705124 0.001 312
1707040719215 0.001 313
1707040732938 0.001 314
1707040745645 0.001 315
1707040761428 0.001 316
1707040774268 0.001 317
1707040787862 0.001 318
1707040801822 0.001 319
1707040813266 0.001 320
1707040828408 0.001 321
1707040840431 0.001 322
1707040855421 0.001 323
1707040870252 0.001 324
1707040885677 0.001 325
1707040899723 0.001 326
1707040910437 0.001 327
1707040924546 0.001 328
1707040938513 0.001 329
1707040955525 0.001 330
1707040969710 0.001 331
1707040980843 0.001 332
1707040996959 0.001 333
1707041009937 0.001 334
1707041023827 0.001 335
1707041039032 0.001 336
1707041053491 0.001 337
1707041064222 0.001 338
1707041078089 0.001 339
1707041094056 0.001 340
1707041109037 0.001 341
1707041121078 0.001 342
1707041134033 0.001 343
1707041154021 0.001 344
1707041168243 0.001 345
1707041182484 0.001 346
1707041196574 0.001 347
1707041210605 0.001 348
1707041224730 0.001 349
1707041238821 0.001 350
1707041253075 0.001 351
1707041267168 0.001 352
1707041277897 0.001 353
1707041288639 0.001 354
1707041299806 0.001 355
1707041311786 0.001 356
1707041325325 0.001 357
1707041339617 0.001 358
1707041352617 0.001 359
1707041369429 0.001 360
1707041385555 0.001 361
1707041400494 0.001 362
1707041415808 0.001 363
1707041430780 0.001 364
1707041444808 0.001 365
1707041455555 0.001 366
1707041466292 0.001 367
1707041482486 0.001 368
1707041498669 0.001 369
1707041514660 0.001 370
1707041529175 0.001 371
1707041541047 0.001 372
1707041553000 0.001 373
1707041566486 0.001 374
1707041582403 0.001 375
1707041596252 0.001 376
1707041612068 0.001 377
1707041624585 0.001 378
1707041640689 0.001 379
1707041655011 0.001 380
1707041671142 0.001 381
1707041684141 0.001 382
1707041699403 0.001 383
1707041713153 0.001 384
1707041727287 0.001 385
1707041739153 0.001 386
1707041756193 0.001 387
1707041770507 0.001 388
1707041785000 0.001 389
1707041799164 0.001 390
1707041815514 0.001 391
1707041830227 0.001 392
1707041843748 0.001 393
1707041856909 0.001 394
1707041869152 0.001 395
1707041884265 0.001 396
1707041897781 0.001 397
1707041910421 0.001 398
1707041923656 0.001 399
1707041940379 0.001 400
1707041951133 0.001 401
1707041967199 0.001 402
1707041977938 0.001 403
1707041993872 0.001 404
1707042008633 0.001 405
1707042022772 0.001 406
1707042033517 0.001 407
1707042049461 0.001 408
1707042060212 0.001 409
1707042078582 0.001 410
1707042092448 0.001 411
1707042107602 0.001 412
1707042120914 0.001 413
1707042140239 0.001 414
1707042154574 0.001 415
1707042165415 0.001 416
1707042178574 0.001 417
1707042195878 0.001 418
1707042207352 0.001 419
1707042218962 0.001 420
1707042232883 0.001 421
1707042247653 0.001 422
1707042262680 0.001 423
1707042279639 0.001 424
1707042290348 0.001 425
1707042301153 0.001 426
1707042320967 0.001 427
1707042334989 0.001 428
1707042345704 0.001 429
1707042361478 0.001 430
1707042373261 0.001 431
1707042386748 0.001 432
1707042400867 0.001 433
1707042414879 0.001 434
1707042426090 0.001 435
1707042442092 0.001 436
1707042456614 0.001 437
1707042471171 0.001 438
1707042482735 0.001 439
1707042497324 0.001 440
1707042509968 0.001 441
1707042522513 0.001 442
1707042538885 0.001 443
1707042551325 0.001 444
1707042564384 0.001 445
1707042577981 0.001 446
1707042589614 0.001 447
1707042603506 0.001 448
1707042619342 0.001 449
1707042635338 0.001 450
1707042646062 0.001 451
1707042658803 0.001 452
1707042673362 0.001 453
1707042685597 0.001 454
1707042701430 0.001 455
1707042716056 0.001 456
1707042727118 0.001 457
1707042741651 0.001 458
1707042755736 0.001 459
1707042768535 0.001 460
1707042782840 0.001 461
1707042793879 0.001 462
1707042808613 0.001 463
1707042821616 0.001 464
1707042835423 0.001 465
1707042853818 0.001 466
1707042868502 0.001 467
1707042882473 0.001 468
1707042896900 0.001 469
1707042910739 0.001 470
1707042923338 0.001 471
1707042939764 0.001 472
1707042953921 0.001 473
1707042964639 0.001 474
1707042978285 0.001 475
1707042991535 0.001 476
1707043006768 0.001 477
1707043020406 0.001 478
1707043037086 0.001 479
1707043050037 0.001 480
1707043062770 0.001 481
1707043074999 0.001 482
1707043088575 0.001 483
1707043101234 0.001 484
1707043115612 0.001 485
1707043129807 0.001 486
1707043143586 0.001 487
1707043159205 0.001 488
1707043170013 0.001 489
1707043180740 0.001 490
1707043193905 0.001 491
1707043208204 0.001 492
1707043224055 0.001 493
1707043238278 0.001 494
1707043251542 0.001 495
1707043266582 0.001 496
1707043277460 0.001 497
1707043291755 0.001 498
1707043308241 0.001 499
1707043325260 0.001 500
1707043337839 0.001 501
1707043352220 0.001 502
1707043365536 0.001 503
1707043377458 0.001 504
1707043390928 0.001 505
1707043409424 0.001 506
1707043422175 0.001 507
1707043433685 0.001 508
1707043450754 0.001 509
1707043465387 0.001 510
1707043478073 0.001 511
1707043492896 0.001 512
1707043508964 0.001 513
1707043524201 0.001 514
1707043539986 0.001 515
1707043550717 0.001 516
1707043564845 0.001 517
1707043575570 0.001 518
1707043588033 0.001 519
1707043601903 0.001 520
1707043617717 0.001 521
1707043632513 0.001 522
1707043644292 0.001 523
1707043656969 0.001 524
1707043671758 0.001 525
1707043687885 0.001 526
1707043701711 0.001 527
1707043716973 0.001 528
1707043730953 0.001 529
1707043743951 0.001 530
1707043762963 0.001 531
1707043774451 0.001 532
1707043790437 0.001 533
1707043804578 0.001 534
1707043815627 0.001 535
1707043830303 0.001 536
1707043847168 0.001 537
1707043857969 0.001 538
1707043876759 0.001 539
1707043887480 0.001 540
1707043900114 0.001 541
1707043912152 0.001 542
1707043924461 0.001 543
1707043937826 0.001 544
1707043950405 0.001 545
1707043965168 0.001 546
1707043977117 0.001 547
1707043991582 0.001 548
1707044006529 0.001 549
1707044024654 0.001 550
1707044035377 0.001 551
1707044048432 0.001 552
1707044062058 0.001 553
1707044076497 0.001 554
1707044091228 0.001 555
1707044108069 0.001 556
1707044123156 0.001 557
1707044136670 0.001 558
1707044151987 0.001 559
1707044163268 0.001 560
1707044177732 0.001 561
1707044192397 0.001 562
1707044205164 0.001 563
1707044217330 0.001 564
1707044229980 0.001 565
1707044242738 0.001 566
1707044255910 0.001 567
1707044269544 0.001 568
1707044283486 0.001 569
1707044297825 0.001 570
1707044311745 0.001 571
1707044330267 0.001 572
1707044341025 0.001 573
1707044354632 0.001 574
1707044370523 0.001 575
1707044386347 0.001 576
1707044398710 0.001 577
1707044412680 0.001 578
1707044427635 0.001 579
1707044445133 0.001 580
1707044457524 0.001 581
1707044471301 0.001 582
1707044484110 0.001 583
1707044497231 0.001 584
1707044515087 0.001 585
1707044527424 0.001 586
1707044538844 0.001 587
1707044552283 0.001 588
1707044564968 0.001 589
1707044579388 0.001 590
1707044594326 0.001 591
1707044605615 0.001 592
1707044618472 0.001 593
1707044631023 0.001 594
1707044642624 0.001 595
1707044657598 0.001 596
1707044674111 0.001 597
1707044687803 0.001 598
1707044701323 0.001 599
1707044718396 0.001 600
1707044729131 0.001 601
1707044742089 0.001 602
1707044755846 0.001 603
1707044768560 0.001 604
1707044783473 0.001 605
1707044796022 0.001 606
1707044808807 0.001 607
1707044823012 0.001 608
1707044837418 0.001 609
1707044851468 0.001 610
1707044865415 0.001 611
1707044879692 0.001 612
1707044893461 0.001 613
1707044904745 0.001 614
1707044918699 0.001 615
1707044933234 0.001 616
1707044948614 0.001 617
1707044963310 0.001 618
1707044980350 0.001 619
1707044994223 0.001 620
1707045009787 0.001 621
1707045026485 0.001 622
1707045038326 0.001 623
1707045052261 0.001 624
1707045066970 0.001 625
1707045082444 0.001 626
1707045096700 0.001 627
1707045112099 0.001 628
1707045126541 0.001 629
1707045137407 0.001 630
1707045154738 0.001 631
1707045165490 0.001 632
1707045179653 0.001 633
1707045190570 0.001 634
1707045207112 0.001 635
1707045222558 0.001 636
1707045241277 0.001 637
1707045252654 0.001 638
1707045268694 0.001 639
1707045282742 0.001 640
1707045298360 0.001 641
1707045313234 0.001 642
1707045327968 0.001 643
1707045341538 0.001 644
1707045354265 0.001 645
1707045369093 0.001 646
1707045384771 0.001 647
1707045400237 0.001 648
1707045414233 0.001 649
1707045428294 0.001 650
1707045439039 0.001 651
1707045449785 0.001 652
1707045465670 0.001 653
1707045480861 0.001 654
1707045494069 0.001 655
1707045506901 0.001 656
1707045518095 0.001 657
1707045531883 0.001 658
1707045546718 0.001 659
1707045565105 0.001 660
1707045579600 0.001 661
1707045591605 0.001 662
1707045605132 0.001 663
1707045618235 0.001 664
1707045631662 0.001 665
1707045648203 0.001 666
1707045662282 0.001 667
1707045676925 0.001 668
1707045693716 0.001 669
1707045707899 0.001 670
1707045722245 0.001 671
1707045739984 0.001 672
1707045752263 0.001 673
1707045767117 0.001 674
1707045780388 0.001 675
1707045798895 0.001 676
1707045814263 0.001 677
1707045825654 0.001 678
1707045841508 0.001 679
1707045856490 0.001 680
1707045871423 0.001 681
1707045884799 0.001 682
1707045898454 0.001 683
1707045911361 0.001 684
1707045925669 0.001 685
1707045940213 0.001 686
1707045952968 0.001 687
1707045965008 0.001 688
1707045979708 0.001 689
1707045993347 0.001 690
1707046010545 0.001 691
1707046022465 0.001 692
1707046037413 0.001 693
1707046056339 0.001 694
1707046071751 0.001 695
1707046085956 0.001 696
1707046099971 0.001 697
1707046114086 0.001 698
1707046128489 0.001 699
1707046145922 0.001 700
1707046156684 0.001 701
1707046167439 0.001 702
1707046178202 0.001 703
1707046194426 0.001 704
1707046209089 0.001 705
1707046220932 0.001 706
1707046233688 0.001 707
1707046248537 0.001 708
1707046261627 0.001 709
1707046277283 0.001 710
1707046291491 0.001 711
1707046307844 0.001 712
1707046325447 0.001 713
1707046339968 0.001 714
1707046357316 0.001 715
1707046370116 0.001 716
1707046387183 0.001 717
1707046398012 0.001 718
1707046413775 0.001 719
1707046426926 0.001 720
1707046441828 0.001 721
1707046456763 0.001 722
1707046470402 0.001 723
1707046488589 0.001 724
1707046503646 0.001 725
1707046518868 0.001 726
1707046535350 0.001 727
1707046546266 0.001 728
1707046557774 0.001 729
1707046571089 0.001 730
1707046589460 0.001 731
1707046601341 0.001 732
1707046615495 0.001 733
1707046626263 0.001 734
1707046641836 0.001 735
1707046655241 0.001 736
1707046668225 0.001 737
1707046682281 0.001 738
1707046699262 0.001 739
1707046710939 0.001 740
1707046725058 0.001 741
1707046738070 0.001 742
1707046752700 0.001 743
1707046767765 0.001 744
1707046780741 0.001 745
1707046793614 0.001 746
1707046808151 0.001 747
1707046820679 0.001 748
1707046834330 0.001 749
1707046850787 0.001 750
1707046861556 0.001 751
1707046874724 0.001 752
1707046886980 0.001 753
1707046899879 0.001 754
1707046913136 0.001 755
1707046926349 0.001 756
1707046941610 0.001 757
1707046956769 0.001 758
1707046969733 0.001 759
1707046984057 0.001 760
1707046998978 0.001 761
1707047012384 0.001 762
1707047028490 0.001 763
1707047043249 0.001 764
1707047057012 0.001 765
1707047073163 0.001 766
1707047088172 0.001 767
1707047102674 0.001 768
1707047113464 0.001 769
1707047125288 0.001 770
1707047140759 0.001 771
1707047151535 0.001 772
1707047163850 0.001 773
1707047177546 0.001 774
1707047191553 0.001 775
1707047204124 0.001 776
1707047219036 0.001 777
1707047232453 0.001 778
1707047248800 0.001 779
1707047260275 0.001 780
1707047275205 0.001 781
1707047289029 0.001 782
1707047303757 0.001 783
1707047318071 0.001 784
1707047331465 0.001 785
1707047345042 0.001 786
1707047356957 0.001 787
1707047373162 0.001 788
1707047384625 0.001 789
1707047402500 0.001 790
1707047416750 0.001 791
1707047429955 0.001 792
1707047443562 0.001 793
1707047457387 0.001 794
1707047468945 0.001 795
1707047484831 0.001 796
1707047499840 0.001 797
1707047511841 0.001 798
1707047522829 0.001 799
1707047541287 0.001 800
1707047552060 0.001 801
1707047565088 0.001 802
1707047578199 0.001 803
1707047594032 0.001 804
1707047607111 0.001 805
1707047622426 0.001 806
1707047639846 0.001 807
1707047657370 0.001 808
1707047670003 0.001 809
1707047681791 0.001 810
1707047698349 0.001 811
1707047709639 0.001 812
1707047724120 0.001 813
1707047740442 0.001 814
1707047752175 0.001 815
1707047763607 0.001 816
1707047778414 0.001 817
1707047790540 0.001 818
1707047805039 0.001 819
1707047818242 0.001 820
1707047831653 0.001 821
1707047844988 0.001 822
1707047859161 0.001 823
1707047873998 0.001 824
1707047888616 0.001 825
1707047905291 0.001 826
1707047917646 0.001 827
1707047931983 0.001 828
1707047945813 0.001 829
1707047961168 0.001 830
1707047975886 0.001 831
1707047991927 0.001 832
1707048007592 0.001 833
1707048021934 0.001 834
1707048038243 0.001 835
1707048051278 0.001 836
1707048064762 0.001 837
1707048080480 0.001 838
1707048091265 0.001 839
1707048107949 0.001 840
1707048123474 0.001 841
1707048135919 0.001 842
1707048148654 0.001 843
1707048161324 0.001 844
1707048177398 0.001 845
1707048190365 0.001 846
1707048208033 0.001 847
1707048222929 0.001 848
1707048237289 0.001 849
1707048256872 0.001 850
1707048267709 0.001 851
1707048278468 0.001 852
1707048289468 0.001 853
1707048303228 0.001 854
1707048315911 0.001 855
1707048331967 0.001 856
1707048344929 0.001 857
1707048358374 0.001 858
1707048373214 0.001 859
1707048385739 0.001 860
1707048396672 0.001 861
1707048411043 0.001 862
1707048424736 0.001 863
1707048437358 0.001 864
1707048450739 0.001 865
1707048463900 0.001 866
1707048480901 0.001 867
1707048497153 0.001 868
1707048509850 0.001 869
1707048520610 0.001 870
1707048534283 0.001 871
1707048549582 0.001 872
1707048563004 0.001 873
1707048575964 0.001 874
1707048588991 0.001 875
1707048601972 0.001 876
1707048615068 0.001 877
1707048630536 0.001 878
1707048647697 0.001 879
1707048661784 0.001 880
1707048672545 0.001 881
1707048688070 0.001 882
1707048702276 0.001 883
1707048713048 0.001 884
1707048726212 0.001 885
1707048738782 0.001 886
1707048753034 0.001 887
1707048765771 0.001 888
1707048780174 0.001 889
1707048793127 0.001 890
1707048808602 0.001 891
1707048820799 0.001 892
1707048836002 0.001 893
1707048850428 0.001 894
1707048864383 0.001 895
1707048878772 0.001 896
1707048890523 0.001 897
1707048905314 0.001 898
1707048920704 0.001 899
1707048939018 0.001 900
1707048949783 0.001 901
1707048961420 0.001 902
1707048973380 0.001 903
1707048984372 0.001 904
1707048998411 0.001 905
1707049012046 0.001 906
1707049022796 0.001 907
1707049035719 0.001 908
1707049048813 0.001 909
1707049062924 0.001 910
1707049075217 0.001 911
1707049089911 0.001 912
1707049105339 0.001 913
1707049117985 0.001 914
1707049130430 0.001 915
1707049145673 0.001 916
1707049159364 0.001 917
1707049173328 0.001 918
1707049187940 0.001 919
1707049200798 0.001 920
1707049214458 0.001 921
1707049227825 0.001 922
1707049240897 0.001 923
1707049258716 0.001 924
1707049269477 0.001 925
1707049281831 0.001 926
1707049295242 0.001 927
1707049311807 0.001 928
1707049326504 0.001 929
1707049337930 0.001 930
1707049351865 0.001 931
1707049363630 0.001 932
1707049376193 0.001 933
1707049389630 0.001 934
1707049404919 0.001 935
1707049417069 0.001 936
1707049429280 0.001 937
1707049445477 0.001 938
1707049459991 0.001 939
1707049473393 0.001 940
1707049484149 0.001 941
1707049500007 0.001 942
1707049515588 0.001 943
1707049529557 0.001 944
1707049543316 0.001 945
1707049555338 0.001 946
1707049568394 0.001 947
1707049582793 0.001 948
1707049596975 0.001 949
1707049613269 0.001 950
1707049625811 0.001 951
1707049638308 0.001 952
1707049652553 0.001 953
1707049664889 0.001 954
1707049677671 0.001 955
1707049691798 0.001 956
1707049703794 0.001 957
1707049720290 0.001 958
1707049733302 0.001 959
1707049747447 0.001 960
1707049762999 0.001 961
1707049779609 0.001 962
1707049795576 0.001 963
1707049809020 0.001 964
1707049821007 0.001 965
1707049837778 0.001 966
1707049850949 0.001 967
1707049864585 0.001 968
1707049878481 0.001 969
1707049894185 0.001 970
1707049904964 0.001 971
1707049921874 0.001 972
1707049936890 0.001 973
1707049952872 0.001 974
1707049964810 0.001 975
1707049976646 0.001 976
1707049992164 0.001 977
1707050006766 0.001 978
1707050020182 0.001 979
1707050036810 0.001 980
1707050050726 0.001 981
1707050064728 0.001 982
1707050080969 0.001 983
1707050094445 0.001 984
1707050110240 0.001 985
1707050126777 0.001 986
1707050139937 0.001 987
1707050155591 0.001 988
1707050172348 0.001 989
1707050186091 0.001 990
1707050200686 0.001 991
1707050214137 0.001 992
1707050226554 0.001 993
1707050244377 0.001 994
1707050255859 0.001 995
1707050274067 0.001 996
1707050288188 0.001 997
1707050298961 0.001 998
1707050310161 0.001 999
1707050327862 0.001 1000
1707050340456 0.001 1001
1707050356163 0.001 1002
1707050368669 0.001 1003
1707050381507 0.001 1004
1707050396418 0.001 1005
1707050409371 0.001 1006
1707050421931 0.001 1007
1707050436990 0.001 1008
1707050451039 0.001 1009
1707050466408 0.001 1010
1707050480524 0.001 1011
1707050492835 0.001 1012
1707050507444 0.001 1013
1707050522179 0.001 1014
1707050536939 0.001 1015
1707050552038 0.001 1016
1707050565275 0.001 1017
1707050581770 0.001 1018
1707050592811 0.001 1019
1707050605341 0.001 1020
1707050624134 0.001 1021
1707050635974 0.001 1022
1707050648130 0.001 1023
1707050664681 0.001 1024
1707050678670 0.001 1025
1707050693219 0.001 1026
1707050705592 0.001 1027
1707050724269 0.001 1028
1707050738448 0.001 1029
1707050749235 0.001 1030
1707050763462 0.001 1031
1707050777635 0.001 1032
1707050791917 0.001 1033
1707050802681 0.001 1034
1707050813459 0.001 1035
1707050826066 0.001 1036
1707050842664 0.001 1037
1707050856749 0.001 1038
1707050869062 0.001 1039
1707050883786 0.001 1040
1707050898910 0.001 1041
1707050914418 0.001 1042
1707050926096 0.001 1043
1707050939769 0.001 1044
1707050953629 0.001 1045
1707050965180 0.001 1046
1707050978027 0.001 1047
1707050995016 0.001 1048
1707051008346 0.001 1049
1707051025813 0.001 1050
1707051040419 0.001 1051
1707051056858 0.001 1052
1707051069813 0.001 1053
1707051084058 0.001 1054
1707051096208 0.001 1055
1707051111144 0.001 1056
1707051123003 0.001 1057
1707051137607 0.001 1058
1707051151932 0.001 1059
1707051166299 0.001 1060
1707051181326 0.001 1061
1707051193432 0.001 1062
1707051207147 0.001 1063
1707051220445 0.001 1064
1707051234122 0.001 1065
1707051246577 0.001 1066
1707051260267 0.001 1067
1707051273306 0.001 1068
1707051286615 0.001 1069
1707051300019 0.001 1070
1707051313334 0.001 1071
1707051326459 0.001 1072
1707051341228 0.001 1073
1707051355639 0.001 1074
1707051368443 0.001 1075
1707051385307 0.001 1076
1707051397532 0.001 1077
1707051414524 0.001 1078
1707051428747 0.001 1079
1707051443465 0.001 1080
1707051454233 0.001 1081
1707051469949 0.001 1082
1707051484884 0.001 1083
1707051498610 0.001 1084
1707051509384 0.001 1085
1707051524461 0.001 1086
1707051541099 0.001 1087
1707051556664 0.001 1088
1707051569521 0.001 1089
1707051581965 0.001 1090
1707051595105 0.001 1091
1707051609146 0.001 1092
1707051623551 0.001 1093
1707051637862 0.001 1094
1707051651535 0.001 1095
1707051665087 0.001 1096
1707051680084 0.001 1097
1707051694484 0.001 1098
1707051709164 0.001 1099
1707051723952 0.001 1100
1707051734877 0.001 1101
1707051746704 0.001 1102
1707051763693 0.001 1103
1707051778963 0.001 1104
1707051790208 0.001 1105
1707051801584 0.001 1106
1707051814940 0.001 1107
1707051829749 0.001 1108
1707051843625 0.001 1109
1707051857791 0.001 1110
1707051874347 0.001 1111
1707051890057 0.001 1112
1707051903292 0.001 1113
1707051917123 0.001 1114
1707051927899 0.001 1115
1707051939038 0.001 1116
1707051956024 0.001 1117
1707051967659 0.001 1118
1707051979310 0.001 1119
1707051995002 0.001 1120
1707052005786 0.001 1121
1707052019119 0.001 1122
1707052035982 0.001 1123
1707052050811 0.001 1124
1707052064586 0.001 1125
1707052078897 0.001 1126
1707052095405 0.001 1127
1707052110465 0.001 1128
1707052124042 0.001 1129
1707052137575 0.001 1130
1707052152657 0.001 1131
1707052166262 0.001 1132
1707052178643 0.001 1133
1707052191943 0.001 1134
1707052204682 0.001 1135
1707052218241 0.001 1136
1707052231610 0.001 1137
1707052245514 0.001 1138
1707052257411 0.001 1139
1707052271360 0.001 1140
1707052284859 0.001 1141
1707052297054 0.001 1142
1707052311586 0.001 1143
1707052323168 0.001 1144
1707052338779 0.001 1145
1707052354624 0.001 1146
1707052367702 0.001 1147
1707052381181 0.001 1148
1707052392398 0.001 1149
1707052408411 0.001 1150
1707052419191 0.001 1151
1707052430688 0.001 1152
1707052446898 0.001 1153
1707052461313 0.001 1154
1707052474266 0.001 1155
1707052490332 0.001 1156
1707052502245 0.001 1157
1707052516580 0.001 1158
1707052531962 0.001 1159
1707052546719 0.001 1160
1707052560676 0.001 1161
1707052573513 0.001 1162
1707052587294 0.001 1163
1707052602474 0.001 1164
1707052617363 0.001 1165
1707052631597 0.001 1166
1707052645576 0.001 1167
1707052659747 0.001 1168
1707052671458 0.001 1169
1707052683911 0.001 1170
1707052698404 0.001 1171
1707052711781 0.001 1172
1707052726873 0.001 1173
1707052740536 0.001 1174
1707052756220 0.001 1175
1707052769206 0.001 1176
1707052783666 0.001 1177
1707052797480 0.001 1178
1707052813512 0.001 1179
1707052826852 0.001 1180
1707052841905 0.001 1181
1707052856280 0.001 1182
1707052871197 0.001 1183
1707052884375 0.001 1184
1707052897045 0.001 1185
1707052913920 0.001 1186
1707052926265 0.001 1187
1707052941392 0.001 1188
1707052956594 0.001 1189
1707052972069 0.001 1190
1707052984801 0.001 1191
1707052999066 0.001 1192
1707053012394 0.001 1193
1707053027572 0.001 1194
1707053040835 0.001 1195
1707053053957 0.001 1196
1707053067216 0.001 1197
1707053082213 0.001 1198
1707053096847 0.001 1199
1707053113904 0.001 1200
1707053124685 0.001 1201
1707053140287 0.001 1202
1707053155879 0.001 1203
1707053168764 0.001 1204
1707053180726 0.001 1205
1707053196163 0.001 1206
1707053209883 0.001 1207
1707053225563 0.001 1208
1707053238679 0.001 1209
1707053252180 0.001 1210
1707053266079 0.001 1211
1707053277799 0.001 1212
1707053291785 0.001 1213
1707053307390 0.001 1214
1707053323189 0.001 1215
1707053334915 0.001 1216
1707053348265 0.001 1217
1707053361805 0.001 1218
1707053374042 0.001 1219
1707053388828 0.001 1220
1707053404589 0.001 1221
1707053418412 0.001 1222
1707053431453 0.001 1223
1707053445063 0.001 1224
1707053461802 0.001 1225
1707053473589 0.001 1226
1707053486864 0.001 1227
1707053500342 0.001 1228
1707053513862 0.001 1229
1707053528200 0.001 1230
1707053541782 0.001 1231
1707053555185 0.001 1232
1707053568621 0.001 1233
1707053582230 0.001 1234
1707053596929 0.001 1235
1707053608710 0.001 1236
1707053626281 0.001 1237
1707053637103 0.001 1238
1707053651664 0.001 1239
1707053665952 0.001 1240
1707053680148 0.001 1241
1707053694248 0.001 1242
1707053708890 0.001 1243
1707053723605 0.001 1244
1707053736895 0.001 1245
1707053749832 0.001 1246
1707053765132 0.001 1247
1707053777711 0.001 1248
1707053792165 0.001 1249
1707053810191 0.001 1250
1707053820968 0.001 1251
1707053832545 0.001 1252
1707053849186 0.001 1253
1707053862330 0.001 1254
1707053876861 0.001 1255
1707053888880 0.001 1256
1707053905681 0.001 1257
1707053918474 0.001 1258
1707053934459 0.001 1259
1707053947404 0.001 1260
1707053960500 0.001 1261
1707053972863 0.001 1262
1707053988222 0.001 1263
1707053999509 0.001 1264
1707054013016 0.001 1265
1707054025477 0.001 1266
1707054040181 0.001 1267
1707054054826 0.001 1268
1707054070478 0.001 1269
1707054082436 0.001 1270
1707054095963 0.001 1271
1707054109697 0.001 1272
1707054123481 0.001 1273
1707054136059 0.001 1274
1707054148078 0.001 1275
1707054159439 0.001 1276
1707054173519 0.001 1277
1707054186217 0.001 1278
1707054199565 0.001 1279
1707054213036 0.001 1280
1707054228655 0.001 1281
1707054242544 0.001 1282
1707054257685 0.001 1283
1707054270085 0.001 1284
1707054284065 0.001 1285
1707054298470 0.001 1286
1707054312809 0.001 1287
1707054325509 0.001 1288
1707054340770 0.001 1289
1707054356349 0.001 1290
1707054371396 0.001 1291
1707054384035 0.001 1292
1707054396555 0.001 1293
1707054413182 0.001 1294
1707054424678 0.001 1295
1707054438155 0.001 1296
1707054452566 0.001 1297
1707054465237 0.001 1298
1707054479576 0.001 1299
1707054496922 0.001 1300
1707054507719 0.001 1301
1707054519256 0.001 1302
1707054541672 0.001 1303
1707054556145 0.001 1304
1707054568214 0.001 1305
1707054585855 0.001 1306
1707054599967 0.001 1307
1707054610761 0.001 1308
1707054626460 0.001 1309
1707054640903 0.001 1310
1707054651705 0.001 1311
1707054666515 0.001 1312
1707054680562 0.001 1313
1707054695609 0.001 1314
1707054708633 0.001 1315
1707054723502 0.001 1316
1707054735127 0.001 1317
1707054747460 0.001 1318
1707054760085 0.001 1319
1707054773919 0.001 1320
1707054787572 0.001 1321
1707054798594 0.001 1322
1707054811368 0.001 1323
1707054826208 0.001 1324
1707054838820 0.001 1325
1707054852875 0.001 1326
1707054867437 0.001 1327
1707054881916 0.001 1328
1707054895878 0.001 1329
1707054911876 0.001 1330
1707054923970 0.001 1331
1707054935928 0.001 1332
1707054947965 0.001 1333
1707054960650 0.001 1334
1707054973145 0.001 1335
1707054986835 0.001 1336
1707055001448 0.001 1337
1707055014114 0.001 1338
1707055027688 0.001 1339
1707055040920 0.001 1340
1707055057146 0.001 1341
1707055070589 0.001 1342
1707055083223 0.001 1343
1707055097937 0.001 1344
1707055112362 0.001 1345
1707055123700 0.001 1346
1707055136867 0.001 1347
1707055150684 0.001 1348
1707055165623 0.001 1349
1707055182659 0.001 1350
1707055193461 0.001 1351
1707055207175 0.001 1352
1707055218448 0.001 1353
1707055229910 0.001 1354
1707055242960 0.001 1355
1707055255790 0.001 1356
1707055271556 0.001 1357
1707055283339 0.001 1358
1707055297947 0.001 1359
1707055309508 0.001 1360
1707055325057 0.001 1361
1707055338294 0.001 1362
1707055350905 0.001 1363
1707055366107 0.001 1364
1707055379510 0.001 1365
1707055394392 0.001 1366
1707055406164 0.001 1367
1707055418512 0.001 1368
1707055437368 0.001 1369
1707055449902 0.001 1370
1707055464937 0.001 1371
1707055481603 0.001 1372
1707055495089 0.001 1373
1707055507334 0.001 1374
1707055521819 0.001 1375
1707055537458 0.001 1376
1707055549111 0.001 1377
1707055562808 0.001 1378
1707055575581 0.001 1379
1707055589922 0.001 1380
1707055605113 0.001 1381
1707055620370 0.001 1382
1707055633042 0.001 1383
1707055647656 0.001 1384
1707055661673 0.001 1385
1707055675932 0.001 1386
1707055691244 0.001 1387
1707055705164 0.001 1388
1707055716997 0.001 1389
1707055729057 0.001 1390
1707055743365 0.001 1391
1707055757226 0.001 1392
1707055772088 0.001 1393
1707055785631 0.001 1394
1707055799632 0.001 1395
1707055814762 0.001 1396
1707055826864 0.001 1397
1707055840430 0.001 1398
1707055857974 0.001 1399
1707055874854 0.001 1400
1707055885664 0.001 1401
1707055896472 0.001 1402
1707055907286 0.001 1403
1707055922481 0.001 1404
1707055935955 0.001 1405
1707055948434 0.001 1406
1707055962569 0.001 1407
1707055977024 0.001 1408
1707055989541 0.001 1409
1707056005018 0.001 1410
1707056019698 0.001 1411
1707056032457 0.001 1412
1707056046602 0.001 1413
1707056057390 0.001 1414
1707056070879 0.001 1415
1707056086024 0.001 1416
1707056101838 0.001 1417
1707056116718 0.001 1418
1707056129689 0.001 1419
1707056144385 0.001 1420
1707056156782 0.001 1421
1707056170769 0.001 1422
1707056181567 0.001 1423
1707056194279 0.001 1424
1707056208910 0.001 1425
1707056223950 0.001 1426
1707056237808 0.001 1427
1707056255083 0.001 1428
1707056268864 0.001 1429
1707056281165 0.001 1430
1707056297765 0.001 1431
1707056314296 0.001 1432
1707056328178 0.001 1433
1707056339829 0.001 1434
1707056354519 0.001 1435
1707056369028 0.001 1436
1707056382673 0.001 1437
1707056394023 0.001 1438
1707056408620 0.001 1439
1707056423601 0.001 1440
1707056439297 0.001 1441
1707056454015 0.001 1442
1707056465669 0.001 1443
1707056483373 0.001 1444
1707056499300 0.001 1445
1707056512789 0.001 1446
1707056529487 0.001 1447
1707056541425 0.001 1448
1707056553210 0.001 1449
1707056571902 0.001 1450
1707056582718 0.001 1451
1707056596381 0.001 1452
1707056610140 0.001 1453
1707056624555 0.001 1454
1707056637761 0.001 1455
1707056649027 0.001 1456
1707056662209 0.001 1457
1707056675497 0.001 1458
1707056689227 0.001 1459
1707056703809 0.001 1460
1707056717917 0.001 1461
1707056733208 0.001 1462
1707056745099 0.001 1463
1707056757800 0.001 1464
1707056772317 0.001 1465
1707056786218 0.001 1466
1707056801427 0.001 1467
1707056813685 0.001 1468
1707056829525 0.001 1469
1707056844048 0.001 1470
1707056857659 0.001 1471
1707056872794 0.001 1472
1707056885550 0.001 1473
1707056900938 0.001 1474
1707056913450 0.001 1475
1707056925969 0.001 1476
1707056939472 0.001 1477
1707056954267 0.001 1478
1707056969878 0.001 1479
1707056984405 0.001 1480
1707056996876 0.001 1481
1707057012359 0.001 1482
1707057025008 0.001 1483
1707057039346 0.001 1484
1707057052215 0.001 1485
1707057067810 0.001 1486
1707057084467 0.001 1487
1707057096677 0.001 1488
1707057110545 0.001 1489
1707057123503 0.001 1490
1707057141357 0.001 1491
1707057153098 0.001 1492
1707057169061 0.001 1493
1707057179863 0.001 1494
1707057192462 0.001 1495
1707057205909 0.001 1496
1707057221668 0.001 1497
1707057236317 0.001 1498
1707057250894 0.001 1499
