1707036342594 6.834 0
1707036356814 3.1019 0
1707036367479 2.3657 0
1707036383150 2.1351 0
1707036397743 2.003 0
1707036411850 1.8987 0
1707036425797 1.7937 0
1707036439936 1.7677 0
1707036453939 1.7585 0
1707036469146 1.7325 0
1707036483112 1.6238 0
1707036497139 1.6803 0
1707036511293 1.5318 0
1707036525919 1.5713 0
1707036539890 1.626 0
1707036553865 1.5984 0
1707036567959 1.5577 0
1707036582014 1.5708 0
1707036596001 1.482 0
1707036609914 1.5455 0
1707036621215 1.5333 0
1707036633029 1.5597 0
1707036645602 1.4909 0
1707036659362 1.5283 0
1707036673160 1.4535 0
1707036686409 1.5279 0
1707036702591 1.4695 0
1707036719308 1.516 0
1707036733291 1.4771 0
1707036750102 1.5207 0
1707036764150 1.4882 0
1707036778164 1.5437 0
1707036793720 1.5342 0
1707036809383 1.498 0
1707036822638 1.5325 0
1707036837440 1.5251 0
1707036851432 1.4956 0
1707036866077 1.432 0
1707036880010 1.437 0
1707036894155 1.4606 0
1707036908404 1.5292 0
1707036924928 1.4565 0
1707036938958 1.4548 0
1707036955187 1.4668 0
1707036969282 1.4547 0
1707036983259 1.4172 0
1707036997552 1.4302 0
1707037011470 1.3712 0
1707037025519 1.434 0
1707037040135 1.4077 0
1707037054663 1.4679 0
1707037068690 1.4317 0
1707037079556 1.4442 0
1707037092065 1.4269 0
1707037108503 1.4482 0
1707037123128 1.5072 0
1707037137712 1.3737 0
1707037152136 1.3962 0
1707037166080 1.4732 0
1707037180070 1.3765 0
1707037194094 1.4226 0
1707037204801 1.4307 0
1707037219821 1.4419 0
1707037234045 1.4017 0
1707037248069 1.3887 0
1707037259171 1.4761 0
1707037273230 1.4216 0
1707037287239 1.3857 0
1707037301274 1.4189 0
1707037315407 1.4572 0
1707037329491 1.48 0
1707037343661 1.4495 0
1707037358259 1.3783 0
1707037374636 1.3424 0
1707037390703 1.3634 0
1707037404753 1.4105 0
1707037418829 1.3953 0
1707037432900 1.3739 0
1707037446974 1.3419 0
1707037460962 1.4179 0
1707037475155 1.3627 0
1707037489251 1.4649 0
1707037503417 1.4014 0
1707037517394 1.3774 0
1707037531371 1.4206 0
1707037545525 1.3354 0
1707037559624 1.3177 0
1707037570315 1.3959 0
1707037581014 1.3494 0
1707037595025 1.3678 0
1707037609107 1.3283 0
1707037623314 1.3887 0
1707037637275 1.4267 0
1707037651087 1.4035 0
1707037666354 1.359 0
1707037680214 1.3712 0
1707037696013 1.3537 0
1707037710304 1.3963 0
1707037724403 1.3373 0
1707037738493 1.2954 0
1707037755815 1.3173 0
1707037769882 1.28 0
1707037783957 1.3786 0
1707037798013 1.3375 0
1707037812014 1.372 0
1707037825873 1.3279 0
1707037839880 1.3558 0
1707037853934 1.288 0
1707037867829 1.3351 0
1707037881742 1.3463 0
1707037896772 1.314 0
1707037910868 1.3199 0
1707037925174 1.3328 0
1707037936308 1.3249 0
1707037950854 1.369 0
1707037967091 1.3046 0
1707037981073 1.3017 0
1707037995223 1.2792 0
1707038009377 1.3175 0
1707038023443 1.3232 0
1707038035060 1.2928 0
1707038049028 1.2868 0
1707038063071 1.3421 0
1707038077015 1.3072 0
1707038089144 1.2924 0
1707038103440 1.404 0
1707038117424 1.3211 0
1707038131365 1.3475 0
1707038145379 1.3078 0
1707038160034 1.3246 0
1707038174241 1.3527 0
1707038185166 1.2694 0
1707038199247 1.3168 0
1707038213209 1.3194 0
1707038227317 1.2742 0
1707038243877 1.2869 0
1707038258301 1.2841 0
1707038272281 1.2386 0
1707038287154 1.2743 0
1707038302279 1.2725 0
1707038317564 1.2709 0
1707038330309 1.2581 0
1707038343242 1.2614 0
1707038355951 1.2641 0
1707038370249 1.215 0
1707038385186 1.3298 0
1707038399601 1.3021 0
1707038413665 1.2773 0
1707038428874 1.2718 0
1707038442843 1.2942 0
1707038460172 1.2841 0
1707038470888 1.278 0
1707038484187 1.2917 0
1707038498180 1.2929 0
1707038515245 1.258 0
1707038530455 1.2715 0
1707038544578 1.2728 0
1707038559525 1.258 0
1707038573503 1.2366 0
1707038587675 1.2393 0
1707038603829 1.225 0
1707038621698 1.2277 0
1707038635708 1.2155 0
1707038649720 1.2893 0
1707038663750 1.284 0
1707038677626 1.2799 0
1707038691472 1.2743 0
1707038702747 1.3094 0
1707038720446 1.2412 0
1707038733640 1.2667 0
1707038746382 1.2833 0
1707038761111 1.2135 0
1707038775205 1.1867 0
1707038789313 1.2835 0
1707038804631 1.2284 0
1707038817039 1.2226 0
1707038830514 1.2489 0
1707038845014 1.2585 0
1707038856380 1.2097 0
1707038870055 1.1829 0
1707038884421 1.2489 0
1707038899113 1.1863 0
1707038910935 1.2125 0
1707038924917 1.2153 0
1707038938682 1.2303 0
1707038952636 1.2678 0
1707038967554 1.2217 0
1707038981665 1.1843 0
1707038995767 1.1995 0
1707039010131 1.2 0
1707039021671 1.2487 0
1707039034370 1.2326 0
1707039048531 1.1766 0
1707039062767 1.2576 0
1707039075674 1.278 0
1707039092456 1.195 0
1707039106954 1.2186 0
1707039123914 1.1705 0
1707039136704 1.1794 0
1707039150735 1.2038 0
1707039168293 1.2062 0
1707039182093 1.2431 0
1707039196864 1.1769 0
1707039210351 1.1968 0
1707039226794 1.2857 0
1707039238829 1.1504 0
1707039253050 1.2324 0
1707039266267 1.1407 0
1707039280815 1.1464 0
1707039296418 1.1406 0
1707039309749 1.2022 0
1707039326798 1.1513 0
1707039340876 1.176 0
1707039356410 1.1356 0
1707039371820 1.1268 0
1707039388024 1.1364 0
1707039403447 1.263 0
1707039415407 1.1797 0
1707039427591 1.1511 0
1707039441875 1.1787 0
1707039453343 1.1784 0
1707039467241 1.1311 0
1707039481112 1.2293 0
1707039494209 1.1648 0
1707039507606 1.1462 0
1707039520890 1.1761 0
1707039539298 1.2152 0
1707039553955 1.1581 0
1707039567067 1.1577 0
1707039580825 1.197 0
1707039594598 1.1723 0
1707039608001 1.1797 0
1707039622933 1.1732 0
1707039637011 1.1165 0
1707039651092 1.1962 0
1707039665502 1.2227 0
1707039677112 1.1711 0
1707039691377 1.1782 0
1707039705563 1.1146 0
1707039721725 1.1108 0
1707039735957 1.1018 0
1707039750153 1.1204 0
1707039764228 1.1047 0
1707039778314 1.1091 0
1707039792437 1.2377 0
1707039803135 1.1843 0
1707039814241 1.2357 0
1707039826669 1.1252 0
1707039840609 1.1564 0
1707039853572 1.1102 0
1707039867801 1.1744 0
1707039879323 1.1432 0
1707039895361 1.1361 0
1707039908819 1.1884 0
1707039922754 1.1072 0
1707039934180 1.1368 0
1707039948926 1.2157 0
1707039962725 1.1611 0
1707039977357 1.1061 0
1707039991505 1.0759 0
1707040003537 1.1355 0
1707040016857 1.1751 0
1707040030957 1.1716 0
1707040044960 1.1599 0
1707040058974 1.096 0
1707040073076 1.1531 0
1707040087166 1.1506 0
1707040101235 1.1117 0
1707040111942 1.128 0
1707040125967 1.1119 0
1707040140527 1.1163 0
1707040156240 1.0939 0
1707040168615 1.0547 0
1707040183418 1.1289 0
1707040194118 1.0498 0
1707040212019 1.1806 0
1707040224830 1.1085 0
1707040241781 1.0838 0
1707040255174 1.1427 0
1707040267006 1.0589 0
1707040278628 1.0994 0
1707040291691 1.1429 0
1707040303609 1.2013 0
1707040317029 1.1146 0
1707040330222 1.1337 0
1707040345043 1.1415 0
1707040358543 1.0887 0
1707040371343 1.0712 0
1707040387534 1.1353 0
1707040401925 1.0997 0
1707040414599 1.1579 0
1707040427449 1.1395 0
1707040442556 1.15 0
1707040457036 1.1049 0
1707040472549 1.071 0
1707040483798 1.0577 0
1707040497365 1.0208 0
1707040512117 1.0671 0
1707040523581 1.0637 0
1707040540619 1.0729 0
1707040555270 1.1234 0
1707040571462 1.0853 0
1707040587783 1.097 0
1707040601286 1.1219 0
1707040613542 1.0491 0
1707040626421 1.0767 0
1707040638496 1.0835 0
1707040650918 1.0498 0
1707040661717 1.0834 0
1707040673216 1.0412 0
1707040692689 0.9924 0
1707040704577 1.0803 0
1707040718673 1.0566 0
1707040732388 1.0627 0
1707040744940 1.0412 0
1707040760881 1.0837 0
1707040773723 1.0793 0
1707040787312 1.0877 0
1707040801271 1.0657 0
1707040812718 1.1253 0
1707040827860 1.1312 0
1707040839882 1.0501 0
1707040854868 1.1423 0
1707040869545 1.0748 0
1707040881789 1.0242 0
1707040895845 1.0948 0
1707040909892 1.0751 0
1707040923996 1.138 0
1707040937969 1.0046 0
1707040954973 1.1336 0
1707040968998 1.0348 0
1707040980293 1.0463 0
1707040996413 1.0984 0
1707041009389 1.0405 0
1707041023266 1.0774 0
1707041038470 1.0465 0
1707041052928 1.098 0
1707041063659 1.0494 0
1707041077532 0.9921 0
1707041093320 1.0195 0
1707041105131 0.9963 0
1707041120514 1.1084 0
1707041133470 1.0592 0
1707041150153 1.1045 0
1707041164196 1.0571 0
1707041178413 1.0335 0
1707041192657 1.1042 0
1707041206757 1.0786 0
1707041220774 1.0681 0
1707041234902 1.027 0
1707041248989 0.9999 0
1707041263247 1.0408 0
1707041277339 1.0189 0
1707041288065 1.0762 0
1707041299245 1.0206 0
1707041311225 1.0745 0
1707041324763 0.9932 0
1707041338902 1.07 0
1707041352047 1.023 0
1707041368865 1.0048 0
1707041381703 0.982 0
1707041396649 1.0068 0
1707041411963 0.9559 0
1707041426805 1.0135 0
1707041440946 1.0396 0
1707041454986 1.0 0
1707041465727 1.002 0
1707041481922 1.0707 0
1707041498109 1.092 0
1707041514092 0.986 0
1707041528617 1.0682 0
1707041540324 1.0139 0
1707041552434 1.0885 0
1707041565923 0.9851 0
1707041581839 1.106 0
1707041595682 1.0213 0
1707041611509 1.0445 0
1707041624019 1.0052 0
1707041640123 0.9866 0
1707041654444 1.0205 0
1707041670573 1.0396 0
1707041683572 0.9555 0
1707041698830 1.0548 0
1707041712582 1.0887 0
1707041726710 0.9276 0
1707041738578 1.0068 0
1707041755617 0.9919 0
1707041769931 0.9715 0
1707041784264 1.0391 0
1707041798586 1.0213 0
1707041814938 1.0812 0
1707041829651 1.0624 0
1707041843163 1.0139 0
1707041856338 1.01 0
1707041868578 0.9749 0
1707041883691 1.0458 0
1707041897055 1.0384 0
1707041909847 0.9726 0
1707041923078 1.1148 0
1707041936455 1.0023 0
1707041950551 1.0308 0
1707041963290 1.0516 0
1707041977368 0.9689 0
1707041989862 0.9439 0
1707042004690 0.9913 0
1707042018804 0.9436 0
1707042032939 1.011 0
1707042045549 0.9634 0
1707042059630 1.0182 0
1707042074628 1.0082 0
1707042091908 0.9774 0
1707042107057 1.04 0
1707042120370 0.9654 0
1707042136529 1.0584 0
1707042150706 1.007 0
1707042164736 0.9557 0
1707042178028 0.9988 0
1707042195331 1.0364 0
1707042206810 1.0522 0
1707042218418 1.054 0
1707042232340 0.9445 0
1707042247111 0.9712 0
1707042262142 0.992 0
1707042275629 0.9525 0
1707042289806 0.9772 0
1707042300615 0.9807 0
1707042317227 0.9933 0
1707042331131 1.0522 0
1707042345161 1.0238 0
1707042360932 0.98 0
1707042372714 1.038 0
1707042386201 0.9999 0
1707042400322 0.9805 0
1707042414329 1.0167 0
1707042425542 1.0513 0
1707042441549 1.0525 0
1707042456071 0.9622 0
1707042470631 0.9528 0
1707042482193 0.9291 0
1707042496628 0.9334 0
1707042509418 0.9563 0
1707042521971 0.9364 0
1707042538344 0.9621 0
1707042550779 1.0651 0
1707042563842 0.9693 0
1707042577442 0.9521 0
1707042589070 0.9002 0
1707042602966 1.0246 0
1707042618795 0.9567 0
1707042631616 1.0 0
1707042645515 0.9768 0
1707042658263 0.9346 0
1707042672819 0.9778 0
1707042685060 0.9563 0
1707042700891 0.9121 0
1707042715513 1.0408 0
1707042726578 0.8342 0
1707042741110 0.9884 0
1707042755194 0.9401 0
1707042767969 0.9209 0
1707042782297 0.916 0
1707042793330 0.9184 0
1707042808068 0.9891 0
1707042821067 1.0458 0
1707042834882 0.9887 0
1707042853117 0.9584 0
1707042864612 1.02 0
1707042878674 0.9982 0
1707042893028 1.017 0
1707042910191 1.0015 0
1707042922796 0.9999 0
1707042935794 1.0212 0
1707042949990 0.932 0
1707042964095 0.9672 0
1707042977739 0.969 0
1707042990983 0.9769 0
1707043006227 0.9735 0
1707043019855 0.9908 0
1707043036529 1.0797 0
1707043049484 0.9364 0
1707043062219 1.0031 0
1707043074449 0.9927 0
1707043088019 0.9235 0
1707043100679 0.8665 0
1707043115057 0.9325 0
1707043129258 1.0297 0
1707043143027 0.969 0
1707043155321 0.9342 0
1707043169459 0.9937 0
1707043180183 0.9678 0
1707043193350 1.0083 0
1707043207649 0.9868 0
1707043223503 0.9992 0
1707043237722 1.0504 0
1707043250993 0.9073 0
1707043266023 0.9861 0
1707043276749 0.8763 0
1707043291203 0.9836 0
1707043307689 0.883 0
1707043321330 0.9807 0
1707043337270 0.9855 0
1707043351663 0.9181 0
1707043364978 0.9361 0
1707043376904 0.9475 0
1707043390214 0.9539 0
1707043408874 1.0038 0
1707043421619 0.9944 0
1707043433142 0.9365 0
1707043450197 0.9985 0
1707043464838 0.9583 0
1707043477520 0.9328 0
1707043492339 0.9049 0
1707043508410 0.963 0
1707043523476 1.0142 0
1707043536061 0.8958 0
1707043550157 0.9328 0
1707043560890 0.941 0
1707043575011 0.9344 0
1707043587479 0.8685 0
1707043601339 0.9603 0
1707043617011 0.823 0
1707043631958 0.983 0
1707043643729 0.9671 0
1707043656413 1.0018 0
1707043671197 1.0652 0
1707043687330 0.8799 0
1707043701153 0.9966 0
1707043716416 1.015 0
1707043730392 0.968 0
1707043743395 0.9071 0
1707043762407 0.937 0
1707043773895 0.9256 0
1707043789884 0.8081 0
1707043804001 0.9282 0
1707043815069 0.9441 0
1707043829752 0.95 0
1707043843300 0.9275 0
1707043857405 0.978 0
1707043872764 0.9561 0
1707043886924 1.0128 0
1707043899556 1.0111 0
1707043911591 0.9674 0
1707043923902 0.8777 0
1707043937260 0.9604 0
1707043949833 0.9937 0
1707043964597 0.883 0
1707043976564 0.9448 0
1707043991025 0.8888 0
1707044005973 1.0157 0
1707044020654 0.9585 0
1707044034817 0.8994 0
1707044047874 1.029 0
1707044061352 0.9788 0
1707044075936 0.9298 0
1707044090672 0.9571 0
1707044107505 0.9556 0
1707044122599 0.986 0
1707044136112 0.9932 0
1707044151424 0.9061 0
1707044162710 0.9271 0
1707044177169 0.9401 0
1707044191674 0.9902 0
1707044204602 0.9584 0
1707044216764 0.9216 0
1707044229410 0.8543 0
1707044242174 0.8652 0
1707044255355 0.938 0
1707044268966 0.9463 0
1707044282926 0.9753 0
1707044297268 0.8903 0
1707044311030 0.92 0
1707044326355 0.8561 0
1707044340453 0.9149 0
1707044354066 0.9365 0
1707044369958 0.8725 0
1707044385775 0.8882 0
1707044398143 0.9618 0
1707044412105 0.875 0
1707044426927 0.9056 0
1707044444561 0.9587 0
1707044456945 0.9795 0
1707044470733 0.8936 0
1707044483541 0.9249 0
1707044496666 0.9453 0
1707044514518 0.9929 0
1707044526858 0.8613 0
1707044538269 0.8698 0
1707044551540 0.887 0
1707044564388 0.8462 0
1707044578815 0.8706 0
1707044593751 0.9281 0
1707044605045 0.8713 0
1707044617892 0.9007 0
1707044630454 0.9101 0
1707044642016 0.8598 0
1707044657031 0.9283 0
1707044673374 0.9678 0
1707044687239 0.9596 0
1707044700751 0.8835 0
1707044714486 0.8719 0
1707044728561 0.9025 0
1707044741523 0.9343 0
1707044755271 0.9791 0
1707044767989 0.8381 0
1707044782901 0.9303 0
1707044795452 0.885 0
1707044808240 0.9695 0
1707044822437 0.9141 0
1707044836850 0.9101 0
1707044850897 0.8871 0
1707044864842 0.9859 0
1707044879128 0.8732 0
1707044892713 0.9037 0
1707044904174 0.9155 0
1707044918129 0.8537 0
1707044932669 0.9157 0
1707044948044 0.8787 0
1707044962739 0.9492 0
1707044979777 0.9297 0
1707044993645 0.8901 0
1707045009216 0.9241 0
1707045025751 0.9146 0
1707045037748 0.9213 0
1707045051693 0.8602 0
1707045066394 0.9128 0
1707045081876 0.9137 0
1707045096130 0.8479 0
1707045108161 0.8236 0
1707045122506 0.8693 0
1707045136836 0.9102 0
1707045150816 0.8615 0
1707045164913 0.8656 0
1707045179089 0.9334 0
1707045189992 0.9572 0
1707045206542 0.8501 0
1707045221989 0.9576 0
1707045237099 0.8292 0
1707045252077 0.8666 0
1707045264778 0.847 0
1707045278867 0.8894 0
1707045294467 0.8799 0
1707045309113 0.9314 0
1707045323915 0.8186 0
1707045340960 0.8837 0
1707045353695 0.7465 0
1707045365494 0.8336 0
1707045380875 0.8581 0
1707045396229 0.8793 0
1707045410404 0.8078 0
1707045424407 0.8944 0
1707045438468 0.7951 0
1707045449205 0.8155 0
1707045465090 0.8254 0
1707045480292 0.9042 0
1707045493357 0.865 0
1707045506330 0.8938 0
1707045517526 0.8232 0
1707045531311 0.7625 0
1707045546146 0.8382 0
1707045564535 0.8836 0
1707045579030 0.8415 0
1707045591031 0.7829 0
1707045604556 0.8005 0
1707045617654 0.8966 0
1707045631083 0.8711 0
1707045647624 0.9074 0
1707045661711 0.7995 0
1707045676346 0.8156 0
1707045693133 0.7496 0
1707045707315 0.8442 0
1707045721660 0.8433 0
1707045735951 0.8643 0
1707045751681 0.8082 0
1707045766533 0.8539 0
1707045779798 0.8151 0
1707045795057 0.7571 0
1707045810378 0.79 0
1707045824922 0.8569 0
1707045840929 0.8618 0
1707045855903 0.8481 0
1707045870835 0.8129 0
1707045884221 0.8065 0
1707045897874 0.8246 0
1707045910783 0.8518 0
1707045925085 0.805 0
1707045939458 0.8137 0
1707045952380 0.7212 0
1707045964428 0.8129 0
1707045979118 0.6773 0
1707045992764 0.8204 0
1707046009960 0.7563 0
1707046021876 0.9109 0
1707046036825 0.8012 0
1707046052178 0.7631 0
1707046067767 0.8206 0
1707046081930 0.7193 0
1707046096127 0.7534 0
1707046110143 0.826 0
1707046124256 0.7694 0
1707046138659 0.7597 0
1707046156095 0.7802 0
1707046166857 0.869 0
1707046177613 0.7089 0
1707046193843 0.7663 0
1707046208506 0.8517 0
1707046220344 0.7823 0
1707046233107 0.8741 0
1707046247947 0.9101 0
1707046261040 0.8507 0
1707046276694 0.7559 0
1707046290901 0.8858 0
1707046307260 0.8842 0
1707046324865 0.8474 0
1707046339222 0.8185 0
1707046356722 0.8373 0
1707046369518 0.7319 0
1707046386590 0.7627 0
1707046397416 0.6757 0
1707046413176 0.8006 0
1707046426329 0.7731 0
1707046441236 0.7323 0
1707046456166 0.7114 0
1707046469798 0.8821 0
1707046484620 0.8787 0
1707046499644 0.7372 0
1707046514822 0.7785 0
1707046531465 0.754 0
1707046545524 0.8117 0
1707046557180 0.8583 0
1707046570492 0.8334 0
1707046585438 0.8528 0
1707046600748 0.8797 0
1707046614896 0.8036 0
1707046625662 0.8008 0
1707046641236 0.8381 0
1707046654642 0.7626 0
1707046667627 0.7676 0
1707046681684 0.8546 0
1707046698664 0.8245 0
1707046710339 0.8386 0
1707046724464 0.8017 0
1707046737474 0.7585 0
1707046752110 0.8049 0
1707046767011 0.8881 0
1707046780128 0.7797 0
1707046793021 0.7733 0
1707046807556 0.8548 0
1707046820073 0.688 0
1707046833720 0.7942 0
1707046846887 0.6743 0
1707046860954 0.686 0
1707046873973 0.7661 0
1707046886383 0.8941 0
1707046899275 0.7565 0
1707046912541 0.8459 0
1707046925752 0.7051 0
1707046941017 0.7976 0
1707046956179 0.768 0
1707046969131 0.7852 0
1707046983455 0.8205 0
1707046998384 0.7031 0
1707047011784 0.8045 0
1707047027876 0.7414 0
1707047042636 0.9015 0
1707047056411 0.8234 0
1707047069172 0.803 0
1707047084050 0.7148 0
1707047098709 0.758 0
1707047112848 0.8081 0
1707047124641 0.7701 0
1707047140140 0.7386 0
1707047150928 0.7699 0
1707047163249 0.7256 0
1707047176941 0.8217 0
1707047190784 0.7602 0
1707047203517 0.7219 0
1707047218431 0.7485 0
1707047231853 0.8572 0
1707047248194 0.7941 0
1707047259667 0.7346 0
1707047274595 0.8542 0
1707047288420 0.7612 0
1707047302993 0.7364 0
1707047317462 0.7289 0
1707047330859 0.785 0
1707047344432 0.7768 0
1707047356354 0.8451 0
1707047372557 0.7839 0
1707047384021 0.8159 0
1707047401883 0.894 0
1707047416144 0.8114 0
1707047429350 0.8752 0
1707047442952 0.8233 0
1707047456766 0.7619 0
1707047468339 0.7238 0
1707047484225 0.7701 0
1707047499236 0.7807 0
1707047511234 0.6819 0
1707047522224 0.7465 0
1707047537394 0.6886 0
1707047551458 0.6979 0
1707047564484 0.8071 0
1707047577579 0.7755 0
1707047593424 0.7615 0
1707047606505 0.7554 0
1707047621821 0.6125 0
1707047639091 0.7348 0
1707047656761 0.7027 0
1707047669392 0.8621 0
1707047681180 0.7234 0
1707047697740 0.7655 0
1707047709026 0.8209 0
1707047723513 0.7295 0
1707047739829 0.6871 0
1707047751400 0.7198 0
1707047762994 0.7548 0
1707047777806 0.79 0
1707047789929 0.6929 0
1707047804423 0.7048 0
1707047817657 0.7655 0
1707047831076 0.6847 0
1707047844406 0.7556 0
1707047858581 0.8354 0
1707047873262 0.7362 0
1707047888038 0.7582 0
1707047904721 0.7126 0
1707047917075 0.8683 0
1707047931407 0.6844 0
1707047945232 0.8805 0
1707047960594 0.7462 0
1707047975308 0.7618 0
1707047991350 0.7464 0
1707048006850 0.6105 0
1707048021357 0.7465 0
1707048037658 0.6878 0
1707048050704 0.6523 0
1707048064185 0.6764 0
1707048079902 0.8473 0
1707048090676 0.9403 0
1707048107366 0.6577 0
1707048122888 0.7883 0
1707048135169 0.7066 0
1707048148075 0.8684 0
1707048160741 0.7495 0
1707048176813 0.7625 0
1707048189783 0.7174 0
1707048207456 0.7377 0
1707048222346 0.7436 0
1707048236705 0.7241 0
1707048252989 0.7948 0
1707048267126 0.7385 0
1707048277886 0.7459 0
1707048288886 0.8522 0
1707048302643 0.7629 0
1707048315327 0.9389 0
1707048331381 0.8876 0
1707048344347 0.7279 0
1707048357795 0.7613 0
1707048372481 0.7638 0
1707048385148 0.6432 0
1707048396089 0.7477 0
1707048410465 0.7147 0
1707048424152 0.7709 0
1707048436773 0.7823 0
1707048450158 0.8042 0
1707048463320 0.7002 0
1707048480326 0.8896 0
1707048496409 0.8133 0
1707048509264 0.6963 0
1707048520023 0.8018 0
1707048533696 0.6844 0
1707048549000 0.6899 0
1707048562423 0.8131 0
1707048575379 0.6972 0
1707048588400 0.6512 0
1707048601393 0.7513 0
1707048614324 0.6354 0
1707048629951 0.791 0
1707048643810 0.8715 0
1707048657871 0.6716 0
1707048671963 0.7699 0
1707048684144 0.7609 0
1707048698240 0.8336 0
1707048712454 0.6947 0
1707048725625 0.809 0
1707048738194 0.828 0
1707048752449 0.7989 0
1707048765189 0.8277 0
1707048779591 0.7675 0
1707048792546 0.7474 0
1707048808019 0.75 0
1707048820063 0.7946 0
1707048835415 0.7398 0
1707048849842 0.7529 0
1707048863795 0.7235 0
1707048878187 0.7052 0
1707048889940 0.6323 0
1707048904730 0.8145 0
1707048920120 0.6993 0
1707048935001 0.7692 0
1707048949198 0.753 0
1707048960837 0.7005 0
1707048972792 0.7137 0
1707048983789 0.6867 0
1707048997825 0.6822 0
1707049011461 0.7807 0
1707049022214 0.6961 0
1707049035130 0.7051 0
1707049048059 0.8051 0
1707049062341 0.6498 0
1707049074628 0.8152 0
1707049089322 0.6557 0
1707049104753 0.729 0
1707049117394 0.7994 0
1707049129839 0.6186 0
1707049145086 0.8249 0
1707049158778 0.8349 0
1707049172569 0.9391 0
1707049187350 0.7814 0
1707049200211 0.5681 0
1707049213864 0.763 0
1707049227241 0.7802 0
1707049240304 0.7111 0
1707049254828 0.6503 0
1707049268892 0.6952 0
1707049281249 0.8231 0
1707049294645 0.7334 0
1707049311222 0.724 0
1707049325925 0.7478 0
1707049337338 0.7269 0
1707049351278 0.7237 0
1707049363031 0.763 0
1707049375610 0.6978 0
1707049389038 0.7046 0
1707049404330 0.7708 0
1707049416483 0.7388 0
1707049428699 0.7803 0
1707049444893 0.8678 0
1707049459403 0.763 0
1707049472802 0.7614 0
1707049483560 0.7726 0
1707049499424 0.8087 0
1707049514996 0.6237 0
1707049528818 0.707 0
1707049542729 0.7398 0
1707049554751 0.5867 0
1707049567809 0.6156 0
1707049582201 0.7215 0
1707049596394 0.758 0
1707049609356 0.7013 0
1707049625227 0.679 0
1707049637570 0.7018 0
1707049651952 0.7196 0
1707049664284 0.7035 0
1707049677069 0.7439 0
1707049691203 0.6806 0
1707049703194 0.757 0
1707049719689 0.7549 0
1707049732705 0.6277 0
1707049746849 0.7279 0
1707049762234 0.769 0
1707049779007 0.685 0
1707049794976 0.6301 0
1707049808420 0.6884 0
1707049820409 0.667 0
1707049837181 0.7163 0
1707049850354 0.6404 0
1707049863984 0.6928 0
1707049877874 0.7389 0
1707049893425 0.7116 0
1707049904363 0.7371 0
1707049921273 0.678 0
1707049936292 0.7853 0
1707049952270 0.733 0
1707049964200 0.7357 0
1707049976046 0.7115 0
1707049991562 0.6534 0
1707050006163 0.6941 0
1707050019578 0.7107 0
1707050036214 0.7101 0
1707050050123 0.7623 0
1707050064129 0.6978 0
1707050080370 0.7118 0
1707050093847 0.6744 0
1707050109636 0.6258 0
1707050126180 0.7405 0
1707050139178 0.7342 0
1707050154995 0.6731 0
1707050171750 0.6575 0
1707050185491 0.5956 0
1707050200089 0.7743 0
1707050213547 0.8746 0
1707050225956 0.7076 0
1707050240498 0.649 0
1707050255109 0.7689 0
1707050269926 0.5931 0
1707050284252 0.7437 0
1707050298365 0.632 0
1707050309553 0.7783 0
1707050323871 0.7076 0
1707050339707 0.8135 0
1707050355554 0.7182 0
1707050368069 0.5807 0
1707050380913 0.68 0
1707050395826 0.7208 0
1707050408776 0.6067 0
1707050421335 0.7134 0
1707050436398 0.627 0
1707050450439 0.7306 0
1707050465652 0.7928 0
1707050479918 0.7289 0
1707050492237 0.6811 0
1707050506845 0.7056 0
1707050521575 0.6821 0
1707050536345 0.6841 0
1707050551429 0.6356 0
1707050564677 0.7075 0
1707050581165 0.7384 0
1707050592037 0.6036 0
1707050604739 0.6663 0
1707050623531 0.7694 0
1707050635375 0.6558 0
1707050647527 0.7587 0
1707050664089 0.7119 0
1707050678070 0.6087 0
1707050692622 0.5622 0
1707050704992 0.7217 0
1707050720400 0.55 0
1707050734445 0.7953 0
1707050748627 0.6918 0
1707050759408 0.8141 0
1707050773643 0.6134 0
1707050787808 0.7982 0
1707050802082 0.6063 0
1707050812853 0.7794 0
1707050825468 0.6009 0
1707050842062 0.6943 0
1707050856138 0.7364 0
1707050868464 0.7835 0
1707050883186 0.7842 0
1707050898142 0.7669 0
1707050913813 0.6839 0
1707050925497 0.7471 0
1707050939165 0.6687 0
1707050953030 0.689 0
1707050964577 0.6655 0
1707050977424 0.6348 0
1707050994414 0.6787 0
1707051007745 0.7936 0
1707051021761 0.6645 0
1707051039821 0.7361 0
1707051056258 0.6185 0
1707051069208 0.6003 0
1707051083461 0.7278 0
1707051095605 0.6716 0
1707051110549 0.7292 0
1707051122397 0.7549 0
1707051136845 0.6773 0
1707051151333 0.7538 0
1707051165683 0.7976 0
1707051180720 0.7483 0
1707051192839 0.6605 0
1707051206550 0.6361 0
1707051219844 0.6438 0
1707051233516 0.7258 0
1707051245979 0.6429 0
1707051259670 0.6101 0
1707051272691 0.6135 0
1707051286007 0.6206 0
1707051299418 0.5665 0
1707051312725 0.6667 0
1707051325859 0.771 0
1707051340623 0.7394 0
1707051355035 0.6425 0
1707051367677 0.7665 0
1707051384693 0.793 0
1707051396925 0.7172 0
1707051413920 0.6337 0
1707051428145 0.715 0
1707051442861 0.7184 0
1707051453630 0.6428 0
1707051469345 0.5961 0
1707051484275 0.6792 0
1707051497847 0.6759 0
1707051508787 0.7646 0
1707051523861 0.6325 0
1707051540496 0.7359 0
1707051556054 0.6845 0
1707051568925 0.6106 0
1707051581362 0.6291 0
1707051594503 0.7453 0
1707051608524 0.7514 0
1707051622788 0.7118 0
1707051637259 0.6842 0
1707051650934 0.614 0
1707051664480 0.7386 0
1707051679473 0.744 0
1707051693870 0.6533 0
1707051708556 0.6553 0
1707051719959 0.5415 0
1707051734121 0.6427 0
1707051746093 0.6953 0
1707051763092 0.7421 0
1707051778360 0.6858 0
1707051789607 0.6922 0
1707051800963 0.6851 0
1707051814333 0.6725 0
1707051829144 0.6795 0
1707051843017 0.7088 0
1707051857187 0.7215 0
1707051873740 0.7345 0
1707051889453 0.5698 0
1707051902683 0.7903 0
1707051916521 0.5939 0
1707051927292 0.7968 0
1707051938434 0.7382 0
1707051955425 0.6423 0
1707051966899 0.6663 0
1707051978707 0.7202 0
1707051994385 0.6074 0
1707052005174 0.6353 0
1707052018523 0.7289 0
1707052035379 0.6718 0
1707052050198 0.6508 0
1707052063974 0.761 0
1707052078291 0.6313 0
1707052094637 0.6919 0
1707052109853 0.7114 0
1707052123435 0.6636 0
1707052136971 0.6861 0
1707052152044 0.7444 0
1707052165653 0.7337 0
1707052178039 0.6616 0
1707052191342 0.6835 0
1707052204078 0.6841 0
1707052217639 0.7348 0
1707052231004 0.6353 0
1707052244915 0.7005 0
1707052256803 0.716 0
1707052270753 0.7694 0
1707052284262 0.6911 0
1707052296448 0.6677 0
1707052310980 0.6784 0
1707052322397 0.7187 0
1707052338165 0.6117 0
1707052354009 0.7157 0
1707052367087 0.6147 0
1707052380563 0.678 0
1707052391775 0.6073 0
1707052404451 0.5823 0
1707052418577 0.7715 0
1707052429917 0.6336 0
1707052446272 0.7213 0
1707052460695 0.5322 0
1707052473652 0.6033 0
1707052489719 0.6671 0
1707052501628 0.739 0
1707052515967 0.7771 0
1707052531344 0.7285 0
1707052546101 0.6721 0
1707052560071 0.6523 0
1707052572896 0.6704 0
1707052586681 0.5836 0
1707052601860 0.6317 0
1707052616748 0.7264 0
1707052630982 0.6919 0
1707052644957 0.6101 0
1707052659134 0.5779 0
1707052670685 0.6862 0
1707052683302 0.811 0
1707052697784 0.6426 0
1707052711159 0.7414 0
1707052726255 0.6299 0
1707052739911 0.6293 0
1707052755603 0.6372 0
1707052768585 0.7135 0
1707052783049 0.7103 0
1707052796708 0.6273 0
1707052812896 0.733 0
1707052826240 0.655 0
1707052841285 0.9146 0
1707052855658 0.7214 0
1707052870578 0.5988 0
1707052883757 0.737 0
1707052896431 0.6287 0
1707052913150 0.6277 0
1707052925648 0.6822 0
1707052940781 0.5906 0
1707052955971 0.6659 0
1707052971455 0.7063 0
1707052984183 0.6661 0
1707052998447 0.6447 0
1707053011777 0.7302 0
1707053026951 0.8933 0
1707053040046 0.7436 0
1707053053345 0.6865 0
1707053066600 0.6615 0
1707053081592 0.8298 0
1707053096227 0.7057 0
1707053109860 0.7521 0
1707053124067 0.6895 0
1707053139670 0.669 0
1707053155265 0.6341 0
1707053168149 0.7116 0
1707053180108 0.705 0
1707053195546 0.7093 0
1707053209268 0.7141 0
1707053224953 0.7259 0
1707053238061 0.6269 0
1707053251564 0.672 0
1707053265303 0.598 0
1707053277176 0.6676 0
1707053291163 0.6679 0
1707053306770 0.6144 0
1707053322568 0.7588 0
1707053334289 0.7071 0
1707053347640 0.6943 0
1707053361187 0.6277 0
1707053373424 0.6969 0
1707053388045 0.795 0
1707053403967 0.7332 0
1707053417783 0.6498 0
1707053430837 0.6872 0
1707053444444 0.7057 0
1707053461174 0.8341 0
1707053472977 0.5226 0
1707053486251 0.5956 0
1707053499565 0.748 0
1707053513247 0.7177 0
1707053527576 0.6904 0
1707053541162 0.6217 0
1707053554567 0.6722 0
1707053568004 0.5923 0
1707053581612 0.6091 0
1707053596303 0.7482 0
1707053608093 0.5506 0
1707053625496 0.5913 0
1707053636478 0.6178 0
1707053651052 0.7262 0
1707053665339 0.704 0
1707053679527 0.6271 0
1707053693631 0.5753 0
1707053708273 0.7107 0
1707053722992 0.6459 0
1707053736284 0.7557 0
1707053749204 0.652 0
1707053764508 0.6214 0
1707053777081 0.6624 0
1707053791545 0.6028 0
1707053806080 0.6218 0
1707053820354 0.5726 0
1707053831927 0.5877 0
1707053848424 0.6078 0
1707053861708 0.6953 0
1707053876239 0.6942 0
1707053888264 0.702 0
1707053905064 0.6899 0
1707053917842 0.712 0
1707053933836 0.63 0
1707053946786 0.6352 0
1707053959879 0.6468 0
1707053972088 0.6376 0
1707053987607 0.6901 0
1707053998887 0.558 0
1707054012400 0.6599 0
1707054024866 0.6947 0
1707054039563 0.6579 0
1707054054212 0.6006 0
1707054069861 0.704 0
1707054081654 0.5899 0
1707054095344 0.6817 0
1707054109072 0.7536 0
1707054122858 0.5683 0
1707054135441 0.6893 0
1707054147457 0.7215 0
1707054158822 0.6778 0
1707054172901 0.5858 0
1707054185593 0.6973 0
1707054198774 0.7583 0
1707054212413 0.6481 0
1707054228032 0.7465 0
1707054241924 0.6977 0
1707054257061 0.595 0
1707054269467 0.6108 0
1707054283444 0.5871 0
1707054297853 0.6136 0
1707054312016 0.6902 0
1707054324890 0.5203 0
1707054340148 0.6419 0
1707054355729 0.6038 0
1707054370779 0.6162 0
1707054383416 0.7183 0
1707054395935 0.5553 0
1707054412559 0.5493 0
1707054424059 0.6827 0
1707054437370 0.6422 0
1707054451945 0.7601 0
1707054464612 0.7113 0
1707054478956 0.557 0
1707054492620 0.6434 0
1707054507093 0.6787 0
1707054518638 0.6523 0
1707054537255 0.6008 0
1707054551846 0.6031 0
1707054567591 0.7006 0
1707054581557 0.5941 0
1707054596028 0.6053 0
1707054610145 0.7176 0
1707054622309 0.594 0
1707054636835 0.6221 0
1707054651085 0.7327 0
1707054665886 0.5646 0
1707054679937 0.6333 0
1707054694991 0.5997 0
1707054708010 0.747 0
1707054722729 0.6242 0
1707054734503 0.5777 0
1707054746841 0.5665 0
1707054759466 0.628 0
1707054773300 0.5844 0
1707054786943 0.7102 0
1707054797974 0.5576 0
1707054810736 0.6631 0
1707054825590 0.7113 0
1707054838036 0.6105 0
1707054852251 0.6332 0
1707054866811 0.6858 0
1707054881289 0.6123 0
1707054895257 0.6385 0
1707054911254 0.6268 0
1707054923346 0.5303 0
1707054935304 0.6944 0
1707054947342 0.6576 0
1707054960017 0.5886 0
1707054972511 0.6394 0
1707054986206 0.6563 0
1707055000823 0.6195 0
1707055013484 0.7019 0
1707055027056 0.7407 0
1707055040299 0.6326 0
1707055056519 0.64 0
1707055069799 0.5529 0
1707055082592 0.6359 0
1707055097309 0.666 0
1707055111730 0.656 0
1707055123070 0.7079 0
1707055136241 0.5918 0
1707055150052 0.6027 0
1707055164993 0.5914 0
1707055178464 0.6637 0
1707055192833 0.5848 0
1707055206539 0.693 0
1707055217813 0.6001 0
1707055229283 0.6785 0
1707055242334 0.6143 0
1707055255154 0.6844 0
1707055270917 0.6507 0
1707055282563 0.6742 0
1707055297321 0.554 0
1707055308877 0.6323 0
1707055324431 0.7583 0
1707055337658 0.6716 0
1707055350271 0.5732 0
1707055365476 0.7069 0
1707055378880 0.622 0
1707055393768 0.6199 0
1707055405533 0.5844 0
1707055417885 0.605 0
1707055436734 0.6705 0
1707055449274 0.6136 0
1707055464309 0.6857 0
1707055480979 0.6333 0
1707055494465 0.7188 0
1707055506699 0.5522 0
1707055521036 0.5914 0
1707055536824 0.6554 0
1707055548478 0.6428 0
1707055562179 0.6252 0
1707055574948 0.5067 0
1707055589289 0.6564 0
1707055604478 0.5608 0
1707055619742 0.5841 0
1707055632411 0.6601 0
1707055647027 0.746 0
1707055661050 0.6808 0
1707055675296 0.6224 0
1707055690607 0.6205 0
1707055704537 0.6207 0
1707055716359 0.5683 0
1707055728431 0.4686 0
1707055742737 0.6439 0
1707055756444 0.6059 0
1707055771460 0.7446 0
1707055784995 0.6637 0
1707055798993 0.6625 0
1707055814130 0.6763 0
1707055826235 0.6812 0
1707055839804 0.6806 0
1707055857344 0.5941 0
1707055870730 0.6182 0
1707055885028 0.6797 0
1707055895842 0.6797 0
1707055906649 0.7012 0
1707055921829 0.6088 0
1707055935324 0.5612 0
1707055947807 0.7322 0
1707055961936 0.6433 0
1707055976252 0.628 0
1707055988907 0.5649 0
1707056004387 0.5966 0
1707056019068 0.6585 0
1707056031826 0.5729 0
1707056045965 0.6819 0
1707056056762 0.9342 0
1707056070254 0.7714 0
1707056085387 0.63 0
1707056101034 0.7385 0
1707056116082 0.6602 0
1707056129063 0.6799 0
1707056143749 0.7126 0
1707056156146 0.5073 0
1707056170139 0.6867 0
1707056180934 0.5857 0
1707056193642 0.6255 0
1707056208108 0.5315 0
1707056223316 0.7363 0
1707056237176 0.6636 0
1707056254450 0.5979 0
1707056268230 0.5701 0
1707056280535 0.5855 0
1707056297139 0.6731 0
1707056313667 0.7302 0
1707056327536 0.6179 0
1707056339197 0.6324 0
1707056353885 0.6561 0
1707056368389 0.6308 0
1707056382029 0.5871 0
1707056393385 0.6155 0
1707056407992 0.5377 0
1707056422969 0.6657 0
1707056438671 0.7033 0
1707056453221 0.6551 0
1707056465044 0.7578 0
1707056482739 0.5986 0
1707056498658 0.7341 0
1707056512159 0.6672 0
1707056528853 0.6594 0
1707056540791 0.4996 0
1707056552578 0.6328 0
1707056567741 0.6112 0
1707056582087 0.575 0
1707056595751 0.7721 0
1707056609504 0.7412 0
1707056623923 0.5647 0
1707056637127 0.5635 0
1707056648397 0.5789 0
1707056661578 0.5785 0
1707056674856 0.5662 0
1707056688582 0.6279 0
1707056703172 0.6331 0
1707056717273 0.6031 0
1707056732575 0.7154 0
1707056744464 0.5625 0
1707056757163 0.5989 0
1707056771684 0.5363 0
1707056785594 0.6161 0
1707056800641 0.6642 0
1707056813048 0.603 0
1707056828887 0.5697 0
1707056843409 0.5763 0
1707056857023 0.6768 0
1707056872157 0.6961 0
1707056884917 0.5266 0
1707056900302 0.6922 0
1707056912816 0.712 0
1707056925326 0.6411 0
1707056938840 0.6057 0
1707056953639 0.5951 0
1707056969255 0.6058 0
1707056983767 0.5631 0
1707056996251 0.6292 0
1707057011729 0.5884 0
1707057024376 0.5928 0
1707057038568 0.5413 0
1707057051574 0.5271 0
1707057067178 0.7541 0
1707057083830 0.5878 0
1707057096046 0.5882 0
1707057109910 0.6751 0
1707057122866 0.7032 0
1707057140722 0.6724 0
1707057152312 0.6117 0
1707057168424 0.5557 0
1707057179230 0.6604 0
1707057191827 0.6131 0
1707057205274 0.6472 0
1707057221023 0.6579 0
1707057235687 0.5763 0
1707057250261 0.6132 0
1707057263014 0.6053 0
