1705155394789 22.49 0
1705155405311 9.59 0
1705155433827 9.6 0
1705155459362 9.59 0
1705155473919 9.59 0
1705155484236 9.61 0
1705155498061 9.61 0
1705155511831 9.63 0
1705155525665 9.61 0
1705155541334 11.27 0
1705155556907 11.12 0
1705155572361 9.62 0
1705155585972 9.62 0
1705155599895 13.35 0
1705155613699 9.63 0
1705155628552 14.28 0
1705155647683 14.74 0
1705155661752 9.63 0
1705155671962 9.63 0
1705155685830 9.63 0
1705155700037 9.63 0
1705155713552 12.81 0
1705155730429 16.32 0
1705155744223 9.7 0
1705155758481 9.63 0
1705155771366 12.32 0
1705155785185 9.63 0
1705155799373 9.62 0
1705155813137 9.64 0
1705155826922 9.63 0
1705155841550 9.63 0
1705155852767 10.64 0
1705155868494 11.48 0
1705155883574 10.44 0
1705155897540 9.63 0
1705155911399 9.63 0
1705155925512 9.67 0
1705155939552 9.63 0
1705155953592 9.63 0
1705155967496 9.62 0
1705155981484 9.63 0
1705155995528 9.62 0
1705156009610 9.62 0
1705156023518 9.62 0
1705156037481 9.63 0
1705156051456 9.63 0
1705156065692 9.63 0
1705156079833 9.62 0
1705156093760 9.63 0
1705156107918 9.62 0
1705156123325 9.61 0
1705156133521 9.63 0
1705156147699 9.63 0
1705156162427 10.34 0
1705156176518 9.63 0
1705156190537 9.62 0
1705156204893 9.63 0
1705156215697 10.24 0
1705156228090 11.83 0
1705156242336 9.63 0
1705156256432 9.69 0
1705156270417 9.63 0
1705156284409 9.63 0
1705156298567 9.63 0
1705156312604 9.64 0
1705156326002 12.7 0
1705156338942 12.37 0
1705156352798 9.63 0
1705156366688 9.62 0
1705156380588 9.63 0
1705156395362 10.2 0
1705156410525 10.8 0
1705156427150 12.31 0
1705156443420 11.97 0
1705156459287 11.63 0
1705156473555 9.63 0
1705156487541 9.63 0
1705156501648 9.63 0
1705156516249 10.0 0
1705156531932 11.13 0
1705156545882 9.63 0
1705156559888 9.68 0
1705156573845 9.63 0
1705156587831 9.64 0
1705156600462 11.96 0
1705156614552 9.63 0
1705156628395 9.63 0
1705156641596 12.65 0
1705156653989 11.84 0
1705156670324 12.1 0
1705156684289 9.63 0
1705156698281 9.63 0
1705156712199 9.62 0
1705156726154 9.63 0
1705156740187 9.62 0
1705156751890 11.15 0
1705156766972 10.67 0
1705156780789 9.62 0
1705156794781 9.67 0
1705156808912 9.63 0
1705156826829 9.62 0
1705156840950 9.63 0
1705156851148 9.63 0
1705156861455 9.62 0
1705156875343 9.62 0
1705156887351 11.45 0
1705156902724 11.05 0
1705156916544 9.62 0
1705156930800 9.63 0
1705156944811 9.63 0
1705156957684 12.3 0
1705156972537 10.41 0
1705156986619 9.63 0
1705157001117 9.62 0
1705157015307 9.62 0
1705157026617 10.73 0
1705157041022 13.82 0
1705157057744 12.35 0
1705157073355 15.03 0
1705157087519 9.62 0
1705157100224 12.12 0
1705157119065 14.52 0
1705157133077 9.62 0
1705157147209 9.63 0
1705157158273 10.49 0
1705157172614 9.97 0
1705157184581 11.38 0
1705157198511 13.35 0
1705157212212 13.12 0
1705157227233 10.71 0
1705157243516 15.7 0
1705157256686 12.58 0
1705157269280 12.01 0
1705157283595 9.91 0
1705157300730 16.56 0
1705157317672 16.35 0
1705157331700 9.62 0
1705157342197 9.92 0
1705157356943 14.17 0
1705157371253 9.91 0
1705157385735 10.11 0
1705157399941 9.63 0
1705157413952 9.63 0
1705157427573 13.04 0
1705157442134 10.26 0
1705157455812 13.1 0
1705157469000 12.6 0
1705157483032 13.46 0
1705157497346 9.67 0
1705157511970 14.04 0
1705157529880 9.62 0
1705157540078 9.62 0
1705157554053 9.63 0
1705157568100 9.62 0
1705157582123 9.63 0
1705157595680 12.97 0
1705157608802 12.53 0
1705157622714 13.33 0
1705157637119 13.82 0
1705157651900 10.33 0
1705157665969 9.62 0
1705157680572 10.27 0
1705157695193 10.34 0
1705157709536 9.67 0
1705157721562 11.43 0
1705157736234 14.1 0
1705157747311 10.51 0
1705157763130 15.24 0
1705157778314 14.6 0
1705157792180 13.29 0
1705157804863 12.11 0
1705157818857 13.41 0
1705157835409 15.83 0
1705157849816 10.11 0
1705157866598 12.44 0
1705157883914 13.0 0
1705157899345 14.85 0
1705157914448 14.4 0
1705157929722 10.55 0
1705157944329 14.03 0
1705157958885 13.97 0
1705157973034 13.56 0
1705157987105 13.48 0
1705158004113 16.43 0
1705158019211 14.52 0
1705158031312 11.51 0
1705158047877 15.98 0
1705158064560 16.1 0
1705158078153 13.01 0
1705158093035 14.3 0
1705158106691 13.05 0
1705158121262 13.98 0
1705158133279 11.42 0
1705158148385 14.51 0
1705158164774 15.79 0
1705158178427 13.05 0
1705158189305 10.28 0
1705158204623 14.73 0
1705158218853 13.63 0
1705158233105 13.66 0
1705158249925 12.33 0
1705158260523 10.0 0
1705158276228 15.11 0
1705158290483 13.66 0
1705158305334 14.26 0
1705158318633 12.69 0
1705158331918 12.72 0
1705158346045 13.56 0
1705158360020 9.63 0
1705158375526 14.94 0
1705158390197 14.1 0
1705158405265 10.75 0
1705158418016 12.18 0
1705158433818 11.67 0
1705158449037 9.62 0
1705158465103 11.63 0
1705158478890 9.63 0
1705158492961 9.62 0
1705158507040 9.61 0
1705158521062 9.63 0
1705158537594 12.17 0
1705158552013 13.85 0
1705158569100 12.32 0
1705158583352 9.86 0
1705158599996 12.2 0
1705158613841 9.62 0
1705158627742 13.33 0
1705158641411 13.1 0
1705158654560 12.57 0
1705158667785 12.65 0
1705158682976 14.62 0
1705158698536 11.13 0
1705158714696 15.59 0
1705158727191 11.93 0
1705158739765 12.01 0
1705158757515 17.19 0
1705158771635 9.81 0
1705158786121 13.92 0
1705158800569 13.88 0
1705158814478 13.34 0
1705158831656 16.6 0
1705158847486 15.24 0
1705158862734 14.67 0
1705158880701 17.39 0
1705158893844 12.42 0
1705158908818 14.4 0
1705158923493 14.09 0
1705158938695 14.62 0
1705158953696 14.42 0
1705158969962 15.69 0
1705158983941 9.63 0
1705158994715 10.19 0
1705159009565 14.12 0
1705159023685 13.54 0
1705159041926 17.66 0
1705159056840 14.33 0
1705159069248 11.82 0
1705159085816 12.19 0
1705159101114 10.95 0
1705159115002 9.62 0
1705159130233 14.65 0
1705159144164 9.62 0
1705159159364 10.85 0
1705159174611 10.77 0
1705159188308 13.1 0
1705159201425 12.53 0
1705159214930 12.92 0
1705159230855 15.34 0
1705159246434 15.0 0
1705159258411 11.39 0
1705159272436 9.63 0
1705159282642 9.62 0
1705159297438 14.21 0
1705159312415 14.39 0
1705159327802 14.8 0
1705159343197 14.82 0
1705159354722 10.94 0
1705159367161 11.85 0
1705159377526 9.62 0
1705159392261 14.14 0
1705159404285 11.44 0
1705159417942 13.08 0
1705159433811 15.28 0
1705159447704 9.62 0
1705159461683 9.62 0
1705159477147 14.75 0
1705159490717 12.98 0
1705159503829 12.52 0
1705159517763 13.34 0
1705159534945 16.59 0
1705159548212 12.67 0
1705159564216 15.41 0
1705159577810 13.0 0
1705159591224 12.68 0
1705159606521 14.7 0
1705159622846 15.73 0
1705159636497 13.06 0
1705159650046 12.96 0
1705159663614 12.97 0
1705159679330 15.12 0
1705159693444 9.68 0
1705159703849 9.81 0
1705159716629 12.19 0
1705159732247 15.03 0
1705159746210 13.37 0
1705159759940 13.13 0
1705159773072 12.54 0
1705159783853 10.18 0
1705159798601 14.15 0
1705159812891 13.7 0
1705159827068 13.58 0
1705159841849 14.19 0
1705159857680 15.24 0
1705159871821 13.55 0
1705159885226 12.81 0
1705159900548 14.72 0
1705159917196 16.05 0
1705159932252 14.45 0
1705159946150 13.3 0
1705159962285 15.55 0
1705159976678 13.8 0
1705159990342 13.07 0
1705160008236 13.58 0
1705160022280 9.63 0
1705160036227 9.61 0
1705160050925 10.4 0
1705160064838 9.62 0
1705160078891 9.62 0
1705160092886 9.62 0
1705160107289 10.22 0
1705160119934 12.05 0
1705160132976 12.45 0
1705160146666 13.09 0
1705160162012 14.75 0
1705160176379 13.77 0
1705160191453 14.46 0
1705160206303 14.23 0
1705160221795 14.89 0
1705160236544 14.16 0
1705160248989 11.84 0
1705160264293 14.7 0
1705160281104 16.2 0
1705160294633 12.93 0
1705160310062 14.83 0
1705160324514 13.85 0
1705160339759 14.63 0
1705160351909 11.54 0
1705160365932 13.41 0
1705160379788 13.25 0
1705160394584 14.19 0
1705160408598 9.63 0
1705160422274 13.07 0
1705160435589 12.71 0
1705160452138 15.94 0
1705160465761 13.02 0
1705160480807 14.42 0
1705160495162 13.75 0
1705160507122 11.35 0
1705160521483 13.76 0
1705160536301 14.21 0
1705160551353 14.45 0
1705160566573 14.62 0
1705160582287 15.11 0
1705160596406 13.51 0
1705160611134 14.13 0
1705160628930 17.19 0
1705160641080 11.55 0
1705160654340 12.65 0
1705160668176 13.23 0
1705160684906 16.13 0
1705160700668 15.15 0
1705160712295 11.02 0
1705160728937 16.04 0
1705160742194 12.65 0
1705160760397 17.6 0
1705160779648 18.64 0
1705160793800 13.54 0
1705160808716 10.4 0
1705160820222 10.9 0
1705160833788 12.95 0
1705160846135 11.74 0
1705160863224 16.48 0
1705160876488 12.65 0
1705160889621 12.52 0
1705160905525 15.29 0
1705160917373 11.24 0
1705160931447 13.46 0
1705160943899 11.83 0
1705160957746 13.23 0
1705160972062 13.7 0
1705160986436 13.75 0
1705161000641 13.59 0
1705161013557 12.31 0
1705161029595 15.43 0
1705161045126 14.91 0
1705161059288 13.4 0
1705161075066 15.16 0
1705161088983 13.3 0
1705161101997 12.39 0
1705161116540 13.92 0
1705161132682 11.8 0
1705161147944 14.64 0
1705161160649 12.08 0
1705161175414 14.14 0
1705161192596 16.56 0
1705161205394 12.18 0
1705161218643 12.63 0
1705161234927 15.66 0
1705161248852 13.31 0
1705161261253 11.78 0
1705161273181 11.31 0
1705161289659 15.89 0
1705161303151 12.89 0
1705161315519 11.78 0
1705161329140 13.04 0
1705161342407 12.68 0
1705161355702 12.71 0
1705161366576 10.29 0
1705161378051 10.88 0
1705161392526 13.74 0
1705161405381 12.27 0
1705161421277 15.31 0
1705161436251 14.38 0
1705161449707 12.87 0
1705161462948 12.66 0
1705161478751 15.22 0
1705161495548 16.2 0
1705161509053 12.92 0
1705161524136 14.49 0
1705161538397 13.67 0
1705161555548 16.55 0
1705161571523 15.39 0
1705161585201 13.09 0
1705161599728 13.94 0
1705161612550 12.23 0
1705161629525 16.39 0
1705161645327 15.07 0
1705161664327 18.41 0
1705161674551 9.62 0
1705161686998 11.86 0
1705161699754 12.17 0
1705161710326 9.98 0
1705161723562 12.65 0
1705161742482 18.33 0
1705161758185 15.11 0
1705161774152 15.38 0
1705161787575 12.83 0
1705161801423 13.26 0
1705161812373 10.36 0
1705161827732 14.77 0
1705161843060 10.94 0
1705161857666 14.01 0
1705161869701 11.31 0
1705161887199 16.91 0
1705161900038 12.25 0
1705161916211 15.58 0
1705161930677 13.87 0
1705161944229 12.97 0
1705161959806 14.98 0
1705161973836 9.68 0
1705161987961 9.62 0
1705162001971 9.63 0
1705162014870 12.3 0
1705162028014 12.56 0
1705162042457 13.85 0
1705162054258 11.2 0
1705162067087 12.11 0
1705162079334 11.65 0
1705162092939 13.01 0
1705162106329 12.79 0
1705162120483 13.56 0
1705162131873 10.79 0
1705162148595 12.55 0
1705162163263 14.07 0
1705162177650 13.65 0
1705162191786 9.62 0
1705162203371 10.99 0
1705162214597 10.63 0
1705162230432 15.23 0
1705162243866 12.83 0
1705162260996 16.52 0
1705162276515 14.92 0
1705162290541 13.42 0
1705162302662 11.52 0
1705162315896 12.63 0
1705162329608 13.11 0
1705162342803 12.59 0
1705162353408 10.0 0
1705162369471 15.46 0
1705162383308 13.23 0
1705162398797 14.74 0
1705162410675 11.27 0
1705162427305 16.03 0
1705162440968 13.06 0
1705162452368 10.8 0
1705162466944 13.97 0
1705162481990 14.44 0
1705162495967 9.61 0
1705162508288 11.71 0
1705162522216 13.32 0
1705162539874 9.62 0
1705162553807 9.62 0
1705162567690 13.16 0
1705162583566 11.58 0
1705162597569 9.61 0
1705162607855 9.69 0
1705162621713 9.62 0
1705162631933 9.61 0
1705162645347 12.68 0
1705162657604 11.65 0
1705162671109 12.9 0
1705162684713 12.99 0
1705162698721 13.4 0
1705162711891 12.56 0
1705162728360 15.87 0
1705162743330 14.37 0
1705162758622 14.69 0
1705162772674 13.45 0
1705162787920 14.64 0
1705162801391 12.87 0
1705162813718 11.72 0
1705162828617 14.29 0
1705162843518 14.29 0
1705162858096 13.98 0
1705162873834 15.14 0
1705162887299 12.72 0
1705162901861 13.96 0
1705162915273 12.81 0
1705162929390 13.52 0
1705162943704 13.7 0
1705162956238 11.93 0
1705162971721 14.88 0
1705162984390 12.06 0
1705162995953 10.81 0
1705163010846 14.28 0
1705163025835 14.38 0
1705163037781 11.34 0
1705163053646 15.26 0
1705163068453 14.2 0
1705163083366 14.3 0
1705163096888 12.92 0
1705163113978 16.34 0
1705163128783 14.2 0
1705163141388 11.99 0
1705163158308 16.31 0
1705163169516 10.6 0
1705163183299 13.17 0
1705163196831 12.92 0
1705163212006 14.57 0
1705163225597 12.98 0
1705163240415 10.57 0
1705163253968 12.94 0
1705163269057 14.48 0
1705163281953 12.29 0
1705163296761 14.19 0
1705163312337 14.97 0
1705163328424 15.47 0
1705163343307 14.26 0
1705163355177 11.26 0
1705163371998 16.21 0
1705163386719 14.11 0
1705163401727 14.4 0
1705163412958 10.62 0
1705163426199 12.63 0
1705163438397 11.59 0
1705163452564 13.56 0
1705163466125 12.95 0
1705163481148 14.41 0
1705163494510 12.75 0
1705163509483 14.36 0
1705163522336 12.24 0
1705163537916 14.98 0
1705163554788 12.35 0
1705163568954 9.63 0
1705163581905 12.33 0
1705163594955 12.43 0
1705163609656 14.08 0
1705163624859 14.59 0
1705163639987 14.51 0
1705163654099 13.33 0
1705163668450 13.73 0
1705163685393 16.33 0
1705163700929 14.92 0
1705163714062 12.51 0
1705163729940 15.26 0
1705163743684 13.12 0
1705163756415 12.11 0
1705163770282 13.09 0
1705163785039 14.13 0
1705163798254 12.6 0
1705163811995 13.11 0
1705163824904 12.28 0
1705163839627 14.1 0
1705163852947 12.7 0
1705163872906 19.34 0
1705163886722 13.2 0
1705163902297 14.95 0
1705163916402 13.48 0
1705163932613 15.59 0
1705163946929 13.69 0
1705163961427 10.18 0
1705163974456 12.41 0
1705163987299 12.22 0
1705164001730 13.8 0
1705164015518 13.16 0
1705164033860 17.72 0
1705164046164 11.68 0
1705164063825 17.04 0
1705164076417 11.97 0
1705164091874 14.84 0
1705164105739 13.25 0
1705164121411 15.05 0
1705164136615 14.58 0
1705164151384 14.14 0
1705164168363 16.36 0
1705164182803 13.81 0
1705164201352 17.92 0
1705164215446 13.47 0
1705164227735 11.67 0
1705164245971 17.61 0
1705164258511 11.91 0
1705164273524 14.39 0
1705164288440 14.29 0
1705164301408 12.33 0
1705164317293 15.26 0
1705164329930 12.01 0
1705164345312 14.75 0
1705164362290 16.35 0
1705164376040 13.12 0
1705164388226 11.55 0
1705164404004 15.15 0
1705164419141 14.5 0
1705164432516 12.74 0
1705164446796 13.66 0
1705164459671 12.09 0
1705164474827 14.53 0
1705164487865 12.41 0
1705164500961 12.47 0
1705164518395 16.81 0
1705164533579 14.56 0
1705164546781 12.58 0
1705164557900 10.49 0
1705164571241 12.71 0
1705164585289 13.42 0
1705164600556 14.63 0
1705164615044 13.86 0
1705164628500 12.83 0
1705164642363 13.24 0
1705164659495 16.51 0
1705164674081 13.96 0
1705164688196 9.62 0
1705164701905 13.08 0
1705164713681 11.14 0
1705164725058 10.75 0
1705164741795 16.11 0
1705164754598 12.17 0
1705164770760 15.53 0
1705164783310 11.92 0
1705164798796 14.71 0
1705164812937 13.51 0
1705164826079 12.51 0
1705164840614 13.9 0
1705164856372 15.13 0
1705164872269 15.27 0
1705164885633 12.73 0
1705164900538 14.28 0
1705164913869 12.56 0
1705164926948 12.45 0
1705164939979 12.39 0
1705164952027 11.41 0
1705164967281 14.62 0
1705164979868 11.95 0
1705164993349 12.85 0
1705165010515 16.54 0
1705165021044 9.75 0
1705165036711 15.03 0
1705165052379 15.03 0
1705165066659 9.62 0
1705165082067 14.77 0
1705165095959 9.7 0
1705165112185 11.78 0
1705165126386 9.62 0
1705165138952 11.93 0
1705165154565 14.98 0
1705165169428 14.23 0
1705165182764 12.7 0
1705165196541 13.01 0
1705165210658 13.48 0
1705165222918 11.62 0
1705165239252 15.7 0
1705165252589 12.7 0
1705165266666 13.44 0
1705165281241 13.94 0
1705165294597 12.72 0
1705165309963 14.73 0
1705165324639 13.89 0
1705165339232 13.96 0
1705165353306 13.44 0
1705165368007 14.07 0
1705165381417 12.77 0
1705165398174 12.31 0
1705165415948 17.13 0
1705165430164 13.45 0
1705165441742 10.94 0
1705165456771 14.39 0
1705165470228 12.82 0
1705165485306 14.44 0
1705165496760 10.82 0
1705165512219 14.82 0
1705165527248 14.39 0
1705165544154 16.13 0
1705165558835 14.04 0
1705165573671 14.2 0
1705165587948 13.64 0
1705165600788 12.2 0
1705165616048 14.62 0
1705165629540 12.86 0
1705165642253 12.08 0
1705165657009 13.97 0
1705165670974 13.32 0
1705165686988 15.37 0
1705165701200 13.57 0
1705165716152 14.32 0
1705165731576 14.79 0
1705165747187 14.98 0
1705165762394 14.57 0
1705165776259 13.08 0
1705165793056 16.16 0
1705165806450 12.76 0
1705165819132 12.04 0
1705165832420 12.65 0
1705165845629 12.57 0
1705165859197 12.93 0
1705165876439 16.61 0
1705165892981 15.75 0
1705165908074 14.45 0
1705165921632 12.91 0
1705165936353 14.08 0
1705165951683 14.69 0
1705165964177 11.86 0
1705165981801 16.97 0
1705165996357 13.92 0
1705166011542 14.55 0
1705166025047 12.72 0
1705166039427 13.74 0
1705166057139 17.07 0
1705166070330 12.55 0
1705166083986 13.01 0
1705166096179 11.55 0
1705166109934 13.12 0
1705166126350 12.04 0
1705166143463 16.47 0
1705166156370 12.27 0
1705166170563 13.55 0
1705166188318 17.11 0
1705166204217 15.25 0
1705166218311 13.45 0
1705166231127 12.18 0
1705166247174 15.26 0
1705166259986 12.17 0
1705166272337 11.7 0
1705166286513 13.54 0
1705166301664 14.51 0
1705166317575 15.27 0
1705166331288 13.07 0
1705166344577 12.65 0
1705166357486 12.11 0
1705166371251 13.11 0
1705166385539 13.64 0
1705166397764 11.56 0
1705166412658 14.25 0
1705166424180 10.87 0
1705166437863 13.03 0
1705166451883 13.37 0
1705166466300 13.61 0
1705166479873 12.92 0
1705166494764 14.24 0
1705166513476 18.06 0
1705166528711 14.58 0
1705166540862 11.5 0
1705166555205 13.69 0
1705166567211 11.36 0
1705166583368 15.35 0
1705166596513 12.48 0
1705166611599 14.43 0
1705166624942 12.69 0
1705166636510 10.9 0
1705166651799 14.64 0
1705166662874 10.42 0
1705166676821 13.29 0
1705166691731 14.26 0
1705166707951 15.57 0
1705166721821 13.22 0
1705166736871 14.4 0
1705166750562 13.04 0
1705166766072 14.86 0
1705166780647 13.91 0
1705166793854 12.42 0
1705166810430 15.92 0
1705166825244 14.16 0
1705166840145 10.54 0
1705166853944 13.15 0
1705166869445 14.84 0
1705166885462 15.36 0
1705166902629 16.51 0
1705166917827 14.54 0
1705166933677 15.2 0
1705166946558 12.23 0
1705166961616 14.4 0
1705166975557 13.29 0
1705166991001 14.79 0
1705167004643 12.99 0
1705167017705 12.41 0
1705167030284 11.92 0
1705167043736 12.8 0
1705167054570 10.18 0
1705167068746 13.52 0
1705167084259 14.86 0
1705167099597 14.68 0
1705167117038 16.79 0
1705167128723 11.06 0
1705167143253 13.91 0
1705167158964 15.09 0
1705167169218 9.62 0
1705167183485 13.64 0
1705167200252 16.15 0
1705167213641 12.77 0
1705167227153 12.88 0
1705167241324 13.55 0
1705167253754 11.66 0
1705167268437 14.06 0
1705167280621 11.56 0
1705167296772 15.53 0
1705167312491 15.09 0
1705167328678 15.56 0
1705167343881 14.58 0
1705167358165 13.66 0
1705167372594 13.81 0
1705167383641 10.42 0
1705167398909 14.64 0
1705167411106 11.57 0
1705167424195 12.46 0
1705167443458 18.64 0
1705167457514 13.43 0
1705167472868 14.74 0
1705167486138 12.64 0
1705167500332 13.42 0
1705167512689 11.73 0
1705167528549 15.24 0
1705167539634 10.46 0
1705167555983 12.0 0
1705167570676 14.07 0
1705167585687 14.38 0
1705167599864 13.54 0
1705167613805 13.17 0
1705167628613 14.18 0
1705167642312 13.07 0
1705167656181 13.24 0
1705167669823 13.01 0
1705167685110 14.67 0
1705167702614 16.88 0
1705167717436 14.2 0
1705167733766 15.55 0
1705167747923 13.53 0
1705167761685 13.13 0
1705167772331 10.02 0
1705167784240 11.28 0
1705167798478 13.61 0
1705167814867 15.77 0
1705167827921 12.42 0
1705167842478 13.93 0
1705167858261 15.01 0
1705167873052 14.16 0
1705167887280 13.6 0
1705167903317 15.41 0
1705167919158 15.21 0
1705167931434 11.64 0
1705167945944 13.88 0
1705167958665 12.09 0
1705167970744 11.45 0
1705167986257 14.74 0
1705168001713 14.82 0
1705168015138 12.8 0
1705168028231 12.46 0
1705168044098 15.24 0
1705168061113 16.39 0
1705168075246 13.5 0
1705168091956 16.08 0
1705168104691 12.11 0
1705168118260 12.7 0
1705168132305 13.41 0
1705168144893 11.95 0
1705168160790 15.26 0
1705168173927 12.5 0
1705168187584 13.02 0
1705168200235 12.01 0
1705168213187 12.31 0
1705168226084 12.26 0
1705168240288 13.57 0
1705168252470 11.55 0
1705168267418 10.99 0
1705168281406 13.36 0
1705168294613 12.57 0
1705168309272 14.02 0
1705168324066 14.16 0
1705168337680 12.85 0
1705168354155 15.85 0
1705168369977 15.19 0
1705168383404 12.8 0
1705168399277 15.23 0
1705168414254 14.34 0
1705168425485 10.6 0
1705168437904 11.79 0
1705168453150 14.62 0
1705168468520 14.59 0
1705168481611 12.45 0
1705168494007 11.76 0
1705168509900 15.25 0
1705168521821 11.29 0
1705168533145 10.69 0
1705168547729 13.95 0
1705168559133 10.77 0
1705168575805 16.03 0
1705168592525 15.93 0
1705168608088 14.93 0
1705168621765 13.04 0
1705168633911 11.51 0
1705168648348 13.8 0
1705168661590 12.61 0
1705168677692 15.47 0
1705168692968 14.64 0
1705168706278 12.68 0
1705168720659 13.75 0
1705168736300 15.01 0
1705168749651 12.71 0
1705168762806 12.52 0
1705168776134 12.69 0
1705168791348 14.58 0
1705168803324 11.34 0
1705168817185 13.23 0
1705168830248 12.28 0
1705168843566 12.68 0
1705168858429 14.23 0
1705168874267 15.2 0
1705168890545 15.64 0
1705168904572 13.39 0
1705168916999 11.79 0
1705168930700 13.07 0
1705168944779 9.63 0
1705168957985 12.57 0
1705168972000 9.63 0
1705168984610 11.98 0
1705169000468 15.23 0
1705169015219 14.11 0
1705169028993 13.14 0
1705169043272 13.5 0
1705169058781 14.86 0
1705169074258 14.83 0
1705169088779 13.88 0
1705169103884 14.46 0
1705169120575 16.04 0
1705169134125 12.91 0
1705169149327 14.56 0
1705169163749 13.62 0
1705169180073 15.68 0
1705169191317 10.59 0
1705169206002 14.04 0
1705169217735 11.09 0
1705169231509 13.13 0
1705169245299 13.15 0
1705169263555 17.62 0
1705169278748 14.55 0
1705169292614 13.06 0
1705169306162 12.9 0
1705169322558 15.75 0
1705169335053 11.84 0
1705169350043 14.35 0
1705169364356 13.68 0
1705169379681 14.67 0
1705169392797 12.47 0
1705169408925 15.33 0
1705169422454 12.88 0
1705169434887 11.79 0
1705169450693 15.16 0
1705169468910 17.57 0
1705169483116 13.56 0
1705169497939 14.17 0
1705169512592 14.0 0
1705169527452 14.21 0
1705169543446 15.2 0
1705169561229 17.13 0
1705169576419 14.54 0
1705169591433 14.37 0
1705169604860 12.78 0
1705169616501 10.99 0
1705169632863 15.72 0
1705169648313 14.8 0
1705169662232 13.12 0
1705169676254 9.62 0
1705169690305 13.4 0
1705169705148 10.4 0
1705169721010 15.22 0
1705169734748 13.09 0
1705169750797 15.4 0
1705169766534 14.95 0
1705169782277 15.1 0
1705169794997 12.08 0
1705169809411 13.77 0
1705169822535 12.48 0
1705169834019 10.84 0
1705169848857 14.19 0
1705169862650 13.16 0
1705169876802 13.37 0
1705169890387 12.94 0
1705169905473 14.44 0
1705169918430 12.31 0
1705169933194 14.12 0
1705169946939 13.1 0
1705169962021 14.44 0
1705169974299 11.63 0
1705169988456 13.51 0
1705170006572 17.32 0
1705170020236 13.0 0
1705170032813 11.94 0
1705170050845 17.39 0
1705170063381 11.89 0
1705170077984 13.96 0
1705170093936 15.31 0
1705170107248 12.66 0
1705170119135 11.1 0
1705170131957 12.17 0
1705170147837 15.23 0
1705170161496 13.01 0
1705170180411 18.26 0
1705170193053 11.99 0
1705170205308 11.61 0
1705170219993 14.03 0
1705170234848 14.21 0
1705170247396 11.89 0
1705170260914 12.87 0
1705170274432 12.87 0
1705170290442 15.36 0
1705170305866 14.78 0
1705170318888 12.37 0
1705170334237 14.71 0
1705170347937 13.05 0
1705170360422 11.69 0
1705170375319 14.25 0
1705170387940 11.97 0
1705170399401 10.81 0
1705170414730 10.93 0
1705170427682 12.29 0
1705170441766 13.44 0
1705170457254 14.7 0
1705170473770 15.86 0
1705170489482 15.06 0
1705170503302 13.17 0
1705170517912 13.96 0
1705170530538 11.98 0
1705170543246 12.05 0
1705170555299 11.4 0
1705170571042 14.95 0
1705170587147 15.45 0
1705170600410 12.62 0
1705170613507 12.43 0
1705170628048 13.88 0
1705170643421 14.72 0
1705170658172 14.1 0
1705170674376 15.54 0
1705170687815 12.65 0
1705170701128 12.66 0
1705170715955 14.17 0
1705170729335 12.73 0
1705170741751 11.76 0
1705170756546 14.14 0
1705170771974 14.77 0
1705170785803 13.17 0
1705170800895 14.44 0
1705170814377 12.68 0
1705170829166 14.14 0
1705170845438 15.62 0
1705170863278 17.19 0
1705170876440 12.51 0
1705170892086 14.99 0
1705170907462 14.72 0
1705170920568 12.45 0
1705170935273 13.9 0
1705170950032 14.1 0
1705170964486 13.8 0
1705170978225 13.09 0
1705170995150 16.27 0
1705171009610 13.8 0
1705171024433 14.16 0
1705171037408 12.32 0
1705171052560 14.5 0
1705171066572 13.2 0
1705171082638 15.41 0
1705171094378 11.09 0
1705171109761 14.73 0
1705171125198 14.78 0
1705171139318 9.62 0
1705171151972 11.99 0
1705171167161 14.4 0
1705171179096 11.27 0
1705171194368 14.62 0
1705171207937 12.92 0
1705171222533 13.94 0
1705171237174 13.98 0
1705171250271 12.44 0
1705171263350 12.43 0
1705171278220 14.22 0
1705171291192 12.15 0
1705171307548 15.7 0
1705171321804 13.6 0
1705171333592 11.13 0
1705171346131 11.88 0
1705171361454 14.67 0
1705171373475 11.36 0
1705171387078 12.96 0
1705171405887 18.02 0
1705171420638 14.1 0
1705171435261 13.97 0
1705171447293 11.37 0
1705171461232 13.28 0
1705171471543 9.66 0
1705171487309 15.11 0
1705171503627 15.66 0
1705171518075 13.8 0
1705171534986 16.25 0
1705171550992 15.35 0
1705171567338 15.69 0
1705171582814 14.82 0
1705171597991 14.52 0
1705171615093 16.45 0
1705171627335 11.59 0
1705171641564 13.57 0
1705171655482 13.1 0
1705171666738 10.59 0
1705171678649 11.25 0
1705171689299 9.98 0
1705171703688 13.73 0
1705171717490 13.15 0
1705171732240 14.09 0
1705171745975 13.08 0
1705171761518 14.73 0
1705171777921 15.74 0
1705171792403 13.82 0
1705171805865 12.8 0
1705171820949 14.42 0
1705171833146 11.53 0
1705171847246 9.61 0
1705171860347 12.3 0
1705171877568 16.56 0
1705171892986 14.75 0
1705171906815 13.17 0
1705171925798 14.62 0
1705171939694 13.22 0
1705171953114 12.76 0
1705171965197 11.42 0
1705171979747 13.88 0
1705171992092 11.67 0
1705172007038 14.28 0
1705172021219 13.52 0
1705172036553 14.67 0
1705172048251 11.03 0
1705172063985 15.06 0
1705172077694 13.04 0
1705172091905 13.55 0
1705172107470 14.9 0
1705172124216 16.08 0
1705172135803 10.92 0
1705172150494 14.03 0
1705172164073 12.91 0
1705172178532 13.79 0
1705172190654 11.31 0
1705172203209 11.89 0
1705172217883 14.0 0
1705172232217 13.67 0
1705172243077 10.19 0
1705172257363 13.62 0
1705172273836 15.81 0
1705172286227 11.72 0
1705172298885 11.99 0
1705172314734 15.18 0
1705172331221 15.81 0
1705172345732 13.83 0
1705172359696 13.29 0
1705172372163 11.79 0
1705172389410 16.58 0
1705172404750 14.67 0
1705172417986 12.56 0
1705172437041 18.39 0
1705172451732 14.02 0
1705172464793 12.39 0
1705172478094 12.64 0
1705172491836 13.07 0
1705172504430 11.92 0
1705172519854 14.76 0
1705172533584 13.05 0
1705172544263 10.01 0
1705172561264 12.73 0
1705172578190 16.25 0
1705172591048 12.19 0
1705172603016 11.29 0
1705172616416 12.73 0
1705172629809 12.72 0
1705172641873 11.39 0
1705172653751 11.21 0
1705172668287 13.87 0
1705172682277 13.31 0
1705172695767 12.82 0
1705172708859 12.42 0
1705172723603 14.07 0
1705172740213 15.8 0
1705172753157 12.27 0
1705172768211 14.39 0
1705172785144 16.26 0
1705172801130 15.31 0
1705172814828 13.02 0
1705172828844 13.34 0
1705172844899 15.38 0
1705172857302 11.59 0
1705172869296 11.33 0
1705172881948 11.98 0
1705172895311 12.7 0
1705172910180 14.2 0
1705172927216 16.37 0
1705172940113 12.23 0
1705172955623 14.84 0
1705172967649 11.35 0
1705172984337 16.02 0
1705172995791 10.78 0
1705173009230 12.76 0
1705173022572 12.67 0
1705173039753 16.51 0
1705173053431 13.01 0
1705173069764 15.67 0
1705173080881 10.44 0
1705173093975 12.42 0
1705173105150 10.51 0
1705173121613 15.79 0
1705173136559 14.28 0
1705173148883 11.64 0
1705173162153 12.6 0
1705173175402 12.57 0
1705173188072 11.99 0
1705173203603 14.87 0
1705173217267 12.98 0
1705173229145 11.21 0
1705173243031 13.21 0
1705173259888 12.14 0
1705173272329 11.77 0
1705173287654 14.65 0
1705173303604 15.27 0
1705173319887 15.59 0
1705173334425 13.84 0
1705173346755 11.64 0
1705173362120 10.86 0
1705173376362 9.67 0
1705173390582 9.62 0
1705173402284 11.02 0
1705173415578 12.62 0
1705173432604 16.34 0
1705173444107 10.82 0
1705173459435 14.65 0
1705173477207 17.1 0
1705173490439 12.56 0
1705173503608 12.5 0
1705173518586 14.3 0
1705173535001 15.74 0
1705173549342 13.66 0
1705173565154 15.14 0
1705173581454 15.63 0
1705173593187 11.04 0
1705173605575 11.71 0
1705173624520 18.27 0
1705173636540 11.35 0
1705173650696 13.49 0
1705173664212 12.85 0
1705173676772 11.89 0
1705173691179 13.74 0
1705173702918 11.07 0
1705173715191 11.6 0
1705173730061 14.2 0
1705173743484 12.75 0
1705173758159 14.0 0
1705173773312 14.49 0
1705173789653 15.67 0
1705173802602 12.28 0
1705173818382 15.11 0
1705173831477 12.42 0
1705173842859 10.71 0
1705173858027 14.5 0
1705173872554 13.85 0
1705173884589 11.37 0
1705173898324 13.07 0
1705173912241 13.24 0
1705173928455 15.54 0
1705173946159 16.88 0
1705173957268 10.43 0
1705173971552 10.31 0
1705173984744 12.52 0
1705173998522 13.11 0
1705174013239 14.04 0
1705174024654 10.74 0
1705174039293 13.83 0
1705174053161 13.2 0
1705174065686 11.85 0
1705174079576 13.21 0
1705174095251 15.01 0
1705174107284 11.36 0
1705174121218 13.26 0
1705174136842 14.95 0
1705174153299 15.78 0
1705174166929 12.79 0
1705174181502 13.9 0
1705174196120 13.94 0
1705174209743 12.95 0
1705174223432 13.01 0
1705174240522 16.41 0
1705174254930 13.74 0
1705174268962 13.36 0
1705174283703 13.93 0
1705174296676 12.3 0
1705174310365 13.01 0
1705174325197 14.16 0
1705174339715 13.84 0
1705174355688 15.3 0
1705174372179 15.82 0
1705174387083 14.24 0
1705174399785 12.03 0
1705174412296 11.83 0
1705174431863 18.9 0
1705174445885 13.35 0
1705174461243 14.68 0
1705174472330 10.4 0
1705174486419 13.41 0
1705174499407 12.31 0
1705174514724 14.63 0
1705174527221 11.65 0
1705174542499 14.6 0
1705174557580 14.4 0
1705174569363 11.11 0
1705174582032 11.99 0
1705174597372 14.66 0
1705174613236 15.18 0
1705174627180 13.26 0
1705174640659 12.79 0
1705174653696 12.36 0
1705174671464 17.09 0
1705174687005 11.15 0
1705174701978 14.29 0
1705174716882 14.22 0
1705174732067 14.5 0
1705174747343 14.59 0
1705174758970 10.95 0
1705174773468 13.81 0
1705174789617 15.47 0
1705174802696 12.39 0
1705174819987 16.61 0
1705174833152 12.49 0
1705174846613 12.77 0
1705174862879 15.59 0
1705174875038 11.47 0
1705174890904 15.18 0
1705174905073 13.48 0
1705174916554 10.79 0
1705174929692 12.45 0
1705174945510 15.14 0
1705174958897 12.7 0
1705174973524 13.94 0
1705174987937 13.73 0
1705175002021 13.4 0
1705175014493 11.79 0
1705175026960 11.79 0
1705175038772 11.13 0
1705175053085 13.63 0
1705175068474 14.71 0
1705175082216 13.06 0
1705175096078 13.18 0
1705175110780 14.02 0
1705175126273 14.81 0
1705175138686 11.73 0
1705175153963 14.59 0
1705175167603 12.95 0
1705175179918 11.63 0
1705175195880 15.27 0
1705175209006 12.44 0
1705175225361 15.67 0
1705175240225 14.18 0
1705175253626 12.71 0
1705175264059 9.75 0
1705175278204 13.45 0
1705175291848 12.81 0
1705175306348 13.82 0
1705175320961 13.93 0
1705175333186 11.54 0
1705175350139 16.27 0
1705175365540 14.72 0
1705175381203 14.98 0
1705175397367 11.69 0
1705175409819 11.61 0
1705175425754 15.25 0
1705175438918 12.48 0
1705175452136 12.53 0
1705175465412 12.59 0
1705175479150 13.04 0
1705175492485 12.65 0
1705175505682 12.51 0
1705175522827 16.32 0
1705175536868 13.36 0
1705175553809 16.25 0
1705175565006 10.51 0
1705175578163 12.45 0
1705175594266 15.42 0
1705175607377 12.41 0
1705175622225 14.16 0
1705175635996 13.07 0
1705175651855 15.17 0
1705175666178 13.64 0
1705175681392 14.54 0
1705175697162 15.08 0
1705175709559 11.71 0
1705175723518 13.27 0
1705175736811 12.61 0
1705175749597 12.1 0
1705175763576 13.3 0
1705175775847 11.59 0
1705175793369 16.84 0
1705175808655 14.6 0
1705175822755 13.41 0
1705175837294 13.85 0
1705175850959 12.98 0
1705175868474 16.82 0
1705175880590 11.43 0
1705175893621 12.34 0
1705175909856 15.55 0
1705175921671 11.13 0
1705175936753 14.4 0
1705175949624 12.19 0
1705175960899 10.59 0
1705175976217 14.63 0
1705175988700 11.79 0
1705176004986 15.6 0
1705176017124 11.45 0
1705176031652 13.84 0
1705176049295 16.96 0
1705176061223 11.24 0
1705176074398 12.48 0
1705176088564 13.33 0
1705176102737 9.62 0
1705176117365 13.94 0
1705176132601 14.55 0
1705176147714 14.43 0
1705176162309 13.9 0
1705176177354 14.36 0
1705176193544 15.5 0
1705176208240 14.0 0
1705176223976 15.04 0
1705176239992 15.33 0
1705176253615 12.92 0
1705176267232 12.93 0
1705176282476 14.55 0
1705176296728 13.56 0
1705176310349 12.92 0
1705176324815 13.78 0
1705176339857 14.34 0
1705176352666 12.12 0
1705176364073 10.72 0
1705176376773 12.0 0
1705176389157 11.69 0
1705176401274 11.43 0
1705176417875 15.91 0
1705176430434 11.87 0
1705176445876 14.75 0
1705176457696 11.13 0
1705176472629 14.24 0
1705176484882 11.56 0
1705176496842 11.26 0
1705176511680 14.15 0
1705176525872 13.5 0
1705176541317 14.76 0
1705176556267 14.26 0
1705176570018 13.05 0
1705176584766 14.06 0
1705176599278 13.81 0
1705176611014 11.05 0
1705176629492 17.79 0
1705176643261 13.08 0
1705176659546 15.6 0
1705176677263 17.03 0
1705176689578 11.62 0
1705176703705 13.44 0
1705176718886 14.49 0
1705176732692 13.11 0
1705176746495 13.11 0
1705176759561 12.37 0
1705176772261 12.01 0
1705176786832 13.88 0
1705176800658 13.13 0
