1705155394784 3.5124 0
1705155405307 1.3107 0
1705155433823 1.0361 0
1705155459359 0.8539 0
1705155473915 0.7745 0
1705155484232 0.7008 0
1705155498057 0.6008 0
1705155511827 0.6048 0
1705155525661 0.5074 0
1705155541330 0.5688 0
1705155556903 0.4899 0
1705155572357 0.5057 0
1705155585968 0.4712 0
1705155599892 0.5268 0
1705155613695 0.4644 0
1705155628548 0.4126 0
1705155647679 0.412 0
1705155661748 0.4315 0
1705155671958 0.4094 0
1705155685826 0.4067 0
1705155700033 0.4431 0
1705155713549 0.3769 0
1705155730425 0.4623 0
1705155744220 0.4537 0
1705155758478 0.4239 0
1705155771362 0.4153 0
1705155785180 0.4216 0
1705155799369 0.4404 0
1705155813134 0.3887 0
1705155826918 0.4096 0
1705155841546 0.3691 0
1705155852763 0.4159 0
1705155868490 0.3442 0
1705155883569 0.3276 0
1705155897536 0.3984 0
1705155911395 0.3333 0
1705155925508 0.3164 0
1705155939548 0.3431 0
1705155953589 0.3321 0
1705155967493 0.3325 0
1705155981480 0.3283 0
1705155995524 0.3192 0
1705156009606 0.3406 0
1705156023515 0.2198 0
1705156037477 0.279 0
1705156051452 0.2164 0
1705156065688 0.3007 0
1705156079830 0.2666 0
1705156093756 0.2716 0
1705156107914 0.2951 0
1705156123321 0.2662 0
1705156133517 0.2587 0
1705156147695 0.2695 0
1705156162423 0.2544 0
1705156176514 0.2519 0
1705156190533 0.2696 0
1705156204889 0.2354 0
1705156215693 0.1927 0
1705156228086 0.2532 0
1705156242333 0.2062 0
1705156256428 0.3035 0
1705156270414 0.2659 0
1705156284405 0.204 0
1705156298563 0.1714 0
1705156312600 0.2187 0
1705156325998 0.2512 0
1705156338939 0.1843 0
1705156352794 0.1752 0
1705156366685 0.2317 0
1705156380584 0.2729 0
1705156395359 0.1729 0
1705156410522 0.1849 0
1705156427146 0.1735 0
1705156443416 0.1922 0
1705156459283 0.2031 0
1705156473550 0.2131 0
1705156487537 0.174 0
1705156501644 0.1909 0
1705156516245 0.153 0
1705156531929 0.1303 0
1705156545879 0.137 0
1705156559884 0.0664 0
1705156573842 0.2063 0
1705156587827 0.1479 0
1705156600458 0.1299 0
1705156614548 0.1263 0
1705156628391 0.1808 0
1705156641593 0.1107 0
1705156653985 0.1437 0
1705156670321 0.1014 0
1705156684285 0.0913 0
1705156698278 0.1822 0
1705156712196 0.1721 0
1705156726151 0.1297 0
1705156740183 0.0895 0
1705156751886 0.0745 0
1705156766968 0.0804 0
1705156780785 0.0391 0
1705156794777 0.1011 0
1705156808908 0.0584 0
1705156826826 0.118 0
1705156840946 0.0316 0
1705156851144 0.1498 0
1705156861451 0.1008 0
1705156875339 0.0317 0
1705156887347 0.0345 0
1705156902720 0.0372 0
1705156916540 -0.0431 0
1705156930796 0.0546 0
1705156944807 0.0641 0
1705156957680 -0.0181 0
1705156972533 0.0161 0
1705156986616 0.0289 0
1705157001114 0.0145 0
1705157015302 0.0142 0
1705157026614 0.0154 0
1705157041018 -0.0374 0
1705157057740 0.0163 0
1705157073351 -0.0049 0
1705157087515 -0.0263 0
1705157100220 0.0143 0
1705157119061 -0.0297 0
1705157133073 0.0222 0
1705157147206 -0.0007 0
1705157158269 -0.0634 0
1705157172610 -0.08 0
1705157184577 -0.0308 0
1705157198507 -0.031 0
1705157212208 -0.0146 0
1705157227229 -0.032 0
1705157243512 0.0008 0
1705157256682 -0.0412 0
1705157269276 -0.054 0
1705157283591 0.0038 0
1705157300726 -0.0508 0
1705157317668 -0.0908 0
1705157331695 -0.0565 0
1705157342193 -0.0348 0
1705157356939 -0.062 0
1705157371249 -0.0662 0
1705157385731 -0.0366 0
1705157399937 -0.0919 0
1705157413948 -0.0516 0
1705157427569 -0.0919 0
1705157442131 -0.107 0
1705157455807 -0.0933 0
1705157468996 -0.1163 0
1705157483028 -0.1197 0
1705157497342 -0.1391 0
1705157511966 -0.1574 0
1705157529876 -0.1165 0
1705157540075 -0.0313 0
1705157554049 -0.0982 0
1705157568096 -0.1325 0
1705157582119 -0.1139 0
1705157595676 -0.1284 0
1705157608797 -0.1941 0
1705157622710 -0.1472 0
1705157637115 -0.1291 0
1705157651896 -0.0681 0
1705157665966 -0.0963 0
1705157680567 -0.157 0
1705157695189 -0.1506 0
1705157709532 -0.0834 0
1705157721559 -0.1302 0
1705157736229 -0.1138 0
1705157747307 -0.0068 0
1705157763127 -0.0656 0
1705157778310 -0.1109 0
1705157792177 -0.1557 0
1705157804859 -0.1733 0
1705157818852 -0.2017 0
1705157835406 -0.1751 0
1705157849812 -0.194 0
1705157866594 -0.2178 0
1705157883910 -0.2041 0
1705157899341 -0.2239 0
1705157914445 -0.1785 0
1705157929718 -0.2284 0
1705157944325 -0.13 0
1705157958881 -0.1769 0
1705157973030 -0.2046 0
1705157987101 -0.1078 0
1705158004109 -0.172 0
1705158019208 -0.1871 0
1705158031308 -0.1987 0
1705158047873 -0.211 0
1705158064556 -0.2207 0
1705158078149 -0.2128 0
1705158093031 -0.1772 0
1705158106688 -0.1536 0
1705158121259 -0.1869 0
1705158133276 -0.2485 0
1705158148381 -0.1906 0
1705158164771 -0.2221 0
1705158178423 -0.1685 0
1705158189301 -0.2368 0
1705158204618 -0.1661 0
1705158218849 -0.1708 0
1705158233101 -0.1561 0
1705158249921 -0.2033 0
1705158260519 -0.1717 0
1705158276224 -0.1995 0
1705158290479 -0.2686 0
1705158305330 -0.2551 0
1705158318629 -0.1914 0
1705158331914 -0.2112 0
1705158346041 -0.2621 0
1705158360016 -0.2297 0
1705158375523 -0.2333 0
1705158390193 -0.2763 0
1705158405261 -0.2422 0
1705158418012 -0.2557 0
1705158433814 -0.2637 0
1705158449033 -0.267 0
1705158465099 -0.2511 0
1705158478887 -0.2861 0
1705158492957 -0.2589 0
1705158507036 -0.2673 0
1705158521058 -0.3413 0
1705158537591 -0.3222 0
1705158552009 -0.2647 0
1705158569096 -0.2473 0
1705158583348 -0.2723 0
1705158599992 -0.3165 0
1705158613837 -0.3112 0
1705158627739 -0.204 0
1705158641407 -0.2443 0
1705158654556 -0.3729 0
1705158667781 -0.3372 0
1705158682972 -0.2928 0
1705158698533 -0.2945 0
1705158714692 -0.2616 0
1705158727187 -0.2989 0
1705158739761 -0.3236 0
1705158757512 -0.231 0
1705158771630 -0.2842 0
1705158786117 -0.3651 0
1705158800565 -0.3348 0
1705158814474 -0.2229 0
1705158831652 -0.2646 0
1705158847483 -0.3528 0
1705158862730 -0.2481 0
1705158880698 -0.3245 0
1705158893840 -0.3541 0
1705158908814 -0.2233 0
1705158923488 -0.2807 0
1705158938691 -0.3053 0
1705158953693 -0.3526 0
1705158969958 -0.3483 0
1705158983937 -0.3006 0
1705158994711 -0.3484 0
1705159009561 -0.3779 0
1705159023682 -0.3238 0
1705159041922 -0.2983 0
1705159056837 -0.3785 0
1705159069244 -0.3797 0
1705159085813 -0.391 0
1705159101110 -0.3262 0
1705159114998 -0.3612 0
1705159130229 -0.3562 0
1705159144160 -0.3275 0
1705159159361 -0.359 0
1705159174608 -0.2776 0
1705159188304 -0.355 0
1705159201421 -0.3828 0
1705159214926 -0.3233 0
1705159230850 -0.3142 0
1705159246430 -0.3433 0
1705159258407 -0.3676 0
1705159272432 -0.3773 0
1705159282637 -0.4143 0
1705159297434 -0.4157 0
1705159312411 -0.3709 0
1705159327798 -0.4106 0
1705159343193 -0.3966 0
1705159354718 -0.3774 0
1705159367157 -0.3941 0
1705159377522 -0.4033 0
1705159392257 -0.2999 0
1705159404281 -0.4211 0
1705159417938 -0.4169 0
1705159433808 -0.356 0
1705159447700 -0.4103 0
1705159461679 -0.4288 0
1705159477143 -0.37 0
1705159490713 -0.3725 0
1705159503826 -0.3485 0
1705159517760 -0.3703 0
1705159534941 -0.3234 0
1705159548208 -0.3708 0
1705159564212 -0.4019 0
1705159577807 -0.4043 0
1705159591220 -0.4037 0
1705159606517 -0.4103 0
1705159622843 -0.423 0
1705159636493 -0.318 0
1705159650043 -0.3695 0
1705159663611 -0.4386 0
1705159679327 -0.4156 0
1705159693441 -0.3623 0
1705159703845 -0.3487 0
1705159716626 -0.4527 0
1705159732244 -0.3956 0
1705159746207 -0.3385 0
1705159759936 -0.3918 0
1705159773068 -0.367 0
1705159783849 -0.4149 0
1705159798598 -0.3725 0
1705159812887 -0.4258 0
1705159827064 -0.3844 0
1705159841845 -0.3983 0
1705159857676 -0.4545 0
1705159871817 -0.4385 0
1705159885223 -0.3212 0
1705159900544 -0.3762 0
1705159917192 -0.4262 0
1705159932247 -0.3816 0
1705159946147 -0.4187 0
1705159962281 -0.3779 0
1705159976674 -0.4487 0
1705159990338 -0.374 0
1705160008231 -0.3749 0
1705160022276 -0.4529 0
1705160036222 -0.3395 0
1705160050921 -0.4193 0
1705160064834 -0.46 0
1705160078887 -0.4465 0
1705160092882 -0.4194 0
1705160107285 -0.4617 0
1705160119930 -0.4867 0
1705160132972 -0.4416 0
1705160146663 -0.4613 0
1705160162008 -0.4318 0
1705160176375 -0.4288 0
1705160191449 -0.4836 0
1705160206299 -0.4401 0
1705160221790 -0.4134 0
1705160236539 -0.4428 0
1705160248985 -0.4132 0
1705160264289 -0.464 0
1705160281101 -0.4329 0
1705160294629 -0.4453 0
1705160310059 -0.4434 0
1705160324511 -0.514 0
1705160339755 -0.3847 0
1705160351904 -0.4433 0
1705160365928 -0.371 0
1705160379785 -0.4718 0
1705160394580 -0.4834 0
1705160408594 -0.434 0
1705160422270 -0.4499 0
1705160435585 -0.3651 0
1705160452135 -0.464 0
1705160465757 -0.5448 0
1705160480804 -0.4185 0
1705160495159 -0.3926 0
1705160507119 -0.476 0
1705160521479 -0.4717 0
1705160536298 -0.5145 0
1705160551349 -0.4554 0
1705160566569 -0.4168 0
1705160582283 -0.4946 0
1705160596402 -0.4692 0
1705160611131 -0.5027 0
1705160628926 -0.4937 0
1705160641076 -0.4294 0
1705160654336 -0.4897 0
1705160668172 -0.4568 0
1705160684903 -0.5006 0
1705160700664 -0.4638 0
1705160712291 -0.483 0
1705160728934 -0.5077 0
1705160742190 -0.4741 0
1705160760394 -0.4717 0
1705160779644 -0.4473 0
1705160793796 -0.5005 0
1705160808713 -0.4569 0
1705160820219 -0.4955 0
1705160833784 -0.5429 0
1705160846132 -0.4813 0
1705160863220 -0.4471 0
1705160876484 -0.4644 0
1705160889618 -0.5244 0
1705160905521 -0.4084 0
1705160917369 -0.4579 0
1705160931444 -0.5304 0
1705160943895 -0.5529 0
1705160957742 -0.4396 0
1705160972058 -0.492 0
1705160986432 -0.4864 0
1705161000637 -0.497 0
1705161013553 -0.4664 0
1705161029591 -0.4239 0
1705161045122 -0.427 0
1705161059285 -0.4803 0
1705161075062 -0.4573 0
1705161088979 -0.5425 0
1705161101993 -0.4481 0
1705161116536 -0.4603 0
1705161132678 -0.4989 0
1705161147941 -0.4866 0
1705161160646 -0.4229 0
1705161175410 -0.4487 0
1705161192593 -0.4501 0
1705161205390 -0.4625 0
1705161218639 -0.4752 0
1705161234923 -0.4368 0
1705161248848 -0.4806 0
1705161261249 -0.4509 0
1705161273178 -0.4596 0
1705161289655 -0.4751 0
1705161303147 -0.512 0
1705161315515 -0.5058 0
1705161329136 -0.5122 0
1705161342403 -0.5323 0
1705161355698 -0.4775 0
1705161366573 -0.464 0
1705161378048 -0.5208 0
1705161392523 -0.448 0
1705161405377 -0.4323 0
1705161421273 -0.4173 0
1705161436248 -0.467 0
1705161449703 -0.4782 0
1705161462944 -0.4149 0
1705161478747 -0.4447 0
1705161495544 -0.4969 0
1705161509050 -0.4402 0
1705161524132 -0.5241 0
1705161538393 -0.5381 0
1705161555544 -0.4986 0
1705161571519 -0.5198 0
1705161585197 -0.5398 0
1705161599724 -0.4443 0
1705161612546 -0.5047 0
1705161629521 -0.4564 0
1705161645323 -0.3993 0
1705161664322 -0.5349 0
1705161674547 -0.4814 0
1705161686995 -0.5155 0
1705161699751 -0.506 0
1705161710322 -0.4671 0
1705161723559 -0.4949 0
1705161742479 -0.5242 0
1705161758181 -0.4542 0
1705161774148 -0.521 0
1705161787571 -0.4746 0
1705161801419 -0.4748 0
1705161812369 -0.5425 0
1705161827729 -0.5396 0
1705161843056 -0.4988 0
1705161857662 -0.4707 0
1705161869697 -0.4573 0
1705161887195 -0.541 0
1705161900035 -0.5043 0
1705161916207 -0.5289 0
1705161930673 -0.4554 0
1705161944225 -0.5212 0
1705161959802 -0.5485 0
1705161973832 -0.5212 0
1705161987957 -0.5333 0
1705162001968 -0.5419 0
1705162014866 -0.5395 0
1705162028010 -0.5184 0
1705162042453 -0.4851 0
1705162054254 -0.5454 0
1705162067083 -0.5159 0
1705162079330 -0.5114 0
1705162092936 -0.5224 0
1705162106325 -0.4903 0
1705162120480 -0.5301 0
1705162131869 -0.5827 0
1705162148590 -0.5466 0
1705162163259 -0.4662 0
1705162177646 -0.4715 0
1705162191782 -0.5743 0
1705162203367 -0.5244 0
1705162214593 -0.5107 0
1705162230429 -0.4975 0
1705162243862 -0.5351 0
1705162260992 -0.5321 0
1705162276512 -0.5361 0
1705162290537 -0.5104 0
1705162302658 -0.518 0
1705162315893 -0.5237 0
1705162329604 -0.4991 0
1705162342799 -0.5147 0
1705162353404 -0.4896 0
1705162369467 -0.4188 0
1705162383304 -0.571 0
1705162398793 -0.5785 0
1705162410671 -0.4989 0
1705162427302 -0.537 0
1705162440964 -0.5436 0
1705162452364 -0.5817 0
1705162466940 -0.4997 0
1705162481987 -0.5117 0
1705162495963 -0.5432 0
1705162508284 -0.5608 0
1705162522212 -0.4899 0
1705162539871 -0.569 0
1705162553803 -0.4432 0
1705162567686 -0.5528 0
1705162583563 -0.5053 0
1705162597566 -0.5471 0
1705162607852 -0.5516 0
1705162621709 -0.5383 0
1705162631929 -0.519 0
1705162645343 -0.4873 0
1705162657600 -0.503 0
1705162671105 -0.513 0
1705162684709 -0.4758 0
1705162698718 -0.5364 0
1705162711887 -0.4789 0
1705162728356 -0.5603 0
1705162743326 -0.5407 0
1705162758618 -0.5477 0
1705162772671 -0.5368 0
1705162787916 -0.5206 0
1705162801387 -0.5695 0
1705162813715 -0.5331 0
1705162828613 -0.5578 0
1705162843515 -0.5777 0
1705162858092 -0.5713 0
1705162873830 -0.5354 0
1705162887296 -0.56 0
1705162901858 -0.5578 0
1705162915269 -0.491 0
1705162929386 -0.556 0
1705162943700 -0.5175 0
1705162956234 -0.5028 0
1705162971717 -0.4861 0
1705162984386 -0.571 0
1705162995949 -0.5395 0
1705163010841 -0.5231 0
1705163025832 -0.5472 0
1705163037777 -0.4824 0
1705163053642 -0.5436 0
1705163068450 -0.5596 0
1705163083362 -0.6074 0
1705163096885 -0.5863 0
1705163113974 -0.478 0
1705163128780 -0.5372 0
1705163141385 -0.5332 0
1705163158304 -0.5517 0
1705163169512 -0.6116 0
1705163183296 -0.5547 0
1705163196827 -0.5696 0
1705163212003 -0.5695 0
1705163225594 -0.5073 0
1705163240412 -0.5327 0
1705163253964 -0.5281 0
1705163269053 -0.4904 0
1705163281949 -0.4983 0
1705163296757 -0.5556 0
1705163312333 -0.5412 0
1705163328419 -0.516 0
1705163343304 -0.6301 0
1705163355173 -0.5364 0
1705163371994 -0.4808 0
1705163386715 -0.5568 0
1705163401723 -0.6153 0
1705163412954 -0.5546 0
1705163426195 -0.5918 0
1705163438393 -0.5888 0
1705163452560 -0.511 0
1705163466122 -0.5875 0
1705163481144 -0.5607 0
1705163494506 -0.5721 0
1705163509479 -0.5338 0
1705163522333 -0.5635 0
1705163537912 -0.5243 0
1705163554784 -0.5147 0
1705163568950 -0.5268 0
1705163581901 -0.5804 0
1705163594951 -0.5794 0
1705163609652 -0.4609 0
1705163624856 -0.6209 0
1705163639984 -0.5854 0
1705163654095 -0.5373 0
1705163668447 -0.5269 0
1705163685389 -0.5727 0
1705163700925 -0.5407 0
1705163714059 -0.6171 0
1705163729936 -0.5699 0
1705163743681 -0.5529 0
1705163756411 -0.5575 0
1705163770279 -0.5405 0
1705163785034 -0.5844 0
1705163798249 -0.5896 0
1705163811991 -0.6003 0
1705163824900 -0.5162 0
1705163839624 -0.5771 0
1705163852943 -0.5319 0
1705163872902 -0.5585 0
1705163886719 -0.5391 0
1705163902293 -0.5288 0
1705163916399 -0.575 0
1705163932609 -0.5005 0
1705163946925 -0.5959 0
1705163961423 -0.5355 0
1705163974452 -0.6311 0
1705163987296 -0.566 0
1705164001726 -0.534 0
1705164015514 -0.591 0
1705164033857 -0.6048 0
1705164046160 -0.5386 0
1705164063821 -0.5626 0
1705164076414 -0.5117 0
1705164091871 -0.5649 0
1705164105735 -0.5661 0
1705164121407 -0.5578 0
1705164136611 -0.5625 0
1705164151380 -0.574 0
1705164168360 -0.5404 0
1705164182799 -0.5221 0
1705164201347 -0.4807 0
1705164215443 -0.5295 0
1705164227731 -0.512 0
1705164245967 -0.5189 0
1705164258507 -0.5258 0
1705164273521 -0.5315 0
1705164288436 -0.5901 0
1705164301404 -0.5574 0
1705164317289 -0.5622 0
1705164329926 -0.5001 0
1705164345308 -0.5598 0
1705164362286 -0.5879 0
1705164376037 -0.566 0
1705164388222 -0.5715 0
1705164404000 -0.5162 0
1705164419137 -0.56 0
1705164432512 -0.5338 0
1705164446792 -0.5369 0
1705164459668 -0.5747 0
1705164474823 -0.5729 0
1705164487861 -0.5528 0
1705164500958 -0.583 0
1705164518391 -0.5076 0
1705164533575 -0.513 0
1705164546777 -0.5769 0
1705164557896 -0.5736 0
1705164571237 -0.6361 0
1705164585285 -0.5136 0
1705164600552 -0.5486 0
1705164615040 -0.5537 0
1705164628497 -0.5618 0
1705164642359 -0.5856 0
1705164659491 -0.5643 0
1705164674078 -0.5626 0
1705164688192 -0.5688 0
1705164701901 -0.5145 0
1705164713677 -0.6017 0
1705164725054 -0.5686 0
1705164741791 -0.5255 0
1705164754594 -0.5661 0
1705164770757 -0.604 0
1705164783306 -0.5101 0
1705164798792 -0.5741 0
1705164812933 -0.5741 0
1705164826075 -0.5425 0
1705164840610 -0.5524 0
1705164856368 -0.5464 0
1705164872266 -0.6039 0
1705164885629 -0.5924 0
1705164900534 -0.6148 0
1705164913865 -0.601 0
1705164926945 -0.5763 0
1705164939975 -0.5469 0
1705164952023 -0.5668 0
1705164967277 -0.6361 0
1705164979864 -0.5597 0
1705164993346 -0.5862 0
1705165010511 -0.562 0
1705165021040 -0.5394 0
1705165036708 -0.5845 0
1705165052375 -0.5884 0
1705165066655 -0.5805 0
1705165082062 -0.5516 0
1705165095955 -0.5526 0
1705165112181 -0.6073 0
1705165126382 -0.5256 0
1705165138949 -0.5775 0
1705165154561 -0.5693 0
1705165169425 -0.6061 0
1705165182760 -0.4613 0
1705165196537 -0.4277 0
1705165210654 -0.5048 0
1705165222914 -0.5819 0
1705165239248 -0.5433 0
1705165252585 -0.5693 0
1705165266662 -0.5185 0
1705165281237 -0.5344 0
1705165294593 -0.5895 0
1705165309959 -0.6151 0
1705165324635 -0.4963 0
1705165339228 -0.5401 0
1705165353303 -0.5879 0
1705165368004 -0.5699 0
1705165381414 -0.6132 0
1705165398170 -0.5778 0
1705165415945 -0.5281 0
1705165430160 -0.5718 0
1705165441738 -0.6227 0
1705165456767 -0.5285 0
1705165470224 -0.6143 0
1705165485302 -0.6263 0
1705165496756 -0.5391 0
1705165512214 -0.571 0
1705165527244 -0.6258 0
1705165544150 -0.5815 0
1705165558831 -0.5972 0
1705165573667 -0.5372 0
1705165587944 -0.5678 0
1705165600784 -0.6113 0
1705165616044 -0.5755 0
1705165629536 -0.5815 0
1705165642249 -0.5604 0
1705165657006 -0.5929 0
1705165670970 -0.5785 0
1705165686985 -0.5819 0
1705165701196 -0.5921 0
1705165716148 -0.5925 0
1705165731573 -0.5234 0
1705165747184 -0.5551 0
1705165762391 -0.5833 0
1705165776255 -0.6214 0
1705165793051 -0.5974 0
1705165806446 -0.5692 0
1705165819128 -0.6185 0
1705165832416 -0.5794 0
1705165845624 -0.6601 0
1705165859193 -0.5794 0
1705165876435 -0.5912 0
1705165892977 -0.6266 0
1705165908070 -0.6121 0
1705165921628 -0.5292 0
1705165936349 -0.5855 0
1705165951680 -0.5992 0
1705165964173 -0.5103 0
1705165981797 -0.5604 0
1705165996354 -0.6113 0
1705166011539 -0.6094 0
1705166025043 -0.5774 0
1705166039423 -0.5895 0
1705166057135 -0.5887 0
1705166070326 -0.5897 0
1705166083981 -0.5372 0
1705166096175 -0.6199 0
1705166109931 -0.6382 0
1705166126346 -0.5816 0
1705166143459 -0.5609 0
1705166156366 -0.5776 0
1705166170559 -0.616 0
1705166188314 -0.5782 0
1705166204213 -0.5765 0
1705166218307 -0.5526 0
1705166231123 -0.4865 0
1705166247170 -0.6078 0
1705166259982 -0.6341 0
1705166272334 -0.6231 0
1705166286509 -0.6064 0
1705166301660 -0.5007 0
1705166317571 -0.5321 0
1705166331284 -0.5728 0
1705166344573 -0.6198 0
1705166357482 -0.5525 0
1705166371247 -0.6615 0
1705166385536 -0.5509 0
1705166397760 -0.6105 0
1705166412654 -0.5442 0
1705166424177 -0.6157 0
1705166437859 -0.5497 0
1705166451879 -0.575 0
1705166466295 -0.5884 0
1705166479870 -0.5108 0
1705166494761 -0.5748 0
1705166513472 -0.6231 0
1705166528708 -0.6219 0
1705166540858 -0.5813 0
1705166555201 -0.6223 0
1705166567208 -0.5816 0
1705166583364 -0.5736 0
1705166596509 -0.5988 0
1705166611596 -0.6227 0
1705166624939 -0.6452 0
1705166636506 -0.6188 0
1705166651795 -0.6057 0
1705166662870 -0.5718 0
1705166676817 -0.6238 0
1705166691728 -0.6169 0
1705166707948 -0.6481 0
1705166721817 -0.5904 0
1705166736868 -0.5473 0
1705166750559 -0.5497 0
1705166766068 -0.5877 0
1705166780644 -0.6257 0
1705166793850 -0.6368 0
1705166810426 -0.6228 0
1705166825241 -0.5952 0
1705166840142 -0.5479 0
1705166853941 -0.6014 0
1705166869441 -0.6235 0
1705166885459 -0.6302 0
1705166902625 -0.5835 0
1705166917822 -0.6324 0
1705166933674 -0.5611 0
1705166946554 -0.5767 0
1705166961611 -0.6389 0
1705166975553 -0.5758 0
1705166990998 -0.6045 0
1705167004640 -0.6424 0
1705167017702 -0.6148 0
1705167030280 -0.5687 0
1705167043733 -0.6125 0
1705167054566 -0.5995 0
1705167068742 -0.5698 0
1705167084255 -0.5987 0
1705167099593 -0.6106 0
1705167117034 -0.6162 0
1705167128719 -0.5919 0
1705167143249 -0.6069 0
1705167158960 -0.5823 0
1705167169214 -0.6374 0
1705167183480 -0.6194 0
1705167200248 -0.5817 0
1705167213638 -0.5924 0
1705167227149 -0.541 0
1705167241320 -0.6171 0
1705167253751 -0.5958 0
1705167268434 -0.6423 0
1705167280618 -0.6086 0
1705167296768 -0.5704 0
1705167312487 -0.5653 0
1705167328674 -0.6211 0
1705167343878 -0.5838 0
1705167358162 -0.6345 0
1705167372590 -0.6107 0
1705167383637 -0.6364 0
1705167398905 -0.645 0
1705167411102 -0.6152 0
1705167424191 -0.6344 0
1705167443454 -0.6558 0
1705167457510 -0.6598 0
1705167472864 -0.6516 0
1705167486134 -0.6203 0
1705167500327 -0.6029 0
1705167512686 -0.6613 0
1705167528545 -0.6469 0
1705167539630 -0.6167 0
1705167555980 -0.5106 0
1705167570672 -0.6029 0
1705167585683 -0.6274 0
1705167599860 -0.6386 0
1705167613801 -0.6232 0
1705167628609 -0.6257 0
1705167642308 -0.5836 0
1705167656177 -0.645 0
1705167669818 -0.5935 0
1705167685106 -0.5937 0
1705167702611 -0.5896 0
1705167717431 -0.5463 0
1705167733763 -0.6189 0
1705167747919 -0.6573 0
1705167761681 -0.6525 0
1705167772327 -0.6266 0
1705167784236 -0.6035 0
1705167798475 -0.6109 0
1705167814863 -0.5614 0
1705167827918 -0.6057 0
1705167842475 -0.6283 0
1705167858257 -0.6242 0
1705167873049 -0.5868 0
1705167887276 -0.6361 0
1705167903314 -0.6495 0
1705167919155 -0.5797 0
1705167931431 -0.5861 0
1705167945940 -0.6094 0
1705167958661 -0.6006 0
1705167970741 -0.5839 0
1705167986253 -0.6007 0
1705168001709 -0.6097 0
1705168015135 -0.6101 0
1705168028227 -0.6346 0
1705168044094 -0.6319 0
1705168061110 -0.6522 0
1705168075242 -0.6217 0
1705168091952 -0.5632 0
1705168104687 -0.5972 0
1705168118255 -0.5644 0
1705168132301 -0.6238 0
1705168144889 -0.6625 0
1705168160786 -0.6135 0
1705168173924 -0.6422 0
1705168187580 -0.6015 0
1705168200231 -0.5802 0
1705168213183 -0.6404 0
1705168226080 -0.6157 0
1705168240284 -0.5282 0
1705168252466 -0.5836 0
1705168267415 -0.5976 0
1705168281403 -0.6613 0
1705168294609 -0.6029 0
1705168309268 -0.5983 0
1705168324062 -0.5585 0
1705168337676 -0.6189 0
1705168354152 -0.6758 0
1705168369973 -0.6159 0
1705168383401 -0.5474 0
1705168399273 -0.6389 0
1705168414251 -0.5729 0
1705168425481 -0.6104 0
1705168437900 -0.6109 0
1705168453146 -0.6435 0
1705168468516 -0.6111 0
1705168481607 -0.5802 0
1705168494004 -0.5951 0
1705168509896 -0.5891 0
1705168521817 -0.635 0
1705168533141 -0.6056 0
1705168547726 -0.6394 0
1705168559129 -0.6173 0
1705168575801 -0.6496 0
1705168592521 -0.5769 0
1705168608084 -0.5526 0
1705168621762 -0.4991 0
1705168633907 -0.643 0
1705168648343 -0.5959 0
1705168661587 -0.6062 0
1705168677688 -0.6495 0
1705168692964 -0.6356 0
1705168706274 -0.6846 0
1705168720655 -0.5604 0
1705168736296 -0.6421 0
1705168749647 -0.6267 0
1705168762802 -0.6315 0
1705168776130 -0.6136 0
1705168791345 -0.6553 0
1705168803321 -0.6077 0
1705168817181 -0.6576 0
1705168830243 -0.649 0
1705168843562 -0.5936 0
1705168858425 -0.6383 0
1705168874264 -0.6097 0
1705168890541 -0.6644 0
1705168904569 -0.6194 0
1705168916995 -0.6155 0
1705168930697 -0.6107 0
1705168944775 -0.5868 0
1705168957981 -0.6468 0
1705168971997 -0.5922 0
1705168984606 -0.584 0
1705169000465 -0.6592 0
1705169015215 -0.6416 0
1705169028990 -0.6285 0
1705169043267 -0.625 0
1705169058778 -0.6474 0
1705169074253 -0.5973 0
1705169088775 -0.6358 0
1705169103881 -0.6025 0
1705169120571 -0.6238 0
1705169134121 -0.5985 0
1705169149323 -0.6093 0
1705169163744 -0.6213 0
1705169180068 -0.6667 0
1705169191314 -0.6411 0
1705169205998 -0.6091 0
1705169217731 -0.6482 0
1705169231505 -0.6399 0
1705169245294 -0.6254 0
1705169263552 -0.5631 0
1705169278744 -0.644 0
1705169292611 -0.6433 0
1705169306159 -0.6392 0
1705169322554 -0.6732 0
1705169335050 -0.6212 0
1705169350039 -0.6256 0
1705169364352 -0.5384 0
1705169379677 -0.5498 0
1705169392794 -0.5779 0
1705169408921 -0.6393 0
1705169422451 -0.6034 0
1705169434883 -0.6677 0
1705169450689 -0.6295 0
1705169468906 -0.6539 0
1705169483112 -0.65 0
1705169497935 -0.5947 0
1705169512588 -0.6313 0
1705169527448 -0.6458 0
1705169543442 -0.6206 0
1705169561225 -0.657 0
1705169576415 -0.665 0
1705169591429 -0.625 0
1705169604856 -0.6823 0
1705169616497 -0.5859 0
1705169632859 -0.6505 0
1705169648309 -0.644 0
1705169662229 -0.6348 0
1705169676250 -0.6357 0
1705169690301 -0.6306 0
1705169705144 -0.6329 0
1705169721006 -0.5922 0
1705169734744 -0.5918 0
1705169750793 -0.678 0
1705169766531 -0.6374 0
1705169782273 -0.5949 0
1705169794993 -0.6192 0
1705169809407 -0.6375 0
1705169822531 -0.59 0
1705169834015 -0.6074 0
1705169848853 -0.6605 0
1705169862646 -0.6408 0
1705169876798 -0.5871 0
1705169890384 -0.578 0
1705169905469 -0.5711 0
1705169918426 -0.5778 0
1705169933191 -0.6361 0
1705169946935 -0.5937 0
1705169962017 -0.5874 0
1705169974295 -0.6137 0
1705169988453 -0.6426 0
1705170006568 -0.6304 0
1705170020232 -0.627 0
1705170032809 -0.6061 0
1705170050842 -0.618 0
1705170063377 -0.627 0
1705170077980 -0.6146 0
1705170093932 -0.6253 0
1705170107244 -0.6057 0
1705170119132 -0.6827 0
1705170131953 -0.6068 0
1705170147833 -0.6484 0
1705170161492 -0.6238 0
1705170180407 -0.6258 0
1705170193049 -0.6422 0
1705170205304 -0.6354 0
1705170219989 -0.6221 0
1705170234845 -0.649 0
1705170247392 -0.6161 0
1705170260910 -0.6676 0
1705170274429 -0.6472 0
1705170290438 -0.6449 0
1705170305861 -0.6624 0
1705170318885 -0.6663 0
1705170334234 -0.6623 0
1705170347934 -0.6506 0
1705170360419 -0.6518 0
1705170375315 -0.6434 0
1705170387937 -0.6929 0
1705170399397 -0.6559 0
1705170414726 -0.6656 0
1705170427678 -0.6715 0
1705170441762 -0.6596 0
1705170457250 -0.6618 0
1705170473766 -0.646 0
1705170489479 -0.6655 0
1705170503299 -0.6351 0
1705170517908 -0.6305 0
1705170530535 -0.6438 0
1705170543242 -0.6185 0
1705170555295 -0.6447 0
1705170571038 -0.6042 0
1705170587144 -0.6206 0
1705170600406 -0.6754 0
1705170613503 -0.6266 0
1705170628045 -0.6614 0
1705170643417 -0.5829 0
1705170658168 -0.6526 0
1705170674372 -0.6311 0
1705170687811 -0.6128 0
1705170701124 -0.6077 0
1705170715951 -0.6285 0
1705170729331 -0.6758 0
1705170741747 -0.6434 0
1705170756542 -0.6145 0
1705170771970 -0.6094 0
1705170785799 -0.6402 0
1705170800891 -0.6341 0
1705170814373 -0.6299 0
1705170829162 -0.6362 0
1705170845434 -0.6873 0
1705170863274 -0.6302 0
1705170876436 -0.6283 0
1705170892082 -0.588 0
1705170907459 -0.616 0
1705170920564 -0.6201 0
1705170935269 -0.6399 0
1705170950028 -0.5946 0
1705170964482 -0.5993 0
1705170978222 -0.5857 0
1705170995146 -0.6358 0
1705171009606 -0.6303 0
1705171024429 -0.6555 0
1705171037405 -0.6636 0
1705171052556 -0.6679 0
1705171066568 -0.6763 0
1705171082635 -0.6683 0
1705171094375 -0.7181 0
1705171109757 -0.6584 0
1705171125194 -0.6375 0
1705171139315 -0.6023 0
1705171151968 -0.6041 0
1705171167158 -0.6315 0
1705171179092 -0.6143 0
1705171194365 -0.6557 0
1705171207933 -0.6332 0
1705171222529 -0.633 0
1705171237171 -0.587 0
1705171250268 -0.6649 0
1705171263346 -0.6484 0
1705171278216 -0.6783 0
1705171291188 -0.6547 0
1705171307544 -0.6507 0
1705171321800 -0.6329 0
1705171333588 -0.6738 0
1705171346127 -0.6571 0
1705171361450 -0.6434 0
1705171373470 -0.691 0
1705171387075 -0.6602 0
1705171405884 -0.6381 0
1705171420634 -0.671 0
1705171435257 -0.5782 0
1705171447289 -0.6556 0
1705171461228 -0.6591 0
1705171471540 -0.6477 0
1705171487305 -0.5752 0
1705171503623 -0.6687 0
1705171518071 -0.6207 0
1705171534982 -0.6396 0
1705171550988 -0.6527 0
1705171567334 -0.6649 0
1705171582810 -0.6172 0
1705171597987 -0.6515 0
1705171615090 -0.6937 0
1705171627331 -0.6419 0
1705171641561 -0.6808 0
1705171655478 -0.629 0
1705171666734 -0.6382 0
1705171678646 -0.6524 0
1705171689295 -0.6591 0
1705171703684 -0.6494 0
1705171717486 -0.6155 0
1705171732236 -0.6382 0
1705171745972 -0.6279 0
1705171761514 -0.5677 0
1705171777917 -0.6634 0
1705171792399 -0.6329 0
1705171805862 -0.6089 0
1705171820945 -0.6402 0
1705171833142 -0.6379 0
1705171847242 -0.7041 0
1705171860343 -0.6607 0
1705171877564 -0.6271 0
1705171892982 -0.6534 0
1705171906811 -0.6371 0
1705171925794 -0.6284 0
1705171939690 -0.6731 0
1705171953110 -0.606 0
1705171965194 -0.6472 0
1705171979743 -0.6526 0
1705171992088 -0.6751 0
1705172007035 -0.6752 0
1705172021215 -0.6605 0
1705172036550 -0.6472 0
1705172048247 -0.6745 0
1705172063981 -0.6615 0
1705172077690 -0.6024 0
1705172091902 -0.6481 0
1705172107467 -0.5951 0
1705172124212 -0.6361 0
1705172135799 -0.6365 0
1705172150491 -0.6118 0
1705172164069 -0.6701 0
1705172178528 -0.6039 0
1705172190650 -0.6519 0
1705172203205 -0.5917 0
1705172217879 -0.6797 0
1705172232213 -0.6639 0
1705172243073 -0.6513 0
1705172257359 -0.7155 0
1705172273833 -0.6354 0
1705172286223 -0.6293 0
1705172298882 -0.6976 0
1705172314730 -0.6774 0
1705172331217 -0.612 0
1705172345727 -0.6213 0
1705172359692 -0.6787 0
1705172372159 -0.6759 0
1705172389406 -0.6025 0
1705172404746 -0.6567 0
1705172417982 -0.6323 0
1705172437037 -0.6552 0
1705172451728 -0.6984 0
1705172464790 -0.6323 0
1705172478090 -0.674 0
1705172491832 -0.6015 0
1705172504426 -0.6157 0
1705172519850 -0.7 0
1705172533580 -0.6426 0
1705172544260 -0.6197 0
1705172561260 -0.6264 0
1705172578186 -0.6245 0
1705172591044 -0.6878 0
1705172603012 -0.6902 0
1705172616412 -0.6537 0
1705172629806 -0.6202 0
1705172641869 -0.5992 0
1705172653747 -0.6256 0
1705172668284 -0.6653 0
1705172682274 -0.6543 0
1705172695764 -0.653 0
1705172708855 -0.7059 0
1705172723599 -0.681 0
1705172740210 -0.6389 0
1705172753154 -0.6827 0
1705172768207 -0.636 0
1705172785140 -0.6913 0
1705172801126 -0.6743 0
1705172814825 -0.6565 0
1705172828841 -0.6634 0
1705172844896 -0.6411 0
1705172857299 -0.6417 0
1705172869292 -0.6663 0
1705172881944 -0.6939 0
1705172895307 -0.6661 0
1705172910177 -0.6453 0
1705172927212 -0.6535 0
1705172940109 -0.6601 0
1705172955619 -0.6786 0
1705172967646 -0.6303 0
1705172984334 -0.5821 0
1705172995788 -0.6516 0
1705173009227 -0.6581 0
1705173022568 -0.6626 0
1705173039749 -0.6549 0
1705173053427 -0.5865 0
1705173069760 -0.6681 0
1705173080877 -0.5957 0
1705173093971 -0.6296 0
1705173105146 -0.6718 0
1705173121610 -0.6498 0
1705173136555 -0.6726 0
1705173148879 -0.6479 0
1705173162149 -0.6529 0
1705173175399 -0.6383 0
1705173188068 -0.6371 0
1705173203600 -0.5789 0
1705173217263 -0.6477 0
1705173229141 -0.6614 0
1705173243027 -0.688 0
1705173259884 -0.6093 0
1705173272325 -0.613 0
1705173287650 -0.6492 0
1705173303600 -0.6402 0
1705173319883 -0.6249 0
1705173334421 -0.6376 0
1705173346751 -0.675 0
1705173362116 -0.6501 0
1705173376358 -0.617 0
1705173390578 -0.6814 0
1705173402281 -0.6297 0
1705173415575 -0.649 0
1705173432601 -0.6566 0
1705173444103 -0.6665 0
1705173459431 -0.5249 0
1705173477203 -0.6665 0
1705173490435 -0.6378 0
1705173503605 -0.6426 0
1705173518582 -0.6405 0
1705173534998 -0.6552 0
1705173549338 -0.6213 0
1705173565150 -0.6508 0
1705173581450 -0.6569 0
1705173593183 -0.6058 0
1705173605571 -0.6409 0
1705173624516 -0.6266 0
1705173636536 -0.6062 0
1705173650693 -0.5954 0
1705173664208 -0.5732 0
1705173676768 -0.6761 0
1705173691176 -0.5835 0
1705173702914 -0.6594 0
1705173715188 -0.6667 0
1705173730058 -0.6404 0
1705173743479 -0.6511 0
1705173758155 -0.6378 0
1705173773308 -0.6363 0
1705173789650 -0.6822 0
1705173802599 -0.6655 0
1705173818378 -0.6427 0
1705173831474 -0.6431 0
1705173842855 -0.688 0
1705173858024 -0.6782 0
1705173872551 -0.7078 0
1705173884585 -0.6394 0
1705173898320 -0.6692 0
1705173912237 -0.5938 0
1705173928451 -0.6956 0
1705173946155 -0.6343 0
1705173957264 -0.648 0
1705173971549 -0.6392 0
1705173984741 -0.6806 0
1705173998518 -0.6606 0
1705174013235 -0.6575 0
1705174024650 -0.5935 0
1705174039289 -0.633 0
1705174053157 -0.6711 0
1705174065682 -0.6263 0
1705174079572 -0.6592 0
1705174095247 -0.6447 0
1705174107280 -0.6291 0
1705174121214 -0.6814 0
1705174136839 -0.679 0
1705174153295 -0.6633 0
1705174166925 -0.6589 0
1705174181498 -0.6655 0
1705174196117 -0.6501 0
1705174209740 -0.6611 0
1705174223428 -0.6039 0
1705174240519 -0.6823 0
1705174254926 -0.5816 0
1705174268958 -0.6615 0
1705174283700 -0.6628 0
1705174296672 -0.6929 0
1705174310361 -0.6268 0
1705174325193 -0.6666 0
1705174339712 -0.6469 0
1705174355684 -0.6496 0
1705174372175 -0.6254 0
1705174387080 -0.654 0
1705174399782 -0.6607 0
1705174412292 -0.6971 0
1705174431859 -0.66 0
1705174445881 -0.6659 0
1705174461239 -0.6651 0
1705174472327 -0.6696 0
1705174486415 -0.6716 0
1705174499403 -0.6816 0
1705174514720 -0.6647 0
1705174527218 -0.6283 0
1705174542495 -0.6255 0
1705174557576 -0.682 0
1705174569359 -0.6261 0
1705174582028 -0.6859 0
1705174597368 -0.6231 0
1705174613232 -0.6709 0
1705174627176 -0.661 0
1705174640655 -0.6692 0
1705174653692 -0.5956 0
1705174671461 -0.6821 0
1705174687002 -0.6246 0
1705174701974 -0.6218 0
1705174716878 -0.6492 0
1705174732063 -0.6086 0
1705174747339 -0.6965 0
1705174758966 -0.6622 0
1705174773464 -0.697 0
1705174789614 -0.6526 0
1705174802692 -0.6416 0
1705174819983 -0.6626 0
1705174833148 -0.6447 0
1705174846610 -0.6538 0
1705174862876 -0.6856 0
1705174875034 -0.6962 0
1705174890900 -0.6194 0
1705174905069 -0.6461 0
1705174916550 -0.6327 0
1705174929688 -0.6537 0
1705174945507 -0.6768 0
1705174958892 -0.6584 0
1705174973520 -0.6805 0
1705174987933 -0.6787 0
1705175002017 -0.6225 0
1705175014489 -0.6484 0
1705175026955 -0.6552 0
1705175038768 -0.5883 0
1705175053082 -0.655 0
1705175068471 -0.6275 0
1705175082212 -0.6783 0
1705175096075 -0.6527 0
1705175110776 -0.6856 0
1705175126269 -0.6103 0
1705175138682 -0.6374 0
1705175153960 -0.6753 0
1705175167600 -0.6955 0
1705175179914 -0.6598 0
1705175195876 -0.6583 0
1705175209001 -0.6568 0
1705175225357 -0.6566 0
1705175240221 -0.648 0
1705175253622 -0.705 0
1705175264055 -0.6222 0
1705175278201 -0.667 0
1705175291845 -0.6466 0
1705175306345 -0.6332 0
1705175320957 -0.6363 0
1705175333182 -0.6689 0
1705175350136 -0.6293 0
1705175365536 -0.6484 0
1705175381199 -0.6182 0
1705175397363 -0.6535 0
1705175409816 -0.6802 0
1705175425750 -0.6461 0
1705175438915 -0.6624 0
1705175452132 -0.6672 0
1705175465408 -0.6709 0
1705175479146 -0.6374 0
1705175492481 -0.6809 0
1705175505678 -0.643 0
1705175522823 -0.6381 0
1705175536864 -0.6775 0
1705175553805 -0.6513 0
1705175565002 -0.6594 0
1705175578159 -0.6297 0
1705175594261 -0.6806 0
1705175607374 -0.6025 0
1705175622221 -0.6753 0
1705175635991 -0.626 0
1705175651851 -0.6692 0
1705175666174 -0.6857 0
1705175681389 -0.6076 0
1705175697158 -0.6553 0
1705175709555 -0.6318 0
1705175723513 -0.6673 0
1705175736807 -0.6931 0
1705175749593 -0.6666 0
1705175763573 -0.6636 0
1705175775843 -0.6091 0
1705175793365 -0.6441 0
1705175808651 -0.6539 0
1705175822751 -0.6595 0
1705175837291 -0.6825 0
1705175850955 -0.673 0
1705175868471 -0.7034 0
1705175880586 -0.6682 0
1705175893617 -0.6975 0
1705175909852 -0.6332 0
1705175921667 -0.6939 0
1705175936749 -0.6806 0
1705175949620 -0.6734 0
1705175960896 -0.6693 0
1705175976214 -0.6797 0
1705175988697 -0.6951 0
1705176004983 -0.5789 0
1705176017121 -0.6976 0
1705176031648 -0.6314 0
1705176049291 -0.6928 0
1705176061219 -0.7058 0
1705176074394 -0.6727 0
1705176088561 -0.684 0
1705176102734 -0.6298 0
1705176117361 -0.6473 0
1705176132597 -0.6487 0
1705176147710 -0.6467 0
1705176162305 -0.6385 0
1705176177350 -0.6574 0
1705176193541 -0.6543 0
1705176208237 -0.6328 0
1705176223972 -0.6541 0
1705176239988 -0.6699 0
1705176253611 -0.699 0
1705176267228 -0.6609 0
1705176282473 -0.5844 0
1705176296724 -0.6913 0
1705176310345 -0.6787 0
1705176324812 -0.6716 0
1705176339853 -0.6776 0
1705176352663 -0.5924 0
1705176364069 -0.6318 0
1705176376769 -0.6735 0
1705176389154 -0.6874 0
1705176401270 -0.6041 0
1705176417872 -0.6806 0
1705176430430 -0.6674 0
1705176445872 -0.6303 0
1705176457693 -0.6928 0
1705176472626 -0.6004 0
1705176484878 -0.6329 0
1705176496839 -0.6297 0
1705176511677 -0.6618 0
1705176525868 -0.7001 0
1705176541314 -0.6603 0
1705176556263 -0.65 0
1705176570014 -0.6313 0
1705176584761 -0.6336 0
1705176599274 -0.6522 0
1705176611010 -0.6716 0
1705176629488 -0.6229 0
1705176643257 -0.647 0
1705176659542 -0.6805 0
1705176677259 -0.6531 0
1705176689574 -0.6799 0
1705176703702 -0.6832 0
1705176718882 -0.6795 0
1705176732688 -0.6358 0
1705176746490 -0.6869 0
1705176759558 -0.612 0
1705176772257 -0.6435 0
1705176786829 -0.635 0
1705176800654 -0.714 0
