1717922798546 25.55 0
1717922807761 3.66 0
1717922820018 3.81 0
1717922826061 3.61 0
1717922837938 3.6 0
1717922849076 3.61 0
1717922860331 3.61 0
1717922871240 3.58 0
1717922882293 3.59 0
1717922893115 3.57 0
1717922903852 3.58 0
1717922916056 3.57 0
1717922927904 3.61 0
1717922940055 3.56 0
1717922952119 3.6 0
1717922964071 3.57 0
1717922970058 3.57 0
1717922981495 3.59 0
1717922987497 3.59 0
1717922993922 3.59 0
1717923000018 3.64 0
1717923006052 3.62 0
1717923018135 3.59 0
1717923030137 3.58 0
1717923042345 3.62 0
1717923054238 3.58 0
1717923060126 3.58 0
1717923072188 3.63 0
1717923078670 3.62 0
1717923084661 3.59 0
1717923090621 3.59 0
1717923096608 3.61 0
1717923108841 3.58 0
1717923120557 3.55 0
1717923132578 3.61 0
1717923139068 3.58 0
1717923145117 3.61 0
1717923151155 3.58 0
1717923157236 3.63 0
1717923163238 3.59 0
1717923169344 3.61 0
1717923175515 3.65 0
1717923181449 3.63 0
1717923188086 3.6 0
1717923200251 3.64 0
1717923206289 3.61 0
1717923212393 3.64 0
1717923218363 3.6 0
1717923230524 3.68 0
1717923242583 3.69 0
1717923256695 3.65 0
1717923269511 3.65 0
1717923282486 3.65 0
1717923288432 3.6 0
1717923294497 3.64 0
1717923306456 3.63 0
1717923312522 3.66 0
1717923318684 3.64 0
1717923324727 3.64 0
1717923337637 3.66 0
1717923343702 3.65 0
1717923349766 3.63 0
1717923355924 3.7 0
1717923361903 3.6 0
1717923367989 3.65 0
1717923374060 3.64 0
1717923386313 3.62 0
1717923399016 3.66 0
1717923405088 3.63 0
1717923411178 3.65 0
1717923417262 3.64 0
1717923423526 3.72 0
1717923429626 3.64 0
1717923435743 3.64 0
1717923441939 3.67 0
1717923448762 3.61 0
1717923454957 3.65 0
1717923461026 3.6 0
1717923467134 3.64 0
1717923473361 3.65 0
1717923479479 3.64 0
1717923491694 3.68 0
1717923504029 3.93 0
1717923510050 3.64 0
1717923516000 3.65 0
1717923521976 3.67 0
1717923527975 3.63 0
1717923534038 3.66 0
1717923540050 3.66 0
1717923546045 3.6 0
1717923552056 3.64 0
1717923564548 3.63 0
1717923576676 3.65 0
1717923588727 3.63 0
1717923594686 3.62 0
1717923607000 3.62 0
1717923619020 3.65 0
1717923630932 3.64 0
1717923644002 3.64 0
1717923649941 3.6 0
1717923661857 3.64 0
1717923667878 3.64 0
1717923679832 3.58 0
1717923685814 3.63 0
1717923691878 3.63 0
1717923697909 3.62 0
1717923703873 3.59 0
1717923710246 3.63 0
1717923716334 3.67 0
1717923722291 3.59 0
1717923728337 3.69 0
1717923734340 3.64 0
1717923740382 3.62 0
1717923746433 3.63 0
1717923752382 3.63 0
1717923758428 3.67 0
1717923764875 3.65 0
1717923770951 3.67 0
1717923776923 3.61 0
1717923782968 3.65 0
1717923789037 3.68 0
1717923795111 3.64 0
1717923801182 3.65 0
1717923807240 3.62 0
1717923813325 3.63 0
1717923826015 3.6 0
1717923838311 3.62 0
1717923850677 3.63 0
1717923862870 3.63 0
1717923868949 3.65 0
1717923881504 3.65 0
1717923893803 3.64 0
1717923906315 3.59 0
1717923918326 3.6 0
1717923924332 3.61 0
1717923930436 3.64 0
1717923936420 3.6 0
1717923942526 3.64 0
1717923948729 3.67 0
1717923961396 3.61 0
1717923973883 3.59 0
1717923979920 3.63 0
1717923985971 3.62 0
1717923998307 3.64 0
1717924004386 3.63 0
1717924010506 3.65 0
1717924016579 3.59 0
1717924023177 3.7 0
1717924029296 3.64 0
1717924035371 3.64 0
1717924047410 3.64 0
1717924053481 3.64 0
1717924059564 3.63 0
1717924065665 3.62 0
1717924071772 3.62 0
1717924078275 3.64 0
1717924084371 3.61 0
1717924090442 3.62 0
1717924096513 3.62 0
1717924102713 3.68 0
1717924108782 3.6 0
1717924120285 3.63 0
1717924126812 3.69 0
1717924138472 3.73 0
1717924144736 3.73 0
1717924155645 3.6 0
1717924167849 3.62 0
1717924173912 3.62 0
1717924179979 3.62 0
1717924186472 3.62 0
1717924192612 3.66 0
1717924198833 3.7 0
1717924204979 3.67 0
1717924216997 3.66 0
1717924229167 3.62 0
1717924241371 3.63 0
1717924254137 3.59 0
1717924266619 3.62 0
1717924272676 3.61 0
1717924278767 3.59 0
1717924284834 3.62 0
1717924290926 3.63 0
1717924297178 3.78 0
1717924309869 3.6 0
1717924316656 3.71 0
1717924322821 3.71 0
1717924328950 3.63 0
1717924334979 3.63 0
1717924347271 3.65 0
1717924353318 3.64 0
1717924359405 3.67 0
1717924365539 3.66 0
1717924372146 3.73 0
1717924378260 3.64 0
1717924384350 3.62 0
1717924390467 3.65 0
1717924396510 3.62 0
1717924402651 3.65 0
1717924408772 3.62 0
1717924414960 3.65 0
1717924427492 3.64 0
1717924434021 3.61 0
1717924446261 3.63 0
1717924458123 3.65 0
1717924464245 3.66 0
1717924470367 3.61 0
1717924476311 3.62 0
1717924488414 3.85 0
1717924494372 3.64 0
1717924500300 3.6 0
1717924506197 3.62 0
1717924512208 3.64 0
1717924518212 3.65 0
1717924524157 3.61 0
1717924530175 3.65 0
1717924542278 3.67 0
1717924548592 3.58 0
1717924554654 3.68 0
1717924560668 3.63 0
1717924566718 3.7 0
1717924578702 3.6 0
1717924590631 3.65 0
1717924596598 3.63 0
1717924602599 3.64 0
1717924608864 3.88 0
1717924614827 3.62 0
1717924620751 3.6 0
1717924626798 3.69 0
1717924632731 3.62 0
1717924638682 3.65 0
1717924644704 3.65 0
1717924650653 3.61 0
1717924656589 3.63 0
1717924662940 3.61 0
1717924668934 3.66 0
1717924674906 3.62 0
1717924680933 3.67 0
1717924686895 3.61 0
1717924693097 3.63 0
1717924699070 3.65 0
1717924711408 3.66 0
1717924724140 3.69 0
1717924730294 3.69 0
1717924736327 3.63 0
1717924742334 3.62 0
1717924748419 3.65 0
1717924754442 3.64 0
1717924760415 3.63 0
1717924766543 3.75 0
1717924772539 3.62 0
1717924790667 3.63 0
1717924802645 3.64 0
1717924814497 3.64 0
1717924826489 3.61 0
1717924838738 3.6 0
1717924850991 3.62 0
1717924857375 3.64 0
1717924869801 3.66 0
1717924875984 3.67 0
1717924881951 3.6 0
1717924888012 3.63 0
1717924894031 3.65 0
1717924900097 3.65 0
1717924906123 3.64 0
1717924912141 3.64 0
1717924918675 3.63 0
1717924924679 3.63 0
1717924937181 3.67 0
1717924943408 3.66 0
1717924949421 3.63 0
1717924955498 3.62 0
1717924961548 3.67 0
1717924967607 3.62 0
1717924974041 3.65 0
1717924980083 3.63 0
1717924986179 3.66 0
1717924992235 3.65 0
1717925004358 3.7 0
1717925016392 3.65 0
1717925022408 3.62 0
1717925033270 3.68 0
1717925045731 3.65 0
1717925051745 3.61 0
1717925057819 3.65 0
1717925063819 3.61 0
1717925069861 3.65 0
1717925082077 3.64 0
1717925094004 3.64 0
1717925106697 3.68 0
1717925119185 3.63 0
1717925131556 3.62 0
1717925137616 3.64 0
1717925149695 3.62 0
1717925155721 3.62 0
1717925161775 3.63 0
1717925168155 3.58 0
1717925174209 3.69 0
1717925180262 3.67 0
1717925186331 3.63 0
1717925192420 3.63 0
1717925204364 3.61 0
1717925210412 3.66 0
1717925216473 3.64 0
1717925222913 3.67 0
1717925229038 3.68 0
1717925235070 3.64 0
1717925241150 3.65 0
1717925247203 3.62 0
1717925253262 3.65 0
1717925259338 3.66 0
1717925271382 3.66 0
1717925283576 3.66 0
1717925290045 3.63 0
1717925302379 3.69 0
1717925314848 3.65 0
1717925320910 3.64 0
1717925326949 3.61 0
1717925333089 3.72 0
1717925345812 3.67 0
1717925357809 3.65 0
1717925363876 3.65 0
1717925369955 3.65 0
1717925375985 3.65 0
1717925382041 3.66 0
1717925388062 3.61 0
1717925394131 3.6 0
1717925400270 3.66 0
1717925406882 3.67 0
1717925412892 3.63 0
1717925418969 3.7 0
1717925425027 3.66 0
1717925431192 3.7 0
1717925437355 3.69 0
1717925443411 3.68 0
1717925449510 3.69 0
1717925455689 3.67 0
1717925462380 3.69 0
1717925468531 3.66 0
1717925474590 3.63 0
1717925480774 3.66 0
1717925486922 3.67 0
1717925493187 3.72 0
1717925499301 3.69 0
1717925505474 3.66 0
1717925512024 3.69 0
1717925518165 3.65 0
1717925524279 3.64 0
1717925530383 3.65 0
1717925536447 3.64 0
1717925542562 3.64 0
1717925554890 3.61 0
1717925561118 3.7 0
1717925567623 3.63 0
1717925573794 3.69 0
1717925579876 3.65 0
1717925586011 3.71 0
1717925592054 3.62 0
1717925598164 3.64 0
1717925610442 3.62 0
1717925616525 3.62 0
1717925622851 3.87 0
1717925628979 3.66 0
1717925641346 3.6 0
1717925647455 3.62 0
1717925659661 3.67 0
1717925671358 3.62 0
1717925683279 3.63 0
1717925689761 3.67 0
1717925695870 3.67 0
1717925702008 3.63 0
1717925708147 3.65 0
1717925714296 3.67 0
1717925720352 3.63 0
1717925726438 3.62 0
1717925732580 3.65 0
1717925738709 3.66 0
1717925745316 3.64 0
1717925751440 3.65 0
1717925762652 3.66 0
1717925768820 3.67 0
1717925774895 3.62 0
1717925786437 3.64 0
1717925792627 3.65 0
1717925799143 3.66 0
1717925811450 3.65 0
1717925817599 3.62 0
1717925829591 3.66 0
1717925841734 3.66 0
1717925854085 3.66 0
1717925860694 3.65 0
1717925866866 3.66 0
1717925873074 3.7 0
1717925879251 3.66 0
1717925891505 3.64 0
1717925897660 3.66 0
1717925903924 3.68 0
1717925910093 3.63 0
1717925916678 3.63 0
1717925922908 3.72 0
1717925929020 3.63 0
1717925941546 3.69 0
1717925947721 3.65 0
1717925953824 3.63 0
1717925959969 3.65 0
1717925966106 3.65 0
1717925978517 3.67 0
1717925990557 3.65 0
1717926002900 3.62 0
1717926014827 3.61 0
1717926026916 3.64 0
1717926039201 3.68 0
1717926051556 3.62 0
1717926063957 3.62 0
1717926069915 3.63 0
1717926075918 3.64 0
1717926081973 3.67 0
1717926087921 3.6 0
1717926093963 3.64 0
1717926099888 3.6 0
1717926106279 3.64 0
1717926112240 3.63 0
1717926118325 3.68 0
1717926124447 3.69 0
1717926130573 3.67 0
1717926136694 3.68 0
1717926142847 3.72 0
1717926148820 3.6 0
1717926154840 3.66 0
1717926161357 3.65 0
1717926167444 3.68 0
1717926173551 3.72 0
1717926179637 3.67 0
1717926185697 3.67 0
1717926191806 3.68 0
1717926203832 3.62 0
1717926215764 3.63 0
1717926222175 3.63 0
1717926232567 3.65 0
1717926238577 3.62 0
1717926244577 3.64 0
1717926256900 3.59 0
1717926262895 3.63 0
1717926268919 3.67 0
1717926274865 3.62 0
1717926281309 3.64 0
1717926287285 3.62 0
1717926293271 3.64 0
1717926299322 3.68 0
1717926305432 3.72 0
1717926311539 3.71 0
1717926323556 3.66 0
1717926329573 3.66 0
1717926335540 3.63 0
1717926341950 3.66 0
1717926348003 3.67 0
1717926360051 3.67 0
1717926372122 3.64 0
1717926383990 3.63 0
1717926396178 3.64 0
1717926408488 3.63 0
1717926414488 3.64 0
1717926420518 3.71 0
1717926432354 3.64 0
1717926438309 3.64 0
1717926444262 3.64 0
1717926450247 3.63 0
1717926456279 3.66 0
1717926462696 3.66 0
1717926474412 3.67 0
1717926480370 3.6 0
1717926486345 3.66 0
1717926492296 3.6 0
1717926498265 3.66 0
1717926504182 3.58 0
1717926510176 3.67 0
1717926516163 3.64 0
1717926522592 3.7 0
1717926528630 3.69 0
1717926534676 3.66 0
1717926540746 3.68 0
1717926546752 3.64 0
1717926552733 3.61 0
1717926558751 3.65 0
1717926564776 3.67 0
1717926570790 3.62 0
1717926583152 3.65 0
1717926595291 3.67 0
1717926607236 3.63 0
1717926613283 3.66 0
1717926619422 3.7 0
1717926625479 3.67 0
1717926637575 3.67 0
1717926643978 3.69 0
1717926649984 3.62 0
1717926655986 3.67 0
1717926662006 3.67 0
1717926668064 3.7 0
1717926674023 3.62 0
1717926680075 3.66 0
1717926686196 3.76 0
1717926698361 3.7 0
1717926704692 3.98 0
1717926710660 3.64 0
1717926716655 3.67 0
1717926722710 3.71 0
1717926728704 3.65 0
1717926734738 3.68 0
1717926746808 3.64 0
1717926758804 3.64 0
1717926765148 3.64 0
1717926771141 3.63 0
1717926783606 3.65 0
1717926795563 3.62 0
1717926807895 3.66 0
1717926820012 3.67 0
1717926832047 3.7 0
1717926838575 3.66 0
1717926844817 3.71 0
1717926850919 3.69 0
1717926857010 3.64 0
1717926863016 3.64 0
1717926869108 3.68 0
1717926875125 3.67 0
1717926881244 3.72 0
1717926887350 3.71 0
1717926893769 3.65 0
1717926899792 3.64 0
1717926905770 3.63 0
1717926911769 3.66 0
1717926917773 3.66 0
1717926923781 3.64 0
1717926929751 3.63 0
1717926935791 3.65 0
1717926941833 3.67 0
1717926948079 3.9 0
1717926954116 3.68 0
1717926960097 3.63 0
1717926966178 3.74 0
1717926972231 3.67 0
1717926978329 3.69 0
1717926984375 3.66 0
1717926990348 3.64 0
1717926996358 3.62 0
1717927002789 3.66 0
1717927008822 3.68 0
1717927014815 3.64 0
1717927020821 3.66 0
1717927026869 3.67 0
1717927032905 3.66 0
1717927038923 3.66 0
1717927051384 3.65 0
1717927057417 3.67 0
1717927063875 3.66 0
1717927075993 3.65 0
1717927088267 3.62 0
1717927100348 3.64 0
1717927106437 3.67 0
1717927112514 3.67 0
1717927118532 3.66 0
1717927124558 3.66 0
1717927131032 3.66 0
1717927137221 3.65 0
1717927143398 3.7 0
1717927149543 3.69 0
1717927155640 3.62 0
1717927161696 3.64 0
1717927167757 3.69 0
1717927173780 3.65 0
1717927179809 3.69 0
1717927186288 3.67 0
1717927192332 3.66 0
1717927198362 3.65 0
1717927204370 3.62 0
1717927210530 3.68 0
1717927216631 3.67 0
1717927222772 3.69 0
1717927228843 3.68 0
1717927234894 3.66 0
1717927241595 3.68 0
1717927247832 3.71 0
1717927253898 3.66 0
1717927259936 3.65 0
1717927265983 3.66 0
1717927272086 3.66 0
1717927278207 3.69 0
1717927284224 3.63 0
1717927290373 3.66 0
1717927296977 3.72 0
1717927309175 3.63 0
1717927321586 3.65 0
1717927327627 3.63 0
1717927333695 3.65 0
1717927339777 3.67 0
1717927345819 3.65 0
1717927351899 3.66 0
1717927358306 4.0 0
1717927364383 3.66 0
1717927370392 3.62 0
1717927376553 3.71 0
1717927382630 3.67 0
1717927395236 3.62 0
1717927401299 3.63 0
1717927407399 3.67 0
1717927413484 3.66 0
1717927420022 3.67 0
1717927426101 3.67 0
1717927438136 3.67 0
1717927444167 3.64 0
1717927450225 3.66 0
1717927456288 3.67 0
1717927462353 3.69 0
1717927468506 3.65 0
1717927474552 3.65 0
1717927486859 3.66 0
1717927492860 3.62 0
1717927498911 3.66 0
1717927511125 3.63 0
1717927523216 3.67 0
1717927529199 3.61 0
1717927535204 3.64 0
1717927541676 3.66 0
1717927547766 3.71 0
1717927553806 3.66 0
1717927559899 3.62 0
1717927565983 3.68 0
1717927572068 3.69 0
1717927578150 3.7 0
1717927590483 3.63 0
1717927596589 3.64 0
1717927609629 3.65 0
1717927622049 3.7 0
1717927634238 3.61 0
1717927646569 3.63 0
1717927659192 3.7 0
1717927671678 3.63 0
1717927677818 3.67 0
1717927690199 3.62 0
1717927702626 3.58 0
1717927708656 3.64 0
1717927720790 3.64 0
1717927726878 3.68 0
1717927732908 3.6 0
1717927739339 3.61 0
1717927745416 3.65 0
1717927751523 3.68 0
1717927763644 3.62 0
1717927776085 3.61 0
1717927788671 3.67 0
1717927795054 3.62 0
1717927801101 3.65 0
1717927813446 3.67 0
1717927819461 3.6 0
1717927825577 3.68 0
1717927831665 3.63 0
1717927837724 3.64 0
1717927843798 3.63 0
1717927849916 3.65 0
1717927856549 3.72 0
1717927862663 3.63 0
1717927868741 3.66 0
1717927874784 3.6 0
1717927880840 3.63 0
1717927886954 3.65 0
1717927893061 3.67 0
1717927899073 3.61 0
1717927905418 3.77 0
1717927912173 3.83 0
1717927918222 3.63 0
1717927924349 3.69 0
1717927930507 3.67 0
1717927936704 3.73 0
1717927942887 3.71 0
1717927948967 3.61 0
1717927955027 3.65 0
1717927961427 3.94 0
1717927967617 3.66 0
1717927973679 3.63 0
1717927979774 3.64 0
1717927985924 3.68 0
1717927992212 3.68 0
1717927998368 3.7 0
1717928004629 3.73 0
1717928010795 3.67 0
1717928017420 3.73 0
1717928023612 3.71 0
1717928029733 3.67 0
1717928035829 3.63 0
1717928041989 3.67 0
1717928048127 3.66 0
1717928060161 3.61 0
1717928066268 3.63 0
1717928072810 3.65 0
1717928078962 3.66 0
1717928085025 3.63 0
1717928091140 3.63 0
1717928097266 3.66 0
1717928103345 3.63 0
1717928109441 3.66 0
1717928115585 3.69 0
1717928121669 3.64 0
1717928133774 3.68 0
1717928139816 3.61 0
1717928145922 3.66 0
1717928152027 3.61 0
1717928158274 3.71 0
1717928164377 3.65 0
1717928170457 3.63 0
1717928176659 3.7 0
1717928183243 3.68 0
1717928189379 3.66 0
1717928195538 3.63 0
1717928201748 3.69 0
1717928207913 3.63 0
1717928214049 3.68 0
1717928220132 3.61 0
1717928226302 3.71 0
1717928232438 3.68 0
1717928238972 3.63 0
1717928245046 3.65 0
1717928251232 3.69 0
1717928257430 3.67 0
1717928263627 3.64 0
1717928269717 3.66 0
1717928275857 3.63 0
1717928282065 3.73 0
1717928288442 3.92 0
1717928294635 3.72 0
1717928300827 3.68 0
1717928306929 3.67 0
1717928313044 3.64 0
1717928319231 3.69 0
1717928325410 3.67 0
1717928331483 3.62 0
1717928337569 3.64 0
1717928344092 3.66 0
1717928350217 3.65 0
1717928356380 3.67 0
1717928362571 3.72 0
1717928368723 3.66 0
1717928374921 3.71 0
1717928381039 3.65 0
1717928387252 3.72 0
1717928393655 3.91 0
1717928399830 3.66 0
1717928406018 3.68 0
1717928412126 3.64 0
1717928418214 3.62 0
1717928424318 3.62 0
1717928430424 3.63 0
1717928436575 3.64 0
1717928448142 3.66 0
1717928454284 3.64 0
1717928460380 3.64 0
1717928466529 3.66 0
1717928472645 3.65 0
1717928478840 3.68 0
1717928484975 3.66 0
1717928491068 3.63 0
1717928497162 3.64 0
1717928503770 3.66 0
1717928509885 3.64 0
1717928516004 3.66 0
1717928522140 3.65 0
1717928528234 3.63 0
1717928539528 3.67 0
1717928551222 3.68 0
1717928562887 3.63 0
1717928568994 3.62 0
1717928575133 3.62 0
1717928581351 3.72 0
1717928587554 3.65 0
1717928593708 3.66 0
1717928599853 3.65 0
1717928606027 3.64 0
1717928612610 3.64 0
1717928618776 3.68 0
1717928625022 3.68 0
1717928631182 3.64 0
1717928637335 3.64 0
1717928643507 3.65 0
1717928649694 3.65 0
1717928655917 3.66 0
1717928662075 3.65 0
1717928673949 3.66 0
1717928680043 3.61 0
1717928686253 3.69 0
1717928692372 3.64 0
1717928698514 3.63 0
1717928710942 3.6 0
1717928723445 3.61 0
1717928729677 3.68 0
1717928735785 3.62 0
1717928741974 3.65 0
1717928748117 3.62 0
1717928754338 3.63 0
1717928760470 3.63 0
1717928766705 3.7 0
1717928779222 3.61 0
1717928791897 3.65 0
1717928798074 3.65 0
1717928810264 3.64 0
1717928816407 3.63 0
1717928822655 3.73 0
1717928828813 3.66 0
1717928834987 3.63 0
1717928841649 3.65 0
1717928847846 3.71 0
1717928853992 3.66 0
1717928866128 3.63 0
1717928872278 3.63 0
1717928878412 3.65 0
1717928890536 3.63 0
1717928896708 3.65 0
1717928903314 3.66 0
1717928909704 3.7 0
1717928915913 3.67 0
1717928922111 3.69 0
1717928934280 3.69 0
1717928946306 3.62 0
1717928952464 3.64 0
1717928965715 3.67 0
1717928971824 3.66 0
1717928984045 3.61 0
1717928990077 3.65 0
1717928996060 3.64 0
1717929002075 3.66 0
1717929008102 3.71 0
1717929014209 3.73 0
1717929020658 3.65 0
1717929026663 3.64 0
1717929039117 3.63 0
1717929051105 3.6 0
1717929063028 3.63 0
1717929075052 3.64 0
1717929080987 3.59 0
1717929087571 3.65 0
1717929093577 3.65 0
1717929105888 3.64 0
1717929118104 3.62 0
1717929124134 3.65 0
1717929136127 3.66 0
1717929142151 3.65 0
1717929148099 3.6 0
1717929154542 3.66 0
1717929160578 3.67 0
1717929166595 3.66 0
1717929172577 3.61 0
1717929178577 3.66 0
1717929184649 3.68 0
1717929190642 3.64 0
1717929202385 3.64 0
1717929208780 3.63 0
1717929214802 3.64 0
1717929220828 3.7 0
1717929226853 3.65 0
1717929232894 3.65 0
1717929238973 3.66 0
1717929244986 3.64 0
1717929250947 3.62 0
1717929256923 3.63 0
1717929269843 3.65 0
1717929282138 3.65 0
1717929288159 3.63 0
1717929300941 3.65 0
1717929307100 3.69 0
1717929313199 3.65 0
1717929319260 3.68 0
1717929325360 3.64 0
1717929331838 3.63 0
1717929337808 3.64 0
1717929343857 3.65 0
1717929349856 3.63 0
1717929355901 3.66 0
1717929361939 3.7 0
1717929367963 3.67 0
1717929373956 3.63 0
1717929380006 3.69 0
1717929386441 3.64 0
1717929392461 3.66 0
1717929398438 3.62 0
1717929404481 3.68 0
1717929410567 3.69 0
1717929416652 3.72 0
1717929422694 3.65 0
1717929428700 3.63 0
1717929434707 3.66 0
1717929441108 3.64 0
1717929447159 3.72 0
1717929453206 3.67 0
1717929459243 3.68 0
1717929465336 3.7 0
1717929471346 3.64 0
1717929477357 3.65 0
1717929483432 3.69 0
1717929489447 3.66 0
1717929495845 3.65 0
1717929501879 3.67 0
1717929507889 3.65 0
1717929513919 3.67 0
1717929519977 3.69 0
1717929532170 3.64 0
1717929538202 3.67 0
1717929544207 3.62 0
1717929550647 3.66 0
1717929556685 3.66 0
1717929562715 3.66 0
1717929568802 3.65 0
1717929574789 3.62 0
1717929580842 3.72 0
1717929586855 3.66 0
1717929592888 3.67 0
1717929598920 3.66 0
1717929605460 3.64 0
1717929611481 3.68 0
1717929617425 3.62 0
1717929623499 3.72 0
1717929629492 3.64 0
1717929635586 3.72 0
1717929641659 3.72 0
1717929647774 3.73 0
1717929653858 3.71 0
1717929659864 3.66 0
1717929666349 3.65 0
1717929672415 3.72 0
1717929678478 3.69 0
1717929684447 3.64 0
1717929690428 3.63 0
1717929696432 3.64 0
1717929702443 3.68 0
1717929708486 3.7 0
1717929714482 3.64 0
1717929720937 3.68 0
1717929726923 3.64 0
1717929732950 3.64 0
1717929739015 3.69 0
1717929745053 3.7 0
1717929751064 3.65 0
1717929757178 3.73 0
1717929763214 3.67 0
1717929769297 3.67 0
1717929775741 3.64 0
1717929781750 3.66 0
1717929787748 3.66 0
1717929793770 3.64 0
1717929799775 3.67 0
1717929805796 3.68 0
1717929811822 3.67 0
1717929817892 3.75 0
1717929823964 3.72 0
1717929829994 3.66 0
1717929842982 3.65 0
1717929849039 3.63 0
1717929855075 3.64 0
1717929861078 3.67 0
1717929867134 3.65 0
1717929873285 3.67 0
1717929879347 3.64 0
1717929885403 3.66 0
1717929891850 3.64 0
1717929904331 3.7 0
1717929916378 3.65 0
1717929928499 3.65 0
1717929934553 3.67 0
1717929946933 3.59 0
1717929959454 3.65 0
1717929965899 3.68 0
1717929971955 3.66 0
1717929978002 3.68 0
1717929984049 3.66 0
1717929990107 3.64 0
1717929996187 3.67 0
1717930002236 3.68 0
1717930008253 3.63 0
1717930014657 3.6 0
1717930020770 3.66 0
1717930026854 3.64 0
1717930032845 3.62 0
1717930038887 3.62 0
1717930044985 3.63 0
1717930051048 3.68 0
1717930057145 3.72 0
1717930063164 3.63 0
1717930069765 3.67 0
1717930075897 3.69 0
1717930081999 3.65 0
1717930088035 3.61 0
1717930094080 3.66 0
1717930100105 3.66 0
1717930106188 3.64 0
1717930112232 3.67 0
1717930118281 3.66 0
1717930124884 3.76 0
1717930130897 3.64 0
1717930137020 3.68 0
1717930143119 3.66 0
1717930149146 3.63 0
1717930155206 3.65 0
1717930161270 3.62 0
1717930167302 3.61 0
1717930173354 3.63 0
1717930186405 3.63 0
1717930192472 3.67 0
1717930198580 3.68 0
1717930204646 3.67 0
1717930210733 3.7 0
1717930216725 3.64 0
1717930222817 3.69 0
1717930228930 3.71 0
1717930235021 3.61 0
1717930241494 3.66 0
1717930247603 3.64 0
1717930253738 3.67 0
1717930259879 3.71 0
1717930265977 3.66 0
1717930272099 3.68 0
1717930278144 3.62 0
1717930284195 3.66 0
1717930290224 3.65 0
1717930296699 3.61 0
1717930302782 3.66 0
1717930308864 3.64 0
1717930314935 3.65 0
1717930320957 3.65 0
1717930327042 3.66 0
1717930333183 3.68 0
1717930339228 3.65 0
1717930345266 3.63 0
1717930351717 3.65 0
1717930357776 3.67 0
1717930363800 3.63 0
1717930369900 3.67 0
1717930375930 3.64 0
1717930382006 3.69 0
1717930388034 3.64 0
1717930394174 3.69 0
1717930400286 3.67 0
1717930406824 3.64 0
1717930412843 3.63 0
1717930418854 3.64 0
1717930424947 3.63 0
1717930430965 3.61 0
1717930437036 3.66 0
1717930443158 3.69 0
1717930449158 3.63 0
1717930455200 3.62 0
1717930461646 3.62 0
1717930467732 3.64 0
1717930473795 3.69 0
1717930479840 3.64 0
1717930485937 3.65 0
1717930498122 3.64 0
1717930504197 3.63 0
1717930510297 3.67 0
1717930516387 3.7 0
1717930522932 3.7 0
1717930529044 3.66 0
1717930535067 3.64 0
1717930541105 3.64 0
1717930547167 3.65 0
1717930553276 3.66 0
1717930565614 3.63 0
1717930578524 4.18 0
1717930590966 3.65 0
1717930603255 3.69 0
1717930609349 3.63 0
1717930615505 3.7 0
1717930627661 3.66 0
1717930633786 3.69 0
1717930639961 3.67 0
1717930646484 3.67 0
1717930652834 3.7 0
1717930658941 3.67 0
1717930665191 3.72 0
1717930671278 3.66 0
1717930677468 3.69 0
1717930683562 3.64 0
1717930689629 3.63 0
1717930695718 3.67 0
1717930708640 3.64 0
1717930721045 3.66 0
1717930733406 3.62 0
1717930739474 3.63 0
1717930745632 3.72 0
1717930751839 3.72 0
1717930757949 3.66 0
1717930764541 3.66 0
1717930770623 3.64 0
1717930776772 3.67 0
1717930783030 3.72 0
1717930789141 3.67 0
1717930795284 3.7 0
1717930801386 3.7 0
1717930807472 3.68 0
1717930813542 3.63 0
1717930820265 3.67 0
1717930826331 3.63 0
1717930832400 3.69 0
1717930838503 3.66 0
1717930844577 3.68 0
1717930850718 3.66 0
1717930862804 3.64 0
1717930868946 3.7 0
1717930875054 3.7 0
1717930881538 3.63 0
1717930887631 3.66 0
1717930893713 3.65 0
1717930899803 3.66 0
1717930905931 3.67 0
1717930912041 3.64 0
1717930918188 3.67 0
1717930924188 3.61 0
1717930930655 3.65 0
1717930936696 3.63 0
1717930942910 3.68 0
1717930948990 3.63 0
1717930955052 3.63 0
1717930961125 3.67 0
1717930967171 3.64 0
1717930973259 3.67 0
1717930979469 3.72 0
1717930986013 3.63 0
1717930992122 3.68 0
1717930998260 3.68 0
1717931004338 3.66 0
1717931010459 3.7 0
1717931016558 3.63 0
1717931022649 3.66 0
1717931028732 3.66 0
1717931034811 3.64 0
1717931041258 3.62 0
1717931047308 3.62 0
1717931053389 3.66 0
1717931059410 3.62 0
1717931065449 3.65 0
1717931071548 3.67 0
1717931077609 3.64 0
1717931083647 3.63 0
1717931089763 3.67 0
1717931102775 3.67 0
1717931114949 3.64 0
1717931127199 3.67 0
1717931133254 3.63 0
1717931139350 3.66 0
1717931145406 3.61 0
1717931151485 3.64 0
1717931157590 3.67 0
1717931164099 3.6 0
1717931170248 3.65 0
1717931176361 3.66 0
1717931182442 3.64 0
1717931195144 3.64 0
1717931201279 3.66 0
1717931207338 3.62 0
1717931213476 3.64 0
1717931220086 3.66 0
1717931226167 3.62 0
1717931232333 3.67 0
1717931238438 3.67 0
1717931244572 3.68 0
1717931250710 3.65 0
1717931256854 3.7 0
1717931263000 3.67 0
1717931269077 3.61 0
1717931275675 3.69 0
1717931281788 3.66 0
1717931287980 3.67 0
1717931294102 3.68 0
1717931300241 3.67 0
1717931306314 3.63 0
1717931312440 3.69 0
1717931318574 3.65 0
1717931324744 3.7 0
1717931331352 3.72 0
1717931337460 3.64 0
1717931343658 3.76 0
1717931349758 3.69 0
1717931355846 3.64 0
1717931361987 3.67 0
1717931368137 3.68 0
1717931374236 3.64 0
1717931380336 3.64 0
1717931386881 3.65 0
1717931392989 3.67 0
1717931399123 3.67 0
1717931405233 3.64 0
1717931411399 3.68 0
1717931417515 3.67 0
1717931423639 3.62 0
1717931429778 3.68 0
1717931435896 3.66 0
1717931442448 3.62 0
1717931448531 3.63 0
1717931454595 3.62 0
1717931460760 3.67 0
1717931466881 3.66 0
1717931472998 3.67 0
1717931479107 3.67 0
1717931485176 3.63 0
1717931491626 3.64 0
1717931497728 3.67 0
1717931510037 3.72 0
1717931516102 3.64 0
1717931522223 3.67 0
1717931528347 3.65 0
1717931534418 3.63 0
1717931540541 3.63 0
1717931547102 3.67 0
1717931553208 3.65 0
1717931559306 3.67 0
1717931565436 3.69 0
1717931571502 3.62 0
1717931577595 3.64 0
1717931583663 3.63 0
1717931589746 3.64 0
1717931595872 3.66 0
1717931602435 3.63 0
1717931608616 3.69 0
1717931614742 3.61 0
1717931620813 3.63 0
1717931626929 3.62 0
1717931633113 3.66 0
1717931639207 3.63 0
1717931645281 3.63 0
1717931651425 3.67 0
1717931657989 3.63 0
1717931664157 3.71 0
1717931670284 3.66 0
1717931676386 3.62 0
1717931682477 3.62 0
1717931688557 3.64 0
1717931694676 3.66 0
1717931700840 3.69 0
1717931707014 3.71 0
1717931713600 3.65 0
1717931719709 3.65 0
1717931725877 3.66 0
1717931732059 3.74 0
1717931738257 3.7 0
1717931744426 3.68 0
1717931750653 3.71 0
1717931756899 3.68 0
1717931763541 3.68 0
1717931769655 3.66 0
1717931775879 3.68 0
1717931782036 3.67 0
1717931788249 3.72 0
1717931794363 3.63 0
1717931800494 3.64 0
1717931806646 3.68 0
1717931812749 3.64 0
1717931825652 3.67 0
1717931831837 3.66 0
1717931838004 3.64 0
1717931844102 3.62 0
1717931850222 3.65 0
1717931856325 3.65 0
1717931862504 3.67 0
1717931868631 3.65 0
1717931874841 3.73 0
1717931881461 3.68 0
1717931887603 3.63 0
1717931893707 3.62 0
1717931899877 3.67 0
1717931906022 3.62 0
1717931912140 3.63 0
1717931918292 3.67 0
1717931924467 3.7 0
1717931931006 3.66 0
1717931937139 3.64 0
1717931943268 3.64 0
1717931949447 3.68 0
1717931955541 3.64 0
1717931961681 3.64 0
1717931967866 3.67 0
1717931973963 3.65 0
1717931980074 3.65 0
1717931986667 3.67 0
1717931992766 3.63 0
1717931998907 3.66 0
1717932005080 3.64 0
1717932011226 3.65 0
1717932017310 3.63 0
1717932023359 3.61 0
1717932029525 3.64 0
1717932035667 3.64 0
1717932048806 3.64 0
1717932060936 3.63 0
1717932072112 3.65 0
1717932083243 3.59 0
1717932094450 3.62 0
1717932105680 3.82 0
1717932116944 3.67 0
1717932129786 3.62 0
1717932142098 3.65 0
1717932148237 3.61 0
1717932154407 3.68 0
1717932160567 3.63 0
1717932167089 3.66 0
1717932173229 3.65 0
1717932179311 3.62 0
1717932191877 3.63 0
1717932198049 3.63 0
1717932204199 3.64 0
1717932210382 3.65 0
1717932217073 3.67 0
1717932223185 3.61 0
1717932229766 3.63 0
1717932235858 3.64 0
1717932241973 3.63 0
1717932248219 3.68 0
1717932254304 3.6 0
1717932260426 3.63 0
1717932266551 3.63 0
1717932272679 3.64 0
1717932279283 3.66 0
1717932285471 3.65 0
1717932291612 3.64 0
1717932297829 3.73 0
1717932303945 3.62 0
1717932310176 3.7 0
1717932316325 3.64 0
1717932322490 3.64 0
1717932328701 3.66 0
1717932334867 3.66 0
1717932341431 3.65 0
1717932347586 3.68 0
1717932353762 3.66 0
1717932359959 3.7 0
1717932366183 3.72 0
1717932372309 3.63 0
1717932378520 3.71 0
1717932384652 3.68 0
1717932391230 3.67 0
1717932397360 3.64 0
1717932403458 3.63 0
1717932409673 3.69 0
1717932415828 3.63 0
1717932422051 3.67 0
1717932428264 3.7 0
1717932434464 3.69 0
1717932440621 3.67 0
1717932447268 3.69 0
1717932453447 3.66 0
1717932459639 3.65 0
1717932465775 3.65 0
1717932471959 3.65 0
1717932478235 3.74 0
1717932484378 3.64 0
1717932490544 3.67 0
1717932497063 3.63 0
1717932509948 3.64 0
1717932516150 3.68 0
1717932522310 3.64 0
1717932528545 3.64 0
1717932534678 3.62 0
1717932540886 3.65 0
1717932547006 3.62 0
1717932553195 3.67 0
1717932559898 3.67 0
1717932566070 3.66 0
1717932572293 3.67 0
1717932578507 3.65 0
1717932584664 3.64 0
1717932590853 3.65 0
1717932596993 3.62 0
1717932603207 3.7 0
1717932609884 3.69 0
1717932616077 3.67 0
1717932622350 3.71 0
1717932628509 3.67 0
1717932634677 3.66 0
1717932640838 3.6 0
1717932647072 3.68 0
1717932653229 3.65 0
1717932659397 3.65 0
1717932666089 3.67 0
1717932672260 3.64 0
1717932678457 3.7 0
1717932684684 3.71 0
1717932690924 3.71 0
1717932697118 3.68 0
1717932703330 3.66 0
1717932709618 3.74 0
1717932716312 3.66 0
1717932722519 3.68 0
1717932728684 3.64 0
1717932734899 3.66 0
1717932741145 3.69 0
1717932747317 3.64 0
1717932753519 3.63 0
1717932759717 3.68 0
1717932765875 3.62 0
1717932772529 3.64 0
1717932778750 3.69 0
1717932784940 3.64 0
1717932791154 3.65 0
1717932797447 3.73 0
1717932803661 3.63 0
1717932809805 3.64 0
1717932815993 3.65 0
1717932828863 3.66 0
1717932835009 3.61 0
1717932841263 3.68 0
1717932847467 3.68 0
1717932853682 3.66 0
1717932859835 3.65 0
1717932866089 3.67 0
1717932872283 3.65 0
1717932878488 3.65 0
1717932885134 3.59 0
1717932891286 3.64 0
1717932897527 3.7 0
1717932903766 3.68 0
1717932910022 3.73 0
1717932916174 3.64 0
1717932922311 3.64 0
1717932928536 3.65 0
1717932935090 3.62 0
1717932941312 3.67 0
1717932947530 3.65 0
1717932953740 3.69 0
1717932959939 3.64 0
1717932966080 3.63 0
1717932972311 3.72 0
1717932978474 3.63 0
1717932984643 3.65 0
1717932991246 3.63 0
1717932997405 3.66 0
1717933003636 3.63 0
1717933009802 3.65 0
1717933015974 3.62 0
1717933022107 3.61 0
1717933028285 3.66 0
1717933034415 3.62 0
1717933041111 3.66 0
1717933047310 3.65 0
1717933053517 3.64 0
1717933059638 3.63 0
1717933065881 3.69 0
1717933072059 3.66 0
1717933078320 3.76 0
1717933084606 3.69 0
1717933091133 3.97 0
1717933097284 3.63 0
1717933103403 3.62 0
1717933109599 3.66 0
1717933115812 3.67 0
1717933121957 3.62 0
1717933128137 3.67 0
1717933134281 3.6 0
1717933147023 3.66 0
1717933153178 3.65 0
1717933159323 3.63 0
1717933165505 3.65 0
1717933171732 3.69 0
1717933177906 3.64 0
1717933184104 3.64 0
1717933190235 3.61 0
1717933196341 3.61 0
1717933203032 3.65 0
1717933209208 3.65 0
1717933215412 3.65 0
1717933221624 3.65 0
1717933227842 3.68 0
1717933234093 3.72 0
1717933240257 3.62 0
1717933246500 3.65 0
1717933253144 3.61 0
1717933259414 3.71 0
1717933265670 3.7 0
1717933271893 3.67 0
1717933278097 3.68 0
1717933284326 3.66 0
1717933290530 3.66 0
1717933296766 3.69 0
1717933309999 3.63 0
1717933316227 3.65 0
1717933322449 3.66 0
1717933328694 3.69 0
1717933334867 3.61 0
1717933341055 3.66 0
1717933347205 3.61 0
1717933353394 3.65 0
1717933359578 3.64 0
1717933366510 3.65 0
1717933372784 3.69 0
1717933379005 3.66 0
1717933385256 3.71 0
1717933391464 3.66 0
1717933397637 3.64 0
1717933403924 3.68 0
1717933410127 3.64 0
1717933416871 3.79 0
1717933423070 3.65 0
1717933429347 3.71 0
1717933435569 3.69 0
1717933441725 3.64 0
1717933447901 3.63 0
1717933454054 3.65 0
1717933460246 3.66 0
1717933473010 3.95 0
1717933479195 3.62 0
1717933485317 3.61 0
1717933491514 3.65 0
1717933497719 3.66 0
1717933503951 3.64 0
1717933510229 3.67 0
1717933516447 3.69 0
1717933522659 3.66 0
1717933529254 3.68 0
1717933535509 3.7 0
1717933541719 3.65 0
1717933547970 3.68 0
1717933554195 3.67 0
1717933560404 3.63 0
1717933566573 3.66 0
1717933572808 3.67 0
1717933579436 3.68 0
1717933585600 3.6 0
1717933591853 3.7 0
1717933598053 3.67 0
1717933604208 3.66 0
1717933610445 3.66 0
1717933616686 3.65 0
1717933622842 3.64 0
1717933629107 3.63 0
1717933635770 3.63 0
1717933642079 3.65 0
1717933648318 3.61 0
1717933654658 3.72 0
1717933660920 3.64 0
1717933667147 3.65 0
1717933673367 3.62 0
1717933679613 3.62 0
1717933686243 3.62 0
1717933692527 3.65 0
1717933698710 3.62 0
1717933704995 3.64 0
1717933711375 3.7 0
1717933717645 3.69 0
1717933723877 3.64 0
1717933730118 3.65 0
1717933736719 3.64 0
1717933742956 3.66 0
1717933749203 3.66 0
1717933755475 3.68 0
1717933761749 3.7 0
1717933767998 3.65 0
1717933774220 3.65 0
1717933780465 3.67 0
1717933793513 3.65 0
1717933799783 3.63 0
1717933806053 3.66 0
1717933812323 3.62 0
1717933818539 3.64 0
1717933824790 3.66 0
1717933830971 3.63 0
1717933837206 3.62 0
1717933843905 3.63 0
1717933850136 3.66 0
1717933856450 3.69 0
1717933862753 3.68 0
1717933869028 3.63 0
1717933875242 3.63 0
1717933881501 3.66 0
1717933887712 3.64 0
1717933894345 3.64 0
1717933900631 3.67 0
1717933906991 3.79 0
1717933913266 3.65 0
1717933919475 3.65 0
1717933925733 3.66 0
1717933931990 3.65 0
1717933938233 3.66 0
1717933944869 3.66 0
1717933951078 3.65 0
1717933957383 3.75 0
1717933963697 3.67 0
1717933969938 3.65 0
1717933976229 3.67 0
1717933982435 3.62 0
1717933988645 3.65 0
1717933994871 3.64 0
1717934001567 3.62 0
1717934007831 3.68 0
1717934014096 3.66 0
1717934020369 3.64 0
1717934026614 3.65 0
1717934032853 3.67 0
1717934039060 3.63 0
1717934045257 3.62 0
1717934051901 3.61 0
1717934058136 3.64 0
1717934064333 3.62 0
1717934070491 3.6 0
1717934076719 3.68 0
1717934082890 3.6 0
1717934095321 3.64 0
1717934101467 3.59 0
1717934108146 3.68 0
1717934127238 3.6 0
1717934133401 3.62 0
1717934139597 3.64 0
1717934145821 3.63 0
1717934158353 3.6 0
1717934171478 3.61 0
1717934184187 3.61 0
1717934195730 3.6 0
1717934207203 3.62 0
1717934213409 3.65 0
1717934219614 3.61 0
1717934225837 3.62 0
1717934232445 3.65 0
1717934238649 3.62 0
1717934244848 3.63 0
1717934251025 3.62 0
1717934257230 3.62 0
1717934263427 3.62 0
1717934269614 3.63 0
1717934275818 3.61 0
1717934282490 3.67 0
1717934288694 3.65 0
1717934294909 3.66 0
1717934301156 3.67 0
1717934307478 3.65 0
1717934313697 3.65 0
1717934319871 3.59 0
1717934326131 3.67 0
1717934332438 3.68 0
1717934339181 3.69 0
1717934345531 3.7 0
1717934351794 3.69 0
1717934358078 3.61 0
1717934364361 3.68 0
1717934370583 3.65 0
1717934376788 3.64 0
1717934383061 3.65 0
1717934389848 3.71 0
1717934396144 3.66 0
1717934402365 3.67 0
1717934408507 3.63 0
1717934414892 3.7 0
1717934421060 3.66 0
1717934427286 3.68 0
1717934433441 3.64 0
1717934439583 3.66 0
1717934446249 3.66 0
1717934452415 3.64 0
1717934458558 3.67 0
1717934464716 3.63 0
1717934476176 3.7 0
1717934482485 3.71 0
1717934488718 3.64 0
1717934494891 3.62 0
1717934501695 3.76 0
1717934507867 3.61 0
1717934514036 3.64 0
1717934520162 3.62 0
1717934526317 3.64 0
1717934532442 3.61 0
1717934538610 3.65 0
1717934544739 3.6 0
1717934551486 3.63 0
1717934557642 3.65 0
1717934563868 3.67 0
1717934570054 3.65 0
1717934576202 3.63 0
1717934582406 3.67 0
1717934588586 3.64 0
1717934594797 3.65 0
1717934601010 3.62 0
1717934607656 3.67 0
1717934613883 3.67 0
1717934620130 3.66 0
1717934626328 3.65 0
1717934632538 3.64 0
1717934638827 3.64 0
1717934645038 3.66 0
1717934651301 3.67 0
1717934657953 3.69 0
1717934664271 3.72 0
1717934670456 3.64 0
1717934676778 3.67 0
1717934683081 3.74 0
1717934689293 3.65 0
1717934695518 3.66 0
1717934701731 3.67 0
1717934708368 3.65 0
1717934714669 3.68 0
1717934720954 3.67 0
1717934727294 3.7 0
1717934733465 3.65 0
1717934739695 3.67 0
1717934745865 3.65 0
1717934752086 3.65 0
1717934758310 3.67 0
1717934765021 3.64 0
1717934771226 3.65 0
1717934777404 3.64 0
1717934783779 3.69 0
1717934795509 3.64 0
1717934801767 3.67 0
1717934808035 3.66 0
1717934814681 3.66 0
1717934820948 3.69 0
1717934827109 3.63 0
1717934833321 3.66 0
1717934839800 3.72 0
1717934846034 3.68 0
1717934852309 3.67 0
1717934858459 3.62 0
1717934864721 3.65 0
1717934871394 3.66 0
1717934877650 3.64 0
1717934883893 3.66 0
1717934890191 3.66 0
1717934896469 3.69 0
1717934902698 3.63 0
1717934908935 3.67 0
1717934915132 3.62 0
1717934921726 3.62 0
1717934927975 3.67 0
1717934934171 3.65 0
1717934940411 3.64 0
1717934946642 3.64 0
1717934952872 3.66 0
1717934959099 3.66 0
1717934965302 3.64 0
1717934971571 3.64 0
1717934978280 3.65 0
1717934984489 3.64 0
1717934990741 3.65 0
1717934996976 3.65 0
1717935003207 3.68 0
1717935009389 3.63 0
1717935015581 3.63 0
1717935021850 3.68 0
1717935028512 3.66 0
1717935034742 3.67 0
1717935040979 3.67 0
1717935047172 3.65 0
1717935053433 3.7 0
1717935059665 3.68 0
1717935065845 3.63 0
1717935072086 3.65 0
1717935078436 3.68 0
1717935085113 3.67 0
1717935091381 3.72 0
1717935097539 3.61 0
1717935103750 3.66 0
1717935115267 3.64 0
1717935121448 3.64 0
1717935127641 3.65 0
1717935134254 3.64 0
1717935140545 3.63 0
1717935146791 3.68 0
1717935152993 3.64 0
1717935159232 3.68 0
1717935165452 3.64 0
1717935171716 3.64 0
1717935178003 3.65 0
1717935184651 3.63 0
1717935190854 3.65 0
1717935197028 3.64 0
1717935203274 3.68 0
1717935209487 3.64 0
1717935215698 3.64 0
1717935221956 3.64 0
1717935228185 3.66 0
1717935234450 3.65 0
1717935241143 3.67 0
1717935247427 3.68 0
1717935253793 3.68 0
1717935260055 3.69 0
1717935266220 3.64 0
1717935272471 3.68 0
1717935278690 3.65 0
1717935284949 3.69 0
1717935291761 3.66 0
1717935297967 3.65 0
1717935304247 3.74 0
1717935310503 3.69 0
1717935316671 3.66 0
1717935322888 3.64 0
1717935329094 3.66 0
1717935335273 3.66 0
1717935341506 3.67 0
1717935348093 3.62 0
1717935354246 3.65 0
1717935360427 3.64 0
1717935366670 3.63 0
1717935378116 3.65 0
1717935390282 3.62 0
1717935402861 3.61 0
1717935409454 3.59 0
1717935415689 3.7 0
1717935421842 3.65 0
1717935428093 3.7 0
1717935434312 3.65 0
1717935440567 3.64 0
1717935453135 3.64 0
1717935459341 3.67 0
1717935466039 3.69 0
1717935472364 3.75 0
1717935478634 3.7 0
1717935484871 3.65 0
1717935491109 3.71 0
1717935497215 3.61 0
1717935503408 3.67 0
1717935509551 3.64 0
1717935515750 3.68 0
1717935522488 3.65 0
1717935528713 3.65 0
1717935534856 3.62 0
1717935541062 3.67 0
1717935547239 3.65 0
1717935553434 3.64 0
1717935559692 3.72 0
1717935565935 3.67 0
1717935572103 3.62 0
1717935578722 3.64 0
1717935584917 3.64 0
1717935591161 3.65 0
1717935597324 3.64 0
1717935603517 3.66 0
1717935609713 3.64 0
1717935615901 3.68 0
1717935622097 3.65 0
1717935628779 3.67 0
1717935635049 3.67 0
1717935641252 3.68 0
1717935647494 3.67 0
1717935653670 3.65 0
1717935659971 3.68 0
1717935666257 3.7 0
1717935672491 3.68 0
1717935678686 3.65 0
1717935685493 3.71 0
1717935691729 3.68 0
1717935697985 3.69 0
1717935704205 3.68 0
1717935710435 3.65 0
1717935716654 3.65 0
1717935722898 3.67 0
1717935729094 3.65 0
1717935735856 3.68 0
1717935742111 3.69 0
1717935748391 3.69 0
1717935754593 3.67 0
1717935760880 3.67 0
1717935773525 3.64 0
1717935779673 3.63 0
1717935785824 3.62 0
1717935792326 3.94 0
1717935798507 3.67 0
1717935804732 3.68 0
1717935810890 3.63 0
1717935817095 3.67 0
1717935823239 3.61 0
1717935829479 3.66 0
1717935835757 3.73 0
1717935841910 3.64 0
1717935848586 3.68 0
1717935854811 3.62 0
1717935860988 3.65 0
1717935867283 3.69 0
1717935873490 3.66 0
1717935879670 3.62 0
1717935885896 3.65 0
1717935892046 3.63 0
1717935898227 3.66 0
1717935904860 3.66 0
1717935911036 3.65 0
1717935917240 3.67 0
1717935929537 3.69 0
1717935935742 3.66 0
1717935941919 3.63 0
1717935954290 3.63 0
1717935960858 3.64 0
1717935967076 3.66 0
1717935973276 3.65 0
1717935979491 3.66 0
1717935985750 3.69 0
1717935992008 3.66 0
1717935998184 3.65 0
1717936004365 3.63 0
1717936010507 3.62 0
1717936017207 3.66 0
1717936023388 3.6 0
1717936029574 3.68 0
1717936035741 3.62 0
1717936041968 3.67 0
1717936048189 3.67 0
1717936054377 3.63 0
1717936060614 3.72 0
1717936066774 3.65 0
1717936073356 3.61 0
1717936079572 3.65 0
1717936085777 3.66 0
1717936096893 3.67 0
1717936108264 3.61 0
1717936114395 3.61 0
1717936120602 3.63 0
1717936127304 3.71 0
1717936133553 3.69 0
1717936139717 3.64 0
1717936145914 3.63 0
1717936152130 3.64 0
1717936158383 3.66 0
1717936164654 3.67 0
1717936170856 3.65 0
1717936177059 3.62 0
1717936183735 3.65 0
1717936189993 3.7 0
1717936196224 3.67 0
1717936202464 3.65 0
1717936208673 3.67 0
1717936214900 3.65 0
1717936221172 3.69 0
1717936227377 3.65 0
1717936234021 3.64 0
1717936240284 3.69 0
1717936246448 3.62 0
1717936252682 3.68 0
1717936258913 3.66 0
1717936265091 3.63 0
1717936271303 3.63 0
1717936277529 3.66 0
1717936283799 3.69 0
1717936290541 3.72 0
1717936296795 3.64 0
1717936303031 3.68 0
1717936309293 3.67 0
1717936315511 3.66 0
1717936321772 3.66 0
1717936328006 3.66 0
1717936334217 3.63 0
1717936340917 3.65 0
1717936347149 3.68 0
1717936353429 3.67 0
1717936359675 3.7 0
1717936365969 3.7 0
1717936372186 3.64 0
1717936378441 3.67 0
1717936384621 3.62 0
1717936391287 3.65 0
1717936397582 3.7 0
1717936403815 3.63 0
1717936410154 3.69 0
1717936416417 3.66 0
1717936428058 3.66 0
1717936434251 3.63 0
1717936440485 3.65 0
1717936446658 3.6 0
1717936453387 3.65 0
1717936459636 3.63 0
1717936465815 3.63 0
1717936472078 3.67 0
1717936478263 3.63 0
1717936484484 3.64 0
1717936490735 3.67 0
1717936496941 3.64 0
1717936503600 3.62 0
1717936509804 3.64 0
1717936516089 3.66 0
1717936522373 3.66 0
1717936528687 3.75 0
1717936534853 3.61 0
1717936541105 3.66 0
1717936547383 3.72 0
1717936553916 3.97 0
1717936560121 3.62 0
1717936566416 3.71 0
1717936572655 3.66 0
1717936578845 3.63 0
1717936585071 3.65 0
1717936591267 3.63 0
1717936597483 3.64 0
1717936603740 3.65 0
1717936610414 3.68 0
1717936616731 3.72 0
1717936622970 3.67 0
1717936629218 3.68 0
1717936635466 3.67 0
1717936641633 3.62 0
1717936647899 3.64 0
1717936654107 3.66 0
1717936660775 3.67 0
1717936667046 3.66 0
1717936673334 3.66 0
1717936679570 3.67 0
1717936685757 3.63 0
1717936691981 3.64 0
1717936698253 3.63 0
1717936704527 3.67 0
1717936710774 3.67 0
1717936717442 3.63 0
1717936723703 3.7 0
1717936729996 3.68 0
1717936736229 3.63 0
1717936747885 3.65 0
1717936754097 3.63 0
1717936760331 3.65 0
1717936766508 3.63 0
1717936773165 3.67 0
1717936779356 3.61 0
1717936785628 3.63 0
1717936791852 3.66 0
1717936798064 3.63 0
1717936804319 3.67 0
1717936810607 3.63 0
1717936816892 3.66 0
1717936823174 3.68 0
1717936829805 3.64 0
1717936836069 3.68 0
1717936842324 3.66 0
1717936848596 3.67 0
1717936854830 3.64 0
1717936861031 3.62 0
1717936867246 3.66 0
1717936873479 3.66 0
1717936880149 3.63 0
1717936886417 3.64 0
1717936892684 3.69 0
1717936898943 3.66 0
1717936905180 3.63 0
1717936911402 3.63 0
1717936917647 3.68 0
1717936923879 3.65 0
1717936930215 3.7 0
1717936936886 3.64 0
1717936943100 3.61 0
1717936949314 3.64 0
1717936955501 3.62 0
1717936961736 3.63 0
1717936968020 3.67 0
1717936974269 3.64 0
1717936980544 3.68 0
1717936986792 3.65 0
1717936993459 3.61 0
1717936999776 3.7 0
1717937006051 3.66 0
1717937012375 3.69 0
1717937018590 3.63 0
1717937024812 3.64 0
1717937031054 3.67 0
1717937037343 3.66 0
1717937043824 3.63 0
1717937049891 3.63 0
1717937055957 3.64 0
1717937067311 3.64 0
1717937073445 3.68 0
1717937079523 3.67 0
1717937085770 3.72 0
1717937091947 3.68 0
1717937098139 3.7 0
1717937104922 3.64 0
1717937111073 3.69 0
1717937117250 3.65 0
1717937123459 3.71 0
1717937129600 3.66 0
1717937135794 3.69 0
1717937141949 3.66 0
1717937148092 3.67 0
1717937154203 3.65 0
1717937161088 3.71 0
1717937167417 3.67 0
1717937173670 3.7 0
1717937179880 3.67 0
1717937186048 3.67 0
1717937192200 3.69 0
1717937198453 3.75 0
1717937204594 3.65 0
1717937210776 3.65 0
1717937222768 3.62 0
1717937234822 3.67 0
1717937241024 3.7 0
1717937247275 3.68 0
1717937253343 3.63 0
1717937259559 3.68 0
1717937265793 3.7 0
1717937271968 3.73 0
1717937278727 3.65 0
1717937284903 3.69 0
1717937290970 3.64 0
1717937297123 3.67 0
1717937303323 3.69 0
1717937309520 3.73 0
1717937315633 3.65 0
1717937321817 3.73 0
1717937327965 3.7 0
1717937334166 3.67 0
1717937341018 3.72 0
1717937347259 3.74 0
1717937353375 3.63 0
1717937359453 3.64 0
1717937365652 3.68 0
1717937371755 3.62 0
1717937377954 3.67 0
1717937384131 3.71 0
1717937395895 3.64 0
1717937402022 3.67 0
1717937408178 3.69 0
1717937414344 3.66 0
1717937420414 3.63 0
1717937426550 3.7 0
1717937432778 3.69 0
1717937439058 3.73 0
1717937445261 3.69 0
1717937451841 3.64 0
1717937457938 3.66 0
1717937464048 3.63 0
1717937470231 3.66 0
1717937476343 3.65 0
1717937482478 3.64 0
1717937488683 3.66 0
1717937494863 3.68 0
1717937501016 3.7 0
1717937507593 3.71 0
1717937513770 3.7 0
1717937519966 3.67 0
1717937526094 3.66 0
1717937532224 3.65 0
1717937538355 3.66 0
1717937544500 3.64 0
1717937550611 3.67 0
1717937556780 3.69 0
1717937562868 3.61 0
1717937569425 3.63 0
1717937575494 3.64 0
1717937581644 3.65 0
1717937587804 3.66 0
1717937594001 3.73 0
1717937600069 3.65 0
1717937606192 3.65 0
1717937612298 3.64 0
1717937618438 3.68 0
1717937624978 3.61 0
1717937631146 3.65 0
1717937637263 3.66 0
1717937643426 3.66 0
1717937649569 3.67 0
1717937655803 3.72 0
1717937661873 3.61 0
1717937668018 3.68 0
1717937674131 3.66 0
1717937680808 3.65 0
1717937687069 3.77 0
1717937693284 3.74 0
1717937699505 3.69 0
1717937711061 3.62 0
1717937717142 3.65 0
1717937723232 3.64 0
1717937729291 3.62 0
1717937735883 3.7 0
1717937742013 3.68 0
1717937754961 3.62 0
1717937761160 3.65 0
1717937767233 3.64 0
1717937779620 3.63 0
1717937792268 3.67 0
1717937798371 3.64 0
1717937805064 3.66 0
1717937811142 3.61 0
1717937817310 3.66 0
1717937823435 3.68 0
1717937829513 3.64 0
1717937835561 3.62 0
1717937841646 3.65 0
1717937847754 3.65 0
1717937853831 3.63 0
1717937860417 3.68 0
1717937866510 3.64 0
1717937872613 3.61 0
1717937878686 3.65 0
1717937884802 3.66 0
1717937890851 3.62 0
1717937896983 3.65 0
1717937903149 3.72 0
1717937909235 3.66 0
1717937915839 3.69 0
1717937921953 3.68 0
1717937928021 3.63 0
1717937934215 3.69 0
1717937940302 3.65 0
1717937946435 3.66 0
1717937952542 3.68 0
1717937958604 3.62 0
1717937964663 3.63 0
1717937971275 3.68 0
1717937977549 3.64 0
1717937983694 3.66 0
1717937989867 3.69 0
1717937996047 3.67 0
1717938002221 3.68 0
1717938008312 3.64 0
1717938014378 3.61 0
1717938020454 3.6 0
1717938027027 3.63 0
1717938033081 3.62 0
1717938045623 3.64 0
1717938051738 3.62 0
1717938057841 3.63 0
1717938063907 3.63 0
1717938069976 3.6 0
1717938076040 3.61 0
1717938082150 3.63 0
1717938088772 3.68 0
1717938094873 3.63 0
1717938100932 3.59 0
1717938107093 3.67 0
1717938113171 3.63 0
1717938119275 3.65 0
1717938125390 3.63 0
1717938131494 3.63 0
1717938137605 3.63 0
1717938144175 3.66 0
1717938150248 3.63 0
1717938156460 3.67 0
1717938162661 3.67 0
1717938168789 3.66 0
1717938174924 3.67 0
1717938181023 3.66 0
1717938187156 3.67 0
1717938193275 3.67 0
1717938199772 3.65 0
1717938205885 3.63 0
1717938212015 3.66 0
1717938218176 3.7 0
1717938224286 3.65 0
1717938230481 3.69 0
1717938236670 3.75 0
1717938242718 3.62 0
1717938248794 3.62 0
1717938254874 3.61 0
1717938261507 3.67 0
1717938267640 3.7 0
1717938273701 3.61 0
1717938279811 3.63 0
1717938285893 3.64 0
1717938291983 3.65 0
1717938298024 3.63 0
1717938304169 3.7 0
1717938310254 3.66 0
1717938316750 3.65 0
1717938322817 3.61 0
1717938328871 3.64 0
1717938334956 3.67 0
1717938341031 3.67 0
1717938347166 3.67 0
1717938359584 3.67 0
1717938365723 3.65 0
1717938371805 3.63 0
1717938378278 3.99 0
1717938384493 3.73 0
1717938390550 3.62 0
1717938396667 3.66 0
1717938402761 3.66 0
1717938408931 3.68 0
1717938415075 3.67 0
1717938421168 3.65 0
1717938427246 3.63 0
1717938433418 3.64 0
1717938440045 3.69 0
1717938446147 3.69 0
1717938452269 3.63 0
1717938458355 3.65 0
1717938464423 3.63 0
1717938470509 3.66 0
1717938476641 3.68 0
1717938482756 3.7 0
1717938488879 3.64 0
1717938495423 3.65 0
1717938501553 3.66 0
1717938507654 3.66 0
1717938513731 3.64 0
1717938519830 3.66 0
1717938525896 3.62 0
1717938531989 3.66 0
1717938538040 3.61 0
1717938544186 3.68 0
1717938550292 3.63 0
1717938556862 3.65 0
1717938562954 3.65 0
1717938569059 3.65 0
1717938575269 3.71 0
1717938581372 3.68 0
1717938587520 3.66 0
1717938593624 3.68 0
1717938599695 3.64 0
1717938605848 3.67 0
1717938612420 3.68 0
1717938618531 3.64 0
1717938624602 3.64 0
1717938630762 3.68 0
1717938636902 3.68 0
1717938643013 3.69 0
1717938649080 3.65 0
1717938655180 3.65 0
1717938661382 3.7 0
1717938673202 3.68 0
1717938679324 3.69 0
1717938685408 3.64 0
1717938691488 3.66 0
1717938697535 3.63 0
1717938703642 3.67 0
1717938709735 3.67 0
1717938715821 3.63 0
1717938721933 3.65 0
1717938728057 3.63 0
1717938734633 3.69 0
1717938740792 3.66 0
1717938746941 3.72 0
1717938753004 3.64 0
1717938759135 3.65 0
1717938765205 3.65 0
1717938771400 3.73 0
1717938777538 3.63 0
1717938783612 3.63 0
1717938790160 3.65 0
1717938796272 3.64 0
1717938802405 3.69 0
1717938808579 3.71 0
1717938814680 3.67 0
1717938820766 3.65 0
1717938826811 3.63 0
1717938832867 3.63 0
1717938838932 3.63 0
1717938845067 3.69 0
1717938851619 3.64 0
1717938857804 3.76 0
1717938863828 3.6 0
1717938869920 3.64 0
1717938876019 3.64 0
1717938882104 3.63 0
1717938888245 3.65 0
1717938894383 3.68 0
1717938900530 3.65 0
1717938907100 3.69 0
1717938913248 3.71 0
1717938919356 3.63 0
1717938925417 3.62 0
1717938931545 3.66 0
1717938937637 3.65 0
1717938949147 3.74 0
1717938955258 3.64 0
1717938967508 3.69 0
1717938974106 3.65 0
1717938980224 3.66 0
1717938986336 3.66 0
1717938999049 3.71 0
1717939005173 3.68 0
1717939011263 3.65 0
1717939017404 3.66 0
1717939023504 3.67 0
1717939029652 3.65 0
1717939036213 3.66 0
1717939042307 3.65 0
1717939048413 3.64 0
1717939054520 3.64 0
1717939060629 3.66 0
1717939066733 3.66 0
1717939072828 3.66 0
1717939078889 3.63 0
1717939084971 3.65 0
1717939091447 3.66 0
1717939097500 3.64 0
1717939103624 3.65 0
1717939109717 3.63 0
1717939115827 3.67 0
1717939121934 3.65 0
1717939128059 3.65 0
1717939134138 3.66 0
1717939140227 3.65 0
1717939146361 3.69 0
1717939152959 3.71 0
1717939159136 3.66 0
1717939165281 3.7 0
1717939171389 3.66 0
1717939177583 3.65 0
1717939183698 3.67 0
1717939189812 3.63 0
1717939196032 3.72 0
1717939202239 3.68 0
1717939208826 3.67 0
1717939214994 3.68 0
1717939221113 3.62 0
1717939227194 3.62 0
1717939233327 3.64 0
1717939239492 3.68 0
1717939245578 3.63 0
1717939251672 3.62 0
1717939257783 3.64 0
1717939264016 3.67 0
1717939270715 3.66 0
1717939276870 3.67 0
1717939283010 3.66 0
1717939289093 3.62 0
1717939295211 3.64 0
1717939301420 3.74 0
1717939314151 3.64 0
1717939320221 3.62 0
1717939326820 3.67 0
1717939333010 3.69 0
1717939339159 3.66 0
1717939345318 3.66 0
1717939351450 3.65 0
1717939357638 3.68 0
1717939363708 3.62 0
1717939369890 3.67 0
1717939376048 3.64 0
1717939382438 3.93 0
1717939388602 3.69 0
1717939394801 3.68 0
1717939400959 3.65 0
1717939407136 3.66 0
1717939413350 3.71 0
1717939419472 3.66 0
1717939425587 3.64 0
1717939431704 3.66 0
1717939437865 3.69 0
1717939444440 3.63 0
1717939456904 3.62 0
1717939463015 3.61 0
1717939469221 3.7 0
1717939475415 3.66 0
1717939481550 3.64 0
1717939487725 3.69 0
1717939493885 3.68 0
1717939500516 3.69 0
1717939506709 3.74 0
1717939512909 3.7 0
1717939519116 3.67 0
1717939531698 3.67 0
1717939537793 3.6 0
1717939543924 3.67 0
1717939550030 3.65 0
1717939556149 3.65 0
1717939562736 3.64 0
1717939568939 3.69 0
1717939581278 3.62 0
1717939587510 3.73 0
1717939600170 3.64 0
1717939606291 3.65 0
1717939612391 3.64 0
1717939618682 3.76 0
1717939625259 3.66 0
1717939631515 3.72 0
1717939637741 3.69 0
1717939643952 3.68 0
1717939656652 3.63 0
1717939662819 3.67 0
1717939668955 3.63 0
1717939675095 3.66 0
1717939681245 3.66 0
1717939687766 3.63 0
1717939693889 3.63 0
1717939700070 3.68 0
1717939706211 3.65 0
1717939712414 3.71 0
1717939718511 3.61 0
1717939724660 3.68 0
1717939730793 3.67 0
1717939737018 3.72 0
1717939743620 3.62 0
1717939749765 3.65 0
1717939755939 3.67 0
1717939762083 3.66 0
1717939768200 3.66 0
1717939774342 3.65 0
1717939780565 3.68 0
1717939786702 3.63 0
1717939792834 3.65 0
1717939799400 3.66 0
1717939805651 3.74 0
1717939811795 3.67 0
1717939818107 3.66 0
1717939824277 3.69 0
1717939830446 3.67 0
1717939836618 3.65 0
1717939842761 3.65 0
1717939848913 3.68 0
1717939855027 3.62 0
1717939861698 3.71 0
1717939867925 3.68 0
1717939874042 3.64 0
1717939880175 3.65 0
1717939886296 3.66 0
1717939892475 3.7 0
1717939898635 3.67 0
1717939904827 3.68 0
1717939911052 3.64 0
1717939917703 3.69 0
1717939923917 3.67 0
1717939930014 3.65 0
1717939936130 3.64 0
1717939942291 3.65 0
1717939948422 3.61 0
1717939954548 3.62 0
1717939960690 3.64 0
1717939973134 3.63 0
1717939979717 3.66 0
1717939985866 3.63 0
1717939992029 3.65 0
1717939998147 3.65 0
1717940004249 3.62 0
1717940010408 3.65 0
1717940016583 3.64 0
1717940022763 3.68 0
1717940028868 3.62 0
1717940035484 3.66 0
1717940041593 3.65 0
1717940047728 3.65 0
1717940053888 3.65 0
1717940060045 3.6 0
1717940066252 3.67 0
1717940072375 3.66 0
1717940078457 3.6 0
1717940084668 3.68 0
1717940091220 3.63 0
1717940097432 3.68 0
1717940103613 3.7 0
1717940109811 3.72 0
1717940115982 3.67 0
1717940122114 3.63 0
1717940128238 3.65 0
1717940134385 3.66 0
1717940140532 3.64 0
1717940147006 3.95 0
1717940153335 3.71 0
1717940159583 3.67 0
1717940165770 3.64 0
1717940171955 3.68 0
1717940178093 3.66 0
1717940184209 3.65 0
1717940190451 3.69 0
1717940196571 3.66 0
1717940203050 3.98 0
1717940209243 3.65 0
1717940215440 3.66 0
1717940221629 3.7 0
1717940227811 3.65 0
1717940233985 3.68 0
1717940240073 3.63 0
1717940246193 3.65 0
1717940252359 3.63 0
1717940258475 3.61 0
1717940265116 3.67 0
1717940271460 3.75 0
1717940277708 3.69 0
1717940290533 3.7 0
1717940296833 3.7 0
1717940303061 3.68 0
1717940309287 3.7 0
1717940315480 3.63 0
1717940322159 3.67 0
1717940328359 3.67 0
1717940334688 3.72 0
1717940340982 3.66 0
1717940347246 3.73 0
1717940353477 3.7 0
1717940359649 3.68 0
1717940365779 3.63 0
1717940371877 3.6 0
1717940378052 3.63 0
1717940384709 3.63 0
1717940390896 3.6 0
1717940397038 3.66 0
1717940403208 3.64 0
1717940409375 3.65 0
1717940415549 3.64 0
1717940421788 3.67 0
1717940427903 3.63 0
1717940434042 3.64 0
1717940440637 3.59 0
1717940446837 3.66 0
1717940452960 3.63 0
1717940459049 3.61 0
1717940465201 3.67 0
1717940471366 3.67 0
1717940477507 3.63 0
1717940483691 3.66 0
1717940489921 3.72 0
1717940496453 3.6 0
1717940502645 3.66 0
1717940508777 3.66 0
1717940514931 3.63 0
1717940521072 3.66 0
1717940527330 3.69 0
1717940533500 3.65 0
1717940539664 3.64 0
1717940545892 3.72 0
1717940552475 3.67 0
1717940558618 3.63 0
1717940564795 3.66 0
1717940570933 3.65 0
1717940577152 3.72 0
1717940583324 3.64 0
1717940589453 3.63 0
1717940595608 3.66 0
1717940608091 3.64 0
1717940614637 3.63 0
1717940620743 3.62 0
1717940626897 3.62 0
1717940632985 3.63 0
1717940639148 3.68 0
1717940645359 3.65 0
1717940651608 3.73 0
1717940657835 3.68 0
1717940664029 3.67 0
1717940670883 3.66 0
1717940677047 3.67 0
1717940683191 3.63 0
1717940689403 3.71 0
1717940695629 3.67 0
1717940701763 3.65 0
1717940707891 3.65 0
1717940714056 3.67 0
1717940720219 3.66 0
1717940726761 3.64 0
1717940732912 3.64 0
1717940739079 3.65 0
1717940745244 3.63 0
1717940751421 3.69 0
1717940757647 3.69 0
1717940763808 3.66 0
1717940769889 3.63 0
1717940775995 3.64 0
1717940782627 3.72 0
1717940788824 3.69 0
1717940794966 3.66 0
1717940801069 3.64 0
1717940807219 3.66 0
1717940813493 3.75 0
1717940819631 3.65 0
1717940825797 3.66 0
1717940831963 3.65 0
1717940838515 3.64 0
1717940844724 3.66 0
1717940850871 3.64 0
1717940857021 3.66 0
1717940863141 3.62 0
1717940869285 3.63 0
1717940875544 3.72 0
1717940881692 3.65 0
1717940887772 3.62 0
1717940894394 3.66 0
1717940900558 3.67 0
1717940906804 3.73 0
1717940912971 3.67 0
1717940925362 3.64 0
1717940931510 3.65 0
1717940937671 3.68 0
1717940943757 3.62 0
1717940949918 3.67 0
1717940956504 3.65 0
1717940962609 3.63 0
1717940968771 3.68 0
1717940974888 3.65 0
1717940981016 3.66 0
1717940987199 3.68 0
1717940993395 3.71 0
1717940999529 3.66 0
1717941005698 3.64 0
1717941012270 3.66 0
1717941018400 3.64 0
1717941024609 3.72 0
1717941030779 3.65 0
1717941036921 3.66 0
1717941043007 3.61 0
1717941049197 3.68 0
1717941055394 3.69 0
1717941061518 3.65 0
1717941068092 3.63 0
1717941074222 3.66 0
1717941080402 3.67 0
1717941086542 3.62 0
1717941092649 3.64 0
1717941098768 3.65 0
1717941104907 3.65 0
1717941110996 3.61 0
1717941117108 3.64 0
1717941123721 3.65 0
1717941129894 3.65 0
1717941136087 3.65 0
1717941142217 3.63 0
1717941148410 3.66 0
1717941154527 3.63 0
1717941160692 3.69 0
1717941166870 3.69 0
1717941173060 3.69 0
1717941179270 3.71 0
1717941185921 3.67 0
1717941192094 3.65 0
1717941198273 3.68 0
1717941204521 3.71 0
1717941210978 3.73 0
1717941217128 3.68 0
1717941223307 3.66 0
1717941229490 3.69 0
1717941242808 3.62 0
1717941248913 3.62 0
1717941255031 3.63 0
1717941261222 3.67 0
1717941267313 3.6 0
1717941273471 3.65 0
1717941279636 3.63 0
1717941285852 3.72 0
1717941292050 3.69 0
1717941298687 3.65 0
1717941304866 3.69 0
1717941311031 3.67 0
1717941317136 3.63 0
1717941323293 3.67 0
1717941329435 3.63 0
1717941335560 3.64 0
1717941341719 3.67 0
1717941347845 3.63 0
1717941354468 3.67 0
1717941360625 3.64 0
1717941366826 3.69 0
1717941372945 3.64 0
1717941379131 3.68 0
1717941385300 3.69 0
1717941391498 3.71 0
1717941397694 3.69 0
1717941403819 3.64 0
1717941410399 3.66 0
1717941416592 3.7 0
1717941422700 3.64 0
1717941428940 3.75 0
1717941435149 3.67 0
1717941441358 3.65 0
1717941447525 3.67 0
1717941453790 3.71 0
1717941459947 3.65 0
1717941466552 3.68 0
1717941472711 3.63 0
1717941484963 3.62 0
1717941491131 3.64 0
1717941503645 3.65 0
1717941509809 3.63 0
1717941515938 3.65 0
1717941522081 3.66 0
1717941528477 3.87 0
1717941534624 3.66 0
1717941540709 3.63 0
1717941546972 3.66 0
1717941553097 3.64 0
1717941559289 3.71 0
1717941571606 3.66 0
1717941577762 3.65 0
1717941583965 3.61 0
1717941590539 3.69 0
1717941596712 3.68 0
1717941602880 3.66 0
1717941609054 3.67 0
1717941615140 3.62 0
1717941621279 3.63 0
1717941627559 3.76 0
1717941633777 3.68 0
1717941639965 3.65 0
1717941646622 3.68 0
1717941652771 3.66 0
1717941658885 3.63 0
1717941665096 3.69 0
1717941671250 3.64 0
1717941677416 3.68 0
1717941683551 3.64 0
1717941689719 3.66 0
1717941695849 3.66 0
1717941702464 3.64 0
1717941708600 3.64 0
1717941714782 3.66 0
1717941720926 3.61 0
1717941727069 3.63 0
1717941733329 3.74 0
1717941739514 3.67 0
1717941745735 3.68 0
1717941751894 3.64 0
1717941758506 3.71 0
1717941764737 3.69 0
1717941770893 3.63 0
1717941777146 3.72 0
1717941783281 3.64 0
1717941789442 3.65 0
1717941795624 3.65 0
1717941801752 3.66 0
1717941807978 3.67 0
1717941814950 3.74 0
1717941821134 3.67 0
1717941827401 3.72 0
1717941833749 3.72 0
1717941839980 3.66 0
1717941846131 3.66 0
1717941852291 3.62 0
1717941858612 3.75 0
1717941864839 3.69 0
1717941871006 3.67 0
1717941877851 3.66 0
1717941890627 3.71 0
1717941896839 3.67 0
1717941903074 3.74 0
1717941909281 3.68 0
1717941915581 3.68 0
1717941921855 3.66 0
1717941928175 3.67 0
1717941935006 3.63 0
1717941941221 3.68 0
1717941947416 3.63 0
1717941953576 3.64 0
1717941959743 3.63 0
1717941966001 3.71 0
1717941972251 3.69 0
1717941978610 3.68 0
1717941984922 3.7 0
1717941991080 3.66 0
1717941997952 3.69 0
1717942004149 3.69 0
1717942010433 3.65 0
1717942016756 3.74 0
1717942022913 3.63 0
1717942029277 3.67 0
1717942035516 3.69 0
1717942041805 3.72 0
1717942048032 3.67 0
1717942054752 3.7 0
1717942060988 3.7 0
1717942067170 3.67 0
1717942073348 3.65 0
1717942079586 3.67 0
1717942085867 3.69 0
1717942092009 3.63 0
1717942098237 3.67 0
1717942104429 3.67 0
1717942111077 3.63 0
1717942117248 3.64 0
1717942123440 3.68 0
1717942129646 3.7 0
1717942135865 3.69 0
1717942141993 3.64 0
1717942148149 3.65 0
1717942154340 3.64 0
1717942160485 3.65 0
1717942167093 3.7 0
1717942173284 3.66 0
1717942179494 3.68 0
1717942185679 3.69 0
1717942191878 3.69 0
1717942198070 3.65 0
1717942210874 3.68 0
1717942217042 3.64 0
1717942223561 3.96 0
1717942229683 3.62 0
1717942235957 3.71 0
1717942242181 3.68 0
1717942248377 3.69 0
1717942254556 3.66 0
1717942260762 3.68 0
1717942266942 3.64 0
1717942273179 3.63 0
1717942279863 3.66 0
1717942286102 3.7 0
1717942292376 3.72 0
1717942298682 3.68 0
1717942304930 3.65 0
1717942311212 3.69 0
1717942317403 3.64 0
1717942323631 3.66 0
1717942329881 3.68 0
1717942336494 3.62 0
1717942342689 3.64 0
1717942348865 3.64 0
1717942355120 3.69 0
1717942361327 3.65 0
1717942367641 3.76 0
1717942373825 3.65 0
1717942380026 3.65 0
1717942386307 3.64 0
1717942392939 3.65 0
1717942399152 3.66 0
1717942405338 3.65 0
1717942411566 3.66 0
1717942417827 3.69 0
1717942424017 3.66 0
1717942430230 3.66 0
1717942436411 3.61 0
1717942442624 3.67 0
1717942449326 3.71 0
1717942455569 3.67 0
1717942461864 3.71 0
1717942468133 3.66 0
1717942474332 3.67 0
1717942480567 3.63 0
1717942486765 3.65 0
1717942493032 3.68 0
1717942499260 3.65 0
1717942505962 3.72 0
1717942512260 3.73 0
1717942518502 3.65 0
1717942531283 3.62 0
1717942537490 3.65 0
1717942543677 3.64 0
1717942549884 3.66 0
1717942556115 3.62 0
1717942562820 3.69 0
1717942569035 3.63 0
1717942575239 3.67 0
1717942581406 3.61 0
1717942587759 3.68 0
1717942593979 3.67 0
1717942600184 3.65 0
1717942606457 3.71 0
1717942612725 3.67 0
1717942619411 3.59 0
1717942625667 3.68 0
1717942631908 3.66 0
1717942638308 3.75 0
1717942644679 3.69 0
1717942650894 3.67 0
1717942657312 3.71 0
1717942663567 3.7 0
1717942669755 3.62 0
1717942676420 3.71 0
1717942682643 3.65 0
1717942688839 3.64 0
1717942695086 3.71 0
1717942701380 3.71 0
1717942707577 3.64 0
1717942713860 3.64 0
1717942720065 3.64 0
1717942726541 3.9 0
1717942732709 3.63 0
1717942738909 3.66 0
1717942745149 3.67 0
1717942751489 3.65 0
1717942757769 3.66 0
1717942763977 3.65 0
1717942770333 3.69 0
1717942776583 3.64 0
1717942783231 3.68 0
1717942789437 3.66 0
1717942795581 3.62 0
1717942801826 3.7 0
1717942808012 3.67 0
1717942814376 3.66 0
1717942820578 3.65 0
1717942826786 3.64 0
1717942832989 3.64 0
1717942839223 3.66 0
1717942852604 3.62 0
1717942858809 3.64 0
1717942864989 3.65 0
1717942871206 3.61 0
1717942877603 3.68 0
1717942883852 3.67 0
1717942890146 3.71 0
1717942896437 3.65 0
1717942903084 3.66 0
1717942909336 3.65 0
1717942915485 3.63 0
1717942921716 3.63 0
1717942927947 3.64 0
1717942934212 3.66 0
1717942940489 3.69 0
1717942946736 3.66 0
1717942952971 3.66 0
1717942959703 3.71 0
1717942966006 3.73 0
1717942972285 3.68 0
1717942978534 3.67 0
1717942984795 3.65 0
1717942991043 3.65 0
1717942997194 3.61 0
1717943003611 3.71 0
1717943010401 3.66 0
1717943016611 3.64 0
1717943022846 3.69 0
1717943029065 3.65 0
1717943035248 3.64 0
1717943041448 3.64 0
1717943047629 3.65 0
1717943053871 3.65 0
1717943060207 3.75 0
1717943066980 3.65 0
1717943073136 3.6 0
1717943079306 3.62 0
1717943085489 3.61 0
1717943091691 3.64 0
1717943097856 3.62 0
1717943104061 3.67 0
1717943110194 3.59 0
1717943116418 3.66 0
1717943122728 3.7 0
1717943129397 3.62 0
1717943135658 3.66 0
1717943141857 3.66 0
1717943148178 3.69 0
1717943154434 3.65 0
1717943160633 3.64 0
1717943173249 3.68 0
1717943179505 3.66 0
1717943186186 3.7 0
1717943192448 3.67 0
1717943198638 3.65 0
1717943204839 3.67 0
1717943211064 3.67 0
1717943217287 3.64 0
1717943223503 3.65 0
1717943229709 3.64 0
1717943236398 3.64 0
1717943242620 3.64 0
1717943248856 3.65 0
1717943255212 3.72 0
1717943261434 3.67 0
1717943267756 3.68 0
1717943273944 3.65 0
1717943280128 3.62 0
1717943286423 3.66 0
1717943293029 3.64 0
1717943299219 3.65 0
1717943305519 3.69 0
1717943311771 3.68 0
1717943317968 3.64 0
1717943324246 3.65 0
1717943330465 3.63 0
1717943336690 3.65 0
1717943342934 3.66 0
1717943349600 3.65 0
1717943355876 3.69 0
1717943362162 3.7 0
1717943368411 3.69 0
1717943374620 3.65 0
1717943380837 3.64 0
1717943387032 3.66 0
1717943393222 3.64 0
1717943399380 3.61 0
1717943406025 3.66 0
1717943412289 3.65 0
1717943418535 3.65 0
1717943424708 3.62 0
1717943430952 3.68 0
1717943437164 3.67 0
1717943443383 3.64 0
1717943449559 3.65 0
1717943455755 3.67 0
1717943462476 3.64 0
1717943468714 3.66 0
1717943474866 3.6 0
1717943481059 3.64 0
1717943493428 3.61 0
1717943499647 3.65 0
1717943505888 3.64 0
1717943512020 3.6 0
1717943518663 3.64 0
1717943524861 3.64 0
1717943531039 3.64 0
1717943537246 3.67 0
1717943543466 3.65 0
1717943549698 3.68 0
1717943555937 3.66 0
1717943562203 3.73 0
1717943568416 3.65 0
1717943574670 3.69 0
1717943581358 3.68 0
1717943587629 3.66 0
1717943593825 3.65 0
1717943600026 3.64 0
1717943606207 3.65 0
1717943612401 3.66 0
1717943618633 3.64 0
1717943624848 3.64 0
1717943631138 3.74 0
1717943637779 3.66 0
1717943644047 3.66 0
1717943650351 3.73 0
1717943656585 3.68 0
1717943662770 3.65 0
1717943668951 3.65 0
1717943675192 3.67 0
1717943681340 3.61 0
1717943687777 3.91 0
1717943693968 3.67 0
1717943700155 3.63 0
1717943706332 3.61 0
1717943712588 3.69 0
1717943718743 3.63 0
1717943724915 3.61 0
1717943731164 3.63 0
1717943737368 3.66 0
1717943744072 3.68 0
1717943750368 3.68 0
1717943756570 3.64 0
1717943762726 3.64 0
1717943768988 3.68 0
1717943775256 3.65 0
1717943781513 3.67 0
1717943787751 3.71 0
1717943794039 3.67 0
1717943800762 3.65 0
1717943813669 3.63 0
1717943819852 3.65 0
1717943826061 3.63 0
1717943832285 3.62 0
1717943838528 3.62 0
1717943844738 3.66 0
1717943850923 3.63 0
1717943857550 3.68 0
1717943863763 3.7 0
1717943869983 3.7 0
1717943876222 3.65 0
1717943882530 3.76 0
1717943888801 3.65 0
1717943895009 3.63 0
1717943901230 3.69 0
1717943907417 3.66 0
1717943914118 3.65 0
1717943920332 3.66 0
1717943926530 3.63 0
1717943932803 3.71 0
1717943939005 3.63 0
1717943945152 3.62 0
1717943951385 3.67 0
1717943957607 3.67 0
1717943963823 3.65 0
1717943970115 3.67 0
1717943976831 3.66 0
1717943983108 3.67 0
1717943989340 3.69 0
1717943995542 3.64 0
1717944001738 3.63 0
1717944007962 3.66 0
1717944014082 3.59 0
1717944020337 3.64 0
1717944026580 3.66 0
1717944033268 3.65 0
1717944039407 3.61 0
1717944045599 3.64 0
1717944051860 3.69 0
1717944058080 3.63 0
1717944064309 3.68 0
1717944070584 3.69 0
1717944076824 3.62 0
1717944083481 3.66 0
1717944089760 3.65 0
1717944096029 3.68 0
1717944102218 3.65 0
1717944108429 3.64 0
1717944114631 3.65 0
1717944120924 3.7 0
1717944134157 3.7 0
1717944140743 3.64 0
1717944146926 3.65 0
1717944153172 3.67 0
1717944159312 3.6 0
1717944165554 3.65 0
1717944171745 3.65 0
1717944178003 3.71 0
1717944184280 3.68 0
1717944190588 3.69 0
1717944196788 3.63 0
1717944203555 3.64 0
1717944209768 3.66 0
1717944216026 3.65 0
1717944222251 3.65 0
1717944228458 3.66 0
1717944234679 3.68 0
1717944240914 3.64 0
1717944247158 3.65 0
1717944253757 3.64 0
1717944259975 3.65 0
1717944266313 3.75 0
1717944272627 3.67 0
1717944278849 3.63 0
1717944285075 3.68 0
1717944291342 3.7 0
1717944297615 3.66 0
1717944303838 3.66 0
1717944309989 3.6 0
1717944316651 3.63 0
1717944322889 3.66 0
1717944329117 3.65 0
1717944335314 3.64 0
1717944341510 3.63 0
1717944347723 3.69 0
1717944353974 3.66 0
1717944360183 3.64 0
1717944366393 3.64 0
1717944373180 3.7 0
1717944379339 3.62 0
1717944385623 3.64 0
1717944391886 3.68 0
1717944398179 3.64 0
1717944404393 3.65 0
1717944410645 3.65 0
1717944416896 3.69 0
1717944423449 3.94 0
1717944429682 3.7 0
1717944436018 3.71 0
1717944442207 3.63 0
1717944454957 3.61 0
1717944461187 3.66 0
1717944467497 3.67 0
1717944473680 3.64 0
1717944479946 3.66 0
1717944486618 3.65 0
1717944492767 3.61 0
1717944498967 3.64 0
1717944505137 3.61 0
1717944511365 3.63 0
1717944517586 3.63 0
1717944523821 3.62 0
1717944530091 3.65 0
1717944536751 3.68 0
1717944543008 3.62 0
1717944549233 3.67 0
1717944555439 3.65 0
1717944561665 3.64 0
1717944568004 3.67 0
1717944574220 3.65 0
1717944580512 3.71 0
1717944586854 3.75 0
1717944593573 3.66 0
1717944599897 3.7 0
1717944606178 3.67 0
1717944612492 3.72 0
1717944618816 3.62 0
1717944625027 3.64 0
1717944631273 3.66 0
1717944637576 3.71 0
1717944643859 3.69 0
1717944650602 3.7 0
1717944656822 3.65 0
1717944663043 3.67 0
1717944669258 3.66 0
1717944675513 3.65 0
1717944681788 3.7 0
1717944688083 3.66 0
1717944694353 3.68 0
1717944700648 3.72 0
1717944707525 3.66 0
1717944713803 3.68 0
1717944720066 3.68 0
1717944726422 3.72 0
1717944732673 3.64 0
1717944738900 3.67 0
1717944745145 3.68 0
1717944751382 3.65 0
1717944757932 3.98 0
1717944764170 3.66 0
1717944777339 3.67 0
1717944783713 3.68 0
1717944789991 3.66 0
1717944796236 3.63 0
1717944802447 3.62 0
1717944808627 3.61 0
1717944814900 3.68 0
1717944821752 3.69 0
1717944828067 3.7 0
1717944834345 3.61 0
1717944840706 3.76 0
1717944846926 3.63 0
1717944853175 3.65 0
1717944859400 3.59 0
1717944865637 3.65 0
1717944872090 3.66 0
1717944878777 3.62 0
1717944885016 3.66 0
1717944891347 3.73 0
1717944897588 3.67 0
1717944903928 3.69 0
1717944910170 3.65 0
1717944916420 3.68 0
1717944922636 3.66 0
1717944928916 3.67 0
1717944935578 3.64 0
1717944941879 3.68 0
1717944948215 3.75 0
1717944954437 3.63 0
1717944960745 3.67 0
1717944967102 3.69 0
1717944973504 3.72 0
1717944979812 3.69 0
1717944986685 3.68 0
1717944992932 3.64 0
1717944999204 3.68 0
1717945005498 3.63 0
1717945011846 3.7 0
1717945018174 3.64 0
1717945024556 3.67 0
1717945030917 3.7 0
1717945037320 3.73 0
1717945044305 3.76 0
1717945050571 3.66 0
1717945056857 3.68 0
1717945063138 3.66 0
1717945069400 3.64 0
1717945075781 3.67 0
1717945082087 3.66 0
1717945088338 3.62 0
1717945101630 3.64 0
1717945107953 3.64 0
1717945114234 3.63 0
1717945120514 3.65 0
1717945126765 3.66 0
1717945133017 3.66 0
1717945139301 3.65 0
1717945145656 3.66 0
1717945151864 3.64 0
1717945158744 3.63 0
1717945165048 3.67 0
1717945171402 3.66 0
1717945177830 3.76 0
1717945184225 3.72 0
1717945190561 3.67 0
1717945196944 3.68 0
1717945203420 3.73 0
1717945209752 3.66 0
1717945216578 3.64 0
1717945222971 3.73 0
1717945229396 3.7 0
1717945235688 3.71 0
1717945242048 3.65 0
1717945248364 3.66 0
1717945254681 3.68 0
1717945260973 3.7 0
1717945267272 3.67 0
1717945274181 3.67 0
1717945280463 3.64 0
1717945286823 3.7 0
1717945293114 3.7 0
1717945299558 3.69 0
1717945305842 3.65 0
1717945312153 3.7 0
1717945318496 3.77 0
1717945324817 3.65 0
1717945331771 3.71 0
1717945338047 3.65 0
1717945344385 3.68 0
1717945350774 3.7 0
1717945357063 3.66 0
1717945363317 3.64 0
1717945369730 3.7 0
1717945376063 3.73 0
1717945383167 3.74 0
1717945389435 3.64 0
1717945395735 3.69 0
1717945402069 3.67 0
1717945408389 3.65 0
1717945414678 3.66 0
1717945427777 3.63 0
1717945434093 3.69 0
1717945440420 3.66 0
1717945447263 3.6 0
1717945453606 3.7 0
1717945459966 3.65 0
1717945466299 3.69 0
1717945472571 3.65 0
1717945478797 3.61 0
1717945485134 3.7 0
1717945491507 3.69 0
1717945498088 3.98 0
1717945504488 3.71 0
1717945510888 3.69 0
1717945517173 3.65 0
1717945523439 3.66 0
1717945529672 3.62 0
1717945535919 3.65 0
1717945542118 3.61 0
1717945548331 3.61 0
1717945555010 3.65 0
1717945561273 3.66 0
1717945567534 3.67 0
1717945573753 3.63 0
1717945580084 3.64 0
1717945586296 3.61 0
1717945592594 3.68 0
1717945598820 3.62 0
1717945605096 3.64 0
1717945611848 3.67 0
1717945618092 3.6 0
1717945624355 3.63 0
1717945630591 3.65 0
1717945636837 3.64 0
1717945643079 3.63 0
1717945649456 3.73 0
1717945655702 3.64 0
1717945662419 3.61 0
1717945668662 3.6 0
1717945674873 3.63 0
1717945681169 3.67 0
1717945687459 3.68 0
1717945693716 3.66 0
1717945700003 3.64 0
1717945706322 3.67 0
1717945712564 3.65 0
1717945719239 3.61 0
1717945725514 3.64 0
1717945731826 3.66 0
1717945738103 3.63 0
1717945751322 3.65 0
1717945757560 3.66 0
1717945763840 3.62 0
1717945770118 3.67 0
1717945776753 3.65 0
1717945783038 3.63 0
1717945789374 3.7 0
1717945795623 3.65 0
1717945801858 3.66 0
1717945808204 3.72 0
1717945814500 3.66 0
1717945820710 3.63 0
1717945826961 3.65 0
1717945833644 3.63 0
1717945839905 3.65 0
1717945846201 3.64 0
1717945852444 3.64 0
1717945858718 3.64 0
1717945865028 3.68 0
1717945871292 3.66 0
1717945877577 3.65 0
1717945883816 3.63 0
1717945890559 3.63 0
1717945896892 3.69 0
1717945903212 3.69 0
1717945909429 3.65 0
1717945915772 3.71 0
1717945922078 3.63 0
1717945928348 3.63 0
1717945934622 3.62 0
1717945940883 3.64 0
1717945947595 3.64 0
1717945953847 3.64 0
1717945960040 3.61 0
1717945966346 3.69 0
1717945972588 3.66 0
1717945978863 3.65 0
1717945985183 3.64 0
1717945991435 3.67 0
1717945998233 3.7 0
1717946004467 3.66 0
1717946010782 3.67 0
1717946017025 3.64 0
1717946023297 3.67 0
1717946029617 3.73 0
1717946035979 3.74 0
1717946042200 3.63 0
1717946048436 3.65 0
1717946054759 3.69 0
1717946061469 3.65 0
1717946074209 3.66 0
1717946080589 3.65 0
1717946086940 3.69 0
1717946093382 3.74 0
1717946099702 3.68 0
1717946105997 3.66 0
1717946112312 3.67 0
1717946119102 3.67 0
1717946125354 3.65 0
1717946131903 3.69 0
1717946138317 3.69 0
1717946144701 3.74 0
1717946150962 3.62 0
1717946157261 3.64 0
1717946163558 3.66 0
1717946170252 3.67 0
1717946176488 3.64 0
1717946182760 3.63 0
1717946189172 3.71 0
1717946195466 3.68 0
1717946201816 3.69 0
1717946208119 3.69 0
1717946214495 3.71 0
1717946220717 3.61 0
1717946227761 3.7 0
1717946234061 3.7 0
1717946240348 3.62 0
1717946246653 3.7 0
1717946252887 3.63 0
1717946259130 3.61 0
1717946265400 3.64 0
1717946271657 3.66 0
1717946277962 3.66 0
1717946284910 3.66 0
1717946291177 3.67 0
1717946297373 3.61 0
1717946303639 3.64 0
1717946309911 3.63 0
1717946316177 3.63 0
1717946322449 3.67 0
1717946328703 3.64 0
1717946335037 3.68 0
1717946341898 3.67 0
1717946348144 3.65 0
1717946354400 3.63 0
1717946360707 3.65 0
1717946366951 3.65 0
1717946373154 3.63 0
1717946385926 3.64 0
1717946399885 3.67 0
1717946419893 3.71 0
1717946426113 3.61 0
1717946432370 3.63 0
1717946438816 3.69 0
1717946445151 3.64 0
1717946451494 3.67 0
1717946457807 3.65 0
1717946464530 3.66 0
1717946470839 3.66 0
1717946477058 3.63 0
1717946483475 3.6 0
1717946489713 3.63 0
1717946495949 3.65 0
1717946502232 3.69 0
1717946508466 3.62 0
1717946514723 3.64 0
1717946521306 3.58 0
1717946527594 3.63 0
1717946533889 3.66 0
1717946540132 3.63 0
1717946546350 3.61 0
1717946552635 3.64 0
1717946558907 3.64 0
1717946565130 3.64 0
1717946571830 3.69 0
1717946578113 3.67 0
1717946584388 3.64 0
1717946590676 3.66 0
1717946596997 3.67 0
1717946603281 3.63 0
1717946609532 3.62 0
1717946615720 3.6 0
1717946621979 3.64 0
1717946628215 3.65 0
1717946634927 3.66 0
1717946641250 3.68 0
1717946647576 3.66 0
1717946653888 3.69 0
1717946660196 3.64 0
1717946666510 3.63 0
1717946672771 3.63 0
1717946679056 3.66 0
1717946685828 3.66 0
1717946692258 3.69 0
1717946698606 3.69 0
1717946704944 3.65 0
1717946711180 3.62 0
1717946717450 3.63 0
1717946723686 3.62 0
1717946729969 3.67 0
1717946743105 3.64 0
1717946749942 3.68 0
1717946756245 3.68 0
1717946762506 3.63 0
1717946768813 3.68 0
1717946775142 3.62 0
1717946781333 3.59 0
1717946787577 3.64 0
1717946793820 3.63 0
1717946800547 3.65 0
1717946806874 3.7 0
1717946813122 3.62 0
1717946819374 3.67 0
1717946825658 3.66 0
1717946831941 3.67 0
1717946838199 3.63 0
1717946844451 3.63 0
1717946850715 3.66 0
1717946857498 3.65 0
1717946863755 3.66 0
1717946870106 3.72 0
1717946876389 3.68 0
1717946882647 3.67 0
1717946888967 3.71 0
1717946895334 3.73 0
1717946901684 3.71 0
1717946907959 3.65 0
1717946914783 3.69 0
1717946921070 3.66 0
1717946927346 3.63 0
1717946933623 3.64 0
1717946939891 3.67 0
1717946946149 3.67 0
1717946952493 3.66 0
1717946958785 3.67 0
1717946965068 3.64 0
1717946971820 3.64 0
1717946978096 3.66 0
1717946984388 3.65 0
1717946990622 3.64 0
1717946996833 3.62 0
1717947003087 3.63 0
1717947009427 3.66 0
1717947015701 3.67 0
1717947022351 3.65 0
1717947028627 3.64 0
1717947034931 3.65 0
1717947041220 3.64 0
1717947047473 3.65 0
1717947053787 3.68 0
1717947066864 3.64 0
1717947073279 3.71 0
1717947079932 3.99 0
1717947086287 3.74 0
1717947092595 3.63 0
1717947098881 3.65 0
1717947105175 3.63 0
1717947111388 3.62 0
1717947117636 3.65 0
1717947123940 3.68 0
1717947130241 3.68 0
1717947136956 3.63 0
1717947143341 3.71 0
1717947149616 3.66 0
1717947155915 3.63 0
1717947162184 3.66 0
1717947168477 3.69 0
1717947174723 3.63 0
1717947180971 3.65 0
1717947187193 3.64 0
1717947193910 3.7 0
1717947200162 3.65 0
1717947206405 3.65 0
1717947212639 3.65 0
1717947219010 3.71 0
1717947225300 3.68 0
1717947231552 3.65 0
1717947237833 3.66 0
1717947244156 3.69 0
1717947250870 3.66 0
1717947257181 3.67 0
1717947263468 3.69 0
1717947269759 3.66 0
1717947276036 3.64 0
1717947282288 3.63 0
1717947288526 3.65 0
1717947294802 3.66 0
1717947301546 3.67 0
1717947307932 3.71 0
1717947314273 3.72 0
1717947320572 3.69 0
1717947326829 3.64 0
1717947333111 3.69 0
1717947339421 3.65 0
1717947345708 3.65 0
1717947351969 3.64 0
1717947358513 3.92 0
1717947364765 3.63 0
1717947371019 3.65 0
1717947377320 3.64 0
1717947390355 3.64 0
1717947396671 3.68 0
1717947402960 3.65 0
1717947409220 3.66 0
1717947415444 3.62 0
1717947421987 3.57 0
1717947428305 3.67 0
1717947434586 3.63 0
1717947440789 3.61 0
1717947447076 3.64 0
1717947453307 3.65 0
1717947459656 3.69 0
1717947465887 3.62 0
1717947472497 3.94 0
1717947478754 3.66 0
1717947485045 3.66 0
1717947491281 3.64 0
1717947497596 3.65 0
1717947503898 3.65 0
1717947510145 3.65 0
1717947516429 3.66 0
1717947522641 3.65 0
1717947529312 3.65 0
1717947535627 3.65 0
1717947541878 3.65 0
1717947548155 3.68 0
1717947554452 3.66 0
1717947560680 3.64 0
1717947566961 3.65 0
1717947573231 3.66 0
1717947579518 3.64 0
1717947586221 3.61 0
1717947592445 3.64 0
1717947598761 3.65 0
1717947605005 3.65 0
1717947611277 3.62 0
1717947617615 3.68 0
1717947623899 3.65 0
1717947630177 3.68 0
1717947636846 3.64 0
1717947643088 3.61 0
1717947649334 3.62 0
1717947655587 3.61 0
1717947661832 3.63 0
1717947668088 3.65 0
1717947674329 3.65 0
1717947680573 3.66 0
1717947686834 3.63 0
1717947693263 3.81 0
1717947700007 3.68 0
1717947712948 3.62 0
1717947719278 3.72 0
1717947725509 3.6 0
1717947731762 3.66 0
1717947738032 3.67 0
1717947744352 3.68 0
1717947750628 3.64 0
1717947757306 3.64 0
1717947763548 3.61 0
1717947769815 3.62 0
1717947776096 3.67 0
1717947782417 3.66 0
1717947788797 3.69 0
1717947795103 3.67 0
1717947801394 3.64 0
1717947808058 3.62 0
1717947814312 3.66 0
1717947820572 3.64 0
1717947827015 3.73 0
1717947833304 3.66 0
1717947839602 3.7 0
1717947845853 3.67 0
1717947852116 3.66 0
1717947858400 3.65 0
1717947865131 3.68 0
1717947871402 3.66 0
1717947877659 3.67 0
1717947883936 3.64 0
1717947890223 3.63 0
1717947896492 3.63 0
1717947902730 3.63 0
1717947909054 3.7 0
1717947915279 3.6 0
1717947921995 3.65 0
1717947928251 3.63 0
1717947934507 3.64 0
1717947940720 3.62 0
1717947947001 3.7 0
1717947953284 3.64 0
1717947959501 3.63 0
1717947965768 3.61 0
1717947972469 3.63 0
1717947978777 3.68 0
1717947984997 3.63 0
1717947991241 3.65 0
1717947997522 3.64 0
1717948003798 3.64 0
1717948010057 3.62 0
1717948016360 3.64 0
1717948022587 3.61 0
1717948036392 3.62 0
1717948042620 3.62 0
1717948048883 3.61 0
1717948055140 3.66 0
1717948061398 3.67 0
1717948067679 3.66 0
1717948073932 3.66 0
1717948080198 3.67 0
1717948086530 3.67 0
1717948093274 3.63 0
1717948099628 3.67 0
1717948105910 3.63 0
1717948112189 3.64 0
1717948118458 3.64 0
1717948124722 3.64 0
1717948131028 3.62 0
1717948137270 3.62 0
1717948143935 3.63 0
1717948150240 3.69 0
1717948156566 3.73 0
1717948162806 3.63 0
1717948169084 3.65 0
1717948175330 3.64 0
1717948181601 3.63 0
1717948187900 3.65 0
1717948194119 3.64 0
1717948200804 3.63 0
1717948213909 3.61 0
1717948220361 3.67 0
1717948233353 3.62 0
1717948239589 3.62 0
1717948245896 3.68 0
1717948252250 3.66 0
1717948258515 3.66 0
1717948265198 3.65 0
1717948271453 3.65 0
1717948277701 3.66 0
1717948284029 3.69 0
1717948290326 3.66 0
1717948296611 3.68 0
1717948302863 3.66 0
1717948309104 3.67 0
1717948315662 3.95 0
1717948321941 3.64 0
1717948328244 3.66 0
1717948334609 3.69 0
1717948340982 3.66 0
1717948347308 3.67 0
1717948353637 3.71 0
1717948359966 3.67 0
1717948372991 3.66 0
1717948379694 3.65 0
1717948385960 3.66 0
1717948392243 3.68 0
1717948398528 3.62 0
1717948404851 3.68 0
1717948411095 3.63 0
1717948417416 3.7 0
1717948423800 3.72 0
1717948430372 3.94 0
1717948436645 3.65 0
1717948442966 3.68 0
1717948449281 3.66 0
1717948455714 3.72 0
1717948462117 3.7 0
1717948468381 3.64 0
1717948474717 3.69 0
1717948481019 3.65 0
1717948487755 3.64 0
1717948494140 3.67 0
1717948500445 3.64 0
1717948506868 3.71 0
1717948513177 3.66 0
1717948519535 3.67 0
1717948525874 3.68 0
1717948532174 3.64 0
1717948539010 3.66 0
1717948545321 3.61 0
1717948551622 3.65 0
1717948557930 3.67 0
1717948564247 3.65 0
1717948570567 3.65 0
1717948576869 3.64 0
1717948583229 3.65 0
1717948589573 3.67 0
1717948596293 3.66 0
1717948602590 3.62 0
1717948608981 3.68 0
1717948615309 3.64 0
1717948621560 3.62 0
1717948627837 3.64 0
1717948634104 3.65 0
1717948640396 3.64 0
1717948647142 3.67 0
1717948653433 3.65 0
1717948659708 3.66 0
1717948666035 3.7 0
1717948672313 3.66 0
1717948678612 3.63 0
1717948684924 3.62 0
1717948698143 3.61 0
1717948704962 3.64 0
1717948711263 3.63 0
1717948717559 3.62 0
1717948723850 3.62 0
1717948730114 3.63 0
1717948736433 3.63 0
1717948742784 3.67 0
1717948749052 3.64 0
1717948755324 3.64 0
1717948762069 3.62 0
1717948768324 3.6 0
1717948774638 3.63 0
1717948780884 3.61 0
1717948787129 3.62 0
1717948793367 3.62 0
1717948799665 3.65 0
1717948805882 3.58 0
1717948812635 3.63 0
1717948818886 3.6 0
1717948825284 3.71 0
1717948831786 3.72 0
1717948838112 3.63 0
1717948844443 3.65 0
1717948857330 3.61 0
1717948870499 3.89 0
1717948876766 3.63 0
1717948883041 3.64 0
1717948889321 3.64 0
1717948895692 3.66 0
1717948901966 3.62 0
1717948908215 3.61 0
1717948914550 3.65 0
1717948920862 3.66 0
1717948927554 3.6 0
1717948933844 3.65 0
1717948940085 3.61 0
1717948946375 3.64 0
1717948952664 3.65 0
1717948958949 3.62 0
1717948965253 3.62 0
1717948971508 3.61 0
1717948978285 3.65 0
1717948984619 3.61 0
1717948990902 3.62 0
1717948997154 3.62 0
1717949003466 3.6 0
1717949009898 3.7 0
1717949016173 3.62 0
1717949022463 3.64 0
1717949035767 3.62 0
1717949042065 3.65 0
1717949048326 3.62 0
1717949054713 3.68 0
1717949061009 3.65 0
1717949067341 3.67 0
1717949073761 3.7 0
1717949080073 3.63 0
1717949086342 3.62 0
1717949093177 3.65 0
1717949099524 3.65 0
1717949105784 3.62 0
1717949112144 3.67 0
1717949118460 3.64 0
1717949124747 3.64 0
1717949131057 3.64 0
1717949137494 3.73 0
1717949143899 3.68 0
1717949150653 3.63 0
1717949157068 3.67 0
1717949163391 3.64 0
1717949169930 3.67 0
1717949176278 3.65 0
1717949182577 3.62 0
1717949188906 3.63 0
1717949195294 3.66 0
1717949201590 3.64 0
1717949208344 3.62 0
1717949214662 3.65 0
1717949221013 3.65 0
1717949227314 3.66 0
1717949233631 3.65 0
1717949239992 3.63 0
1717949246310 3.66 0
1717949252598 3.62 0
1717949259286 3.62 0
1717949265656 3.7 0
1717949271963 3.65 0
1717949278304 3.7 0
1717949284721 3.71 0
1717949291057 3.66 0
1717949297490 3.69 0
1717949304003 3.65 0
1717949311026 3.67 0
1717949317443 3.66 0
1717949323783 3.66 0
1717949330245 3.74 0
1717949336655 3.66 0
1717949343136 3.7 0
1717949349489 3.65 0
1717949362683 3.69 0
1717949369011 3.66 0
1717949375894 3.68 0
1717949382398 3.75 0
1717949388753 3.69 0
1717949395156 3.7 0
1717949401491 3.63 0
1717949407797 3.64 0
1717949414175 3.69 0
1717949420588 3.71 0
1717949427412 3.66 0
1717949433719 3.62 0
1717949440106 3.67 0
1717949446524 3.74 0
1717949452870 3.65 0
1717949459262 3.67 0
1717949465624 3.69 0
1717949472137 3.7 0
1717949478515 3.66 0
1717949485357 3.68 0
1717949491767 3.67 0
1717949498091 3.62 0
1717949504491 3.72 0
1717949510842 3.66 0
1717949517219 3.69 0
1717949523530 3.65 0
1717949530019 3.75 0
1717949536873 3.7 0
1717949543179 3.66 0
1717949549752 3.75 0
1717949556141 3.65 0
1717949562582 3.7 0
1717949568959 3.67 0
1717949575280 3.66 0
1717949581757 3.68 0
1717949588837 3.68 0
1717949595356 3.75 0
1717949601751 3.64 0
1717949608155 3.65 0
1717949614462 3.63 0
1717949620795 3.67 0
1717949627178 3.69 0
1717949633570 3.67 0
1717949639953 3.62 0
1717949646915 3.66 0
1717949653322 3.7 0
1717949659779 3.66 0
1717949666176 3.64 0
1717949672631 3.66 0
1717949679160 3.71 0
