1714581922596 0.8450797896101298 900
1714582093613 0.832520355300323 901
1714582331160 0.8444553863157603 902
1714582587157 0.721462289977543 903
1714582829328 0.8198732469589125 904
1714583061646 0.8229784787215989 905
1714583299215 0.8328320546874548 906
1714583544283 0.8206667144115448 907
1714583794312 0.788657902404227 908
1714584029884 0.8097294026794244 909
1714584247492 0.7949127561510375 910
1714584488848 0.7816443632666973 911
1714584730113 0.8479771669692513 912
1714584975126 0.8230927388551681 913
1714585203976 0.8453804331281225 914
1714585438786 0.8570394420967913 915
1714585692594 0.8076773854899456 916
1714585940845 0.8278191123166969 917
1714586194577 0.8203805423398315 918
1714586438044 0.7922791683341409 919
1714586684790 0.8527618943781214 920
1714586937639 0.8167258421334161 921
1714587180355 0.854368610198287 922
1714587441972 0.823173136298662 923
1714587681952 0.8062441014199796 924
1714587927258 0.8115657422327212 925
1714588188299 0.8539934430924674 926
1714588423362 0.814693150905177 927
1714588656339 0.8014124504902944 928
1714588887003 0.8373601239497346 929
1714589112501 0.8428315854317813 930
1714589360802 0.7583504252083537 931
1714589613019 0.7978555120014711 932
1714589853735 0.8166390058557058 933
1714590081961 0.845484256206731 934
1714590331208 0.8154062032130632 935
1714590566520 0.791390076281609 936
1714590817052 0.7935791534609379 937
1714591053754 0.8271736577056682 938
1714591284643 0.757675120058495 939
1714591508708 0.7725547666898271 940
1714591760530 0.8125945079774878 941
1714592004725 0.8089269927865202 942
1714592238972 0.8613431971377782 943
1714592499845 0.8235695097187502 944
1714592718737 0.8179316207859614 945
1714592958680 0.8274363938250403 946
1714593219592 0.7810279868508277 947
1714593444162 0.8166081249311753 948
1714593679705 0.8401451676160234 949
1714593932423 0.8202649249860828 950
1714594158863 0.8163531403707958 951
1714594402908 0.847950734945617 952
1714594638815 0.7747352495488521 953
1714594889863 0.8331821532584507 954
1714595136012 0.8321603711670079 955
1714595357703 0.8313749739792751 956
1714595605639 0.8317751034918622 957
1714595850592 0.8188036731843399 958
1714596092509 0.7664148302621056 959
1714596320753 0.8170253745178558 960
1714596584132 0.8570818850578782 961
1714596816774 0.8701377370045775 962
1714597066777 0.8264549040734849 963
1714597293501 0.821870509717977 964
1714597535277 0.8603970870979769 965
1714597792987 0.8171341265510316 966
1714598016926 0.7998445462106554 967
1714598251180 0.7562590893045594 968
1714598501648 0.8559210060549689 969
1714598742876 0.8146538693090356 970
1714598994241 0.8336980148825806 971
1714599225091 0.8403471745566559 972
1714599478839 0.853713164239023 973
1714599719194 0.7860205418005215 974
1714599961205 0.8444947596890217 975
1714600201673 0.844796425250961 976
1714600447335 0.7962192019840614 977
1714600690409 0.8241094716448892 978
1714600944486 0.8249272303413503 979
1714601193441 0.8294653846405535 980
1714601432964 0.8351107839771953 981
1714601667383 0.805641140279442 982
1714601915204 0.7557412754363206 983
1714602156535 0.8335978153442986 984
1714602378480 0.8296584900225761 985
1714602632697 0.8393438317646197 986
1714602860800 0.8350635409186224 987
1714603103794 0.8380244935956446 988
1714603342257 0.8101471525747014 989
1714603568618 0.8018456841735452 990
1714603825000 0.8171247312784649 991
1714604070162 0.7737408217406112 992
1714604322039 0.7910130485671772 993
1714604573026 0.8404208993900544 994
1714604778476 0.8443662856812507 995
1714605033783 0.7938784479520208 996
1714605267014 0.82941069959423 997
1714605491423 0.8287327571089106 998
1714605733457 0.830781301249101 999
