1714581922623 -0.5039 0
1714582093636 -0.5068 0
1714582332642 -0.502 0
1714582587181 -0.4971 0
1714582829842 -0.4932 0
1714583061680 -0.4639 0
1714583299301 -0.495 0
1714583544307 -0.4775 0
1714583794345 -0.4864 0
1714584030078 -0.5127 0
1714584248798 -0.4944 0
1714584489355 -0.5111 0
1714584730307 -0.5175 0
1714584975271 -0.4846 0
1714585204124 -0.5059 0
1714585439365 -0.5 0
1714585692624 -0.5066 0
1714585941034 -0.4921 0
1714586194604 -0.4855 0
1714586439288 -0.462 0
1714586684898 -0.4696 0
1714586937666 -0.4601 0
1714587180442 -0.508 0
1714587441992 -0.4878 0
1714587681974 -0.4413 0
1714587927280 -0.4895 0
1714588188731 -0.5116 0
1714588423394 -0.5193 0
1714588656369 -0.5009 0
1714588887033 -0.4764 0
1714589112543 -0.5367 0
1714589360995 -0.5012 0
1714589613047 -0.4966 0
1714589854316 -0.5061 0
1714590081992 -0.5179 0
1714590332592 -0.5013 0
1714590566547 -0.4994 0
1714590817078 -0.4961 0
1714591053779 -0.4956 0
1714591285813 -0.516 0
1714591508732 -0.4871 0
1714591760774 -0.5105 0
1714592004750 -0.4748 0
1714592240251 -0.5027 0
1714592499866 -0.4575 0
1714592718771 -0.4935 0
1714592961108 -0.5136 0
1714593219621 -0.5193 0
1714593444659 -0.5069 0
1714593679750 -0.4967 0
1714593932456 -0.5349 0
1714594158887 -0.4893 0
1714594402941 -0.5031 0
1714594638841 -0.5286 0
1714594889902 -0.4719 0
1714595136037 -0.5008 0
1714595358083 -0.4797 0
1714595605688 -0.4989 0
1714595850620 -0.5218 0
1714596092536 -0.4487 0
1714596320937 -0.5074 0
1714596584158 -0.4791 0
1714596816818 -0.4988 0
1714597066803 -0.513 0
1714597293894 -0.4722 0
1714597535303 -0.455 0
1714597793011 -0.5139 0
1714598016954 -0.5028 0
1714598251209 -0.4994 0
1714598501678 -0.4804 0
1714598742902 -0.5235 0
1714598994267 -0.5101 0
1714599226575 -0.515 0
1714599478875 -0.5316 0
1714599719771 -0.5067 0
1714599961230 -0.5107 0
1714600201966 -0.5107 0
1714600447366 -0.4791 0
1714600690573 -0.5105 0
1714600944504 -0.4808 0
1714601193477 -0.4905 0
1714601433001 -0.5088 0
1714601667519 -0.5063 0
1714601915233 -0.531 0
1714602157411 -0.5144 0
1714602378510 -0.5021 0
1714602633053 -0.5211 0
1714602860828 -0.4864 0
1714603104426 -0.5232 0
1714603342285 -0.4705 0
1714603568649 -0.4994 0
1714603825021 -0.5189 0
1714604072064 -0.5127 0
1714604322070 -0.5071 0
1714604573047 -0.5045 0
1714604778506 -0.4955 0
1714605033813 -0.4918 0
1714605267072 -0.5042 0
1714605491450 -0.5065 0
1714605733720 -0.5044 0
