1713622800448 3.9815 0
1713622820275 2.2292 0
1713622826721 1.4036 0
1713622838289 1.0918 0
1713622849656 1.019 0
1713622861063 0.9057 0
1713622872392 0.9301 0
1713622883648 0.6817 0
1713622895016 0.7131 0
1713622906318 0.6517 0
1713622917562 0.6427 0
1713622929334 0.5403 0
1713622940643 0.6302 0
1713622951931 0.6316 0
1713622963087 0.6373 0
1713622974287 0.513 0
1713622981006 0.5547 0
1713622987729 0.4637 0
1713622994777 0.5665 0
1713623006178 0.4242 0
1713623017491 0.5732 0
1713623028996 0.4049 0
1713623035569 0.5838 0
1713623042177 0.5391 0
1713623048871 0.4906 0
1713623059998 0.4864 0
1713623067180 0.5099 0
1713623078352 0.3976 0
1713623084947 0.4186 0
1713623096104 0.4753 0
1713623107452 0.5563 0
1713623118820 0.4456 0
1713623125491 0.4166 0
1713623132265 0.5389 0
1713623143964 0.4395 0
1713623150679 0.474 0
1713623157367 0.4391 0
1713623164035 0.4987 0
1713623175407 0.4749 0
1713623186838 0.5462 0
1713623198377 0.464 0
1713623205474 0.5213 0
1713623212083 0.4148 0
1713623223664 0.5448 0
1713623235242 0.4231 0
1713623241808 0.5632 0
1713623248418 0.4009 0
1713623255016 0.3355 0
1713623261563 0.4573 0
1713623272686 0.528 0
1713623281292 0.494 0
1713623287974 0.3982 0
1713623294604 0.3966 0
1713623301225 0.4045 0
1713623307826 0.3634 0
1713623314535 0.4735 0
1713623321173 0.3655 0
1713623327838 0.3739 0
1713623334931 0.4932 0
1713623341585 0.4581 0
1713623352815 0.4662 0
1713623364087 0.3349 0
1713623370730 0.4069 0
1713623382270 0.4807 0
1713623393596 0.3332 0
1713623405069 0.4151 0
1713623416860 0.3467 0
1713623423495 0.4792 0
1713623430153 0.4668 0
1713623441758 0.4222 0
1713623453448 0.2996 0
1713623465040 0.3032 0
1713623471735 0.3771 0
1713623478811 0.3347 0
1713623485528 0.5421 0
1713623492303 0.4315 0
1713623498978 0.378 0
1713623510324 0.35 0
1713623521960 0.3202 0
1713623533456 0.3811 0
1713623540596 0.4161 0
1713623551970 0.5128 0
1713623563205 0.5077 0
1713623569885 0.3801 0
1713623576590 0.3933 0
1713623583180 0.2828 0
1713623589782 0.3049 0
1713623596640 0.3395 0
1713623603301 0.3709 0
1713623609969 0.4164 0
1713623616693 0.4811 0
1713623623463 0.2793 0
1713623630144 0.4793 0
1713623636811 0.4757 0
1713623643517 0.3964 0
1713623650167 0.3509 0
1713623657226 0.3686 0
1713623663974 0.4147 0
1713623670644 0.2431 0
1713623677331 0.2748 0
1713623688427 0.4093 0
1713623695092 0.372 0
1713623701724 0.365 0
1713623708412 0.3274 0
1713623719448 0.3369 0
1713623726548 0.3474 0
1713623733213 0.41 0
1713623744276 0.5843 0
1713623750878 0.3867 0
1713623757575 0.3589 0
1713623764182 0.3803 0
1713623775360 0.4699 0
1713623781988 0.2829 0
1713623789026 0.4089 0
1713623795716 0.2892 0
1713623802450 0.4424 0
1713623809201 0.3346 0
1713623815862 0.4402 0
1713623822603 0.2954 0
1713623829291 0.3702 0
1713623835992 0.3566 0
1713623843035 0.2906 0
1713623849733 0.4591 0
1713623856449 0.3651 0
1713623867517 0.3832 0
1713623878568 0.3346 0
1713623885418 0.3688 0
1713623892108 0.4011 0
1713623898776 0.3383 0
1713623910349 0.3457 0
1713623921771 0.3616 0
1713623928551 0.4486 0
1713623935229 0.3456 0
1713623941876 0.2758 0
1713623948588 0.3661 0
1713623955427 0.2544 0
1713623962184 0.4764 0
1713623969248 0.4447 0
1713623975971 0.4119 0
1713623982709 0.3734 0
1713623989458 0.2495 0
1713623996250 0.2462 0
1713624002935 0.2682 0
1713624009765 0.3488 0
1713624016456 0.259 0
1713624023263 0.2764 0
1713624030364 0.3766 0
1713624037127 0.3176 0
1713624043836 0.267 0
1713624050503 0.2534 0
1713624061578 0.4069 0
1713624068274 0.3269 0
1713624075087 0.3305 0
1713624081817 0.5087 0
1713624093749 0.3836 0
1713624105427 0.3788 0
1713624117110 0.3161 0
1713624128655 0.4601 0
1713624140116 0.3165 0
1713624151972 0.3323 0
1713624159060 0.2625 0
1713624165815 0.279 0
1713624172567 0.2605 0
1713624179360 0.3163 0
1713624186177 0.404 0
1713624192894 0.3654 0
1713624199555 0.3399 0
1713624206258 0.3743 0
1713624218077 0.2557 0
1713624229604 0.3874 0
1713624241117 0.3387 0
1713624247817 0.387 0
1713624254549 0.3342 0
1713624261282 0.231 0
1713624272849 0.3643 0
1713624284978 0.4428 0
1713624296342 0.3358 0
1713624307906 0.3322 0
1713624319447 0.3417 0
1713624330963 0.3991 0
1713624342210 0.3033 0
1713624349317 0.3669 0
1713624356027 0.4296 0
1713624362763 0.2648 0
1713624374073 0.3185 0
1713624381079 0.2874 0
1713624387785 0.3671 0
1713624394500 0.1916 0
1713624401563 0.2222 0
1713624408320 0.2856 0
1713624415120 0.3493 0
1713624426393 0.3371 0
1713624433120 0.3147 0
1713624444630 0.3831 0
1713624455639 0.3051 0
1713624467806 0.2282 0
1713624479501 0.3735 0
1713624490979 0.3548 0
1713624502410 0.2327 0
1713624509183 0.293 0
1713624525647 0.3165 0
1713624537524 0.2522 0
1713624548952 0.3202 0
1713624555721 0.1964 0
1713624562494 0.2287 0
1713624569214 0.1994 0
1713624575819 0.2131 0
1713624582462 0.3064 0
1713624589016 0.1687 0
1713624596100 0.213 0
1713624602727 0.341 0
1713624609348 0.1702 0
1713624615960 0.3082 0
1713624622599 0.239 0
1713624629236 0.1546 0
1713624635873 0.1979 0
1713624642429 0.188 0
1713624649049 0.269 0
1713624656213 0.2332 0
1713624662860 0.2929 0
1713624669574 0.2745 0
1713624676254 0.2382 0
1713624682909 0.3134 0
1713624689487 0.3717 0
1713624696124 0.2242 0
1713624702689 0.3529 0
1713624709363 0.1719 0
1713624716662 0.2415 0
1713624723344 0.2624 0
1713624730132 0.1643 0
1713624736773 0.2701 0
1713624743359 0.2441 0
1713624750020 0.3103 0
1713624756635 0.2044 0
1713624763360 0.1638 0
1713624770648 0.4558 0
1713624777353 0.1721 0
1713624784170 0.3483 0
1713624790931 0.2763 0
1713624797599 0.2741 0
1713624804260 0.2465 0
1713624810882 0.1804 0
1713624822280 0.1507 0
1713624829366 0.1519 0
1713624836069 0.2585 0
1713624847684 0.192 0
1713624859119 0.2928 0
1713624865843 0.1809 0
1713624877141 0.2522 0
1713624888637 0.2318 0
1713624900447 0.1499 0
1713624907189 0.3314 0
1713624913978 0.2857 0
1713624920747 0.1914 0
1713624927574 0.321 0
1713624934297 0.2728 0
1713624941023 0.2233 0
1713624947849 0.1425 0
1713624955049 0.2764 0
1713624966702 0.2402 0
1713624973413 0.2889 0
1713624980183 0.4095 0
1713624986927 0.2279 0
1713624993628 0.1941 0
1713625000383 0.119 0
1713625007088 0.1845 0
1713625014195 0.2499 0
1713625020889 0.1672 0
1713625027721 0.3238 0
1713625034490 0.1514 0
1713625041315 0.3068 0
1713625048123 0.2189 0
1713625054918 0.1903 0
1713625061604 0.1505 0
1713625068444 0.1806 0
1713625075668 0.2961 0
1713625082467 0.2135 0
1713625089186 0.1425 0
1713625095982 0.1309 0
1713625102740 0.162 0
1713625109477 0.2276 0
1713625116243 0.2244 0
1713625122904 0.2372 0
1713625130246 0.1945 0
1713625137050 0.1983 0
1713625143878 0.4205 0
1713625150679 0.2321 0
1713625157458 0.1616 0
1713625164376 0.2645 0
1713625171149 0.0826 0
1713625177907 0.3256 0
1713625184630 0.1142 0
1713625191929 0.1902 0
1713625198746 0.119 0
1713625205521 0.0704 0
1713625212292 0.2854 0
1713625219191 0.1776 0
1713625226012 0.1742 0
1713625232820 0.1492 0
1713625239594 0.1684 0
1713625251502 0.2396 0
1713625258332 0.1432 0
1713625265129 0.1418 0
1713625271858 0.2041 0
1713625278625 0.1831 0
1713625285332 0.1576 0
1713625292208 0.1126 0
1713625299085 0.1981 0
1713625306640 0.2232 0
1713625313390 0.0567 0
1713625325116 0.2291 0
1713625336560 0.092 0
1713625343442 0.1779 0
1713625350233 0.2328 0
1713625357019 0.1524 0
1713625363857 0.1498 0
1713625371425 0.1489 0
1713625378196 0.1967 0
1713625385068 0.1376 0
1713625391867 0.1798 0
1713625398698 0.1174 0
1713625405682 0.2268 0
1713625412538 0.1912 0
1713625423983 0.1711 0
1713625436101 0.2863 0
1713625447610 0.2155 0
1713625459261 0.1052 0
1713625470678 0.1481 0
1713625477461 0.3083 0
1713625489564 0.2567 0
1713625501220 0.2096 0
1713625512924 0.2874 0
1713625524509 0.3748 0
1713625535951 0.2489 0
1713625547437 0.1172 0
1713625554529 0.1305 0
1713625561267 0.136 0
1713625568069 0.1342 0
1713625574823 0.1987 0
1713625586175 0.1674 0
1713625597728 0.1289 0
1713625609234 0.1804 0
1713625620963 0.0217 0
1713625632302 0.1892 0
1713625643722 0.1251 0
1713625650509 0.169 0
1713625657246 0.0178 0
1713625664152 0.0428 0
1713625670858 0.0824 0
1713625678225 0.2938 0
1713625689664 0.1159 0
1713625696510 0.2617 0
1713625703353 0.0915 0
1713625714919 0.1993 0
1713625721649 0.1498 0
1713625733017 0.1023 0
1713625744334 0.3089 0
1713625751139 0.2501 0
1713625757913 0.1967 0
1713625764661 0.2556 0
1713625771398 0.1173 0
1713625778155 0.1586 0
1713625784929 0.1942 0
1713625792116 0.0557 0
1713625798859 0.2012 0
1713625805589 0.092 0
1713625812329 0.045 0
1713625819492 0.1398 0
1713625830990 0.0871 0
1713625842304 0.0887 0
1713625853596 0.0586 0
1713625860710 0.3091 0
1713625867509 0.0575 0
1713625874271 0.1275 0
1713625881046 0.1443 0
1713625892583 0.0986 0
1713625904106 0.1684 0
1713625915872 0.255 0
1713625927208 0.109 0
1713625933995 0.0536 0
1713625940789 0.0931 0
1713625947542 0.0843 0
1713625954285 0.1373 0
1713625965911 0.1079 0
1713625972633 0.1058 0
1713625984773 0.1305 0
1713625996525 0.1336 0
1713626008194 0.0616 0
1713626015050 0.0091 0
1713626026498 0.0697 0
1713626033622 0.2272 0
1713626040367 0.238 0
1713626051825 0.1815 0
1713626058623 0.2846 0
1713626065360 0.049 0
1713626072184 0.0849 0
1713626078936 0.1454 0
1713626085743 0.0266 0
1713626092885 0.0447 0
1713626099812 0.0558 0
1713626111628 0.1303 0
1713626118453 -0.0051 0
1713626125430 0.2652 0
1713626132328 0.0794 0
1713626139172 -0.0024 0
1713626146094 0.0943 0
1713626153321 0.1076 0
1713626160067 -0.0701 0
1713626166887 0.0208 0
1713626173711 0.0243 0
1713626180482 -0.0318 0
1713626192084 0.094 0
1713626203446 -0.0618 0
1713626215145 0.1165 0
1713626221853 0.0521 0
1713626233274 0.0411 0
1713626239957 0.1706 0
1713626246672 0.0798 0
1713626253386 0.1492 0
1713626260009 0.1261 0
1713626266747 0.0676 0
1713626273790 0.1452 0
1713626280462 0.0778 0
1713626287117 0.1408 0
1713626293767 0.0355 0
1713626300445 0.0222 0
1713626307125 0.0968 0
1713626313766 -0.0155 0
1713626320354 0.0602 0
1713626327048 0.053 0
1713626334137 0.0465 0
1713626340833 -0.0248 0
1713626347545 0.0151 0
1713626354261 0.0248 0
1713626360999 0.1232 0
1713626367671 -0.0026 0
1713626374306 -0.082 0
1713626380999 0.0929 0
1713626387670 0.0203 0
1713626399419 0.0545 0
1713626406063 0.0249 0
1713626412737 0.0231 0
1713626419405 0.0476 0
1713626426036 -0.0225 0
1713626432771 -0.0603 0
1713626439412 0.0928 0
1713626446039 0.1776 0
1713626452761 -0.0244 0
1713626464685 -0.0181 0
1713626471352 -0.0352 0
1713626487537 0.0496 0
1713626498957 0.0068 0
1713626510464 0.0398 0
1713626522115 0.0476 0
1713626533108 0.0744 0
1713626544405 -0.0204 0
1713626551081 0.0095 0
1713626557741 0.0724 0
1713626564311 0.154 0
1713626570914 0.0008 0
1713626577567 0.1037 0
1713626584618 -0.0279 0
1713626596256 -0.0115 0
1713626602844 -0.0159 0
1713626609432 0.0659 0
1713626616069 -0.0586 0
1713626622675 0.0892 0
1713626629337 -0.0607 0
1713626635919 -0.0104 0
1713626642526 0.0389 0
1713626649609 -0.1146 0
1713626656257 0.0125 0
1713626662940 0.0312 0
1713626669566 -0.0426 0
1713626676257 -0.01 0
1713626682847 -0.0172 0
1713626689457 -0.0007 0
1713626696080 0.1161 0
1713626702750 -0.018 0
1713626709973 0.0246 0
1713626716604 -0.0009 0
1713626723449 -0.083 0
1713626730161 0.0936 0
1713626736964 -0.0307 0
1713626743745 -0.0358 0
1713626750420 0.0382 0
1713626757094 0.0771 0
1713626763745 -0.0608 0
1713626770752 -0.0129 0
1713626777497 -0.1309 0
1713626784176 0.1065 0
1713626790968 -0.1019 0
1713626797775 0.0024 0
1713626809565 -0.0282 0
1713626820996 0.0227 0
1713626832781 -0.1735 0
1713626839830 -0.061 0
1713626851367 0.0025 0
1713626863074 -0.0634 0
1713626874412 -0.0673 0
1713626890734 -0.0589 0
1713626897397 0.0496 0
1713626904497 -0.0228 0
1713626911141 0.0901 0
1713626917858 -0.0331 0
1713626924524 -0.1033 0
1713626931289 -0.0271 0
1713626937947 -0.0926 0
1713626944584 -0.0493 0
1713626951235 -0.0648 0
1713626957852 0.0415 0
1713626964917 0.0673 0
1713626976476 -0.0791 0
1713626988006 -0.0613 0
1713626999408 -0.0865 0
1713627006074 0.128 0
1713627017420 0.0413 0
1713627024088 -0.0396 0
1713627031060 0.1261 0
1713627037726 -0.0603 0
1713627044399 -0.0821 0
1713627051129 -0.1184 0
1713627057886 -0.0482 0
1713627064683 -0.0874 0
1713627071413 -0.0665 0
1713627078149 0.0307 0
1713627084885 -0.0193 0
1713627092391 -0.0947 0
1713627099018 0.0048 0
1713627105789 0.0132 0
1713627117557 -0.0295 0
1713627124246 -0.105 0
1713627130960 -0.057 0
1713627137591 -0.0548 0
1713627144307 -0.0437 0
1713627151032 -0.1006 0
1713627158203 -0.1002 0
1713627164930 -0.0698 0
1713627171625 0.0885 0
1713627178319 -0.0852 0
1713627185040 -0.0506 0
1713627191798 -0.13 0
1713627198500 -0.1961 0
1713627205223 -0.0038 0
1713627211868 -0.1763 0
1713627218931 -0.0017 0
1713627225617 0.0705 0
1713627232344 0.1256 0
1713627238987 -0.1243 0
1713627245722 0.0599 0
1713627257257 -0.1601 0
1713627264003 -0.0763 0
1713627270780 -0.1021 0
1713627277964 -0.0896 0
1713627284670 -0.1445 0
1713627291373 -0.0286 0
1713627302772 -0.0029 0
1713627314670 -0.0646 0
1713627326159 -0.0751 0
1713627332871 -0.0491 0
1713627339535 -0.0579 0
1713627346666 -0.0469 0
1713627353344 -0.1066 0
1713627360047 -0.1432 0
1713627366749 -0.0296 0
1713627373370 -0.1491 0
1713627380024 0.0037 0
1713627386738 -0.0881 0
1713627398393 -0.0325 0
1713627410232 -0.0605 0
1713627416901 -0.0775 0
1713627428452 -0.2168 0
1713627435178 -0.0879 0
1713627441915 0.0078 0
1713627448588 -0.1078 0
1713627460420 -0.1553 0
1713627467541 -0.0278 0
1713627474238 -0.0631 0
1713627480903 -0.0708 0
1713627487585 -0.0419 0
1713627494317 -0.1687 0
1713627501094 -0.0935 0
1713627507827 -0.1351 0
1713627514484 -0.1918 0
1713627521259 -0.1048 0
1713627533229 -0.1186 0
1713627544898 -0.1611 0
1713627551580 -0.1527 0
1713627558314 -0.0364 0
1713627565027 -0.1424 0
1713627571777 -0.1037 0
1713627578520 -0.1946 0
1713627585207 -0.0637 0
1713627592275 -0.2147 0
1713627599009 -0.1667 0
1713627605763 -0.1361 0
1713627612528 -0.1184 0
1713627619283 -0.0614 0
1713627626088 -0.0559 0
1713627632864 0.0015 0
1713627644467 -0.1596 0
1713627651146 -0.1484 0
1713627658227 -0.1931 0
1713627664960 -0.038 0
1713627671793 -0.106 0
1713627678504 -0.1194 0
1713627685175 -0.1506 0
1713627691968 -0.1416 0
1713627698680 -0.0918 0
1713627705427 -0.1529 0
1713627712558 -0.1719 0
1713627724083 -0.0401 0
1713627730816 -0.166 0
1713627737512 -0.1575 0
1713627744360 -0.1714 0
1713627751140 -0.1355 0
1713627762705 -0.2097 0
1713627769569 -0.1852 0
1713627781672 -0.2249 0
1713627792534 -0.0545 0
1713627799305 0.0044 0
1713627806148 -0.1082 0
1713627812860 -0.1732 0
1713627819607 -0.181 0
1713627826374 -0.23 0
1713627833093 -0.1979 0
1713627840177 -0.1941 0
1713627846991 -0.2649 0
1713627853716 -0.2151 0
1713627860410 -0.2033 0
1713627867176 -0.1274 0
1713627873928 -0.2029 0
1713627880647 -0.2296 0
1713627887355 -0.1403 0
1713627894451 -0.118 0
1713627901138 -0.2308 0
1713627907879 -0.1823 0
1713627914728 -0.035 0
1713627921470 -0.127 0
1713627928198 -0.1498 0
1713627934895 -0.1847 0
1713627941596 -0.1462 0
1713627948362 -0.0342 0
1713627955550 -0.1835 0
1713627962234 -0.2104 0
1713627969069 -0.2563 0
1713627975867 -0.2129 0
1713627982604 -0.0811 0
1713627989321 -0.1612 0
1713627996132 -0.221 0
1713628007775 -0.1673 0
1713628014886 -0.3218 0
1713628021629 -0.1176 0
1713628028435 -0.2432 0
1713628035140 -0.1746 0
1713628041855 -0.1513 0
1713628048586 -0.0886 0
1713628055390 -0.206 0
1713628062124 -0.1349 0
1713628068868 -0.0182 0
1713628076079 -0.1148 0
1713628082874 -0.1542 0
1713628089627 -0.1948 0
1713628096350 -0.0259 0
1713628103083 -0.2734 0
1713628109837 -0.1489 0
1713628116579 -0.2161 0
1713628123370 -0.1444 0
1713628130441 -0.2349 0
1713628137310 -0.2675 0
1713628144138 -0.197 0
1713628151063 -0.162 0
1713628157897 -0.2693 0
1713628164680 -0.2156 0
1713628171470 -0.2014 0
1713628178231 -0.2367 0
1713628185023 -0.2696 0
1713628192463 -0.1562 0
1713628199390 -0.2103 0
1713628206267 -0.3029 0
1713628213156 -0.1302 0
1713628219963 -0.2608 0
1713628226708 -0.2246 0
1713628233418 -0.07 0
1713628240203 -0.0911 0
1713628246959 -0.0985 0
1713628254132 -0.2468 0
1713628260893 -0.0925 0
1713628267758 -0.0417 0
1713628274699 -0.0541 0
1713628281488 -0.1497 0
1713628288248 -0.2121 0
1713628295020 -0.1967 0
1713628301741 -0.1568 0
1713628308992 -0.1134 0
1713628315705 -0.2046 0
1713628322481 -0.2249 0
1713628329261 -0.2205 0
1713628336059 -0.1609 0
1713628342864 -0.2682 0
1713628354514 -0.0829 0
1713628361265 -0.1731 0
1713628368426 -0.2626 0
1713628375187 -0.2252 0
1713628382007 -0.1989 0
1713628388726 -0.1473 0
1713628395554 -0.1754 0
1713628402267 -0.1549 0
1713628408988 -0.3028 0
1713628415725 -0.1139 0
1713628427883 -0.1406 0
1713628439584 -0.1676 0
1713628451108 -0.2879 0
1713628462616 -0.1628 0
1713628474509 -0.2069 0
1713628486331 -0.2488 0
1713628493495 -0.1407 0
1713628500206 -0.2065 0
1713628511703 -0.2048 0
1713628518464 -0.1599 0
1713628529916 -0.2816 0
1713628536746 -0.2893 0
1713628548492 -0.3095 0
1713628555686 -0.328 0
1713628567198 -0.2808 0
1713628578713 -0.2897 0
1713628590337 -0.3058 0
1713628601892 -0.2822 0
1713628608594 -0.2338 0
1713628615374 -0.2076 0
1713628627410 -0.2471 0
1713628639085 -0.3447 0
1713628650643 -0.2131 0
1713628662239 -0.1562 0
1713628668986 -0.2335 0
1713628675739 -0.1829 0
1713628682856 -0.2549 0
1713628689603 -0.2426 0
1713628696384 -0.2076 0
1713628707902 -0.2121 0
1713628719423 -0.3193 0
1713628731143 -0.1598 0
1713628737902 -0.1419 0
1713628745067 -0.2395 0
1713628751830 -0.2989 0
1713628758582 -0.3209 0
1713628765368 -0.1986 0
1713628772148 -0.2762 0
1713628778873 -0.1722 0
1713628785732 -0.2059 0
1713628797252 -0.2235 0
1713628804508 -0.2596 0
1713628811246 -0.2769 0
1713628818117 -0.3373 0
1713628824935 -0.1714 0
1713628831746 -0.3481 0
1713628838499 -0.2832 0
1713628845302 -0.2721 0
1713628852130 -0.2451 0
1713628858911 -0.212 0
1713628866096 -0.2108 0
1713628872930 -0.2601 0
1713628884501 -0.2987 0
1713628891377 -0.2099 0
1713628903019 -0.2824 0
1713628914698 -0.2968 0
1713628921871 -0.2749 0
1713628928660 -0.2555 0
1713628935457 -0.1312 0
1713628942249 -0.2479 0
1713628949096 -0.216 0
1713628955871 -0.2703 0
1713628962672 -0.2657 0
1713628969530 -0.2072 0
1713628976344 -0.2601 0
1713628983665 -0.2357 0
1713628990467 -0.139 0
1713628997262 -0.2793 0
1713629004144 -0.3034 0
1713629010950 -0.1558 0
1713629017729 -0.0914 0
1713629024577 -0.3441 0
1713629031431 -0.2993 0
1713629038681 -0.2815 0
1713629045593 -0.2298 0
1713629052466 -0.2674 0
1713629059320 -0.3224 0
1713629066087 -0.2475 0
1713629072931 -0.3533 0
1713629079784 -0.334 0
1713629086530 -0.155 0
1713629093779 -0.3332 0
1713629100620 -0.281 0
1713629107468 -0.3198 0
1713629114309 -0.3275 0
1713629121122 -0.3422 0
1713629127954 -0.2839 0
1713629134814 -0.3271 0
1713629141691 -0.3191 0
1713629148951 -0.2025 0
1713629160743 -0.2948 0
1713629167585 -0.2305 0
1713629174378 -0.2978 0
1713629181175 -0.301 0
1713629188051 -0.2586 0
1713629194868 -0.3231 0
1713629201626 -0.2336 0
1713629208861 -0.3261 0
1713629215741 -0.3157 0
1713629222589 -0.2189 0
1713629229466 -0.2823 0
1713629236235 -0.2232 0
1713629243069 -0.2644 0
1713629249914 -0.1818 0
1713629256802 -0.2249 0
1713629264098 -0.3126 0
1713629271165 -0.3324 0
1713629278110 -0.1709 0
1713629285179 -0.2528 0
1713629292102 -0.2666 0
1713629298829 -0.3187 0
1713629310552 -0.221 0
1713629317270 -0.2933 0
1713629324359 -0.1629 0
1713629331003 -0.3179 0
1713629337956 -0.3664 0
1713629349497 -0.2732 0
1713629356237 -0.2593 0
1713629362920 -0.2246 0
1713629369632 -0.2893 0
1713629376484 -0.2912 0
1713629383272 -0.0969 0
1713629390464 -0.3259 0
1713629397250 -0.3351 0
1713629403959 -0.2744 0
1713629410720 -0.3294 0
1713629417427 -0.1725 0
1713629424089 -0.3435 0
1713629430788 -0.3578 0
1713629437445 -0.3435 0
1713629444122 -0.1993 0
1713629451189 -0.3224 0
1713629457843 -0.3686 0
1713629464550 -0.2816 0
1713629471261 -0.3276 0
1713629477945 -0.3511 0
1713629484679 -0.295 0
1713629491407 -0.3433 0
1713629498134 -0.3997 0
1713629504857 -0.3945 0
1713629516920 -0.3017 0
1713629523586 -0.2949 0
1713629530240 -0.2825 0
1713629536873 -0.4412 0
1713629543533 -0.3259 0
1713629550314 -0.2038 0
1713629557062 -0.3104 0
1713629568680 -0.3283 0
1713629580526 -0.3583 0
1713629592046 -0.429 0
1713629598674 -0.3139 0
1713629605358 -0.3107 0
1713629612021 -0.3413 0
1713629618675 -0.2622 0
1713629630391 -0.3868 0
1713629642256 -0.4203 0
1713629653857 -0.1473 0
1713629660533 -0.2788 0
1713629667171 -0.3153 0
1713629673815 -0.3075 0
1713629680618 -0.2421 0
1713629687420 -0.226 0
1713629694239 -0.3383 0
1713629701543 -0.2924 0
1713629708283 -0.2928 0
1713629714988 -0.2884 0
1713629721653 -0.3897 0
1713629728534 -0.3079 0
1713629735268 -0.288 0
1713629742042 -0.2948 0
1713629748931 -0.2352 0
1713629756141 -0.3136 0
1713629762773 -0.2875 0
1713629769448 -0.2403 0
1713629776280 -0.3113 0
1713629783086 -0.4102 0
1713629789832 -0.3104 0
1713629796677 -0.3604 0
1713629803418 -0.2652 0
1713629810084 -0.2462 0
1713629817328 -0.2966 0
1713629824186 -0.3553 0
1713629831006 -0.352 0
1713629837796 -0.3691 0
1713629844485 -0.1954 0
1713629851193 -0.3216 0
1713629857881 -0.3641 0
1713629864553 -0.3127 0
1713629871261 -0.3463 0
1713629878375 -0.3603 0
1713629890070 -0.2514 0
1713629896800 -0.2581 0
1713629903510 -0.3127 0
1713629910208 -0.258 0
1713629916911 -0.2893 0
1713629923705 -0.3754 0
1713629930399 -0.4058 0
1713629937075 -0.4024 0
1713629949235 -0.1936 0
1713629961041 -0.3966 0
1713629972889 -0.3338 0
1713629984528 -0.3908 0
1713629991248 -0.3133 0
1713629997961 -0.4223 0
1713630004935 -0.3154 0
1713630011662 -0.2977 0
1713630018381 -0.3519 0
1713630025076 -0.2539 0
1713630031763 -0.3226 0
1713630038509 -0.3874 0
1713630045199 -0.3942 0
1713630051893 -0.3466 0
1713630058597 -0.3544 0
1713630065763 -0.3114 0
1713630072535 -0.3071 0
1713630079227 -0.2814 0
1713630085886 -0.351 0
1713630092602 -0.3226 0
1713630099270 -0.3893 0
1713630105957 -0.3686 0
1713630112617 -0.2612 0
1713630119313 -0.2731 0
1713630126429 -0.3983 0
1713630133100 -0.2704 0
1713630139767 -0.3174 0
1713630146507 -0.2978 0
1713630153216 -0.2207 0
1713630159880 -0.2656 0
1713630166652 -0.2292 0
1713630173456 -0.3219 0
1713630180149 -0.3179 0
1713630187464 -0.3473 0
1713630194170 -0.3946 0
1713630200796 -0.295 0
1713630207483 -0.2584 0
1713630214187 -0.2193 0
1713630220945 -0.3523 0
1713630227636 -0.3864 0
1713630234301 -0.4592 0
1713630240969 -0.3493 0
1713630252889 -0.2116 0
1713630259585 -0.2749 0
1713630266298 -0.4009 0
1713630273011 -0.3921 0
1713630279786 -0.3018 0
1713630286500 -0.3173 0
1713630293210 -0.3001 0
1713630299919 -0.3718 0
1713630306738 -0.2672 0
1713630313829 -0.3592 0
1713630320593 -0.2287 0
1713630327355 -0.3409 0
1713630334165 -0.3635 0
1713630340897 -0.3633 0
1713630347725 -0.3615 0
1713630354472 -0.333 0
1713630361196 -0.2036 0
1713630368050 -0.2561 0
1713630375240 -0.3515 0
1713630382014 -0.3582 0
1713630388831 -0.3867 0
1713630395767 -0.2831 0
1713630402604 -0.3511 0
1713630409483 -0.3618 0
1713630416242 -0.4425 0
1713630422988 -0.3686 0
1713630429772 -0.3969 0
1713630437007 -0.3753 0
1713630443701 -0.4713 0
1713630450409 -0.331 0
1713630457171 -0.3004 0
1713630463939 -0.3121 0
1713630475651 -0.4377 0
1713630487311 -0.3664 0
1713630499291 -0.2763 0
1713630506088 -0.3743 0
1713630517750 -0.2137 0
1713630524479 -0.3787 0
1713630531257 -0.3334 0
1713630538007 -0.3695 0
1713630544715 -0.2983 0
1713630551488 -0.3006 0
1713630558253 -0.3394 0
1713630565409 -0.3413 0
1713630572148 -0.3282 0
1713630578962 -0.4104 0
1713630585833 -0.3686 0
1713630592699 -0.3276 0
1713630599556 -0.318 0
1713630606254 -0.2992 0
1713630617735 -0.4111 0
1713630624888 -0.2987 0
1713630631710 -0.3227 0
1713630638404 -0.2561 0
1713630645179 -0.3187 0
1713630651980 -0.179 0
1713630658839 -0.3723 0
1713630670453 -0.3057 0
1713630682390 -0.3787 0
1713630689108 -0.2414 0
1713630695821 -0.3401 0
1713630702727 -0.1987 0
1713630709517 -0.3503 0
1713630716246 -0.3409 0
1713630723077 -0.4435 0
1713630734849 -0.4002 0
1713630742022 -0.3349 0
1713630748735 -0.4883 0
1713630755606 -0.3295 0
1713630762431 -0.4013 0
1713630769162 -0.3715 0
1713630780796 -0.3275 0
1713630792416 -0.2949 0
1713630799125 -0.4327 0
1713630811674 -0.3212 0
1713630823397 -0.3707 0
1713630830150 -0.3929 0
1713630841959 -0.3011 0
1713630848704 -0.3237 0
1713630855437 -0.3826 0
1713630862263 -0.3915 0
1713630869550 -0.3621 0
1713630876479 -0.3246 0
1713630883309 -0.4319 0
1713630889999 -0.3508 0
1713630896807 -0.3892 0
1713630903610 -0.3989 0
1713630910404 -0.4974 0
1713630917151 -0.4304 0
1713630928905 -0.419 0
1713630941285 -0.4222 0
1713630948169 -0.4893 0
1713630954900 -0.3989 0
1713630961773 -0.437 0
1713630968492 -0.3832 0
1713630975331 -0.425 0
1713630982190 -0.3844 0
1713630989031 -0.3906 0
1713630996643 -0.2073 0
1713631003497 -0.2078 0
1713631015162 -0.1999 0
1713631021950 -0.1619 0
1713631028692 -0.3339 0
1713631035474 -0.1053 0
1713631042256 -0.084 0
1713631049009 -0.2827 0
1713631055884 -0.3938 0
1713631063310 -0.4267 0
1713631070102 -0.3346 0
1713631076882 -0.2818 0
1713631083669 -0.3484 0
1713631090400 -0.3922 0
1713631097161 -0.3976 0
1713631104001 -0.2864 0
1713631110768 -0.4056 0
1713631118009 -0.4188 0
1713631124741 -0.3198 0
1713631131478 -0.4069 0
1713631138189 -0.2778 0
1713631144885 -0.3659 0
1713631151646 -0.3652 0
1713631158482 -0.321 0
1713631165309 -0.3991 0
1713631172117 -0.2184 0
1713631179322 -0.3195 0
1713631186102 -0.2701 0
1713631192895 -0.3809 0
1713631199750 -0.2296 0
1713631206540 -0.3176 0
1713631213368 -0.3445 0
1713631220199 -0.2765 0
1713631226995 -0.4725 0
1713631233845 -0.3384 0
1713631241250 -0.314 0
1713631248114 -0.427 0
1713631254941 -0.2715 0
1713631261799 -0.3282 0
1713631268726 -0.3748 0
1713631275614 -0.3436 0
1713631282429 -0.4038 0
1713631289245 -0.4556 0
1713631296013 -0.3707 0
1713631303341 -0.3137 0
1713631310127 -0.429 0
1713631321758 -0.4748 0
1713631328502 -0.315 0
1713631335174 -0.3981 0
1713631341958 -0.2398 0
1713631348674 -0.4453 0
1713631355419 -0.4841 0
1713631367531 -0.4206 0
1713631374357 -0.4672 0
1713631381049 -0.4689 0
1713631387735 -0.371 0
1713631394458 -0.3669 0
1713631401312 -0.4021 0
1713631408089 -0.2633 0
1713631414979 -0.4294 0
1713631422343 -0.3193 0
1713631429148 -0.3883 0
1713631435934 -0.4468 0
1713631442718 -0.4648 0
1713631449493 -0.3046 0
1713631456244 -0.3647 0
1713631463000 -0.4001 0
1713631469917 -0.2889 0
1713631476751 -0.3816 0
1713631484112 -0.3655 0
1713631490945 -0.3372 0
1713631497645 -0.3165 0
1713631504552 -0.2289 0
1713631511344 -0.3983 0
1713631518048 -0.2741 0
1713631524795 -0.4599 0
1713631531511 -0.4549 0
1713631538241 -0.2655 0
1713631545386 -0.3151 0
1713631552150 -0.3473 0
1713631558863 -0.4078 0
1713631565590 -0.3618 0
1713631572388 -0.411 0
1713631579136 -0.4251 0
1713631585953 -0.3692 0
1713631592753 -0.4098 0
1713631599524 -0.431 0
1713631606660 -0.3745 0
1713631613406 -0.3129 0
1713631620184 -0.2535 0
1713631627030 -0.4847 0
1713631633740 -0.4765 0
1713631640484 -0.4031 0
1713631647253 -0.4268 0
1713631654052 -0.3666 0
1713631660730 -0.4561 0
1713631667971 -0.4158 0
1713631674833 -0.3968 0
1713631681633 -0.373 0
1713631688527 -0.3726 0
1713631695292 -0.2843 0
1713631702141 -0.3834 0
1713631713927 -0.3352 0
1713631720693 -0.4522 0
1713631727991 -0.2527 0
1713631734794 -0.3049 0
1713631741548 -0.3679 0
1713631748373 -0.374 0
1713631755178 -0.2336 0
1713631761933 -0.4149 0
1713631768673 -0.3978 0
1713631775604 -0.3673 0
1713631782691 -0.4123 0
1713631789471 -0.3463 0
1713631796365 -0.3818 0
1713631803140 -0.3821 0
1713631809948 -0.3676 0
1713631816747 -0.3912 0
1713631823587 -0.3438 0
1713631830369 -0.3791 0
1713631837256 -0.4377 0
1713631844472 -0.2538 0
1713631851272 -0.4363 0
1713631858161 -0.4222 0
1713631864908 -0.3748 0
1713631871720 -0.449 0
1713631878448 -0.4089 0
1713631885312 -0.3433 0
1713631892135 -0.4026 0
1713631899016 -0.3573 0
1713631906301 -0.4312 0
1713631913081 -0.3164 0
1713631919848 -0.422 0
1713631926642 -0.4066 0
1713631933357 -0.4689 0
1713631940117 -0.3471 0
1713631946884 -0.4466 0
1713631953641 -0.3117 0
1713631961168 -0.3404 0
1713631967990 -0.4131 0
1713631974789 -0.4368 0
1713631981690 -0.4657 0
1713631988603 -0.3265 0
1713631995428 -0.4147 0
1713632002221 -0.5038 0
1713632008947 -0.314 0
1713632015835 -0.4145 0
1713632023367 -0.3388 0
1713632035228 -0.4323 0
1713632042097 -0.4382 0
1713632048901 -0.5129 0
1713632055741 -0.3751 0
1713632072499 -0.4114 0
1713632079269 -0.4877 0
1713632086544 -0.3216 0
1713632093400 -0.3862 0
1713632100131 -0.393 0
1713632111795 -0.4689 0
1713632118613 -0.4587 0
1713632125399 -0.3815 0
1713632132242 -0.4384 0
1713632139070 -0.4279 0
1713632146266 -0.5015 0
1713632153049 -0.4571 0
1713632159857 -0.4423 0
1713632171664 -0.4202 0
1713632183553 -0.4594 0
1713632195339 -0.4142 0
1713632202387 -0.3496 0
1713632209160 -0.4803 0
1713632215908 -0.4355 0
1713632222684 -0.4129 0
1713632229476 -0.4205 0
1713632236324 -0.2791 0
1713632243267 -0.3786 0
1713632250088 -0.4016 0
1713632256905 -0.4743 0
1713632264079 -0.4989 0
1713632270898 -0.3113 0
1713632277707 -0.467 0
1713632284471 -0.4883 0
1713632291214 -0.4635 0
1713632298019 -0.376 0
1713632304804 -0.4214 0
1713632311627 -0.472 0
1713632318463 -0.4401 0
1713632325776 -0.5029 0
1713632332590 -0.3689 0
1713632339310 -0.4672 0
1713632346267 -0.4938 0
1713632353099 -0.2504 0
1713632359927 -0.3962 0
1713632366703 -0.323 0
1713632373498 -0.2351 0
1713632380797 -0.3706 0
1713632387688 -0.4355 0
1713632394589 -0.4757 0
1713632401410 -0.3898 0
1713632408286 -0.4579 0
1713632415068 -0.309 0
1713632421869 -0.3996 0
1713632428683 -0.4351 0
1713632440601 -0.4554 0
1713632447809 -0.4295 0
1713632454589 -0.445 0
1713632461360 -0.5587 0
1713632468126 -0.4272 0
1713632474969 -0.4304 0
1713632481784 -0.4636 0
1713632488531 -0.4592 0
1713632495299 -0.4708 0
1713632502466 -0.4315 0
1713632509342 -0.4899 0
1713632516113 -0.5093 0
1713632522989 -0.3693 0
1713632529888 -0.4073 0
1713632536661 -0.4215 0
1713632543497 -0.4834 0
1713632550283 -0.3888 0
1713632557113 -0.4719 0
1713632564326 -0.4382 0
1713632571118 -0.3653 0
1713632577990 -0.5247 0
1713632584967 -0.5155 0
1713632591724 -0.4422 0
1713632598499 -0.4841 0
1713632605238 -0.36 0
1713632612001 -0.4035 0
1713632619119 -0.4222 0
1713632625930 -0.5476 0
1713632632764 -0.4235 0
1713632639652 -0.4176 0
1713632646512 -0.4623 0
1713632653242 -0.396 0
1713632660204 -0.433 0
1713632666972 -0.4392 0
1713632673813 -0.4197 0
1713632681109 -0.4282 0
1713632688044 -0.4502 0
1713632694883 -0.3866 0
1713632701821 -0.4698 0
1713632708622 -0.3931 0
1713632715393 -0.5037 0
1713632722203 -0.4322 0
1713632729037 -0.3641 0
1713632735904 -0.422 0
1713632743242 -0.418 0
1713632750036 -0.2763 0
1713632756769 -0.4621 0
1713632763526 -0.4647 0
1713632770297 -0.3492 0
1713632777098 -0.2879 0
1713632788652 -0.4438 0
1713632795773 -0.4275 0
1713632802597 -0.4465 0
1713632809344 -0.4381 0
1713632816146 -0.3536 0
1713632822873 -0.3472 0
1713632829857 -0.2178 0
1713632836691 -0.4554 0
1713632843477 -0.4338 0
1713632850320 -0.2964 0
1713632857553 -0.5091 0
1713632864353 -0.412 0
1713632871182 -0.3468 0
1713632877950 -0.4286 0
1713632884746 -0.4456 0
1713632891511 -0.3996 0
1713632898304 -0.3674 0
1713632905129 -0.3036 0
1713632912257 -0.5076 0
1713632919089 -0.3778 0
1713632925889 -0.3686 0
1713632932676 -0.364 0
1713632939554 -0.3403 0
1713632946314 -0.5272 0
1713632953086 -0.4963 0
1713632959891 -0.4564 0
1713632966689 -0.3664 0
1713632973976 -0.38 0
1713632980756 -0.4642 0
1713632987536 -0.4326 0
1713632994360 -0.3328 0
1713633001123 -0.4797 0
1713633007924 -0.5404 0
1713633014812 -0.4462 0
1713633021684 -0.5662 0
1713633028892 -0.3606 0
1713633035701 -0.4516 0
1713633042490 -0.5347 0
1713633049313 -0.5196 0
1713633056096 -0.4214 0
1713633062945 -0.4718 0
1713633069812 -0.5074 0
1713633076572 -0.4242 0
1713633083389 -0.4233 0
1713633090619 -0.3703 0
1713633097440 -0.4848 0
1713633104267 -0.4291 0
1713633111102 -0.4427 0
1713633118041 -0.4458 0
1713633124894 -0.4577 0
1713633136910 -0.2713 0
1713633143708 -0.4854 0
1713633150997 -0.4559 0
1713633157927 -0.368 0
1713633164764 -0.4439 0
1713633171731 -0.4642 0
1713633178630 -0.3791 0
1713633185411 -0.5181 0
1713633192219 -0.4354 0
1713633199062 -0.5188 0
1713633206596 -0.4821 0
1713633213492 -0.502 0
1713633220386 -0.4768 0
1713633227234 -0.4494 0
1713633234159 -0.466 0
1713633240977 -0.4359 0
1713633247873 -0.5287 0
1713633254732 -0.4872 0
1713633261925 -0.385 0
1713633268798 -0.5444 0
1713633275684 -0.4396 0
1713633282589 -0.4967 0
1713633289517 -0.4583 0
1713633296371 -0.3883 0
1713633303301 -0.4593 0
1713633310211 -0.4203 0
1713633317103 -0.3265 0
1713633324350 -0.422 0
1713633331245 -0.3636 0
1713633338119 -0.4439 0
1713633344962 -0.4247 0
1713633352249 -0.5171 0
1713633359087 -0.4719 0
1713633366035 -0.3904 0
1713633372853 -0.3169 0
1713633380126 -0.4274 0
1713633386993 -0.5148 0
1713633393893 -0.5053 0
1713633400738 -0.5144 0
1713633407566 -0.4066 0
1713633414437 -0.4649 0
1713633421341 -0.5614 0
1713633428188 -0.3962 0
1713633435043 -0.4248 0
1713633442401 -0.4873 0
1713633449323 -0.4434 0
1713633456186 -0.4425 0
1713633463225 -0.4551 0
1713633469996 -0.499 0
1713633476882 -0.4933 0
1713633488611 -0.48 0
1713633495839 -0.4674 0
1713633502660 -0.4221 0
1713633509543 -0.5244 0
1713633516450 -0.5292 0
1713633523384 -0.4713 0
1713633530203 -0.5187 0
1713633537077 -0.4963 0
1713633543938 -0.446 0
1713633550843 -0.528 0
1713633558151 -0.427 0
1713633564971 -0.482 0
1713633571819 -0.4798 0
1713633578717 -0.4096 0
1713633590842 -0.562 0
1713633602554 -0.4085 0
1713633609367 -0.5156 0
1713633616625 -0.4465 0
1713633623439 -0.5341 0
1713633630235 -0.4537 0
1713633637127 -0.4726 0
1713633644051 -0.5276 0
1713633650962 -0.5221 0
1713633657783 -0.4619 0
1713633664658 -0.5004 0
1713633671902 -0.49 0
1713633678785 -0.531 0
1713633685632 -0.4804 0
1713633692502 -0.3249 0
1713633699327 -0.3629 0
1713633706125 -0.4974 0
1713633712990 -0.4857 0
1713633719920 -0.5365 0
1713633726899 -0.4739 0
1713633734514 -0.449 0
1713633741353 -0.4105 0
1713633748206 -0.5748 0
1713633755138 -0.4106 0
1713633761989 -0.4899 0
1713633768880 -0.4092 0
1713633775746 -0.4872 0
1713633782627 -0.5541 0
1713633789974 -0.4433 0
1713633796796 -0.4448 0
1713633803673 -0.5197 0
1713633810570 -0.3562 0
1713633817463 -0.3722 0
1713633824324 -0.4386 0
1713633831165 -0.3683 0
1713633837978 -0.4488 0
1713633850071 -0.4648 0
1713633856912 -0.5224 0
1713633863715 -0.4237 0
1713633870562 -0.5185 0
1713633877373 -0.4682 0
1713633884245 -0.436 0
1713633891214 -0.4646 0
1713633898020 -0.5344 0
1713633905327 -0.3581 0
1713633912250 -0.3989 0
1713633923870 -0.4462 0
1713633935605 -0.5003 0
1713633942453 -0.4281 0
1713633954425 -0.4549 0
1713633961261 -0.4781 0
1713633968531 -0.4798 0
1713633975389 -0.4815 0
1713633982258 -0.4114 0
1713633989068 -0.4193 0
1713633995922 -0.4375 0
1713634002835 -0.4975 0
1713634009765 -0.4748 0
1713634016650 -0.5304 0
1713634023475 -0.5295 0
1713634030826 -0.4894 0
1713634042726 -0.3532 0
1713634049637 -0.439 0
1713634056486 -0.4006 0
1713634063378 -0.5023 0
1713634070342 -0.4432 0
1713634077190 -0.4449 0
1713634084401 -0.353 0
1713634091348 -0.5022 0
1713634098228 -0.5189 0
1713634105081 -0.439 0
1713634111999 -0.561 0
1713634118846 -0.4484 0
1713634125700 -0.4731 0
1713634132543 -0.4856 0
1713634139670 -0.6016 0
1713634146504 -0.4884 0
1713634153338 -0.4959 0
1713634160210 -0.5061 0
1713634167174 -0.4232 0
1713634174009 -0.4131 0
1713634180878 -0.4039 0
1713634187720 -0.3477 0
1713634194509 -0.3576 0
1713634201774 -0.4122 0
1713634208623 -0.4707 0
1713634220622 -0.4026 0
1713634227642 -0.4757 0
1713634234520 -0.3919 0
1713634241413 -0.479 0
1713634248283 -0.4405 0
1713634255537 -0.4071 0
1713634262414 -0.5603 0
1713634269274 -0.4532 0
1713634276180 -0.5225 0
1713634283056 -0.452 0
1713634289947 -0.4719 0
1713634296795 -0.3789 0
1713634303678 -0.4846 0
1713634310995 -0.5522 0
1713634317883 -0.4549 0
1713634324722 -0.5051 0
1713634331653 -0.5475 0
1713634338489 -0.4517 0
1713634345369 -0.4406 0
1713634352282 -0.5315 0
1713634359188 -0.5677 0
1713634366069 -0.4562 0
1713634373477 -0.4543 0
1713634380394 -0.3432 0
1713634387270 -0.4957 0
1713634394161 -0.5272 0
1713634401051 -0.6073 0
1713634408030 -0.5094 0
1713634414977 -0.4148 0
1713634421871 -0.5469 0
1713634429231 -0.5156 0
1713634436174 -0.572 0
1713634443065 -0.4273 0
1713634455109 -0.48 0
1713634467021 -0.4653 0
1713634473861 -0.4789 0
1713634480713 -0.4472 0
1713634488030 -0.5896 0
1713634494865 -0.4761 0
1713634501730 -0.3821 0
1713634508749 -0.4384 0
1713634515641 -0.5235 0
1713634522449 -0.539 0
1713634529359 -0.5162 0
1713634536297 -0.4546 0
1713634543592 -0.5018 0
1713634550583 -0.5111 0
1713634557473 -0.4635 0
1713634564357 -0.473 0
1713634571281 -0.4221 0
1713634583187 -0.6267 0
1713634590100 -0.443 0
1713634597001 -0.5876 0
1713634604316 -0.5396 0
1713634611136 -0.4196 0
1713634618136 -0.4689 0
1713634625016 -0.5266 0
1713634631925 -0.4409 0
1713634638833 -0.4919 0
1713634645745 -0.4807 0
1713634652607 -0.5068 0
1713634659875 -0.4005 0
1713634671906 -0.4748 0
1713634683654 -0.4813 0
1713634690636 -0.5047 0
1713634697523 -0.4991 0
1713634704479 -0.458 0
1713634711376 -0.3718 0
1713634718669 -0.4961 0
1713634725544 -0.4157 0
1713634732413 -0.4949 0
1713634739448 -0.3921 0
1713634746330 -0.3981 0
1713634753233 -0.5437 0
1713634760094 -0.5305 0
1713634767001 -0.4703 0
1713634774309 -0.5282 0
1713634781304 -0.5336 0
1713634788228 -0.5781 0
1713634795111 -0.4846 0
1713634802004 -0.5498 0
1713634808899 -0.6041 0
1713634815867 -0.4342 0
1713634822767 -0.4116 0
1713634830108 -0.3958 0
1713634837060 -0.5304 0
1713634843933 -0.5353 0
1713634850870 -0.4748 0
1713634857773 -0.514 0
1713634864678 -0.5088 0
1713634871558 -0.532 0
1713634878529 -0.3777 0
1713634885910 -0.5858 0
1713634892842 -0.4786 0
1713634899849 -0.4162 0
1713634906805 -0.5931 0
1713634913681 -0.4698 0
1713634920563 -0.4388 0
1713634927477 -0.5401 0
1713634934447 -0.4367 0
1713634946583 -0.4683 0
1713634953452 -0.5583 0
1713634960295 -0.527 0
1713634967167 -0.5086 0
1713634974041 -0.5387 0
1713634981000 -0.4725 0
1713634987867 -0.472 0
1713634994841 -0.5269 0
1713635002147 -0.4944 0
1713635009047 -0.4624 0
1713635015925 -0.519 0
1713635022825 -0.521 0
1713635029736 -0.4882 0
1713635036630 -0.5305 0
1713635043489 -0.5736 0
1713635050459 -0.5096 0
1713635057767 -0.4502 0
1713635064652 -0.4587 0
1713635071511 -0.4876 0
1713635078403 -0.4981 0
1713635085320 -0.5128 0
1713635092410 -0.5319 0
1713635099272 -0.4868 0
1713635106145 -0.4999 0
1713635113481 -0.4672 0
1713635120427 -0.542 0
1713635127377 -0.5039 0
1713635134311 -0.5555 0
1713635141220 -0.4788 0
1713635148143 -0.529 0
1713635155000 -0.351 0
1713635161875 -0.5496 0
1713635169179 -0.4301 0
1713635176161 -0.4185 0
1713635183034 -0.4188 0
1713635189943 -0.5122 0
1713635196827 -0.5212 0
1713635203698 -0.4756 0
1713635210489 -0.4437 0
1713635217284 -0.5231 0
1713635224528 -0.5357 0
1713635231380 -0.4488 0
1713635238204 -0.4817 0
1713635245070 -0.5485 0
1713635251865 -0.5229 0
1713635258683 -0.5468 0
1713635265465 -0.3893 0
1713635272211 -0.5513 0
1713635279499 -0.355 0
1713635286285 -0.4933 0
1713635298125 -0.5285 0
1713635304970 -0.5218 0
1713635311811 -0.6048 0
1713635318742 -0.5246 0
1713635325609 -0.4295 0
1713635332486 -0.5766 0
1713635339759 -0.4956 0
1713635346629 -0.3813 0
1713635353481 -0.4509 0
1713635360306 -0.5467 0
1713635367125 -0.5245 0
1713635374068 -0.4336 0
1713635380944 -0.4724 0
1713635387768 -0.4879 0
1713635394627 -0.3923 0
1713635401911 -0.4684 0
1713635408707 -0.5182 0
1713635415551 -0.5062 0
1713635422437 -0.4763 0
1713635429308 -0.515 0
1713635436129 -0.5593 0
1713635442925 -0.5327 0
1713635449793 -0.5062 0
1713635457061 -0.5023 0
1713635463903 -0.5496 0
1713635470823 -0.4396 0
1713635477709 -0.5253 0
1713635484563 -0.3929 0
1713635491424 -0.5435 0
1713635498391 -0.4174 0
1713635505238 -0.4528 0
1713635512499 -0.5089 0
1713635519389 -0.5351 0
1713635526229 -0.4383 0
1713635533079 -0.5005 0
1713635539959 -0.5618 0
1713635546811 -0.3841 0
1713635553675 -0.5033 0
1713635560492 -0.5108 0
1713635567635 -0.5878 0
1713635574498 -0.4776 0
1713635581357 -0.6195 0
1713635588202 -0.5432 0
1713635595120 -0.5003 0
1713635602009 -0.5095 0
1713635608868 -0.4629 0
1713635615793 -0.4665 0
1713635622727 -0.5578 0
1713635629996 -0.4536 0
1713635636921 -0.4271 0
1713635649018 -0.5267 0
1713635655962 -0.4765 0
1713635662877 -0.5803 0
1713635669710 -0.511 0
1713635676598 -0.5677 0
1713635683786 -0.3409 0
1713635690654 -0.511 0
1713635697589 -0.479 0
1713635704498 -0.3367 0
1713635711364 -0.4073 0
1713635718379 -0.581 0
1713635725243 -0.3934 0
1713635732170 -0.5387 0
1713635739458 -0.5181 0
1713635746283 -0.4025 0
1713635753157 -0.5597 0
1713635760082 -0.39 0
1713635766945 -0.5472 0
1713635773903 -0.5159 0
1713635780764 -0.5216 0
1713635787718 -0.4684 0
1713635794639 -0.5558 0
1713635801938 -0.5515 0
1713635808819 -0.5543 0
1713635815698 -0.5015 0
1713635822597 -0.4872 0
1713635829478 -0.5877 0
1713635836391 -0.4514 0
1713635843355 -0.578 0
1713635850305 -0.5114 0
1713635857582 -0.4884 0
1713635864489 -0.5503 0
1713635871361 -0.4495 0
1713635878325 -0.5133 0
1713635885236 -0.5782 0
1713635892090 -0.4127 0
1713635898911 -0.4205 0
1713635905751 -0.4839 0
1713635912938 -0.5577 0
1713635919875 -0.4037 0
1713635926824 -0.5501 0
1713635933662 -0.5881 0
1713635940528 -0.5479 0
1713635947390 -0.4567 0
1713635954289 -0.4747 0
1713635961128 -0.5661 0
1713635967974 -0.6118 0
1713635975269 -0.5183 0
1713635982155 -0.4423 0
1713635989121 -0.4502 0
1713636001162 -0.594 0
1713636008080 -0.5023 0
1713636014996 -0.5527 0
1713636021829 -0.493 0
1713636029102 -0.5535 0
1713636036010 -0.5682 0
1713636042883 -0.4615 0
1713636049766 -0.5679 0
1713636056659 -0.3775 0
1713636063667 -0.411 0
1713636070567 -0.5161 0
1713636077479 -0.4153 0
1713636084784 -0.61 0
1713636091630 -0.5068 0
1713636098589 -0.5588 0
1713636105429 -0.588 0
1713636112287 -0.4353 0
1713636119184 -0.4583 0
1713636126082 -0.5426 0
1713636132926 -0.5711 0
1713636139767 -0.5277 0
1713636147066 -0.466 0
1713636153892 -0.6231 0
1713636160724 -0.5501 0
1713636167639 -0.4785 0
1713636174563 -0.5118 0
1713636181458 -0.5212 0
1713636188283 -0.4288 0
1713636195117 -0.5705 0
1713636202423 -0.4805 0
1713636209276 -0.6028 0
1713636216142 -0.4346 0
1713636223026 -0.5424 0
1713636229975 -0.4886 0
1713636236806 -0.4474 0
1713636243716 -0.4607 0
1713636250576 -0.4796 0
1713636257926 -0.3928 0
1713636264827 -0.4991 0
1713636271639 -0.4909 0
1713636278441 -0.4469 0
1713636285258 -0.4618 0
1713636292091 -0.5381 0
1713636299065 -0.5088 0
1713636305952 -0.5163 0
1713636312803 -0.5829 0
1713636320088 -0.5146 0
1713636326964 -0.4681 0
1713636333885 -0.4936 0
1713636340785 -0.4771 0
1713636352788 -0.4071 0
1713636359693 -0.4424 0
1713636366612 -0.4789 0
1713636374080 -0.5019 0
1713636381019 -0.4833 0
1713636387906 -0.5741 0
1713636394718 -0.5718 0
1713636401657 -0.5718 0
1713636408539 -0.5105 0
1713636415528 -0.5519 0
1713636422342 -0.6338 0
1713636429308 -0.4977 0
1713636436697 -0.4777 0
1713636443609 -0.5258 0
1713636450503 -0.4941 0
1713636457467 -0.5093 0
1713636464550 -0.5929 0
1713636471552 -0.5189 0
1713636478481 -0.5722 0
1713636485373 -0.5952 0
1713636492769 -0.5075 0
1713636499611 -0.4943 0
1713636506451 -0.5655 0
1713636513346 -0.6124 0
1713636520197 -0.4681 0
1713636527246 -0.6375 0
1713636534135 -0.551 0
1713636541009 -0.4996 0
1713636547870 -0.521 0
1713636555363 -0.5885 0
1713636562256 -0.4221 0
1713636569180 -0.5433 0
1713636576046 -0.5443 0
1713636582962 -0.5585 0
1713636589779 -0.5207 0
1713636596669 -0.485 0
1713636603672 -0.5474 0
1713636611163 -0.5449 0
1713636618103 -0.5259 0
1713636624935 -0.5048 0
1713636631812 -0.4803 0
1713636638700 -0.4278 0
1713636645631 -0.598 0
1713636652600 -0.5011 0
1713636659550 -0.5756 0
1713636666502 -0.5523 0
1713636673950 -0.4932 0
1713636680819 -0.6035 0
1713636687678 -0.5272 0
1713636694789 -0.4493 0
1713636706612 -0.5512 0
1713636713449 -0.6128 0
1713636720430 -0.5014 0
1713636727228 -0.4749 0
1713636734809 -0.5478 0
1713636741798 -0.4587 0
1713636748707 -0.5199 0
1713636755562 -0.6066 0
1713636762437 -0.5068 0
1713636769287 -0.5385 0
1713636776168 -0.4337 0
1713636782998 -0.4384 0
1713636790349 -0.5349 0
1713636797232 -0.3994 0
1713636804242 -0.4926 0
1713636811150 -0.4693 0
1713636817987 -0.543 0
1713636824905 -0.5363 0
1713636831788 -0.4322 0
1713636838653 -0.5477 0
1713636845567 -0.4701 0
1713636853105 -0.5161 0
1713636859932 -0.6162 0
1713636866788 -0.5111 0
1713636873632 -0.5052 0
1713636880522 -0.5254 0
1713636887323 -0.3879 0
1713636894286 -0.5508 0
1713636906777 -0.5777 0
1713636918668 -0.4932 0
1713636925536 -0.4518 0
1713636932449 -0.4596 0
1713636939299 -0.4329 0
1713636946183 -0.5068 0
1713636953087 -0.6216 0
1713636959971 -0.5973 0
1713636967209 -0.5238 0
1713636974102 -0.4801 0
1713636980936 -0.602 0
1713636987818 -0.5526 0
1713636994602 -0.4356 0
1713637001404 -0.4577 0
1713637008284 -0.4935 0
1713637015104 -0.6566 0
1713637021998 -0.505 0
1713637029298 -0.5021 0
1713637036177 -0.5252 0
1713637043167 -0.357 0
1713637049943 -0.5756 0
1713637056882 -0.4788 0
1713637068869 -0.5534 0
1713637075734 -0.4694 0
1713637082518 -0.5101 0
1713637089757 -0.5932 0
1713637096533 -0.5599 0
1713637103395 -0.4993 0
1713637110266 -0.5599 0
1713637117122 -0.5756 0
1713637124048 -0.5783 0
1713637130879 -0.555 0
1713637137741 -0.3558 0
1713637145204 -0.5692 0
1713637152149 -0.473 0
1713637159074 -0.5593 0
1713637165928 -0.5978 0
1713637172988 -0.6117 0
1713637179850 -0.571 0
1713637186825 -0.547 0
1713637193664 -0.5419 0
1713637201040 -0.4862 0
1713637207972 -0.5901 0
1713637214863 -0.4469 0
1713637221720 -0.5265 0
1713637228555 -0.514 0
1713637235397 -0.5446 0
1713637242309 -0.5078 0
1713637249251 -0.4972 0
1713637256472 -0.4901 0
1713637263321 -0.3797 0
1713637270178 -0.6065 0
1713637277004 -0.5868 0
1713637283838 -0.4767 0
1713637290640 -0.5877 0
1713637297493 -0.464 0
1713637304352 -0.4553 0
1713637311228 -0.5121 0
1713637318520 -0.545 0
1713637325418 -0.6013 0
1713637332269 -0.4865 0
1713637339197 -0.5122 0
1713637346070 -0.4262 0
1713637352911 -0.5759 0
1713637359750 -0.5297 0
1713637366596 -0.5274 0
1713637373927 -0.4777 0
1713637380785 -0.614 0
1713637387640 -0.5261 0
1713637394539 -0.5336 0
1713637401422 -0.4867 0
1713637408459 -0.4779 0
1713637420402 -0.5586 0
1713637427731 -0.6256 0
1713637434640 -0.5618 0
1713637441509 -0.5617 0
1713637448403 -0.5704 0
1713637455292 -0.4495 0
1713637462200 -0.4814 0
1713637469037 -0.5453 0
1713637475985 -0.5227 0
1713637482839 -0.448 0
1713637490203 -0.5725 0
1713637497024 -0.5183 0
1713637503869 -0.4925 0
1713637510713 -0.5012 0
1713637517552 -0.5264 0
1713637524466 -0.5809 0
1713637531367 -0.6237 0
1713637538279 -0.6052 0
1713637545521 -0.5094 0
1713637552450 -0.537 0
1713637559414 -0.5282 0
1713637566279 -0.4653 0
1713637573219 -0.49 0
1713637580089 -0.476 0
1713637587108 -0.5794 0
1713637594000 -0.6199 0
1713637601341 -0.6073 0
1713637608241 -0.5341 0
1713637615120 -0.589 0
1713637622129 -0.5194 0
1713637629051 -0.432 0
1713637636009 -0.4486 0
1713637642833 -0.5151 0
1713637649757 -0.4518 0
1713637657079 -0.5337 0
1713637663908 -0.534 0
1713637670899 -0.5064 0
1713637677759 -0.6494 0
1713637684818 -0.3729 0
1713637691799 -0.5002 0
1713637698706 -0.5232 0
1713637705615 -0.5194 0
1713637712447 -0.6258 0
1713637719810 -0.5363 0
1713637726683 -0.478 0
1713637733572 -0.5021 0
1713637740429 -0.55 0
1713637747284 -0.5646 0
1713637754266 -0.4653 0
1713637761106 -0.4877 0
1713637772972 -0.5482 0
1713637785431 -0.4616 0
1713637792318 -0.4899 0
1713637799198 -0.6088 0
1713637806030 -0.5188 0
1713637812961 -0.6288 0
1713637819881 -0.4993 0
1713637826754 -0.6227 0
1713637833593 -0.5291 0
1713637840872 -0.4603 0
1713637847815 -0.4906 0
1713637854708 -0.5543 0
1713637861567 -0.5437 0
1713637868429 -0.6352 0
1713637875335 -0.3928 0
1713637882231 -0.4557 0
1713637889100 -0.5328 0
1713637896380 -0.5074 0
1713637903304 -0.5041 0
1713637910121 -0.4985 0
1713637917023 -0.4578 0
1713637923909 -0.5987 0
1713637930811 -0.546 0
1713637937696 -0.5236 0
1713637944674 -0.5641 0
1713637952000 -0.5442 0
1713637958921 -0.498 0
1713637965890 -0.4983 0
1713637972785 -0.5453 0
1713637979678 -0.6001 0
1713637986579 -0.5435 0
1713637998516 -0.3947 0
1713638010522 -0.5385 0
1713638022734 -0.4446 0
1713638034573 -0.5295 0
1713638046632 -0.5502 0
1713638053540 -0.538 0
1713638060483 -0.3825 0
1713638067350 -0.4238 0
1713638074206 -0.5355 0
1713638081469 -0.5554 0
1713638088400 -0.4623 0
1713638095245 -0.5783 0
1713638102134 -0.4751 0
1713638108997 -0.5786 0
1713638115861 -0.5633 0
1713638122733 -0.5329 0
1713638129464 -0.4605 0
1713638136697 -0.4929 0
1713638143490 -0.5856 0
1713638155480 -0.6145 0
1713638162172 -0.4821 0
1713638169031 -0.5814 0
1713638175771 -0.6373 0
1713638182565 -0.6351 0
1713638189307 -0.5536 0
1713638196020 -0.6175 0
1713638203209 -0.4442 0
1713638210006 -0.556 0
1713638216857 -0.4788 0
1713638223540 -0.5396 0
1713638230259 -0.4328 0
1713638237110 -0.5101 0
1713638243897 -0.5869 0
1713638250635 -0.5286 0
1713638257458 -0.5582 0
1713638264742 -0.5925 0
1713638271545 -0.4762 0
1713638278341 -0.5735 0
1713638285182 -0.6399 0
1713638291916 -0.4786 0
1713638298690 -0.5354 0
1713638305428 -0.5374 0
1713638312250 -0.4617 0
1713638318991 -0.6079 0
1713638326246 -0.5316 0
1713638332996 -0.4846 0
1713638339724 -0.5279 0
1713638346462 -0.6198 0
1713638353190 -0.4989 0
1713638359935 -0.5868 0
1713638366679 -0.5021 0
1713638373388 -0.467 0
1713638380082 -0.5071 0
1713638387308 -0.481 0
1713638394186 -0.6087 0
1713638400972 -0.6136 0
1713638407827 -0.5218 0
1713638414587 -0.638 0
1713638421325 -0.4891 0
1713638428038 -0.5574 0
1713638434817 -0.5135 0
1713638441871 -0.523 0
1713638448616 -0.6096 0
1713638455325 -0.4438 0
1713638462119 -0.3822 0
1713638468889 -0.4799 0
1713638475687 -0.6103 0
1713638482578 -0.4588 0
1713638489395 -0.5286 0
1713638501118 -0.5235 0
1713638508242 -0.5658 0
1713638515019 -0.5474 0
1713638521761 -0.5463 0
1713638528529 -0.6358 0
1713638535281 -0.4687 0
1713638542054 -0.4771 0
1713638548798 -0.579 0
1713638555591 -0.5819 0
1713638562314 -0.3943 0
1713638569474 -0.5146 0
1713638576197 -0.5902 0
1713638582936 -0.5187 0
1713638589652 -0.486 0
1713638596371 -0.6579 0
1713638603084 -0.5655 0
1713638609797 -0.4179 0
1713638616497 -0.5412 0
1713638623290 -0.5493 0
1713638630506 -0.5388 0
1713638637246 -0.5545 0
1713638643987 -0.5391 0
1713638650841 -0.5808 0
1713638657535 -0.5727 0
1713638664240 -0.5032 0
1713638670994 -0.491 0
1713638677713 -0.5069 0
1713638684411 -0.5323 0
1713638691607 -0.5399 0
1713638698335 -0.6082 0
1713638705060 -0.5544 0
1713638711884 -0.5954 0
1713638718622 -0.5146 0
1713638725341 -0.5029 0
1713638732083 -0.5349 0
1713638738792 -0.5549 0
1713638745812 -0.5282 0
1713638752568 -0.6046 0
1713638759285 -0.5139 0
1713638765980 -0.5906 0
1713638772889 -0.4752 0
1713638779789 -0.6672 0
1713638786604 -0.5356 0
1713638793355 -0.5529 0
1713638800090 -0.5891 0
1713638807245 -0.4717 0
1713638814004 -0.6006 0
1713638820777 -0.5594 0
1713638827463 -0.4176 0
1713638834195 -0.5819 0
1713638846045 -0.5471 0
1713638852840 -0.4434 0
1713638859521 -0.5909 0
1713638866262 -0.5262 0
1713638873408 -0.5498 0
1713638880126 -0.4696 0
1713638886874 -0.6041 0
1713638893560 -0.6116 0
1713638900283 -0.5491 0
1713638907008 -0.5283 0
1713638913760 -0.5863 0
1713638920515 -0.4912 0
1713638927299 -0.5203 0
1713638934494 -0.5936 0
1713638941262 -0.6169 0
1713638947997 -0.4863 0
1713638954751 -0.5729 0
1713638961467 -0.5894 0
1713638968236 -0.5638 0
1713638975037 -0.5001 0
1713638981848 -0.5426 0
1713638988591 -0.5279 0
1713638995826 -0.4336 0
1713639002598 -0.3957 0
1713639009392 -0.5407 0
1713639016113 -0.6099 0
1713639022824 -0.4712 0
1713639029494 -0.4901 0
1713639036311 -0.4751 0
1713639043010 -0.5557 0
1713639049832 -0.4189 0
1713639057013 -0.5017 0
1713639063706 -0.488 0
1713639070501 -0.4495 0
1713639077334 -0.5182 0
1713639084075 -0.5566 0
1713639090776 -0.546 0
1713639097512 -0.534 0
1713639104393 -0.4747 0
1713639111180 -0.6227 0
1713639118427 -0.5855 0
1713639125126 -0.429 0
1713639131917 -0.4619 0
1713639138677 -0.6127 0
1713639145390 -0.5037 0
1713639152130 -0.4714 0
1713639158902 -0.4906 0
1713639165722 -0.5769 0
1713639172664 -0.547 0
1713639179786 -0.4801 0
1713639191696 -0.5684 0
1713639198419 -0.5688 0
1713639205161 -0.6114 0
1713639211866 -0.5769 0
1713639218570 -0.5196 0
1713639225250 -0.4723 0
1713639231905 -0.6015 0
1713639239014 -0.5859 0
1713639245789 -0.5888 0
1713639252536 -0.5775 0
1713639259269 -0.465 0
1713639266050 -0.6452 0
1713639272843 -0.6312 0
1713639279645 -0.584 0
1713639286431 -0.5889 0
1713639293228 -0.4366 0
1713639300511 -0.5193 0
1713639307286 -0.4829 0
1713639314050 -0.4697 0
1713639320787 -0.6396 0
1713639327606 -0.6688 0
1713639334372 -0.5457 0
1713639341106 -0.6237 0
1713639347848 -0.5101 0
1713639354543 -0.4773 0
1713639361714 -0.4846 0
1713639368461 -0.5916 0
1713639375171 -0.4642 0
1713639381849 -0.4656 0
1713639388574 -0.612 0
1713639395334 -0.5828 0
1713639402028 -0.5478 0
1713639408851 -0.5486 0
1713639415605 -0.5886 0
1713639422810 -0.517 0
1713639429603 -0.5527 0
1713639436330 -0.6127 0
1713639443070 -0.6669 0
1713639449845 -0.5308 0
1713639456673 -0.6528 0
1713639463539 -0.5414 0
1713639470270 -0.6107 0
1713639477129 -0.6276 0
1713639483845 -0.5084 0
1713639491451 -0.5691 0
1713639498211 -0.6349 0
1713639504970 -0.5607 0
1713639511705 -0.5924 0
1713639518567 -0.6314 0
1713639525268 -0.5398 0
1713639536968 -0.4932 0
1713639543809 -0.5855 0
1713639551028 -0.6656 0
1713639557750 -0.5759 0
1713639564518 -0.5392 0
1713639571327 -0.5047 0
1713639578079 -0.5592 0
1713639584832 -0.5635 0
1713639591527 -0.5286 0
1713639598239 -0.5671 0
1713639604929 -0.6692 0
1713639612410 -0.5147 0
1713639619286 -0.5074 0
1713639626046 -0.5228 0
1713639632853 -0.501 0
1713639639567 -0.5348 0
1713639646341 -0.5633 0
1713639653057 -0.5635 0
1713639659787 -0.5082 0
1713639666513 -0.4867 0
1713639673232 -0.5308 0
1713639680411 -0.6121 0
1713639687136 -0.5959 0
1713639693886 -0.516 0
1713639700689 -0.5349 0
1713639707469 -0.5562 0
1713639714208 -0.5009 0
1713639720964 -0.4749 0
1713639727720 -0.6477 0
1713639734420 -0.4684 0
1713639741689 -0.4488 0
1713639748540 -0.5516 0
1713639755272 -0.5626 0
1713639762008 -0.555 0
1713639768745 -0.5896 0
1713639775491 -0.5763 0
1713639782153 -0.6113 0
1713639788862 -0.6226 0
1713639795657 -0.5251 0
1713639802860 -0.4204 0
1713639809682 -0.6462 0
1713639816607 -0.5914 0
1713639828444 -0.4524 0
1713639835224 -0.5482 0
1713639841982 -0.4469 0
1713639848704 -0.5336 0
1713639855441 -0.5477 0
1713639862163 -0.6015 0
1713639869349 -0.5248 0
1713639876118 -0.654 0
1713639887965 -0.5896 0
1713639894696 -0.5623 0
1713639901424 -0.5279 0
1713639908151 -0.513 0
1713639914870 -0.6277 0
1713639921609 -0.5471 0
1713639928283 -0.4649 0
1713639935487 -0.5925 0
1713639942244 -0.5907 0
1713639948941 -0.6036 0
1713639955672 -0.6025 0
1713639962363 -0.5394 0
1713639969268 -0.5898 0
1713639976072 -0.596 0
1713639982781 -0.5796 0
1713639989544 -0.5501 0
1713639996674 -0.5357 0
1713640003377 -0.6538 0
1713640010054 -0.4935 0
1713640016819 -0.6055 0
1713640023545 -0.5906 0
1713640030254 -0.5239 0
1713640037186 -0.6237 0
1713640043900 -0.5775 0
1713640050680 -0.4934 0
1713640057385 -0.6035 0
1713640064580 -0.5968 0
1713640071311 -0.5966 0
1713640078027 -0.6491 0
1713640084724 -0.4415 0
1713640091461 -0.4481 0
1713640098288 -0.6582 0
1713640105012 -0.5844 0
1713640111796 -0.4835 0
1713640118615 -0.5094 0
1713640125770 -0.5838 0
1713640132481 -0.6571 0
1713640139165 -0.6427 0
1713640145902 -0.5707 0
1713640152684 -0.6303 0
1713640159479 -0.4985 0
1713640166296 -0.5275 0
1713640173129 -0.6129 0
1713640179835 -0.6483 0
1713640187021 -0.5327 0
1713640193837 -0.4859 0
1713640200750 -0.6317 0
1713640207545 -0.5913 0
1713640214304 -0.5138 0
1713640221050 -0.4424 0
1713640233052 -0.4867 0
1713640239832 -0.5247 0
1713640246534 -0.6177 0
1713640253727 -0.5798 0
1713640260466 -0.6392 0
1713640267204 -0.5137 0
1713640273990 -0.5928 0
1713640280726 -0.4921 0
1713640287449 -0.5742 0
1713640294226 -0.5529 0
1713640301107 -0.5411 0
1713640307879 -0.4795 0
1713640315047 -0.5455 0
1713640321841 -0.4821 0
1713640328670 -0.5451 0
1713640335461 -0.6713 0
1713640342229 -0.5768 0
1713640348989 -0.5922 0
1713640355736 -0.5558 0
1713640362454 -0.6316 0
1713640369194 -0.6266 0
1713640376415 -0.4758 0
1713640383224 -0.6743 0
1713640389994 -0.6081 0
1713640396813 -0.659 0
1713640403512 -0.4671 0
1713640410281 -0.571 0
1713640417051 -0.6389 0
1713640423784 -0.5917 0
1713640430486 -0.6522 0
1713640437238 -0.5983 0
1713640444398 -0.64 0
1713640451200 -0.5142 0
1713640457948 -0.5453 0
1713640464741 -0.6695 0
1713640471469 -0.5543 0
1713640478264 -0.6505 0
1713640485043 -0.5115 0
1713640491860 -0.5179 0
1713640498584 -0.6187 0
1713640505806 -0.6071 0
1713640512606 -0.5756 0
1713640519386 -0.5475 0
1713640526160 -0.5565 0
1713640532918 -0.6082 0
1713640539647 -0.6816 0
1713640546481 -0.5625 0
1713640553372 -0.4291 0
1713640560217 -0.6529 0
1713640567416 -0.6498 0
1713640579482 -0.6189 0
