1716184588562 34.43 0
1716184604864 11.63 0
1716184622371 11.54 0
1716184637064 12.26 0
1716184654814 11.66 0
1716184672537 11.63 0
1716184690387 11.82 0
1716184708924 11.83 0
1716184723117 11.71 0
1716184741182 11.89 0
1716184759243 11.81 0
1716184777068 11.89 0
1716184794676 11.72 0
1716184812383 11.74 0
1716184830274 11.94 0
1716184848084 11.78 0
1716184866119 12.06 0
1716184885943 12.0 0
1716184903897 11.94 0
1716184921746 11.77 0
1716184939746 12.03 0
1716184958684 12.23 0
1716184976825 11.93 0
1716184994752 11.97 0
1716185012813 11.83 0
1716185030570 11.79 0
1716185048695 11.87 0
1716185066424 11.84 0
1716185084438 11.79 0
1716185102666 12.01 0
1716185120390 11.93 0
1716185138382 11.79 0
1716185156210 11.89 0
1716185174100 11.96 0
1716185191730 11.76 0
1716185210011 11.88 0
1716185228135 11.86 0
1716185246149 11.95 0
1716185263992 11.9 0
1716185282051 12.08 0
1716185300215 11.95 0
1716185317817 11.75 0
1716185335465 11.9 0
1716185353676 11.95 0
1716185372052 12.09 0
1716185391559 11.85 0
1716185409541 12.11 0
1716185428908 12.06 0
1716185446685 11.99 0
1716185464598 12.07 0
1716185484375 11.9 0
1716185502573 11.96 0
1716185520465 12.0 0
1716185538834 11.87 0
1716185557167 11.91 0
1716185574917 11.82 0
1716185592877 12.0 0
1716185607361 12.18 0
1716185625736 11.91 0
1716185644126 11.83 0
1716185661818 11.81 0
1716185676110 11.9 0
1716185690234 11.72 0
1716185708008 11.91 0
1716185726398 12.1 0
1716185744181 11.79 0
1716185762288 11.78 0
1716185780374 11.91 0
1716185798918 11.96 0
1716185816552 11.69 0
1716185831364 11.95 0
1716185845573 11.8 0
1716185859816 11.86 0
1716185874290 12.04 0
1716185888598 11.94 0
1716185906734 11.89 0
1716185925351 11.96 0
1716185944495 12.03 0
1716185962993 12.25 0
1716185981129 11.7 0
1716185999009 11.96 0
1716186017278 11.88 0
1716186031689 11.93 0
1716186046305 11.93 0
1716186064551 11.95 0
1716186082519 12.05 0
1716186100076 11.68 0
1716186118398 11.83 0
1716186136194 11.88 0
1716186153955 11.88 0
1716186168424 11.74 0
1716186186997 11.99 0
1716186205360 11.92 0
1716186219608 11.92 0
1716186237642 12.11 0
1716186255444 11.92 0
1716186273782 12.25 0
1716186292816 12.13 0
1716186310726 11.93 0
1716186325110 12.08 0
1716186346603 11.84 0
1716186364810 12.02 0
1716186382980 11.93 0
1716186401139 12.01 0
1716186418782 11.9 0
1716186433077 11.96 0
1716186447306 11.88 0
1716186461549 11.89 0
1716186476076 12.19 0
1716186494336 11.99 0
1716186508981 11.93 0
1716186527388 11.9 0
1716186541868 12.13 0
1716186556284 12.1 0
1716186570545 11.94 0
1716186584808 11.93 0
1716186599101 11.93 0
1716186613546 12.02 0
1716186628235 12.25 0
1716186642629 11.99 0
1716186657169 11.94 0
1716186671530 11.95 0
1716186689546 11.84 0
1716186707501 12.01 0
1716186725276 11.85 0
1716186743405 11.97 0
1716186757730 11.96 0
1716186775519 11.82 0
1716186793295 11.84 0
1716186807542 11.91 0
1716186825564 11.91 0
1716186843547 12.01 0
1716186858547 12.28 0
1716186872740 11.88 0
1716186890964 12.13 0
1716186905394 12.0 0
1716186919562 11.81 0
1716186937830 11.92 0
1716186955951 11.97 0
1716186974163 11.84 0
1716186992037 11.89 0
1716187010484 12.06 0
1716187028147 11.72 0
1716187046236 11.77 0
1716187064025 11.97 0
1716187078400 11.98 0
1716187093739 12.05 0
1716187108181 12.0 0
1716187122388 11.82 0
1716187137034 12.18 0
1716187155368 12.04 0
1716187169778 11.98 0
1716187184034 11.87 0
1716187198570 12.12 0
1716187213031 11.99 0
1716187227508 11.99 0
1716187241885 11.95 0
1716187256409 12.04 0
1716187270859 11.97 0
1716187288744 11.86 0
1716187306958 11.92 0
1716187325017 11.82 0
1716187339285 11.84 0
1716187357145 11.79 0
1716187371511 11.87 0
1716187385856 12.01 0
1716187400000 11.76 0
1716187417974 11.98 0
1716187432847 11.95 0
1716187447427 12.11 0
1716187461822 12.0 0
1716187476237 11.92 0
1716187490536 11.88 0
1716187504946 11.97 0
1716187519225 11.85 0
1716187534184 12.19 0
1716187548528 11.94 0
1716187562805 11.8 0
1716187577072 11.88 0
1716187591479 11.98 0
1716187606391 12.18 0
1716187620775 11.9 0
1716187635252 11.97 0
1716187650702 11.81 0
1716187665330 12.04 0
1716187679817 12.04 0
1716187697592 11.83 0
1716187715346 11.83 0
1716187733422 11.8 0
1716187747891 12.0 0
1716187762710 11.97 0
1716187780734 11.93 0
1716187795180 11.95 0
1716187809916 12.25 0
1716187827720 11.78 0
1716187846043 12.11 0
1716187864083 11.92 0
1716187882280 12.02 0
1716187900697 11.96 0
1716187918477 11.87 0
1716187939886 11.97 0
1716187958004 12.04 0
1716187972567 11.97 0
1716187987381 11.95 0
1716188002260 12.02 0
1716188020172 11.96 0
1716188037898 11.91 0
1716188055577 11.95 0
1716188069885 12.01 0
1716188084159 11.97 0
1716188102823 12.06 0
1716188117412 12.15 0
1716188132169 11.99 0
1716188146622 11.99 0
1716188161151 12.11 0
1716188175564 12.03 0
1716188190184 12.23 0
1716188204875 12.12 0
1716188219719 11.87 0
1716188233971 11.91 0
1716188251632 11.88 0
1716188265935 11.97 0
1716188281102 12.1 0
1716188298784 11.91 0
1716188316899 12.29 0
1716188334566 11.77 0
1716188353134 11.98 0
1716188367456 12.01 0
1716188385284 11.9 0
1716188403295 11.98 0
1716188421230 12.13 0
1716188435964 12.0 0
1716188453846 11.93 0
1716188467940 11.83 0
1716188482057 11.85 0
1716188496409 12.04 0
1716188511046 12.25 0
1716188525403 12.04 0
1716188539757 12.04 0
1716188554181 12.08 0
1716188568602 12.13 0
1716188583400 12.02 0
1716188597908 12.14 0
1716188612734 12.07 0
1716188627245 12.21 0
1716188641816 12.25 0
1716188656215 12.05 0
1716188670618 12.01 0
1716188685802 12.23 0
1716188700382 11.82 0
1716188720527 12.1 0
1716188734925 12.03 0
1716188749227 11.94 0
1716188763458 11.86 0
1716188777768 11.89 0
1716188792496 12.19 0
1716188807874 12.12 0
1716188822519 11.86 0
1716188836785 11.9 0
1716188851262 12.12 0
1716188865460 11.84 0
1716188879728 11.94 0
1716188894123 12.01 0
1716188908533 11.95 0
1716188923204 12.23 0
1716188938052 11.94 0
1716188956097 12.08 0
1716188974094 12.07 0
1716188988402 11.9 0
1716189006120 11.74 0
1716189023857 11.82 0
1716189038299 12.08 0
1716189056332 11.74 0
1716189070905 11.96 0
1716189085232 11.97 0
1716189103100 12.05 0
1716189117566 12.06 0
1716189132168 12.1 0
1716189146905 12.3 0
1716189161433 11.93 0
1716189179521 12.07 0
1716189197338 11.88 0
1716189211574 11.91 0
1716189225908 11.96 0
1716189240235 11.99 0
1716189254601 12.03 0
1716189269049 12.13 0
1716189284162 12.01 0
1716189298361 11.8 0
1716189313034 12.28 0
1716189327571 12.13 0
1716189341872 11.88 0
1716189356110 11.86 0
1716189370965 12.02 0
1716189385327 11.95 0
1716189400231 12.08 0
1716189414647 11.84 0
1716189428832 11.8 0
1716189443276 12.03 0
1716189457549 11.9 0
1716189475406 11.85 0
1716189490476 12.01 0
1716189504662 11.82 0
1716189519064 12.0 0
1716189533532 12.02 0
1716189547809 11.94 0
1716189562183 11.98 0
1716189576552 11.99 0
1716189590715 11.84 0
1716189605610 11.91 0
1716189620242 11.84 0
1716189634787 12.15 0
1716189649195 12.03 0
1716189663759 12.08 0
1716189678316 12.08 0
1716189692878 12.15 0
1716189707415 12.03 0
1716189722611 12.23 0
1716189737067 12.03 0
1716189752141 12.25 0
1716189766335 11.79 0
1716189780491 11.75 0
1716189794998 11.83 0
1716189809398 11.91 0
1716189823805 11.94 0
1716189839202 12.3 0
1716189854144 11.95 0
1716189868612 12.04 0
1716189883124 12.14 0
1716189898178 12.06 0
1716189916098 11.76 0
1716189934666 11.88 0
1716189953310 12.09 0
1716189969085 12.31 0
1716189988754 11.86 0
1716190006801 12.0 0
1716190021115 11.89 0
1716190035562 12.02 0
1716190049889 11.89 0
1716190064767 12.03 0
1716190079388 12.17 0
1716190096568 12.0 0
1716190111116 12.12 0
1716190125676 12.14 0
1716190140219 12.17 0
1716190158406 12.2 0
1716190173502 12.28 0
1716190190414 12.66 0
1716190204844 11.83 0
1716190219176 11.89 0
1716190236919 11.84 0
1716190251811 12.53 0
1716190266133 11.93 0
1716190280800 12.13 0
1716190295066 11.9 0
1716190309532 12.05 0
1716190323943 11.99 0
1716190338617 12.17 0
1716190352826 11.81 0
1716190367135 11.86 0
1716190381593 12.04 0
1716190396364 11.97 0
1716190410879 12.01 0
1716190425274 11.94 0
1716190439663 12.0 0
1716190454052 11.93 0
1716190472195 11.98 0
1716190490237 12.04 0
1716190508720 11.95 0
1716190523041 11.84 0
1716190537525 12.04 0
1716190552090 12.08 0
1716190570124 12.02 0
1716190587921 11.86 0
1716190605885 11.94 0
1716190623727 11.83 0
1716190638141 12.01 0
1716190652461 11.87 0
1716190667032 12.07 0
1716190685041 12.04 0
1716190703703 12.06 0
1716190723656 11.96 0
1716190738100 11.98 0
1716190752427 11.84 0
1716190766943 12.06 0
1716190781556 12.13 0
1716190796434 12.43 0
1716190812455 12.1 0
1716190827294 11.92 0
1716190841958 12.16 0
1716190856382 11.93 0
1716190871022 12.16 0
1716190885408 11.92 0
1716190899929 12.04 0
1716190914287 11.91 0
1716190928841 12.12 0
1716190943661 11.83 0
1716190958066 11.95 0
1716190972579 12.09 0
1716190987054 12.01 0
1716191005103 12.03 0
1716191019593 12.03 0
1716191033982 11.97 0
1716191049110 11.92 0
1716191063480 11.88 0
1716191077910 11.92 0
1716191092527 12.01 0
1716191106892 11.83 0
1716191121367 12.04 0
1716191135819 11.95 0
1716191150679 12.25 0
1716191165263 11.99 0
1716191179596 11.96 0
1716191194002 11.99 0
1716191208158 11.85 0
1716191222565 12.08 0
1716191237008 11.92 0
1716191251557 12.13 0
1716191270272 11.86 0
1716191284585 11.95 0
1716191298900 11.94 0
1716191313143 11.9 0
1716191327354 11.87 0
1716191341590 11.86 0
1716191359452 11.85 0
1716191377310 11.95 0
1716191391622 11.98 0
1716191409447 11.84 0
1716191423746 11.96 0
1716191438046 12.01 0
1716191452245 11.87 0
1716191466465 11.88 0
1716191480825 11.96 0
1716191499215 11.99 0
1716191513638 11.94 0
1716191531673 12.06 0
1716191546106 12.01 0
1716191563810 12.08 0
1716191578131 11.94 0
1716191592562 11.99 0
1716191607202 11.88 0
1716191621745 12.03 0
1716191636131 11.96 0
1716191650382 11.87 0
1716191664660 11.94 0
1716191679005 12.04 0
1716191693214 11.92 0
1716191707638 12.12 0
1716191722302 11.95 0
1716191736554 11.94 0
1716191754326 11.84 0
1716191768416 11.8 0
1716191782635 11.94 0
1716191797013 12.03 0
1716191811065 11.76 0
1716191825270 11.88 0
1716191839678 12.09 0
1716191853863 11.87 0
1716191868050 11.89 0
1716191882408 11.74 0
1716191896633 11.93 0
1716191910813 11.9 0
1716191925272 12.12 0
1716191939802 12.12 0
1716191954475 11.94 0
1716191969242 12.0 0
1716191983820 12.21 0
1716191997997 11.86 0
1716192012241 11.96 0
1716192026688 12.09 0
1716192040968 11.94 0
1716192055310 12.03 0
1716192069662 11.95 0
1716192084221 12.19 0
1716192098487 11.93 0
1716192112755 11.95 0
1716192127035 11.85 0
1716192141241 11.88 0
1716192155567 11.96 0
1716192169874 12.0 0
1716192184089 11.91 0
1716192198813 12.27 0
1716192213193 12.05 0
1716192227467 11.93 0
1716192241662 11.91 0
1716192256049 12.07 0
1716192270892 11.98 0
1716192285335 11.88 0
1716192299572 11.92 0
1716192314081 12.11 0
1716192328354 11.95 0
1716192342489 11.81 0
1716192356762 11.94 0
1716192371225 12.1 0
1716192385704 11.89 0
1716192399976 11.92 0
1716192414319 12.03 0
1716192428727 11.96 0
1716192443713 11.94 0
1716192458136 12.04 0
1716192476448 11.86 0
1716192490953 12.07 0
1716192505202 11.92 0
1716192519510 11.93 0
1716192533971 12.09 0
1716192548888 12.1 0
1716192564087 11.94 0
1716192581967 11.85 0
1716192599943 12.0 0
1716192614561 12.03 0
1716192632645 12.03 0
1716192646974 11.83 0
1716192661757 12.03 0
1716192676114 11.99 0
1716192690388 11.95 0
1716192704519 11.81 0
1716192719060 12.12 0
1716192737390 11.97 0
1716192755455 11.88 0
1716192769871 12.07 0
1716192784297 11.95 0
1716192798671 11.92 0
1716192813055 11.92 0
1716192827654 12.13 0
1716192842285 12.09 0
1716192856460 11.84 0
1716192870774 11.97 0
1716192885491 12.39 0
1716192899657 11.82 0
1716192913910 11.92 0
1716192928346 12.06 0
1716192942620 11.93 0
1716192956890 11.86 0
1716192971514 12.08 0
1716192985945 12.08 0
1716193000528 12.22 0
1716193014887 12.04 0
1716193029374 12.05 0
1716193043666 11.92 0
1716193058029 11.99 0
1716193072525 11.84 0
1716193087045 12.0 0
1716193101278 11.85 0
1716193115893 12.28 0
1716193130241 12.01 0
1716193144521 11.82 0
1716193158750 11.86 0
1716193173051 11.92 0
1716193187244 11.86 0
1716193205949 11.98 0
1716193227948 12.13 0
1716193246739 11.88 0
1716193264586 12.0 0
1716193279167 11.92 0
1716193293528 11.93 0
1716193307956 12.05 0
1716193322555 12.15 0
1716193337416 12.45 0
1716193355958 12.23 0
1716193373800 11.96 0
1716193388010 11.79 0
1716193402137 11.73 0
1716193416729 12.17 0
1716193432044 12.17 0
1716193446735 11.9 0
1716193461287 12.12 0
1716193475844 11.84 0
1716193490132 11.95 0
1716193504479 12.0 0
1716193518876 12.01 0
1716193533389 12.17 0
1716193547723 11.99 0
1716193562102 11.98 0
1716193578157 12.13 0
1716193592654 12.1 0
1716193607109 12.03 0
1716193621516 12.04 0
1716193635933 12.02 0
1716193650120 11.83 0
1716193664625 12.05 0
1716193679478 12.27 0
1716193694249 12.36 0
1716193709009 12.01 0
1716193723173 11.78 0
1716193737652 12.13 0
1716193752252 12.02 0
1716193766527 11.9 0
1716193780844 11.95 0
1716193795702 12.04 0
1716193810070 11.97 0
1716193824480 12.06 0
1716193838935 12.08 0
1716193853294 11.94 0
1716193867582 11.86 0
1716193882079 12.0 0
1716193896402 11.84 0
1716193911177 12.36 0
1716193925731 12.08 0
1716193940095 11.92 0
1716193954549 12.07 0
1716193972630 11.91 0
1716193986906 11.92 0
1716194001422 12.1 0
1716194015746 11.93 0
1716194034125 11.97 0
1716194048589 11.89 0
1716194062996 11.95 0
1716194077238 11.85 0
1716194091651 12.01 0
1716194105877 11.85 0
1716194119986 11.79 0
1716194134951 12.06 0
1716194150290 11.87 0
1716194164513 11.85 0
1716194179230 12.28 0
1716194193443 11.82 0
1716194207729 11.91 0
1716194221900 11.8 0
1716194236262 11.95 0
1716194250991 11.88 0
1716194265344 11.96 0
1716194279585 11.88 0
1716194293924 11.89 0
1716194308127 11.89 0
1716194322333 11.82 0
1716194336509 11.82 0
1716194354428 11.91 0
1716194372861 11.9 0
1716194387726 12.18 0
1716194402056 11.99 0
1716194416362 11.86 0
1716194430582 11.88 0
1716194444900 11.88 0
1716194459080 11.81 0
1716194473638 12.23 0
1716194487912 11.9 0
1716194502476 12.1 0
1716194520327 11.79 0
1716194534442 11.7 0
1716194548892 12.03 0
1716194567199 11.82 0
1716194585990 11.81 0
1716194600200 11.86 0
1716194614506 11.95 0
1716194628924 12.05 0
1716194643218 11.9 0
1716194657578 11.79 0
1716194671816 11.87 0
1716194686640 12.43 0
1716194701118 12.06 0
1716194719513 12.03 0
1716194733795 11.89 0
1716194748053 11.88 0
1716194762343 11.88 0
1716194776710 11.97 0
1716194791075 11.98 0
1716194805924 12.05 0
1716194820339 11.96 0
1716194834508 11.81 0
1716194848808 11.93 0
1716194863087 11.93 0
1716194877307 11.85 0
1716194891560 11.9 0
1716194906025 12.09 0
1716194920697 11.86 0
1716194934921 11.85 0
1716194949438 12.12 0
1716194964034 12.08 0
1716194978453 11.99 0
1716194992879 11.92 0
1716195007467 12.16 0
1716195021734 11.84 0
1716195036493 11.91 0
1716195051299 12.12 0
1716195065877 12.01 0
1716195080686 12.43 0
1716195095102 11.94 0
1716195109604 12.0 0
1716195123991 11.92 0
1716195138510 11.99 0
1716195153444 11.97 0
1716195168077 12.0 0
1716195182435 11.9 0
1716195197004 12.12 0
1716195211900 12.1 0
1716195226326 11.98 0
1716195240861 12.02 0
1716195255824 12.46 0
1716195270325 11.98 0
1716195284695 11.85 0
1716195298930 11.81 0
1716195313322 12.0 0
1716195327675 11.87 0
1716195342167 12.0 0
1716195356614 12.05 0
1716195371911 12.31 0
1716195386517 12.0 0
1716195401015 12.02 0
1716195415487 12.05 0
1716195430014 12.01 0
1716195449611 12.07 0
1716195464054 11.98 0
1716195478913 12.48 0
1716195493247 11.93 0
1716195507767 12.08 0
1716195522476 12.32 0
1716195537541 12.11 0
1716195551902 11.92 0
1716195566392 11.96 0
1716195580860 12.03 0
1716195596316 12.26 0
1716195611084 12.19 0
1716195625595 11.98 0
1716195640257 12.22 0
1716195654645 11.91 0
1716195669131 12.03 0
1716195684391 12.18 0
1716195698893 11.96 0
1716195714042 12.14 0
1716195728713 12.21 0
1716195743372 12.18 0
1716195758506 11.93 0
1716195773078 12.06 0
1716195787559 12.08 0
1716195802119 12.11 0
1716195816483 11.95 0
1716195832677 11.99 0
1716195847230 12.15 0
1716195861902 12.23 0
1716195876667 12.06 0
1716195891236 12.05 0
1716195906613 12.08 0
1716195920994 11.9 0
1716195935697 12.21 0
1716195950857 11.98 0
1716195965462 12.13 0
1716195980017 12.04 0
1716195994678 12.14 0
1716196009469 12.37 0
1716196023914 12.05 0
1716196038263 11.95 0
1716196053470 12.71 0
1716196067851 11.99 0
1716196082349 12.0 0
1716196097220 12.42 0
1716196111514 11.83 0
1716196126159 12.09 0
1716196141141 11.98 0
1716196155536 11.97 0
1716196170658 12.02 0
1716196188742 12.11 0
1716196203338 12.19 0
1716196217763 11.99 0
1716196232178 11.98 0
1716196246784 12.16 0
1716196261202 11.9 0
1716196275589 11.92 0
1716196290227 11.78 0
1716196304750 12.14 0
1716196319152 11.95 0
1716196333568 12.0 0
1716196348678 12.67 0
1716196363616 12.01 0
1716196378030 11.97 0
1716196396788 11.89 0
1716196414812 11.96 0
1716196433051 11.91 0
1716196447634 12.05 0
1716196462076 11.89 0
1716196476525 11.99 0
1716196491712 12.65 0
1716196506210 11.97 0
1716196520631 11.88 0
1716196535016 11.93 0
1716196549699 12.08 0
1716196564738 12.54 0
1716196579292 12.06 0
1716196593804 12.06 0
1716196609307 12.41 0
1716196623992 12.2 0
1716196638559 12.1 0
1716196653282 12.28 0
1716196667925 12.13 0
1716196682317 11.96 0
1716196697000 12.23 0
1716196711504 12.11 0
1716196726461 12.02 0
1716196740864 11.99 0
1716196755541 12.19 0
1716196770277 11.99 0
1716196784757 12.05 0
1716196799401 12.18 0
1716196813740 11.89 0
1716196828501 11.9 0
1716196843320 12.29 0
1716196858141 11.89 0
1716196872401 11.81 0
1716196887100 12.28 0
1716196901620 12.08 0
1716196916216 12.16 0
1716196934620 12.3 0
1716196949141 12.07 0
1716196963570 11.96 0
1716196978089 12.11 0
1716196993875 12.08 0
1716197008174 11.82 0
1716197022632 12.01 0
1716197036986 11.93 0
1716197051964 12.09 0
1716197066976 12.09 0
1716197081410 11.93 0
1716197095960 12.08 0
1716197110465 12.08 0
1716197125132 12.25 0
1716197139600 11.99 0
1716197154076 12.02 0
1716197169111 12.11 0
1716197183629 12.08 0
1716197198515 12.02 0
1716197216776 12.07 0
1716197231858 12.76 0
1716197249673 11.88 0
1716197264727 12.3 0
1716197279561 12.07 0
1716197293946 11.97 0
1716197308591 12.27 0
1716197327906 12.02 0
1716197345836 12.0 0
1716197363909 12.07 0
1716197381197 11.86 0
1716197399070 11.98 0
1716197416717 11.82 0
1716197431093 12.06 0
1716197445639 12.15 0
1716197460306 12.36 0
1716197474526 11.92 0
1716197489449 12.11 0
1716197503822 12.06 0
1716197518441 12.33 0
1716197532790 12.05 0
1716197547108 12.02 0
1716197561492 12.05 0
1716197575852 12.02 0
1716197590090 11.95 0
1716197605235 12.36 0
1716197619569 12.05 0
1716197634011 12.14 0
1716197648315 12.03 0
1716197662553 11.92 0
1716197676866 11.98 0
1716197694745 11.95 0
1716197709047 12.0 0
1716197723739 11.96 0
1716197738126 12.14 0
1716197752405 11.94 0
1716197766667 11.98 0
1716197781071 12.09 0
1716197796175 12.01 0
1716197810408 11.94 0
1716197824716 11.98 0
1716197839314 12.3 0
1716197853636 12.03 0
1716197868030 12.04 0
1716197882298 11.94 0
1716197896483 11.9 0
1716197910742 11.98 0
1716197925122 12.01 0
1716197940398 12.05 0
1716197955025 12.21 0
1716197969218 11.94 0
1716197983564 11.99 0
1716197997881 11.97 0
1716198012323 12.18 0
1716198026724 12.11 0
1716198041079 12.06 0
1716198055530 12.14 0
1716198069850 12.06 0
1716198085065 12.39 0
1716198099292 11.94 0
1716198113744 12.05 0
1716198128017 11.97 0
1716198142348 11.91 0
1716198156824 12.12 0
1716198171211 12.0 0
1716198185561 12.01 0
1716198200551 11.87 0
1716198214704 11.84 0
1716198228961 11.94 0
1716198243034 11.7 0
1716198257175 11.87 0
1716198271441 11.89 0
1716198285665 11.94 0
1716198300313 12.11 0
1716198315449 11.96 0
1716198329943 12.02 0
1716198344294 11.99 0
1716198358664 11.9 0
1716198372912 11.94 0
1716198387297 12.06 0
1716198401845 12.05 0
1716198420016 12.12 0
1716198435165 12.05 0
1716198449353 11.84 0
1716198463700 12.02 0
1716198477875 11.85 0
1716198492297 12.13 0
1716198506619 11.93 0
1716198520970 12.06 0
1716198535288 12.03 0
1716198549675 12.1 0
1716198564263 12.28 0
1716198578500 11.96 0
1716198592814 12.03 0
1716198607055 11.9 0
1716198621364 12.01 0
1716198635983 12.19 0
1716198650406 12.07 0
1716198665030 12.13 0
1716198679363 12.01 0
1716198693769 12.09 0
1716198708121 11.97 0
1716198722201 11.81 0
1716198736708 12.11 0
1716198751289 12.12 0
1716198765578 11.93 0
1716198779974 12.08 0
1716198795370 11.89 0
1716198809657 11.96 0
1716198824153 12.17 0
1716198838778 12.33 0
1716198853059 11.94 0
1716198867319 11.97 0
1716198881911 12.13 0
1716198896427 12.17 0
1716198911472 12.22 0
1716198925610 11.78 0
1716198940335 12.4 0
1716198955056 12.11 0
1716198969519 12.11 0
1716198984067 12.17 0
1716198998430 12.06 0
1716199012673 11.96 0
1716199027836 12.47 0
1716199042580 12.14 0
1716199057406 12.44 0
1716199071576 11.9 0
1716199085870 11.98 0
1716199101119 12.26 0
1716199115356 11.91 0
1716199129526 11.87 0
1716199148426 12.48 0
1716199163365 12.03 0
1716199177811 12.1 0
1716199192192 12.06 0
1716199206540 11.98 0
1716199220916 11.98 0
1716199235866 11.97 0
1716199250335 12.15 0
1716199265399 12.2 0
1716199279807 12.06 0
1716199294270 12.17 0
1716199309048 12.06 0
1716199323520 12.16 0
1716199337827 11.99 0
1716199352219 12.06 0
1716199366792 12.14 0
1716199381438 12.31 0
1716199395837 11.97 0
1716199410296 12.02 0
1716199424581 11.91 0
1716199439006 12.01 0
1716199453378 12.03 0
1716199468000 12.27 0
1716199482245 11.92 0
1716199496793 12.19 0
1716199511294 12.07 0
1716199525867 12.11 0
1716199540252 12.02 0
1716199554588 11.96 0
1716199569248 12.2 0
1716199583923 12.23 0
1716199598429 12.04 0
1716199613890 12.68 0
1716199628382 12.14 0
1716199642633 11.93 0
1716199656852 11.89 0
1716199671271 12.02 0
1716199685699 12.12 0
1716199700599 12.02 0
1716199714922 11.91 0
1716199729835 12.13 0
1716199744256 12.05 0
1716199758745 12.13 0
1716199773130 11.99 0
1716199787516 12.0 0
1716199802119 12.26 0
1716199816509 12.06 0
1716199830894 12.05 0
1716199845616 12.14 0
1716199860193 12.19 0
