1716184588540 0.0 0
1716184604842 0.002636098185691177 1
1716184622350 0.0 2
1716184637043 0.09676144855344743 3
1716184654792 0.05369030617094414 4
1716184672511 0.13553674349176723 5
1716184690351 0.18046242015606603 6
1716184708895 0.01766312897622041 7
1716184723094 0.4212622584564547 8
1716184741157 0.3065682173451314 9
1716184759221 0.45144496748015306 10
1716184777048 0.5463943605593123 11
1716184794654 0.3991261997888276 12
1716184812356 0.49206718052170656 13
1716184830252 0.5433738361586867 14
1716184848063 0.6204458771875639 15
1716184866096 0.624215960330956 16
1716184885922 0.6794030987264755 17
1716184903874 0.6843256839852324 18
1716184921716 0.6880451128537272 19
1716184939725 0.6846692980304766 20
1716184958649 0.6466231559749411 21
1716184976797 0.7482866418185034 22
1716184994721 0.7032752918090082 23
1716185012791 0.77228677410893 24
1716185030547 0.7662305709786793 25
1716185048673 0.8208104560648953 26
1716185066402 0.7649787610792383 27
1716185084416 0.7388947847848187 28
1716185102633 0.764127691582447 29
1716185120369 0.7734372039128958 30
1716185138351 0.76135395899741 31
1716185156190 0.7972253167319527 32
1716185174076 0.7844818365043639 33
1716185191708 0.8327120987412119 34
1716185209991 0.8184273703432626 35
1716185228113 0.7887099773938143 36
1716185246129 0.8309191655041269 37
1716185263963 0.8431165009080752 38
1716185282029 0.8405370765846198 39
1716185300194 0.830415771279195 40
1716185317795 0.8513530514613316 41
1716185335434 0.8301496788068897 42
1716185353654 0.8385452976776576 43
1716185372000 0.801058266667244 44
1716185391533 0.8404504162180375 45
1716185409519 0.8625679406507616 46
1716185428887 0.8535036524766332 47
1716185446659 0.8449397483526391 48
1716185464560 0.8406516494415429 49
1716185484352 0.845235727839268 50
1716185502547 0.8495904495980655 51
1716185520444 0.8725518626425487 52
1716185538813 0.861097569623604 53
1716185557146 0.8857736052589212 54
1716185574896 0.8656331489899385 55
1716185592854 0.8263848870644558 56
1716185607340 0.8658332546712106 57
1716185625709 0.8710195282149341 58
1716185644104 0.8633294073351898 59
1716185661796 0.8306190006082549 60
1716185676086 0.8493002855742032 61
1716185690214 0.8688349544729039 62
1716185707980 0.8869245655147463 63
1716185726376 0.8609254194957456 64
1716185744159 0.8669442016415895 65
1716185762253 0.8798125114184231 66
1716185780354 0.8747782672636143 67
1716185798893 0.863958903239598 68
1716185816533 0.834417557512927 69
1716185831344 0.8622076629610308 70
1716185845552 0.8466518099673532 71
1716185859787 0.8789322333714287 72
1716185874269 0.8484944923356714 73
1716185888575 0.8888796874932208 74
1716185906712 0.8828435304207468 75
1716185925329 0.8727456974331318 76
1716185944474 0.8831665986086975 77
1716185962960 0.8915570953324045 78
1716185981102 0.895242648473504 79
1716185998984 0.8989396122780092 80
1716186017246 0.8517926378779584 81
1716186031663 0.8814164739165541 82
1716186046285 0.8891079898571806 83
1716186064531 0.8850516476680675 84
1716186082499 0.8751018888658155 85
1716186100053 0.891742207969857 86
1716186118377 0.8879222067137555 87
1716186136173 0.8916930275975918 88
1716186153932 0.876248241567897 89
1716186168398 0.8835008595202262 90
1716186186974 0.8871094274615836 91
1716186205338 0.8753309476849814 92
1716186219587 0.8908548191304949 93
1716186237619 0.8830157410545741 94
1716186255422 0.8838643298759967 95
1716186273761 0.8902649375085834 96
1716186292796 0.8951473845567569 97
1716186310703 0.8786735357758696 98
1716186325087 0.8951662304087504 99
1716186346582 0.9032469840159649 100
1716186364789 0.8916958057250263 101
1716186382959 0.9088678796460297 102
1716186401117 0.9000156795102633 103
1716186418761 0.8812433431472951 104
1716186433053 0.884952800180641 105
1716186447285 0.8925364683961855 106
1716186461528 0.8981274794207508 107
1716186476053 0.9035803072288564 108
1716186494305 0.888762159803895 109
1716186508955 0.8993453129181281 110
1716186527366 0.8919097718084164 111
1716186541844 0.8853606764726413 112
1716186556262 0.853399743793033 113
1716186570524 0.8788316516727376 114
1716186584785 0.8797133523426796 115
1716186599079 0.8901580759817378 116
1716186613525 0.8988102399555009 117
1716186628215 0.9038672822412664 118
1716186642607 0.8929668358759671 119
1716186657148 0.9077245331358963 120
1716186671509 0.9039110924781685 121
1716186689525 0.8996323945110443 122
1716186707481 0.912311529407431 123
1716186725253 0.9073701132058121 124
1716186743384 0.8845572071278367 125
1716186757710 0.9079650015760706 126
1716186775497 0.9071366093689625 127
1716186793270 0.8947618681097321 128
1716186807521 0.9124029771301618 129
1716186825540 0.9004224536071627 130
1716186843523 0.8789501144700552 131
1716186858524 0.9168585643632182 132
1716186872719 0.9114173673685042 133
1716186890936 0.8984935674437201 134
1716186905373 0.8981661669363167 135
1716186919537 0.9127941930752845 136
1716186937808 0.9089346759041387 137
1716186955911 0.9148478336175275 138
1716186974137 0.9081971098074247 139
1716186992018 0.9072754568652917 140
1716187010463 0.907623653055256 141
1716187028118 0.913329933760472 142
1716187046214 0.9115255002479179 143
1716187064004 0.8991216855573464 144
1716187078378 0.8918307858855297 145
1716187093713 0.8898583217194057 146
1716187108160 0.8962097858297393 147
1716187122365 0.9031789565904323 148
1716187137007 0.9085169708966306 149
1716187155347 0.9072735571169486 150
1716187169757 0.8982141975480341 151
1716187184010 0.9086979787679269 152
1716187198546 0.9086775517174345 153
1716187213006 0.895428371127629 154
1716187227486 0.9111272730930732 155
1716187241864 0.9164870842705609 156
1716187256354 0.9101579296816311 157
1716187270836 0.9162764689861311 158
1716187288723 0.906799008561857 159
1716187306935 0.9247983893860616 160
1716187324996 0.8982772865899896 161
1716187339262 0.9208664819263022 162
1716187357124 0.8988655800101872 163
1716187371491 0.9137604459396127 164
1716187385835 0.9110384257318556 165
1716187399978 0.9163177120209176 166
1716187417953 0.9038937399107786 167
1716187432817 0.9050578510257967 168
1716187447406 0.8997221677176687 169
1716187461786 0.9031487925918733 170
1716187476215 0.9018001419665181 171
1716187490509 0.9018524594053262 172
1716187504914 0.9043353829332349 173
1716187519197 0.919237485313036 174
1716187534163 0.9071835674522201 175
1716187548505 0.9009548534132654 176
1716187562784 0.9120664388846214 177
1716187577050 0.9068688300681069 178
1716187591459 0.9117050862470387 179
1716187606367 0.903409899795793 180
1716187620751 0.9160352441521346 181
1716187635217 0.9163406194627778 182
1716187650672 0.8953088344626874 183
1716187665303 0.9176421976833734 184
1716187679790 0.9174922676088068 185
1716187697570 0.9119196537753577 186
1716187715319 0.9175930385898999 187
1716187733397 0.9083110082332818 188
1716187747867 0.911938266758761 189
1716187762689 0.9148113879218583 190
1716187780712 0.9068752295732022 191
1716187795156 0.9083908710348831 192
1716187809894 0.9173513963003033 193
1716187827696 0.9141639936455657 194
1716187846014 0.9168651516810309 195
1716187864061 0.9160681427238448 196
1716187882234 0.9125402952631042 197
1716187900675 0.9139850920308407 198
1716187918457 0.9173902665238297 199
1716187939863 0.9166884628520536 200
1716187957983 0.9064009769377046 201
1716187972545 0.9092806427247698 202
1716187987360 0.9197282114767922 203
1716188002234 0.9161979989631227 204
1716188020150 0.9240520665071941 205
1716188037875 0.92143757042621 206
1716188055557 0.9083932547195398 207
1716188069864 0.9200925643494119 208
1716188084138 0.9173263918689996 209
1716188102794 0.9134725408950534 210
1716188117386 0.9160040106225545 211
1716188132132 0.914632247532595 212
1716188146601 0.9128033688948648 213
1716188161125 0.9039675540770421 214
1716188175543 0.911896590317047 215
1716188190161 0.917679666690308 216
1716188204854 0.9147141645133102 217
1716188219693 0.9235665854904728 218
1716188233945 0.920407712681634 219
1716188251610 0.9099567029931851 220
1716188265909 0.9122417065445964 221
1716188281081 0.9256689898247549 222
1716188298757 0.9175180441927481 223
1716188316874 0.9174162171492748 224
1716188334544 0.922912966737332 225
1716188353104 0.9134865348784511 226
1716188367432 0.925113575380711 227
1716188385249 0.9197560188860653 228
1716188403272 0.926441402278429 229
1716188421201 0.917012724371988 230
1716188435943 0.9230903166628798 231
1716188453826 0.9157765783694657 232
1716188467920 0.8521306915400668 233
1716188482035 0.9130090421305272 234
1716188496381 0.9088615141985636 235
1716188511023 0.9206190960457138 236
1716188525375 0.9218278191005368 237
1716188539735 0.8871863905459376 238
1716188554158 0.8997034707829995 239
1716188568581 0.9076607884067364 240
1716188583378 0.9144352856304963 241
1716188597872 0.9176642597662523 242
1716188612714 0.9154008308748579 243
1716188627224 0.9243784320092984 244
1716188641790 0.9131838215469127 245
1716188656193 0.9117993541743027 246
1716188670582 0.9188776593662921 247
1716188685776 0.9196159864009538 248
1716188700360 0.9190334082253621 249
1716188720502 0.9170183803165605 250
1716188734903 0.9177341494326567 251
1716188749208 0.9101932607342049 252
1716188763410 0.9119168036148547 253
1716188777747 0.9187648201317784 254
1716188792474 0.9191870816029173 255
1716188807845 0.9248095588731541 256
1716188822499 0.9109646900478743 257
1716188836759 0.9260330626517117 258
1716188851240 0.9226788685814576 259
1716188865437 0.9197725531719952 260
1716188879689 0.9189535179300937 261
1716188894095 0.9166339124808508 262
1716188908506 0.9223599986561849 263
1716188923178 0.9258384370336076 264
1716188938032 0.9240542864798275 265
1716188956074 0.9197259614367693 266
1716188974066 0.9159280295209018 267
1716188988373 0.9247425787289698 268
1716189006100 0.9198747898709997 269
1716189023834 0.9189121922741479 270
1716189038278 0.9221186872442729 271
1716189056297 0.9094937941054586 272
1716189070882 0.9249703146357365 273
1716189085209 0.9339818078635272 274
1716189103064 0.9163428674405115 275
1716189117544 0.9170703191670423 276
1716189132147 0.9208790588358747 277
1716189146872 0.9255839462903047 278
1716189161402 0.9229073305550576 279
1716189179471 0.9224057684477781 280
1716189197312 0.919948448892439 281
1716189211548 0.9178252221783224 282
1716189225883 0.917663720587555 283
1716189240213 0.9234520443105514 284
1716189254580 0.9034120289684552 285
1716189269021 0.9060826986799149 286
1716189284140 0.9092673045425417 287
1716189298339 0.9151286334626011 288
1716189313011 0.9078338874595054 289
1716189327545 0.9195410598853732 290
1716189341850 0.920882952392565 291
1716189356089 0.9223557279999933 292
1716189370943 0.9159732938913242 293
1716189385295 0.9227114177804419 294
1716189400198 0.9055453289737884 295
1716189414620 0.8999977827786694 296
1716189428811 0.8912722608771705 297
1716189443256 0.9196009780701376 298
1716189457518 0.9160509465856252 299
1716189475373 0.9240080200697726 300
1716189490450 0.9166534579918686 301
1716189504640 0.9204489033580274 302
1716189519042 0.9130801323765794 303
1716189533511 0.9152342149684674 304
1716189547781 0.9202133882443689 305
1716189562162 0.9107238241854873 306
1716189576526 0.9134365488338617 307
1716189590696 0.9256535827249545 308
1716189605589 0.9249921816009973 309
1716189620219 0.9165750044207641 310
1716189634766 0.9302790424629657 311
1716189649171 0.9218644860456481 312
1716189663738 0.9217054040955847 313
1716189678289 0.9178404190604699 314
1716189692856 0.9258956373625383 315
1716189707391 0.9207055558151106 316
1716189722588 0.9228095615004582 317
1716189737046 0.9169808067063555 318
1716189752120 0.9187475578310244 319
1716189766315 0.925092564494598 320
1716189780445 0.919731836494753 321
1716189794976 0.922687170142582 322
1716189809374 0.9238491779376949 323
1716189823782 0.9211595362457811 324
1716189839183 0.9211030519415718 325
1716189854121 0.9230201633606484 326
1716189868591 0.9166923502196047 327
1716189883103 0.9179249760637741 328
1716189898153 0.928492597214296 329
1716189916076 0.9216794579526195 330
1716189934641 0.9256895036812134 331
1716189953269 0.9172569355512675 332
1716189969031 0.9337333376416668 333
1716189988724 0.9232842130132463 334
1716190006774 0.9135796125285373 335
1716190021092 0.921024334699557 336
1716190035542 0.926731740169187 337
1716190049869 0.9179323192877407 338
1716190064745 0.9238188634312237 339
1716190079365 0.9192831689515727 340
1716190096547 0.9228484949326065 341
1716190111095 0.9208326009578789 342
1716190125652 0.9244280482471886 343
1716190140198 0.931163343289486 344
1716190158373 0.9227913317319949 345
1716190173464 0.9222417059653308 346
1716190190393 0.9161204322915036 347
1716190204823 0.9253633348411282 348
1716190219153 0.9177266447035656 349
1716190236895 0.9207790608716199 350
1716190251790 0.9249027056874434 351
1716190266112 0.9191546953872587 352
1716190280780 0.9125585295428992 353
1716190295038 0.9139050963670764 354
1716190309510 0.9154170840604418 355
1716190323923 0.9171596918513142 356
1716190338596 0.9214146681800033 357
1716190352802 0.9285994898844011 358
1716190367115 0.9200269817962935 359
1716190381576 0.9261900545630782 360
1716190396342 0.9282841211745029 361
1716190410856 0.9251506045667742 362
1716190425252 0.9239639505610834 363
1716190439642 0.926362682938867 364
1716190454004 0.9315471136067858 365
1716190472172 0.9258758957015103 366
1716190490217 0.9243535392740584 367
1716190508698 0.921726063021039 368
1716190523019 0.9238271121682343 369
1716190537498 0.9229088373776627 370
1716190552068 0.9268941873137247 371
1716190570102 0.9293995485252345 372
1716190587899 0.9313993905035015 373
1716190605864 0.9281679297693902 374
1716190623706 0.9239283791082085 375
1716190638120 0.9247755044397739 376
1716190652439 0.9248764283159128 377
1716190667004 0.9308954490150555 378
1716190685020 0.9260406676382867 379
1716190703679 0.9283611433020709 380
1716190723628 0.9241299829070669 381
1716190738077 0.926170311528903 382
1716190752402 0.9252878108134488 383
1716190766922 0.9210175161085936 384
1716190781535 0.9234849188755484 385
1716190796387 0.9279170679575764 386
1716190812434 0.9272944213612219 387
1716190827269 0.922007570259667 388
1716190841934 0.9177571189560281 389
1716190856355 0.9239952542604088 390
1716190871001 0.9237381239778716 391
1716190885388 0.9260591557201717 392
1716190899905 0.9234977737164566 393
1716190914264 0.9127229851859459 394
1716190928818 0.9257446508160808 395
1716190943637 0.9208029333022623 396
1716190958046 0.9264159636704811 397
1716190972558 0.9258589820740634 398
1716190987033 0.9284672395874461 399
1716191005083 0.9230869431267443 400
1716191019572 0.9238865857050604 401
1716191033960 0.9235985779822332 402
1716191049087 0.9221467042985676 403
1716191063448 0.9262921852090846 404
1716191077888 0.9293221892118259 405
1716191092505 0.9273455561823652 406
1716191106873 0.9142999108220403 407
1716191121346 0.9262597579322435 408
1716191135797 0.9293917721602027 409
1716191150660 0.9179464836660545 410
1716191165243 0.9274394166350626 411
1716191179573 0.9242981437429597 412
1716191193982 0.92943920078838 413
1716191208129 0.9228806008836612 414
1716191222541 0.9268730653906315 415
1716191236984 0.9344895992422851 416
1716191251535 0.9286824329363214 417
1716191270252 0.9198426807420227 418
1716191284559 0.9279632960160927 419
1716191298878 0.9219718589449927 420
1716191313115 0.9300050231348758 421
1716191327331 0.9267185564393978 422
1716191341565 0.930345052814276 423
1716191359424 0.9287373033759322 424
1716191377287 0.9243556721248266 425
1716191391601 0.9308507416917914 426
1716191409425 0.9209680840578089 427
1716191423726 0.9239093864337445 428
1716191438024 0.9265111508169658 429
1716191452220 0.9261841691533257 430
1716191466438 0.9295249862582967 431
1716191480804 0.9323043644144365 432
1716191499186 0.9269419580428583 433
1716191513618 0.9281594300099617 434
1716191531641 0.9251746615041444 435
1716191546083 0.9292358815340022 436
1716191563790 0.926775211605282 437
1716191578108 0.9246162817615766 438
1716191592537 0.9246063124729013 439
1716191607182 0.9191419291155473 440
1716191621715 0.9297849270019699 441
1716191636109 0.9300462265502382 442
1716191650354 0.9261152125458402 443
1716191664640 0.9284135890519082 444
1716191678985 0.9239353183264267 445
1716191693192 0.928757076001005 446
1716191707615 0.9295476020198744 447
1716191722280 0.9263866046762957 448
1716191736531 0.9252182679513634 449
1716191754305 0.9275416199814529 450
1716191768394 0.9245389151529394 451
1716191782613 0.9184501530083521 452
1716191796991 0.9264445381895349 453
1716191811044 0.9254792064488523 454
1716191825247 0.9173792280553292 455
1716191839653 0.9227339376641917 456
1716191853842 0.9238977579087635 457
1716191868027 0.9228949167340631 458
1716191882386 0.9314282494533348 459
1716191896613 0.9264527079558388 460
1716191910792 0.9230068336764202 461
1716191925250 0.9290068188132808 462
1716191939768 0.9294469373667785 463
1716191954447 0.9308252698701199 464
1716191969218 0.9296989974010438 465
1716191983798 0.9280560330878757 466
1716191997969 0.9262357905619444 467
1716192012218 0.9243011725047888 468
1716192026658 0.9272886883844961 469
1716192040946 0.9249419707062119 470
1716192055289 0.9188316671785781 471
1716192069636 0.9284894804232365 472
1716192084197 0.9257140918148186 473
1716192098465 0.923641248374981 474
1716192112722 0.9217942655991553 475
1716192127015 0.9144859868370415 476
1716192141219 0.9187902332206236 477
1716192155542 0.9270199486705041 478
1716192169852 0.9270289406661445 479
1716192184065 0.9269683636709402 480
1716192198786 0.9304726465468415 481
1716192213169 0.9201955615390404 482
1716192227445 0.9257873633618344 483
1716192241642 0.9222326423656071 484
1716192256022 0.9269927058247412 485
1716192270864 0.925510396949388 486
1716192285314 0.9310209109561001 487
1716192299542 0.9250380737006084 488
1716192314060 0.925012195010709 489
1716192328334 0.9272497074879426 490
1716192342467 0.9250934949903403 491
1716192356741 0.9317946496550885 492
1716192371203 0.925919926306792 493
1716192385678 0.9264996892515739 494
1716192399956 0.9238249560367287 495
1716192414297 0.9275087182769907 496
1716192428696 0.9163099656525621 497
1716192443692 0.9284109818417289 498
1716192458114 0.9297621915531561 499
1716192476426 0.930608084287439 500
1716192490927 0.923146004904417 501
1716192505175 0.9304164089899567 502
1716192519488 0.9249461843379869 503
1716192533948 0.9329458865673027 504
1716192548865 0.9236252110994908 505
1716192564060 0.9333555960303688 506
1716192581945 0.9297617414094798 507
1716192599898 0.9249640894716521 508
1716192614540 0.9365478544471224 509
1716192632625 0.9282043451914745 510
1716192646952 0.9279426516862807 511
1716192661735 0.9237364406871368 512
1716192676094 0.9296517264557645 513
1716192690364 0.9258847102127853 514
1716192704489 0.9311266890523133 515
1716192719038 0.9317273644876396 516
1716192737367 0.9296678878273584 517
1716192755429 0.9252827433184213 518
1716192769842 0.9170977538145824 519
1716192784272 0.9309228860544522 520
1716192798639 0.9277034263913871 521
1716192813025 0.935460312607813 522
1716192827623 0.9215727564441965 523
1716192842265 0.9247516516175666 524
1716192856439 0.9224752379525235 525
1716192870753 0.9351960103289901 526
1716192885469 0.9272108572897854 527
1716192899635 0.9278521963486983 528
1716192913890 0.9275103716950058 529
1716192928322 0.9319454899202207 530
1716192942594 0.9255752679241724 531
1716192956846 0.9238778430504929 532
1716192971488 0.9265728083014241 533
1716192985923 0.9294462635898868 534
1716193000507 0.928382802947429 535
1716193014865 0.9294412500484753 536
1716193029353 0.9319055039314592 537
1716193043644 0.9288378035574917 538
1716193058000 0.9268416117944565 539
1716193072505 0.925257920931473 540
1716193087020 0.9210350484394351 541
1716193101251 0.9314974620651162 542
1716193115872 0.9295898679518969 543
1716193130218 0.9332598819141299 544
1716193144499 0.9255126848461114 545
1716193158722 0.9306842355378159 546
1716193173030 0.9296255166272566 547
1716193187224 0.9306513551016783 548
1716193205928 0.929387815008398 549
1716193227917 0.9329655503445456 550
1716193246712 0.9329365471500927 551
1716193264551 0.9235427991885444 552
1716193279147 0.9291884029802775 553
1716193293507 0.9300058878511802 554
1716193307934 0.9267468567283991 555
1716193322527 0.930770106710907 556
1716193337396 0.9345217991006042 557
1716193355930 0.9305139873078367 558
1716193373776 0.927733042466183 559
1716193387987 0.928804277624279 560
1716193402116 0.9292585152886862 561
1716193416691 0.9233661446898526 562
1716193432022 0.9238223231471001 563
1716193446712 0.9265278424032662 564
1716193461247 0.9209197856219001 565
1716193475823 0.931635068835997 566
1716193490111 0.9260844606538847 567
1716193504456 0.9310055241177565 568
1716193518851 0.9277840159670238 569
1716193533363 0.9289168016577186 570
1716193547702 0.9295514930938619 571
1716193562080 0.9306356096158822 572
1716193578135 0.9278371062960579 573
1716193592632 0.9294890068262213 574
1716193607088 0.9228144278070936 575
1716193621489 0.9264803327227229 576
1716193635912 0.9262897763276033 577
1716193650099 0.9300831255960619 578
1716193664603 0.9279701341452699 579
1716193679451 0.9294310360249846 580
1716193694217 0.9291801497426713 581
1716193708981 0.922256077693521 582
1716193723151 0.9334984997182242 583
1716193737629 0.9276103954585087 584
1716193752230 0.930245589302516 585
1716193766501 0.9310269154468861 586
1716193780819 0.9297024667843972 587
1716193795678 0.9281178849537225 588
1716193810047 0.9286626648810552 589
1716193824460 0.9303421751555909 590
1716193838912 0.9316962608812771 591
1716193853272 0.9311429347954445 592
1716193867559 0.9317988701534055 593
1716193882055 0.9271198278295572 594
1716193896378 0.9230916329762376 595
1716193911154 0.929187130690864 596
1716193925711 0.9277502328918231 597
1716193940053 0.9258764318458891 598
1716193954528 0.9304928768761306 599
1716193972608 0.9382227203334708 600
1716193986884 0.922111927586008 601
1716194001399 0.9349964903293259 602
1716194015723 0.933142497441629 603
1716194034083 0.9210028522518577 604
1716194048565 0.926632647163708 605
1716194062973 0.9260645614090507 606
1716194077216 0.9293883766509253 607
1716194091630 0.9295509075158043 608
1716194105857 0.9329650600805849 609
1716194119961 0.9272420118613455 610
1716194134917 0.9263361647620583 611
1716194150262 0.9333856034275807 612
1716194164491 0.9313910670446538 613
1716194179209 0.9306089235960354 614
1716194193420 0.9257364489559748 615
1716194207705 0.9278570134997701 616
1716194221879 0.930575464097385 617
1716194236230 0.9268162919838955 618
1716194250966 0.9313268461445611 619
1716194265318 0.9280471712950732 620
1716194279558 0.9323194724938304 621
1716194293905 0.9281752592823643 622
1716194308106 0.9299303603356875 623
1716194322307 0.9332673033900999 624
1716194336490 0.9355679910105263 625
1716194354400 0.9332889948415825 626
1716194372825 0.9243830100140359 627
1716194387688 0.9345329341262211 628
1716194402036 0.9304979216719733 629
1716194416341 0.9281904549282775 630
1716194430560 0.924826231499734 631
1716194444879 0.9312502766252964 632
1716194459054 0.9295840795268422 633
1716194473608 0.9348864189239156 634
1716194487890 0.932707503056783 635
1716194502444 0.9329317232541405 636
1716194520300 0.927869867945577 637
1716194534420 0.9321811122009304 638
1716194548866 0.935606090386758 639
1716194567174 0.9313509173328445 640
1716194585967 0.9250543345585921 641
1716194600175 0.9292402218149456 642
1716194614485 0.9295637008472251 643
1716194628900 0.9270463037875247 644
1716194643189 0.9298236595868957 645
1716194657556 0.9298777400138669 646
1716194671795 0.9269373299679043 647
1716194686619 0.9276408922964473 648
1716194701083 0.9290508361442532 649
1716194719491 0.9327679771273022 650
1716194733775 0.9288166629881344 651
1716194748032 0.9324981749657426 652
1716194762314 0.9262886613658381 653
1716194776689 0.9278697195093674 654
1716194791053 0.9358547452472091 655
1716194805888 0.9300157460658306 656
1716194820319 0.9308173829640992 657
1716194834486 0.9324924959162361 658
1716194848784 0.9308343876797288 659
1716194863062 0.9298143854143032 660
1716194877286 0.9299818514889894 661
1716194891527 0.9309088433926661 662
1716194906005 0.9291138386486283 663
1716194920674 0.9260571962826988 664
1716194934900 0.9311275652045278 665
1716194949408 0.9285609062784309 666
1716194964013 0.9309150846081558 667
1716194978430 0.9320580719524211 668
1716194992858 0.9313261587733437 669
1716195007426 0.9280860004513588 670
1716195021711 0.9333794650537542 671
1716195036473 0.9213289978675568 672
1716195051278 0.9245153047342521 673
1716195065850 0.9300808925422922 674
1716195080661 0.9319626524135934 675
1716195095080 0.9308079576728613 676
1716195109582 0.9327443648624069 677
1716195123969 0.9287990374069793 678
1716195138489 0.9285487785745886 679
1716195153415 0.933338494457033 680
1716195168054 0.931758946108101 681
1716195182410 0.9267923271651174 682
1716195196969 0.9292987107759076 683
1716195211880 0.9308180059075212 684
1716195226298 0.9279634138090221 685
1716195240838 0.9288111134611343 686
1716195255800 0.9259936015743672 687
1716195270304 0.934709979978077 688
1716195284674 0.9310846865607324 689
1716195298908 0.9273830393500191 690
1716195313290 0.9342264211692699 691
1716195327653 0.9292948075013326 692
1716195342141 0.9246273630882372 693
1716195356592 0.923872692433943 694
1716195371890 0.9284366093534318 695
1716195386496 0.932860492608059 696
1716195400990 0.9313193834147877 697
1716195415459 0.9326952980543292 698
1716195429994 0.9366828399313318 699
1716195449588 0.9293629912123705 700
1716195464033 0.931450521976533 701
1716195478886 0.9283464738362213 702
1716195493226 0.93182244788975 703
1716195507747 0.9316340750732154 704
1716195522455 0.9292013890252862 705
1716195537516 0.9347231747524015 706
1716195551881 0.9277398773407897 707
1716195566366 0.9242829063122122 708
1716195580840 0.9334422129106311 709
1716195596294 0.9335148079370814 710
1716195611058 0.9263469806659819 711
1716195625567 0.9317755384501959 712
1716195640234 0.9283214461977424 713
1716195654617 0.9238730252676342 714
1716195669107 0.9320336230975604 715
1716195684368 0.9331897400379292 716
1716195698858 0.9261954922903044 717
1716195714021 0.9274855650694461 718
1716195728691 0.9300553169134781 719
1716195743351 0.9290130753704894 720
1716195758484 0.9207931397536204 721
1716195773051 0.9375654351797333 722
1716195787537 0.9287663072974078 723
1716195802097 0.9273042924240541 724
1716195816460 0.9325790224577665 725
1716195832657 0.9284278762632788 726
1716195847209 0.9333778284042212 727
1716195861880 0.9288586071773629 728
1716195876644 0.9310711921370333 729
1716195891199 0.9305564820776223 730
1716195906588 0.9304058615001366 731
1716195920973 0.9282711344366902 732
1716195935678 0.9300415882097605 733
1716195950829 0.9288898007849308 734
1716195965434 0.9264763412699465 735
1716195979992 0.9213869874288004 736
1716195994655 0.9304455581360759 737
1716196009448 0.9290343096998086 738
1716196023884 0.9269666054369922 739
1716196038241 0.9284029048050425 740
1716196053448 0.9298660728868636 741
1716196067830 0.9308029819666573 742
1716196082330 0.9322756890273717 743
1716196097193 0.9355897573045245 744
1716196111493 0.9271347147560908 745
1716196126138 0.9290131932476222 746
1716196141119 0.9302593114918651 747
1716196155511 0.9283100025425508 748
1716196170634 0.9318455630627209 749
1716196188706 0.9248930145852698 750
1716196203317 0.9319841797725861 751
1716196217739 0.9307503636752391 752
1716196232151 0.9223659675421426 753
1716196246758 0.9305138852704736 754
1716196261173 0.9358887772569672 755
1716196275562 0.9345949697380046 756
1716196290205 0.9310155702046682 757
1716196304729 0.9314845969195132 758
1716196319130 0.9315175693912235 759
1716196333542 0.9313215066322867 760
1716196348644 0.9296274867158405 761
1716196363593 0.9330208708290288 762
1716196378007 0.9352684440087521 763
1716196396765 0.9369370089340938 764
1716196414787 0.9328017601792825 765
1716196433031 0.9302716103988266 766
1716196447612 0.9275299944841238 767
1716196462052 0.9246705381523553 768
1716196476504 0.9306865734612949 769
1716196491687 0.9233903307651025 770
1716196506185 0.9344215651067228 771
1716196520612 0.9302878525630464 772
1716196534993 0.9313613925593595 773
1716196549668 0.9300155831304601 774
1716196564714 0.9341139720119234 775
1716196579271 0.9334627949070571 776
1716196593779 0.9345136651367474 777
1716196609286 0.931310525827678 778
1716196623967 0.9282742615191605 779
1716196638537 0.933525411219393 780
1716196653262 0.930226598199094 781
1716196667904 0.9295531230917949 782
1716196682295 0.9310606464635516 783
1716196696974 0.9263051819882708 784
1716196711475 0.9328832035570165 785
1716196726438 0.9341625168436561 786
1716196740845 0.932229937600029 787
1716196755510 0.9285005068475801 788
1716196770258 0.9302150204986828 789
1716196784736 0.9247282238163447 790
1716196799380 0.9260231839454435 791
1716196813719 0.9285070963505976 792
1716196828480 0.9330047979028798 793
1716196843298 0.9294047363420237 794
1716196858116 0.9294552550922149 795
1716196872379 0.9281751095060077 796
1716196887080 0.9298181330136516 797
1716196901593 0.9287726872971777 798
1716196916196 0.9311050493230577 799
1716196934595 0.934200723099763 800
1716196949120 0.9343588489775027 801
1716196963549 0.9297897154637363 802
1716196978063 0.9324148221260339 803
1716196993848 0.9310374025556464 804
1716197008153 0.9278782034986515 805
1716197022611 0.9285150856677097 806
1716197036964 0.93379420927214 807
1716197051943 0.93069616256131 808
1716197066952 0.9225083969094702 809
1716197081386 0.9276657899558399 810
1716197095939 0.9323541871868525 811
1716197110445 0.934812654101564 812
1716197125112 0.9346793540203873 813
1716197139573 0.9304489180123919 814
1716197154053 0.9307637934945948 815
1716197169090 0.9361164890798913 816
1716197183603 0.9349470988632724 817
1716197198496 0.9342588366033535 818
1716197216755 0.9309216377084536 819
1716197231836 0.9342814135902762 820
1716197249653 0.9260069807639807 821
1716197264696 0.9280548325562062 822
1716197279540 0.9367786419529037 823
1716197293925 0.9349315276052673 824
1716197308562 0.9356885917971973 825
1716197327884 0.9331880322242698 826
1716197345810 0.9374005622115572 827
1716197363868 0.9329082517350247 828
1716197381175 0.9354679497203341 829
1716197399046 0.9357816704307305 830
1716197416691 0.9253671809594503 831
1716197431063 0.9309245046449218 832
1716197445615 0.9287648068978492 833
1716197460282 0.9253463039702723 834
1716197474497 0.9258517498100284 835
1716197489429 0.9320063046611891 836
1716197503793 0.9308292809671729 837
1716197518412 0.9272514878755471 838
1716197532769 0.9348260559632368 839
1716197547086 0.938552187711446 840
1716197561466 0.9355133890258974 841
1716197575825 0.9363750409376163 842
1716197590056 0.9261977009775006 843
1716197605215 0.927961452490398 844
1716197619546 0.9353439867245429 845
1716197633986 0.9281293729917195 846
1716197648292 0.931781982564274 847
1716197662532 0.933146706006987 848
1716197676847 0.9308380129525579 849
1716197694721 0.9330281332314795 850
1716197709021 0.9356824356518724 851
1716197723715 0.931357132145045 852
1716197738104 0.9337320918500193 853
1716197752381 0.9312691265280527 854
1716197766641 0.9298715495913035 855
1716197781047 0.9321579839884326 856
1716197796155 0.9279732963853812 857
1716197810388 0.9323328405641473 858
1716197824689 0.9360279599690552 859
1716197839286 0.9325058359711479 860
1716197853610 0.9271879375014582 861
1716197868007 0.9314714333785342 862
1716197882279 0.9321290581496733 863
1716197896463 0.9300982548578558 864
1716197910721 0.9232671815514668 865
1716197925101 0.9251337526980806 866
1716197940378 0.9342680528198392 867
1716197955007 0.9332648557239979 868
1716197969198 0.9317115081758344 869
1716197983541 0.9368793206148517 870
1716197997856 0.9299248647201274 871
1716198012303 0.9309090880274548 872
1716198026702 0.9335067771205963 873
1716198041057 0.9349654448024504 874
1716198055503 0.9263012875371665 875
1716198069828 0.9327619795985891 876
1716198085045 0.9288991993690731 877
1716198099270 0.9291213295187326 878
1716198113715 0.9341741358698435 879
1716198127992 0.9327038888463902 880
1716198142318 0.9339523539675132 881
1716198156803 0.9322342947503032 882
1716198171191 0.9234319896294356 883
1716198185535 0.9282833326510627 884
1716198200522 0.9335985077767363 885
1716198214683 0.9316910693203327 886
1716198228936 0.9314811726767616 887
1716198243012 0.9286713362577599 888
1716198257136 0.939549360992057 889
1716198271415 0.9307892669273586 890
1716198285642 0.9352038286217857 891
1716198300254 0.9278133787462606 892
1716198315429 0.9341820413923149 893
1716198329918 0.9350904871166854 894
1716198344247 0.9329055554309181 895
1716198358645 0.929707460035889 896
1716198372892 0.9327401950778215 897
1716198387236 0.9270492116178736 898
1716198401825 0.9244896256090547 899
1716198419983 0.9297110504508304 900
1716198435144 0.9227510423993435 901
1716198449324 0.9255136162815857 902
1716198463674 0.9331045198515219 903
1716198477856 0.9287005131229688 904
1716198492275 0.9318330335408233 905
1716198506599 0.9295730043336435 906
1716198520948 0.9385187207008153 907
1716198535265 0.9323737211894394 908
1716198549655 0.9281265968620614 909
1716198564237 0.9341533266388556 910
1716198578479 0.929839044241281 911
1716198592792 0.9339103770538211 912
1716198607032 0.9304564920916657 913
1716198621338 0.9328914479637436 914
1716198635961 0.9287056519126846 915
1716198650376 0.9267250752156104 916
1716198665010 0.9348217167417672 917
1716198679337 0.9331127017313158 918
1716198693749 0.9269228567884574 919
1716198708102 0.9284783257738541 920
1716198722178 0.9311042401009771 921
1716198736686 0.9318080280483209 922
1716198751267 0.9322015790829546 923
1716198765557 0.935152573425821 924
1716198779953 0.9306827803899113 925
1716198795351 0.9344549530400429 926
1716198809630 0.9352062924333739 927
1716198824132 0.9353104532942194 928
1716198838751 0.9264202376806718 929
1716198853033 0.9265518865331032 930
1716198867296 0.9328506979642675 931
1716198881886 0.9285907257346775 932
1716198896404 0.9321789762653182 933
1716198911450 0.9286344818701121 934
1716198925591 0.9309739075494742 935
1716198940289 0.9327942732957659 936
1716198955033 0.9330242818550323 937
1716198969496 0.9257059606577546 938
1716198984040 0.9275205581022684 939
1716198998409 0.9303773507414935 940
1716199012652 0.9251830195788852 941
1716199027803 0.9248071391757625 942
1716199042558 0.9350433271728341 943
1716199057381 0.9344385703992081 944
1716199071553 0.924321176549689 945
1716199085841 0.9347464142967841 946
1716199101099 0.9326806475740651 947
1716199115329 0.93032061658425 948
1716199129501 0.9350310713141425 949
1716199148403 0.9328685758070708 950
1716199163343 0.9330865274953616 951
1716199177791 0.9261178822389323 952
1716199192159 0.9304780790240574 953
1716199206514 0.9293015516315716 954
1716199220889 0.9360151043422446 955
1716199235842 0.9293655936195506 956
1716199250314 0.9373306398169915 957
1716199265377 0.9251968865531021 958
1716199279783 0.9341992103202553 959
1716199294248 0.9302379704651774 960
1716199309026 0.9313657784134297 961
1716199323494 0.931547328706364 962
1716199337808 0.9368557113626768 963
1716199352189 0.929749553145273 964
1716199366770 0.9297217950058171 965
1716199381420 0.9260929175271039 966
1716199395818 0.926937493609143 967
1716199410269 0.9321206719511891 968
1716199424559 0.93218648985973 969
1716199438982 0.9308312729387739 970
1716199453350 0.929076259220766 971
1716199467976 0.9309661120096973 972
1716199482223 0.9298930015317294 973
1716199496772 0.9330678819318949 974
1716199511271 0.9325503997539779 975
1716199525844 0.9266575283469488 976
1716199540230 0.9358722820402469 977
1716199554564 0.9306302857946137 978
1716199569224 0.9356879324658491 979
1716199583901 0.932032584714269 980
1716199598403 0.9305644304170279 981
1716199613868 0.9328875151846446 982
1716199628358 0.9305753589915967 983
1716199642604 0.9357550684289903 984
1716199656831 0.9320310116062703 985
1716199671251 0.9349026459586622 986
1716199685675 0.9351428468850699 987
1716199700577 0.9312117405915966 988
1716199714887 0.9322434477958277 989
1716199729804 0.9363437256412817 990
1716199744233 0.9289054245477336 991
1716199758716 0.9271967851683284 992
1716199773109 0.9312544014020018 993
1716199787498 0.9263886125487147 994
1716199802099 0.9262614565002085 995
1716199816488 0.9289723685047054 996
1716199830869 0.931891995801851 997
1716199845597 0.9266664891722907 998
1716199860171 0.9322826318469755 999
