1707583035251 16.32 0
1707583047025 7.33 0
1707583054934 7.33 0
1707583062868 7.34 0
1707583070811 7.36 0
1707583078818 7.41 0
1707583086746 7.35 0
1707583098811 7.35 0
1707583110684 7.36 0
1707583118620 7.35 0
1707583130568 7.39 0
1707583142512 7.33 0
1707583154414 7.34 0
1707583166277 7.32 0
1707583178366 7.33 0
1707583186405 7.34 0
1707583194323 7.34 0
1707583202260 7.34 0
1707583210201 7.35 0
1707583218137 7.35 0
1707583230097 7.34 0
1707583242198 7.35 0
1707583253983 7.33 0
1707583265787 7.33 0
1707583277699 7.34 0
1707583289753 7.4 0
1707583297671 7.34 0
1707583309566 7.34 0
1707583321330 7.33 0
1707583333293 7.36 0
1707583345322 7.36 0
1707583357221 7.34 0
1707583369102 7.35 0
1707583381006 7.35 0
1707583392864 7.35 0
1707583404872 7.37 0
1707583412811 7.35 0
1707583420746 7.34 0
1707583428683 7.35 0
1707583440597 7.33 0
1707583452863 7.34 0
1707583464765 7.34 0
1707583472668 7.34 0
1707583484669 7.33 0
1707583496576 7.34 0
1707583508620 7.34 0
1707583520469 7.33 0
1707583532360 7.35 0
1707583544280 7.35 0
1707583556247 7.35 0
1707583568082 7.35 0
1707583580041 7.33 0
1707583592322 7.33 0
1707583604489 7.36 0
1707583616851 7.34 0
1707583629012 7.36 0
1707583641295 7.34 0
1707583653449 7.34 0
1707583665698 7.35 0
1707583677922 7.34 0
1707583690090 7.34 0
1707583698015 7.34 0
1707583705942 7.35 0
1707583713878 7.35 0
1707583726099 7.36 0
1707583738034 7.34 0
1707583750270 7.34 0
1707583762361 7.35 0
1707583774693 7.4 0
1707583786789 7.34 0
1707583799166 7.35 0
1707583811340 7.34 0
1707583823742 7.39 0
1707583835803 7.35 0
1707583847870 7.35 0
1707583855809 7.34 0
1707583868048 7.33 0
1707583880275 7.34 0
1707583892388 7.33 0
1707583904515 7.34 0
1707583916496 7.35 0
1707583924426 7.34 0
1707583932529 7.37 0
1707583944430 7.36 0
1707583956744 7.34 0
1707583968686 7.35 0
1707583976585 7.33 0
1707583989081 7.35 0
1707584001047 7.33 0
1707584012905 7.34 0
1707584020834 7.36 0
1707584033292 7.38 0
1707584045268 7.34 0
1707584057666 7.34 0
1707584069528 7.34 0
1707584077441 7.34 0
1707584085363 7.35 0
1707584097944 7.34 0
1707584109891 7.35 0
1707584122401 7.34 0
1707584138055 7.34 0
1707584150006 7.34 0
1707584162114 7.36 0
1707584174356 7.35 0
1707584186240 7.33 0
1707584198266 7.36 0
1707584210640 7.35 0
1707584218562 7.34 0
1707584230657 7.36 0
1707584238588 7.34 0
1707584246507 7.34 0
1707584254557 7.33 0
1707584262497 7.36 0
1707584270441 7.36 0
1707584282331 7.33 0
1707584294291 7.36 0
1707584302284 7.41 0
1707584310202 7.34 0
1707584318140 7.35 0
1707584326092 7.36 0
1707584334035 7.36 0
1707584341981 7.36 0
1707584349919 7.34 0
1707584357854 7.34 0
1707584367353 8.77 0
1707584375312 7.35 0
1707584383614 7.71 0
1707584393764 9.56 0
1707584401874 7.52 0
1707584412071 9.61 0
1707584424601 7.41 0
1707584436560 7.33 0
1707584448484 7.34 0
1707584456415 7.34 0
1707584468362 7.34 0
1707584480892 7.34 0
1707584492848 7.34 0
1707584504811 7.35 0
1707584512737 7.33 0
1707584524958 7.35 0
1707584537245 7.34 0
1707584545184 7.34 0
1707584557066 7.34 0
1707584569105 7.35 0
1707584581580 7.34 0
1707584593580 7.35 0
1707584601509 7.34 0
1707584609466 7.36 0
1707584617418 7.35 0
1707584629501 7.35 0
1707584645817 7.35 0
1707584657812 7.34 0
1707584670351 7.34 0
1707584682395 7.34 0
1707584694830 7.35 0
1707584702765 7.34 0
1707584710710 7.35 0
1707584718644 7.33 0
1707584730527 7.35 0
1707584738473 7.34 0
1707584746435 7.36 0
1707584754378 7.34 0
1707584762304 7.33 0
1707584770257 7.35 0
1707584778214 7.36 0
1707584790772 7.35 0
1707584798710 7.36 0
1707584810639 7.36 0
1707584823147 7.35 0
1707584835220 7.4 0
1707584843168 7.35 0
1707584851119 7.35 0
1707584859059 7.34 0
1707584867016 7.36 0
1707584879404 7.34 0
1707584891585 7.35 0
1707584899525 7.34 0
1707584911999 7.34 0
1707584923968 7.37 0
1707584936286 7.33 0
1707584944337 7.34 0
1707584952297 7.35 0
1707584964310 7.33 0
1707584972244 7.33 0
1707584984710 7.35 0
1707584996849 7.34 0
1707585009249 7.35 0
1707585021308 7.35 0
1707585029272 7.36 0
1707585037206 7.34 0
1707585045215 7.41 0
1707585053173 7.34 0
1707585061154 7.37 0
1707585069113 7.35 0
1707585077076 7.35 0
1707585085039 7.35 0
1707585097569 7.41 0
1707585105537 7.35 0
1707585113498 7.34 0
1707585125391 7.34 0
1707585141726 7.33 0
1707585153813 7.34 0
1707585161763 7.34 0
1707585169709 7.33 0
1707585181604 7.33 0
1707585189548 7.33 0
1707585197552 7.41 0
1707585205487 7.35 0
1707585213412 7.34 0
1707585221330 7.34 0
1707585229259 7.35 0
1707585237198 7.35 0
1707585245134 7.35 0
1707585253168 7.45 0
1707585262345 8.46 0
1707585270586 7.65 0
1707585282542 7.35 0
1707585290466 7.33 0
1707585298388 7.34 0
1707585306326 7.35 0
1707585314340 7.43 0
1707585322280 7.35 0
1707585330212 7.34 0
1707585338139 7.34 0
1707585350021 7.33 0
1707585357945 7.35 0
1707585365860 7.33 0
1707585373908 7.34 0
1707585381844 7.35 0
1707585393664 7.33 0
1707585401598 7.35 0
1707585409523 7.35 0
1707585417451 7.35 0
1707585425453 7.42 0
1707585437439 7.34 0
1707585445361 7.34 0
1707585457448 7.33 0
1707585465374 7.34 0
1707585473304 7.34 0
1707585481340 7.34 0
1707585489272 7.34 0
1707585497223 7.36 0
1707585506929 9.11 0
1707585517648 10.13 0
1707585529530 7.33 0
1707585537459 7.33 0
1707585545520 7.34 0
1707585553468 7.35 0
1707585561401 7.34 0
1707585569338 7.34 0
1707585585634 7.33 0
1707585593558 7.34 0
1707585601619 7.34 0
1707585609552 7.34 0
1707585621530 7.34 0
1707585629481 7.35 0
1707585641368 7.34 0
1707585654010 7.35 0
1707585666093 7.35 0
1707585674037 7.36 0
1707585681986 7.36 0
1707585689924 7.34 0
1707585697866 7.35 0
1707585709944 7.35 0
1707585722136 7.34 0
1707585730062 7.33 0
1707585738008 7.33 0
1707585745948 7.34 0
1707585753881 7.34 0
1707585761962 7.36 0
1707585769917 7.36 0
1707585777861 7.35 0
1707585785787 7.33 0
1707585793737 7.35 0
1707585801657 7.33 0
1707585809601 7.35 0
1707585817695 7.35 0
1707585825655 7.37 0
1707585838048 7.34 0
1707585849991 7.35 0
1707585861894 7.35 0
1707585874074 7.34 0
1707585886583 7.35 0
1707585898436 7.36 0
1707585910328 7.35 0
1707585922669 7.35 0
1707585930606 7.34 0
1707585938555 7.34 0
1707585946523 7.35 0
1707585954482 7.35 0
1707585962437 7.35 0
1707585970395 7.34 0
1707585978572 7.42 0
1707585987191 8.0 0
1707585995577 7.77 0
1707586005182 9.0 0
1707586013133 7.34 0
1707586021122 7.38 0
1707586031234 9.5 0
1707586039308 7.46 0
1707586051386 7.34 0
1707586059331 7.35 0
1707586067280 7.35 0
1707586075219 7.34 0
1707586083181 7.36 0
1707586091126 7.34 0
1707586099206 7.35 0
1707586107159 7.34 0
1707586115121 7.36 0
1707586124499 8.77 0
1707586132443 7.34 0
1707586142188 9.14 0
1707586152045 9.25 0
1707586164430 7.36 0
1707586172396 7.36 0
1707586180373 7.37 0
1707586188348 7.34 0
1707586196376 7.42 0
1707586204376 7.39 0
1707586212401 7.4 0
1707586221486 8.47 0
1707586229766 7.65 0
1707586237750 7.38 0
1707586246137 7.77 0
1707586255341 8.59 0
1707586265100 9.15 0
1707586274320 8.61 0
1707586283041 8.11 0
1707586291452 7.65 0
1707586299746 7.68 0
1707586308738 8.38 0
1707586317304 7.96 0
1707586325900 7.97 0
1707586334230 7.72 0
1707586343596 8.75 0
1707586352935 8.58 0
1707586360934 7.38 0
1707586368953 7.4 0
1707586377500 7.93 0
1707586385819 7.69 0
1707586394181 7.74 0
1707586403756 8.95 0
1707586411751 7.37 0
1707586420170 7.66 0
1707586430167 9.34 0
1707586438163 7.37 0
1707586446156 7.37 0
1707586454233 7.46 0
1707586464030 9.18 0
1707586472612 7.95 0
1707586484793 7.38 0
1707586492785 7.37 0
1707586500790 7.38 0
1707586508784 7.37 0
1707586516781 7.37 0
1707586524776 7.37 0
1707586532894 7.37 0
1707586540876 7.36 0
1707586548880 7.39 0
1707586556852 7.35 0
1707586564829 7.35 0
1707586573338 7.89 0
1707586581393 7.42 0
1707586590497 8.47 0
1707586599907 8.79 0
1707586609660 9.12 0
1707586622213 7.34 0
1707586630166 7.33 0
1707586642161 7.33 0
1707586650228 7.34 0
1707586658191 7.34 0
1707586670840 7.33 0
1707586682809 7.35 0
1707586690751 7.33 0
1707586698798 7.43 0
1707586706771 7.35 0
1707586714720 7.33 0
1707586722702 7.35 0
1707586731934 8.59 0
1707586740162 7.61 0
1707586750850 10.07 0
1707586759513 8.05 0
1707586767634 7.49 0
1707586776042 7.77 0
1707586785308 8.63 0
1707586794741 8.8 0
1707586802724 7.35 0
1707586812716 9.36 0
1707586821636 8.28 0
1707586830036 7.76 0
1707586838830 8.15 0
1707586847521 8.06 0
1707586857796 9.64 0
1707586865773 7.34 0
1707586873745 7.34 0
1707586881875 7.36 0
1707586890364 7.86 0
1707586898379 7.36 0
1707586907093 8.07 0
1707586916523 8.8 0
1707586928370 7.33 0
1707586936367 7.35 0
1707586945562 8.42 0
1707586954035 7.82 0
1707586962039 7.36 0
1707586970328 7.66 0
1707586978298 7.33 0
1707586986279 7.34 0
1707586995960 9.04 0
1707587005704 8.98 0
1707587013682 7.34 0
1707587022832 8.54 0
1707587030800 7.37 0
1707587040089 8.69 0
1707587049016 8.32 0
1707587058913 9.28 0
1707587068039 8.52 0
1707587076160 7.37 0
1707587084125 7.36 0
1707587092100 7.36 0
1707587100056 7.35 0
1707587110287 9.62 0
1707587118395 7.47 0
1707587127611 8.61 0
1707587135668 7.44 0
1707587143622 7.35 0
1707587151583 7.34 0
1707587159531 7.34 0
1707587167497 7.35 0
1707587175469 7.36 0
1707587183498 7.42 0
1707587191820 7.71 0
1707587201056 8.49 0
1707587209004 7.35 0
1707587216974 7.36 0
1707587227167 9.58 0
1707587235134 7.36 0
1707587244438 8.69 0
1707587253163 8.11 0
1707587261603 7.83 0
1707587271180 8.96 0
1707587279142 7.35 0
1707587287098 7.35 0
1707587295085 7.38 0
1707587303600 7.91 0
1707587311557 7.34 0
1707587319644 7.48 0
1707587327754 7.36 0
1707587336799 8.43 0
1707587346956 9.54 0
1707587359055 7.35 0
1707587367012 7.35 0
1707587374962 7.35 0
1707587382918 7.34 0
1707587391146 7.48 0
1707587400742 8.98 0
1707587410227 8.87 0
1707587419150 8.29 0
1707587427522 7.77 0
1707587436020 7.89 0
1707587445721 9.09 0
1707587454408 7.94 0
1707587462573 7.55 0
1707587471047 7.85 0
1707587479950 8.29 0
1707587488154 7.58 0
1707587496351 7.59 0
1707587505918 8.95 0
1707587514479 7.95 0
1707587522592 7.36 0
1707587531034 7.83 0
1707587539718 8.07 0
1707587550465 10.13 0
1707587558536 7.46 0
1707587567254 8.11 0
1707587576619 8.76 0
1707587584580 7.35 0
1707587597033 11.7 0
1707587605010 7.35 0
1707587613400 7.77 0
1707587622153 8.13 0
1707587630753 7.98 0
1707587640209 8.83 0
1707587648738 7.91 0
1707587657088 7.73 0
1707587666287 8.58 0
1707587674270 7.36 0
1707587682254 7.36 0
1707587692698 9.81 0
1707587701992 8.67 0
1707587710481 7.88 0
1707587719904 8.78 0
1707587729121 8.44 0
1707587737815 8.07 0
1707587745800 7.36 0
1707587754136 7.7 0
1707587762719 7.95 0
1707587771964 8.62 0
1707587779929 7.33 0
1707587789840 9.28 0
1707587802320 7.35 0
1707587810288 7.35 0
1707587818252 7.34 0
1707587826225 7.34 0
1707587834548 7.7 0
1707587842587 7.42 0
1707587853740 10.41 0
1707587861724 7.36 0
1707587869698 7.35 0
1707587878544 8.22 0
1707587887499 8.33 0
1707587896138 8.02 0
1707587904556 7.79 0
1707587913941 8.62 0
1707587922774 8.2 0
1707587930737 7.34 0
1707587938707 7.34 0
1707587946686 7.35 0
1707587955037 7.73 0
1707587965632 9.97 0
1707587973594 7.34 0
1707587981654 7.29 0
1707587989615 7.33 0
1707587997925 7.68 0
1707588006676 8.11 0
1707588016418 9.12 0
1707588025239 8.2 0
1707588034336 8.47 0
1707588043349 8.38 0
1707588053104 9.12 0
1707588062469 8.74 0
1707588071482 8.39 0
1707588079435 7.33 0
1707588089151 9.09 0
1707588097788 8.01 0
1707588106541 8.11 0
1707588114961 7.66 0
1707588124157 8.56 0
1707588133208 8.42 0
1707588141202 7.37 0
1707588149908 8.08 0
1707588158453 7.92 0
1707588166449 7.37 0
1707588174573 7.36 0
1707588185169 9.96 0
1707588194637 8.84 0
1707588204035 8.77 0
1707588214583 9.92 0
1707588223497 8.29 0
1707588232043 7.91 0
1707588244151 7.34 0
1707588252134 7.35 0
1707588260112 7.35 0
1707588268101 7.36 0
1707588276090 7.35 0
1707588284305 7.59 0
1707588293693 8.76 0
1707588302871 8.55 0
1707588311436 7.94 0
1707588319423 7.35 0
1707588328623 8.56 0
1707588337538 8.28 0
1707588346429 8.26 0
1707588354524 7.46 0
1707588363740 8.58 0
1707588371881 7.37 0
1707588380355 7.82 0
1707588389221 8.23 0
1707588398208 8.36 0
1707588407296 8.46 0
1707588415609 7.67 0
1707588423581 7.34 0
1707588431663 7.44 0
1707588439647 7.35 0
1707588448092 7.81 0
1707588456871 8.14 0
1707588464867 7.36 0
1707588472921 7.42 0
1707588482252 8.69 0
1707588490404 7.51 0
1707588500430 9.23 0
1707588508434 7.35 0
1707588517430 8.35 0
1707588525696 7.62 0
1707588536363 10.03 0
1707588544344 7.34 0
1707588552328 7.34 0
1707588560492 7.38 0
1707588570300 9.16 0
1707588579576 8.64 0
1707588587780 7.57 0
1707588595765 7.35 0
1707588603759 7.35 0
1707588611754 7.35 0
1707588619879 7.34 0
1707588629107 8.58 0
1707588637103 7.35 0
1707588645392 7.65 0
1707588653954 7.92 0
1707588661948 7.35 0
1707588674126 7.35 0
1707588682120 7.35 0
1707588690106 7.34 0
1707588698078 7.33 0
1707588706089 7.37 0
1707588714142 7.41 0
1707588723167 8.38 0
1707588731240 7.43 0
1707588740451 8.54 0
1707588748793 7.69 0
1707588757922 8.49 0
1707588767630 9.06 0
1707588776390 8.12 0
1707588784370 7.34 0
1707588792369 7.35 0
1707588800518 7.37 0
1707588808505 7.34 0
1707588817295 8.14 0
1707588825306 7.37 0
1707588833506 7.56 0
1707588841494 7.34 0
1707588853958 7.36 0
1707588861960 7.36 0
1707588869955 7.35 0
1707588877947 7.35 0
1707588885947 7.36 0
1707588898245 7.34 0
1707588906296 7.41 0
1707588914290 7.35 0
1707588922277 7.35 0
1707588930251 7.33 0
1707588938250 7.35 0
1707588946245 7.35 0
1707588954181 7.29 0
1707588962260 7.43 0
1707588970259 7.35 0
1707588980015 9.11 0
1707588988773 8.09 0
1707588998271 8.85 0
1707589006698 7.78 0
1707589016099 8.75 0
1707589026789 10.04 0
1707589035626 8.19 0
1707589043634 7.36 0
1707589052137 7.85 0
1707589060143 7.36 0
1707589068479 7.69 0
1707589077325 8.19 0
1707589087906 9.93 0
1707589099168 10.61 0
1707589111508 7.36 0
1707589119484 7.33 0
1707589127480 7.35 0
1707589135468 7.35 0
1707589143456 7.34 0
1707589152062 7.84 0
1707589160384 7.67 0
1707589168391 7.35 0
1707589177552 8.51 0
1707589185692 7.49 0
1707589193686 7.35 0
1707589201618 7.29 0
1707589211296 8.88 0
1707589219317 7.34 0
1707589227318 7.35 0
1707589235313 7.34 0
1707589243325 7.36 0
1707589251605 7.63 0
1707589259617 7.35 0
1707589268336 7.91 0
1707589277018 8.02 0
1707589285666 7.99 0
1707589295209 8.88 0
1707589304277 8.41 0
1707589313036 8.1 0
1707589322311 8.61 0
1707589331407 8.43 0
1707589339447 7.35 0
1707589347542 7.42 0
1707589355562 7.35 0
1707589363579 7.36 0
1707589371797 7.56 0
1707589382182 9.72 0
1707589390372 7.53 0
1707589399691 8.66 0
1707589409425 9.07 0
1707589419150 9.06 0
1707589427459 7.65 0
1707589439479 7.33 0
1707589447545 7.41 0
1707589459762 7.35 0
1707589467751 7.33 0
1707589475766 7.35 0
1707589487746 7.35 0
1707589495750 7.35 0
1707589503880 7.35 0
1707589511873 7.34 0
1707589519867 7.34 0
1707589527863 7.34 0
1707589535856 7.34 0
1707589547905 7.35 0
1707589556047 7.35 0
1707589564061 7.35 0
1707589572079 7.36 0
1707589584028 7.34 0
1707589592019 7.34 0
1707589599996 7.34 0
1707589608085 7.42 0
1707589616095 7.35 0
1707589628189 7.35 0
1707589636201 7.35 0
1707589644202 7.34 0
1707589656350 7.34 0
1707589664457 7.35 0
1707589672452 7.33 0
1707589680452 7.35 0
1707589688459 7.35 0
1707589696506 7.38 0
1707589704535 7.37 0
1707589712544 7.35 0
1707589720673 7.46 0
1707589728702 7.36 0
1707589736992 7.63 0
1707589746902 9.25 0
1707589754917 7.35 0
1707589763826 8.25 0
1707589772305 7.81 0
1707589780419 7.44 0
1707589788419 7.34 0
1707589797781 8.7 0
1707589805782 7.34 0
1707589814291 7.85 0
1707589822303 7.35 0
1707589832508 9.55 0
1707589841738 8.57 0
1707589850529 7.97 0
1707589858533 7.35 0
1707589866552 7.36 0
1707589874591 7.37 0
1707589882602 7.34 0
1707589890599 7.35 0
1707589898605 7.35 0
1707589907203 7.78 0
1707589915670 7.81 0
1707589924623 8.29 0
1707589933178 7.89 0
1707589941913 8.07 0
1707589954406 7.34 0
1707589962400 7.33 0
1707589970547 7.35 0
1707589982580 7.35 0
1707589990597 7.36 0
1707589998616 7.36 0
1707590006614 7.35 0
1707590014629 7.36 0
1707590026947 7.35 0
1707590038952 7.35 0
1707590051409 7.35 0
1707590059444 7.34 0
1707590067448 7.34 0
1707590075587 7.35 0
1707590083603 7.35 0
1707590091631 7.36 0
1707590099653 7.35 0
1707590111752 7.35 0
1707590119779 7.34 0
1707590127938 7.35 0
1707590135962 7.36 0
1707590143976 7.35 0
1707590151982 7.34 0
1707590160594 7.94 0
1707590170301 9.03 0
1707590180413 9.43 0
1707590190018 8.93 0
1707590198042 7.36 0
1707590206058 7.34 0
1707590214393 7.67 0
1707590224541 9.47 0
1707590232563 7.35 0
1707590240640 7.4 0
1707590249425 8.11 0
1707590259596 9.5 0
1707590268021 7.76 0
1707590276058 7.36 0
1707590284072 7.34 0
1707590292138 7.34 0
1707590300839 8.03 0
1707590312440 10.93 0
1707590320457 7.34 0
1707590328480 7.35 0
1707590337953 8.79 0
1707590346427 7.8 0
1707590354466 7.36 0
1707590363821 8.68 0
1707590373918 9.42 0
1707590381958 7.36 0
1707590389968 7.33 0
1707590399289 8.65 0
1707590408950 8.98 0
1707590416984 7.35 0
1707590429692 7.35 0
1707590437829 7.34 0
1707590445849 7.34 0
1707590453869 7.35 0
1707590461890 7.35 0
1707590470596 8.02 0
1707590480327 9.05 0
1707590488405 7.4 0
1707590497218 8.14 0
1707590505256 7.36 0
1707590513682 7.75 0
1707590521714 7.35 0
1707590529718 7.34 0
1707590537759 7.36 0
1707590545789 7.35 0
1707590554866 8.4 0
1707590564230 8.69 0
1707590572898 7.98 0
1707590580924 7.35 0
1707590588941 7.33 0
1707590596947 7.36 0
1707590604924 7.33 0
1707590612914 7.35 0
1707590621069 7.35 0
1707590630531 8.81 0
1707590638531 7.35 0
1707590647784 8.61 0
1707590655794 7.36 0
1707590666148 9.7 0
1707590674263 7.46 0
1707590682388 7.35 0
1707590690404 7.36 0
1707590698414 7.36 0
1707590707241 8.17 0
1707590715240 7.35 0
1707590724701 8.81 0
1707590733490 8.14 0
1707590743053 8.91 0
1707590752083 8.24 0
1707590760728 7.99 0
1707590768739 7.35 0
1707590776745 7.35 0
1707590784733 7.34 0
1707590794033 8.65 0
1707590802040 7.35 0
1707590810055 7.35 0
1707590819089 8.24 0
1707590828260 8.52 0
1707590836952 8.04 0
1707590846354 8.75 0
1707590858429 7.34 0
1707590866424 7.35 0
1707590874412 7.34 0
1707590882863 7.66 0
1707590890854 7.34 0
1707590898937 7.44 0
1707590907021 7.43 0
1707590915728 8.05 0
1707590925022 8.64 0
1707590933016 7.34 0
1707590942789 9.12 0
1707590952050 8.46 0
1707590961370 8.65 0
1707590969539 7.51 0
1707590978383 8.19 0
1707590987170 8.14 0
1707590996521 8.7 0
1707591004605 7.44 0
1707591013471 8.21 0
1707591022751 8.47 0
1707591031821 8.42 0
1707591040552 8.08 0
1707591049831 8.62 0
1707591058988 8.51 0
1707591069375 9.74 0
1707591077563 7.54 0
1707591086939 8.72 0
1707591095917 8.17 0
1707591103933 7.36 0
1707591112381 7.8 0
1707591122359 9.32 0
1707591130516 7.5 0
1707591138504 7.34 0
1707591147723 8.55 0
1707591155705 7.33 0
1707591167865 7.36 0
1707591175870 7.35 0
1707591183869 7.34 0
1707591191873 7.36 0
1707591199904 7.34 0
1707591208094 7.53 0
1707591217154 8.4 0
1707591225853 7.9 0
1707591234985 8.47 0
1707591243140 7.49 0
1707591251493 7.7 0
1707591261308 9.16 0
1707591269536 7.57 0
1707591279505 9.31 0
1707591288586 8.29 0
1707591300604 7.35 0
1707591308611 7.35 0
1707591316627 7.36 0
1707591325320 8.03 0
1707591335039 9.06 0
1707591343032 7.34 0
1707591352735 8.92 0
1707591360753 7.35 0
1707591368735 7.33 0
1707591376750 7.35 0
1707591385636 8.22 0
1707591397747 7.35 0
1707591410283 7.34 0
1707591418276 7.34 0
1707591426274 7.34 0
1707591434262 7.34 0
1707591442261 7.34 0
1707591450263 7.35 0
1707591459177 8.26 0
1707591467177 7.34 0
1707591475351 7.36 0
1707591483363 7.35 0
1707591492074 8.05 0
1707591500844 8.07 0
1707591508858 7.35 0
1707591516854 7.33 0
1707591526274 8.76 0
1707591534371 7.44 0
1707591543528 8.35 0
1707591552879 8.69 0
1707591562055 8.52 0
1707591570052 7.34 0
1707591578070 7.36 0
1707591586031 7.3 0
1707591594033 7.34 0
1707591605141 10.45 0
1707591614273 8.33 0
1707591622806 7.87 0
1707591632249 8.78 0
1707591641461 8.55 0
1707591650248 8.13 0
1707591658594 7.69 0
1707591667966 8.72 0
1707591675982 7.36 0
1707591684170 7.37 0
1707591692439 7.61 0
1707591701767 8.66 0
1707591709784 7.35 0
1707591719036 8.59 0
1707591728641 8.95 0
1707591740932 7.34 0
1707591749096 7.36 0
1707591761144 7.34 0
1707591769137 7.34 0
1707591777147 7.34 0
1707591785148 7.33 0
1707591793159 7.34 0
1707591801233 7.41 0
1707591809245 7.34 0
1707591817247 7.34 0
1707591826061 8.15 0
1707591834985 8.26 0
1707591845187 9.53 0
1707591854300 8.45 0
1707591862514 7.4 0
1707591870681 7.35 0
1707591878695 7.35 0
1707591887407 8.05 0
1707591895508 7.43 0
1707591903611 7.43 0
1707591912993 8.71 0
1707591922315 8.66 0
1707591932017 9.03 0
1707591943060 10.38 0
1707591951088 7.35 0
1707591959105 7.34 0
1707591967135 7.35 0
1707591975165 7.35 0
1707591984267 8.44 0
1707591992334 7.39 0
1707592000497 7.35 0
1707592008511 7.35 0
1707592016526 7.35 0
1707592025888 8.69 0
1707592034927 8.37 0
1707592042934 7.33 0
1707592053600 10.0 0
1707592062218 7.95 0
1707592070291 7.36 0
1707592078329 7.35 0
1707592090670 7.35 0
1707592098683 7.34 0
1707592106697 7.34 0
1707592114799 7.43 0
1707592123060 7.46 0
1707592131311 7.58 0
1707592139334 7.35 0
1707592147766 7.76 0
1707592156748 8.31 0
1707592164764 7.35 0
