1707583035246 4.4682 0
1707583047021 3.1629 0
1707583054929 2.3999 0
1707583062864 2.3562 0
1707583070807 2.0811 0
1707583078814 1.8678 0
1707583086742 1.5757 0
1707583098807 1.3535 0
1707583110680 1.2842 0
1707583118616 1.2268 0
1707583130564 1.1729 0
1707583142508 1.1129 0
1707583154410 1.0798 0
1707583166273 1.0436 0
1707583178362 1.024 0
1707583186401 0.9608 0
1707583194319 0.8909 0
1707583202256 0.9069 0
1707583210197 0.8891 0
1707583218133 0.8382 0
1707583230093 0.808 0
1707583242194 0.8622 0
1707583253979 0.8018 0
1707583265783 0.8332 0
1707583277695 0.7518 0
1707583289749 0.7618 0
1707583297666 0.7195 0
1707583309561 0.7506 0
1707583321326 0.7586 0
1707583333289 0.7184 0
1707583345318 0.682 0
1707583357216 0.7806 0
1707583369097 0.7508 0
1707583381001 0.7328 0
1707583392860 0.6673 0
1707583404868 0.68 0
1707583412807 0.6925 0
1707583420742 0.7135 0
1707583428679 0.7128 0
1707583440593 0.7283 0
1707583452859 0.7043 0
1707583464761 0.685 0
1707583472665 0.6589 0
1707583484664 0.6717 0
1707583496571 0.6702 0
1707583508616 0.6944 0
1707583520465 0.6698 0
1707583532356 0.6844 0
1707583544276 0.6875 0
1707583556243 0.7299 0
1707583568078 0.64 0
1707583580037 0.6779 0
1707583592318 0.7074 0
1707583604485 0.6887 0
1707583616848 0.6192 0
1707583629008 0.7161 0
1707583641291 0.698 0
1707583653445 0.6416 0
1707583665694 0.6746 0
1707583677917 0.6378 0
1707583690085 0.675 0
1707583698010 0.6332 0
1707583705938 0.6457 0
1707583713874 0.6359 0
1707583726094 0.6661 0
1707583738030 0.6417 0
1707583750266 0.6497 0
1707583762356 0.6562 0
1707583774689 0.651 0
1707583786785 0.6535 0
1707583799161 0.6475 0
1707583811337 0.6294 0
1707583823737 0.6588 0
1707583835799 0.6574 0
1707583847865 0.643 0
1707583855805 0.735 0
1707583868044 0.6488 0
1707583880271 0.6232 0
1707583892384 0.6666 0
1707583904511 0.6469 0
1707583916491 0.6458 0
1707583924422 0.678 0
1707583932525 0.6807 0
1707583944426 0.666 0
1707583956740 0.6451 0
1707583968681 0.6646 0
1707583976580 0.6029 0
1707583989077 0.6611 0
1707584001043 0.6536 0
1707584012900 0.5943 0
1707584020830 0.5854 0
1707584033287 0.6199 0
1707584045263 0.6418 0
1707584057662 0.6659 0
1707584069524 0.5954 0
1707584077437 0.5995 0
1707584085358 0.6198 0
1707584097939 0.6272 0
1707584109887 0.6441 0
1707584122397 0.6529 0
1707584138051 0.6978 0
1707584150002 0.6824 0
1707584162110 0.6478 0
1707584174352 0.6592 0
1707584186236 0.6225 0
1707584198262 0.5991 0
1707584210636 0.6351 0
1707584218558 0.6208 0
1707584230653 0.6247 0
1707584238584 0.5831 0
1707584246502 0.5901 0
1707584254553 0.5835 0
1707584262494 0.6228 0
1707584270436 0.5655 0
1707584282327 0.6485 0
1707584294286 0.6118 0
1707584302279 0.6134 0
1707584310198 0.624 0
1707584318136 0.705 0
1707584326088 0.616 0
1707584334031 0.6365 0
1707584341977 0.6234 0
1707584349915 0.6054 0
1707584357850 0.6111 0
1707584367349 0.5844 0
1707584375307 0.589 0
1707584383609 0.6232 0
1707584393760 0.6499 0
1707584401870 0.6113 0
1707584412066 0.5722 0
1707584424597 0.5906 0
1707584436556 0.6357 0
1707584448480 0.6295 0
1707584456411 0.5721 0
1707584468358 0.5715 0
1707584480887 0.5931 0
1707584492844 0.6216 0
1707584504807 0.7235 0
1707584512733 0.5887 0
1707584524954 0.57 0
1707584537241 0.609 0
1707584545180 0.5991 0
1707584557062 0.5902 0
1707584569101 0.5957 0
1707584581576 0.6541 0
1707584593576 0.5938 0
1707584601505 0.5471 0
1707584609462 0.5841 0
1707584617415 0.6001 0
1707584629497 0.603 0
1707584645813 0.6085 0
1707584657807 0.5924 0
1707584670347 0.6981 0
1707584682391 0.8054 0
1707584694825 0.6151 0
1707584702760 0.6134 0
1707584710707 0.5276 0
1707584718641 0.5881 0
1707584730523 0.605 0
1707584738469 0.5505 0
1707584746430 0.5269 0
1707584754373 0.6065 0
1707584762300 0.7306 0
1707584770253 0.5835 0
1707584778210 0.6028 0
1707584790768 0.7173 0
1707584798706 0.5327 0
1707584810634 0.6667 0
1707584823143 0.8874 0
1707584835216 0.6251 0
1707584843164 0.5587 0
1707584851115 0.5092 0
1707584859054 0.5522 0
1707584867012 0.5599 0
1707584879400 0.7213 0
1707584891581 0.6575 0
1707584899522 0.6049 0
1707584911995 0.6083 0
1707584923964 0.577 0
1707584936282 0.6805 0
1707584944333 0.6096 0
1707584952293 0.617 0
1707584964305 1.0884 0
1707584972240 0.6263 0
1707584984706 0.9902 0
1707584996845 0.6829 0
1707585009244 0.8034 0
1707585021304 1.1715 0
1707585029268 0.662 0
1707585037202 0.6068 0
1707585045212 0.7113 0
1707585053169 0.6101 0
1707585061149 0.9649 0
1707585069109 0.5433 0
1707585077071 0.7337 0
1707585085035 0.5615 0
1707585097565 1.2015 0
1707585105532 0.6623 0
1707585113494 0.5843 0
1707585125387 0.7843 0
1707585141721 0.8742 0
1707585153809 1.2638 0
1707585161759 0.628 0
1707585169705 0.6889 0
1707585181600 1.2275 0
1707585189544 0.5538 0
1707585197548 0.8854 0
1707585205482 0.6346 0
1707585213408 0.8623 0
1707585221326 0.8269 0
1707585229254 0.9892 0
1707585237193 0.5862 0
1707585245130 0.6814 0
1707585253163 0.7913 0
1707585262340 0.5888 0
1707585270581 1.0511 0
1707585282537 0.9207 0
1707585290462 0.7468 0
1707585298384 0.6905 0
1707585306322 0.7468 0
1707585314336 1.1461 0
1707585322276 0.5722 0
1707585330208 0.7586 0
1707585338135 0.7468 0
1707585350017 1.2359 0
1707585357941 0.6074 0
1707585365856 0.741 0
1707585373904 0.7531 0
1707585381840 0.8475 0
1707585393660 1.0291 0
1707585401594 0.5146 0
1707585409519 0.713 0
1707585417446 0.6051 0
1707585425449 0.8766 0
1707585437434 0.9734 0
1707585445357 0.5591 0
1707585457444 1.1201 0
1707585465370 0.5796 0
1707585473299 0.8359 0
1707585481335 0.6499 0
1707585489268 0.5321 0
1707585497219 0.6698 0
1707585506925 0.7082 0
1707585517644 0.7553 0
1707585529526 2.092 0
1707585537455 0.7376 0
1707585545516 0.6466 0
1707585553464 0.6812 0
1707585561397 1.0834 0
1707585569334 0.5939 0
1707585585630 0.9703 0
1707585593555 0.7029 0
1707585601615 0.6462 0
1707585609548 0.6693 0
1707585621526 1.2504 0
1707585629478 0.5858 0
1707585641364 0.762 0
1707585654006 0.6751 0
1707585666089 0.7808 0
1707585674033 0.6589 0
1707585681981 0.7283 0
1707585689919 0.6085 0
1707585697862 0.6065 0
1707585709940 0.7477 0
1707585722132 0.6407 0
1707585730058 0.5902 0
1707585738004 0.604 0
1707585745944 1.1135 0
1707585753876 0.572 0
1707585761958 0.9766 0
1707585769913 1.0337 0
1707585777857 0.6269 0
1707585785783 1.2266 0
1707585793733 0.6846 0
1707585801653 0.6639 0
1707585809597 0.55 0
1707585817691 1.0842 0
1707585825650 0.7777 0
1707585838043 0.7835 0
1707585849987 0.7359 0
1707585861889 0.9405 0
1707585874070 0.9381 0
1707585886579 1.1001 0
1707585898431 0.9186 0
1707585910323 0.8172 0
1707585922664 1.5416 0
1707585930602 0.6235 0
1707585938551 1.0552 0
1707585946519 0.7765 0
1707585954478 0.7998 0
1707585962432 0.9307 0
1707585970389 0.8988 0
1707585978568 0.7179 0
1707585987187 1.0813 0
1707585995573 0.6553 0
1707586005178 1.148 0
1707586013129 0.5788 0
1707586021117 1.2145 0
1707586031229 0.6369 0
1707586039304 1.4701 0
1707586051382 0.7135 0
1707586059327 0.5187 0
1707586067276 0.7374 0
1707586075215 0.704 0
1707586083176 0.6937 0
1707586091122 0.7755 0
1707586099202 0.7355 0
1707586107155 0.5387 0
1707586115116 0.9013 0
1707586124495 0.6346 0
1707586132439 0.9087 0
1707586142183 0.7106 0
1707586152041 0.907 0
1707586164426 1.0313 0
1707586172392 0.638 0
1707586180369 0.8542 0
1707586188344 0.8786 0
1707586196372 0.7293 0
1707586204372 0.7635 0
1707586212397 1.1302 0
1707586221482 1.016 0
1707586229762 0.9131 0
1707586237746 1.0743 0
1707586246133 0.6439 0
1707586255336 0.7627 0
1707586265096 0.6876 0
1707586274315 0.935 0
1707586283037 0.7853 0
1707586291447 0.8227 0
1707586299742 1.0591 0
1707586308733 0.7053 0
1707586317300 1.246 0
1707586325895 0.6669 0
1707586334225 0.7341 0
1707586343592 1.1223 0
1707586352931 0.6345 0
1707586360930 0.7689 0
1707586368949 0.9035 0
1707586377496 0.9174 0
1707586385815 0.5902 0
1707586394177 0.5854 0
1707586403752 0.6691 0
1707586411747 0.7543 0
1707586420167 1.1699 0
1707586430162 0.6817 0
1707586438158 1.2208 0
1707586446152 0.557 0
1707586454229 1.1971 0
1707586464026 0.7013 0
1707586472608 1.1525 0
1707586484789 0.6159 0
1707586492781 1.5985 0
1707586500786 0.6418 0
1707586508780 0.9413 0
1707586516777 0.5149 0
1707586524772 0.9781 0
1707586532889 0.7711 0
1707586540872 0.6265 0
1707586548877 1.4793 0
1707586556848 0.6883 0
1707586564825 1.1074 0
1707586573334 0.7125 0
1707586581389 0.9309 0
1707586590493 0.5313 0
1707586599902 1.3866 0
1707586609656 0.639 0
1707586622208 1.0859 0
1707586630162 0.5604 0
1707586642156 0.9377 0
1707586650225 0.6118 0
1707586658187 0.6461 0
1707586670836 0.7681 0
1707586682805 1.5396 0
1707586690747 0.5942 0
1707586698794 1.0338 0
1707586706767 0.6156 0
1707586714716 1.0256 0
1707586722698 0.5651 0
1707586731930 1.3934 0
1707586740158 0.692 0
1707586750846 1.0018 0
1707586759509 0.6776 0
1707586767631 0.8035 0
1707586776038 0.97 0
1707586785303 0.6412 0
1707586794737 1.1776 0
1707586802720 0.5387 0
1707586812713 0.7337 0
1707586821632 0.833 0
1707586830032 0.6407 0
1707586838826 0.6314 0
1707586847517 1.4342 0
1707586857792 0.5785 0
1707586865769 0.618 0
1707586873741 1.4512 0
1707586881871 0.5856 0
1707586890360 1.4053 0
1707586898375 0.6775 0
1707586907089 0.59 0
1707586916519 0.7359 0
1707586928366 0.6929 0
1707586936363 1.0041 0
1707586945558 0.8048 0
1707586954031 1.3119 0
1707586962035 0.628 0
1707586970324 0.9803 0
1707586978294 0.5959 0
1707586986275 1.1678 0
1707586995956 0.6419 0
1707587005699 1.3237 0
1707587013678 0.6943 0
1707587022829 0.6448 0
1707587030796 1.4461 0
1707587040085 0.6061 0
1707587049012 0.6372 0
1707587058909 0.579 0
1707587068035 1.2029 0
1707587076156 0.6226 0
1707587084121 0.566 0
1707587092095 0.9931 0
1707587100052 0.5816 0
1707587110283 0.856 0
1707587118391 1.0117 0
1707587127606 0.5553 0
1707587135664 1.298 0
1707587143618 0.9916 0
1707587151579 0.8218 0
1707587159526 0.5705 0
1707587167493 1.3985 0
1707587175465 0.5435 0
1707587183494 1.1723 0
1707587191816 0.8254 0
1707587201052 0.677 0
1707587208999 1.0231 0
1707587216970 0.6531 0
1707587227163 0.738 0
1707587235129 0.6481 0
1707587244433 0.8543 0
1707587253158 0.6083 0
1707587261599 0.5368 0
1707587271176 0.5239 0
1707587279138 0.6937 0
1707587287094 1.4072 0
1707587295081 0.8111 0
1707587303596 0.8642 0
1707587311553 0.7964 0
1707587319640 0.9513 0
1707587327750 0.5168 0
1707587336795 0.817 0
1707587346953 0.5557 0
1707587359051 0.9234 0
1707587367008 0.5316 0
1707587374958 0.9414 0
1707587382913 1.057 0
1707587391142 0.5534 0
1707587400738 1.3866 0
1707587410222 0.6136 0
1707587419146 1.2415 0
1707587427518 0.6423 0
1707587436016 0.5807 0
1707587445717 0.8409 0
1707587454404 2.954 0
1707587462568 0.7635 0
1707587471043 0.9429 0
1707587479946 0.59 0
1707587488149 0.8567 0
1707587496347 0.8648 0
1707587505914 0.6012 0
1707587514474 0.5965 0
1707587522588 0.9253 0
1707587531030 0.99 0
1707587539714 0.8588 0
1707587550461 0.6595 0
1707587558531 1.0591 0
1707587567249 0.8205 0
1707587576615 0.8293 0
1707587584576 1.0888 0
1707587597029 0.6789 0
1707587605005 1.0868 0
1707587613396 0.7655 0
1707587622149 0.7586 0
1707587630749 1.5296 0
1707587640204 0.7789 0
1707587648734 0.6758 0
1707587657084 0.6338 0
1707587666283 1.3596 0
1707587674266 0.5644 0
1707587682250 0.848 0
1707587692694 0.6261 0
1707587701988 0.8461 0
1707587710477 0.6739 0
1707587719900 0.8241 0
1707587729117 0.6332 0
1707587737811 0.7848 0
1707587745796 0.699 0
1707587754132 0.6669 0
1707587762715 0.8248 0
1707587771960 1.06 0
1707587779925 0.6207 0
1707587789836 1.5383 0
1707587802316 0.6197 0
1707587810284 0.6998 0
1707587818248 0.6244 0
1707587826221 1.1348 0
1707587834544 0.6763 0
1707587842583 0.8222 0
1707587853736 0.8599 0
1707587861720 0.7938 0
1707587869694 0.9757 0
1707587878540 0.6188 0
1707587887495 0.6382 0
1707587896133 0.8961 0
1707587904552 0.7611 0
1707587913937 0.6858 0
1707587922770 0.7478 0
1707587930733 0.5976 0
1707587938703 1.5463 0
1707587946682 0.6935 0
1707587955033 1.1732 0
1707587965628 0.6413 0
1707587973590 0.6473 0
1707587981650 2.0477 0
1707587989611 0.5983 0
1707587997921 0.9727 0
1707588006672 0.922 0
1707588016413 0.7545 0
1707588025235 1.0162 0
1707588034332 0.6847 0
1707588043345 0.9062 0
1707588053100 0.7526 0
1707588062465 0.9666 0
1707588071478 0.7816 0
1707588079431 1.2168 0
1707588089147 0.6676 0
1707588097784 1.4596 0
1707588106536 0.6087 0
1707588114956 0.9109 0
1707588124153 0.6682 0
1707588133204 0.7877 0
1707588141199 0.8534 0
1707588149904 1.2067 0
1707588158449 0.6891 0
1707588166445 0.6044 0
1707588174569 1.0521 0
1707588185165 0.5421 0
1707588194633 0.9875 0
1707588204031 0.8795 0
1707588214579 0.7683 0
1707588223493 0.6105 0
1707588232039 1.2208 0
1707588244147 0.7967 0
1707588252130 0.6886 0
1707588260107 0.6941 0
1707588268097 0.7794 0
1707588276086 0.8725 0
1707588284301 1.1689 0
1707588293689 0.7641 0
1707588302867 0.8413 0
1707588311432 0.929 0
1707588319419 0.7127 0
1707588328619 0.9051 0
1707588337533 0.6532 0
1707588346425 0.618 0
1707588354520 1.2786 0
1707588363736 0.6256 0
1707588371877 0.7157 0
1707588380351 0.6555 0
1707588389218 1.1836 0
1707588398204 0.6004 0
1707588407292 1.0533 0
1707588415605 0.6043 0
1707588423576 0.7645 0
1707588431659 1.501 0
1707588439643 0.6385 0
1707588448089 0.7468 0
1707588456867 1.0453 0
1707588464863 0.7182 0
1707588472917 0.6432 0
1707588482248 1.3122 0
1707588490400 0.8876 0
1707588500426 0.9793 0
1707588508430 0.8916 0
1707588517426 0.751 0
1707588525692 0.8161 0
1707588536359 0.7165 0
1707588544340 0.6654 0
1707588552324 0.6452 0
1707588560487 0.9546 0
1707588570295 0.8369 0
1707588579572 0.8756 0
1707588587776 0.6277 0
1707588595761 0.7937 0
1707588603755 0.6812 0
1707588611751 0.542 0
1707588619875 0.8743 0
1707588629103 1.364 0
1707588637099 0.6591 0
1707588645388 0.694 0
1707588653949 1.542 0
1707588661944 0.6467 0
1707588674122 1.0634 0
1707588682115 0.6631 0
1707588690102 1.0107 0
1707588698074 0.9974 0
1707588706084 0.6305 0
1707588714138 0.9108 0
1707588723163 0.6503 0
1707588731235 0.8005 0
1707588740447 0.8171 0
1707588748788 0.5657 0
1707588757918 0.7599 0
1707588767625 1.4021 0
1707588776386 0.5588 0
1707588784365 0.9282 0
1707588792365 0.6934 0
1707588800514 0.863 0
1707588808500 0.6743 0
1707588817291 0.7994 0
1707588825302 0.9346 0
1707588833502 0.6462 0
1707588841489 0.6577 0
1707588853954 1.161 0
1707588861956 0.7758 0
1707588869951 0.5711 0
1707588877943 0.9632 0
1707588885943 0.5906 0
1707588898241 1.1368 0
1707588906291 1.1834 0
1707588914286 0.6505 0
1707588922273 0.6412 0
1707588930247 1.608 0
1707588938244 0.5836 0
1707588946241 1.0027 0
1707588954177 1.3887 0
1707588962256 0.6606 0
1707588970255 0.715 0
1707588980011 0.8553 0
1707588988768 0.6346 0
1707588998266 0.8158 0
1707589006693 0.7369 0
1707589016095 1.0535 0
1707589026784 0.7029 0
1707589035622 0.5983 0
1707589043630 2.0053 0
1707589052133 0.5935 0
1707589060138 1.3968 0
1707589068475 0.611 0
1707589077321 0.7041 0
1707589087902 1.5133 0
1707589099164 0.6975 0
1707589111504 1.2622 0
1707589119480 0.8103 0
1707589127476 1.2357 0
1707589135464 0.7253 0
1707589143452 0.8659 0
1707589152058 0.6836 0
1707589160379 0.7933 0
1707589168387 0.6378 0
1707589177548 1.808 0
1707589185688 0.7509 0
1707589193682 0.5976 0
1707589201614 1.4149 0
1707589211292 0.9199 0
1707589219312 1.0084 0
1707589227313 0.8759 0
1707589235308 0.7268 0
1707589243321 0.7162 0
1707589251601 0.6424 0
1707589259613 0.8454 0
1707589268332 0.9614 0
1707589277013 0.6978 0
1707589285661 0.8832 0
1707589295205 0.6488 0
1707589304273 0.7758 0
1707589313033 0.7245 0
1707589322307 1.1645 0
1707589331400 0.7283 0
1707589339442 0.8105 0
1707589347537 0.84 0
1707589355557 0.6374 0
1707589363575 0.7632 0
1707589371792 0.639 0
1707589382178 0.851 0
1707589390368 0.7706 0
1707589399687 0.9146 0
1707589409420 0.7793 0
1707589419146 0.8184 0
1707589427455 0.6764 0
1707589439475 0.6908 0
1707589447541 0.6653 0
1707589459758 1.1972 0
1707589467747 0.6524 0
1707589475762 0.7374 0
1707589487742 0.9957 0
1707589495746 0.7857 0
1707589503877 0.7486 0
1707589511869 1.0571 0
1707589519863 0.5953 0
1707589527859 0.8698 0
1707589535852 0.728 0
1707589547901 0.7477 0
1707589556043 0.8576 0
1707589564057 0.6192 0
1707589572074 0.7382 0
1707589584023 0.8372 0
1707589592015 0.6416 0
1707589599992 0.9221 0
1707589608080 0.6501 0
1707589616091 0.7915 0
1707589628185 0.8912 0
1707589636197 0.9234 0
1707589644198 0.6536 0
1707589656346 1.5172 0
1707589664452 0.641 0
1707589672448 0.8335 0
1707589680448 0.5678 0
1707589688455 1.0068 0
1707589696501 0.6533 0
1707589704531 1.0612 0
1707589712540 0.7814 0
1707589720669 0.8844 0
1707589728698 0.6136 0
1707589736988 1.0502 0
1707589746898 0.6452 0
1707589754913 0.6606 0
1707589763822 0.8785 0
1707589772300 0.6875 0
1707589780415 0.7914 0
1707589788414 0.7249 0
1707589797777 0.6845 0
1707589805778 0.902 0
1707589814287 0.6665 0
1707589822299 1.2846 0
1707589832504 0.6794 0
1707589841733 0.9198 0
1707589850525 0.6331 0
1707589858528 0.6255 0
1707589866548 0.6956 0
1707589874587 1.3224 0
1707589882597 0.5595 0
1707589890595 1.0962 0
1707589898600 1.2953 0
1707589907199 0.746 0
1707589915666 0.9406 0
1707589924618 0.7051 0
1707589933174 1.0127 0
1707589941909 0.7222 0
1707589954402 1.2392 0
1707589962396 0.6449 0
1707589970544 1.298 0
1707589982576 0.6771 0
1707589990593 0.8705 0
1707589998612 0.6091 0
1707590006610 0.9948 0
1707590014625 0.6824 0
1707590026943 0.9485 0
1707590038947 0.7106 0
1707590051404 1.1361 0
1707590059441 0.6522 0
1707590067444 0.9879 0
1707590075582 0.6541 0
1707590083599 0.5855 0
1707590091627 0.5795 0
1707590099648 0.6637 0
1707590111747 1.6477 0
1707590119775 0.6163 0
1707590127934 1.1329 0
1707590135958 0.9555 0
1707590143971 0.897 0
1707590151978 0.6577 0
1707590160590 0.8068 0
1707590170297 1.0078 0
1707590180408 0.7103 0
1707590190014 0.8303 0
1707590198037 0.7173 0
1707590206053 1.0378 0
1707590214389 0.6156 0
1707590224536 1.0438 0
1707590232559 0.6347 0
1707590240636 0.6425 0
1707590249421 0.8739 0
1707590259592 0.7843 0
1707590268017 0.7278 0
1707590276053 0.6301 0
1707590284068 1.2089 0
1707590292134 0.6083 0
1707590300835 0.7774 0
1707590312437 0.728 0
1707590320453 1.0431 0
1707590328476 0.7021 0
1707590337948 1.0884 0
1707590346423 0.5882 0
1707590354461 0.5818 0
1707590363817 1.5448 0
1707590373914 0.6342 0
1707590381952 0.6455 0
1707590389964 0.8818 0
1707590399285 0.806 0
1707590408946 0.6459 0
1707590416980 0.5207 0
1707590429688 0.7783 0
1707590437825 0.9916 0
1707590445844 0.6486 0
1707590453865 1.3952 0
1707590461886 0.9017 0
1707590470592 0.7796 0
1707590480322 0.7188 0
1707590488401 0.807 0
1707590497214 0.8364 0
1707590505252 0.5745 0
1707590513679 0.8489 0
1707590521710 0.6361 0
1707590529714 0.7929 0
1707590537756 0.5646 0
1707590545785 1.5496 0
1707590554861 0.6805 0
1707590564225 0.6488 0
1707590572893 0.9727 0
1707590580920 1.3178 0
1707590588936 0.6613 0
1707590596942 0.6471 0
1707590604920 1.5602 0
1707590612910 0.5703 0
1707590621065 0.5329 0
1707590630527 1.0141 0
1707590638527 1.416 0
1707590647780 0.5429 0
1707590655790 0.7833 0
1707590666144 0.6342 0
1707590674258 0.8273 0
1707590682385 0.5807 0
1707590690400 1.4127 0
1707590698409 0.6059 0
1707590707237 0.8403 0
1707590715235 0.7022 0
1707590724697 0.6245 0
1707590733486 1.0314 0
1707590743048 0.8229 0
1707590752079 0.8773 0
1707590760725 0.7088 0
1707590768734 0.8352 0
1707590776741 0.6295 0
1707590784729 0.9243 0
1707590794029 0.7505 0
1707590802036 0.7259 0
1707590810050 0.8687 0
1707590819085 0.9671 0
1707590828256 0.6384 0
1707590836948 0.6568 0
1707590846350 1.3057 0
1707590858425 0.7245 0
1707590866420 0.5853 0
1707590874407 1.0356 0
1707590882859 0.6726 0
1707590890850 0.9569 0
1707590898932 0.6642 0
1707590907017 0.8221 0
1707590915724 0.7497 0
1707590925018 0.5554 0
1707590933012 0.8168 0
1707590942785 0.584 0
1707590952046 0.6865 0
1707590961366 0.8045 0
1707590969535 1.2673 0
1707590978379 0.6176 0
1707590987166 0.7108 0
1707590996517 0.8141 0
1707591004601 0.6049 0
1707591013467 0.9481 0
1707591022747 0.5986 0
1707591031817 0.6685 0
1707591040548 0.7081 0
1707591049827 0.6609 0
1707591058984 1.0357 0
1707591069371 0.7771 0
1707591077559 0.9149 0
1707591086934 0.6048 0
1707591095913 0.879 0
1707591103929 0.6523 0
1707591112377 0.6148 0
1707591122355 0.6309 0
1707591130512 1.4078 0
1707591138499 0.5867 0
1707591147719 0.5552 0
1707591155701 0.7105 0
1707591167861 1.3637 0
1707591175866 0.6186 0
1707591183865 0.7093 0
1707591191869 1.2347 0
1707591199900 0.75 0
1707591208090 0.6145 0
1707591217150 1.0654 0
1707591225849 0.7441 0
1707591234981 0.6558 0
1707591243136 0.7524 0
1707591251489 0.7973 0
1707591261304 0.6963 0
1707591269531 1.1109 0
1707591279501 0.6874 0
1707591288582 0.7748 0
1707591300600 0.8742 0
1707591308607 0.7887 0
1707591316623 0.7606 0
1707591325316 0.602 0
1707591335035 0.7699 0
1707591343028 0.9005 0
1707591352731 0.571 0
1707591360749 0.6937 0
1707591368731 1.0142 0
1707591376745 0.7682 0
1707591385632 0.6457 0
1707591397743 0.7389 0
1707591410279 0.7911 0
1707591418272 0.5996 0
1707591426270 0.8852 0
1707591434258 0.9246 0
1707591442256 0.6941 0
1707591450259 0.648 0
1707591459172 1.2798 0
1707591467173 0.7978 0
1707591475347 0.6518 0
1707591483358 0.628 0
1707591492070 0.6502 0
1707591500840 0.8421 0
1707591508853 0.5921 0
1707591516850 0.7756 0
1707591526270 0.5621 0
1707591534367 0.7928 0
1707591543524 0.8696 0
1707591552875 0.5739 0
1707591562051 0.7558 0
1707591570047 0.9246 0
1707591578066 0.741 0
1707591586026 1.7784 0
1707591594029 0.5693 0
1707591605136 1.1006 0
1707591614269 0.6495 0
1707591622801 0.7206 0
1707591632245 0.711 0
1707591641456 1.4878 0
1707591650245 0.6386 0
1707591658590 0.7656 0
1707591667962 0.8328 0
1707591675978 0.6396 0
1707591684166 0.7418 0
1707591692435 0.9707 0
1707591701762 0.6357 0
1707591709780 0.7798 0
1707591719032 0.809 0
1707591728637 0.7427 0
1707591740927 0.6625 0
1707591749091 1.2807 0
1707591761140 0.938 0
1707591769132 0.683 0
1707591777143 0.6936 0
1707591785144 0.7492 0
1707591793155 0.7325 0
1707591801229 1.569 0
1707591809242 0.6335 0
1707591817242 0.7029 0
1707591826057 0.9915 0
1707591834981 0.6739 0
1707591845182 0.8536 0
1707591854296 0.6255 0
1707591862510 0.7475 0
1707591870676 0.9218 0
1707591878691 0.6789 0
1707591887403 0.5936 0
1707591895504 0.871 0
1707591903607 1.0432 0
1707591912988 0.5587 0
1707591922310 0.6442 0
1707591932013 0.5925 0
1707591943056 0.9189 0
1707591951084 0.6201 0
1707591959101 0.9505 0
1707591967130 0.8189 0
1707591975161 0.5677 0
1707591984264 0.6589 0
1707591992329 0.8036 0
1707592000493 0.7697 0
1707592008507 0.8327 0
1707592016522 0.6047 0
1707592025884 0.9356 0
1707592034923 0.7351 0
1707592042931 0.6361 0
1707592053596 0.759 0
1707592062213 0.9221 0
1707592070288 0.9164 0
1707592078325 0.7414 0
1707592090666 0.7598 0
1707592098679 0.6048 0
1707592106693 0.8906 0
1707592114795 0.7218 0
1707592123055 0.6035 0
1707592131307 0.7052 0
1707592139330 0.6935 0
1707592147761 0.7899 0
1707592156744 0.6628 0
1707592164760 0.7595 0
