1716836358057 30.0 0
1716836379725 12.0 0
1716836401369 11.96 0
1716836423511 11.88 0
1716836445034 11.9 0
1716836463112 12.04 0
1716836481456 11.97 0
1716836503107 11.94 0
1716836525095 12.03 0
1716836547150 12.23 0
1716836568931 12.01 0
1716836590691 11.97 0
1716836612550 12.1 0
1716836634805 12.15 0
1716836653228 12.21 0
1716836671455 12.17 0
1716836690047 11.92 0
1716836712270 12.09 0
1716836730709 12.36 0
1716836749228 12.35 0
1716836767683 12.24 0
1716836785943 12.11 0
1716836807455 11.99 0
1716836829856 12.16 0
1716836848049 11.93 0
1716836866152 11.99 0
1716836888073 12.07 0
1716836909960 12.25 0
1716836927911 11.94 0
1716836946164 12.01 0
1716836964827 12.07 0
1716836983173 12.31 0
1716837001549 12.29 0
1716837023487 12.05 0
1716837045595 12.19 0
1716837063878 12.2 0
1716837082322 12.3 0
1716837104463 12.26 0
1716837123292 12.11 0
1716837145344 12.23 0
1716837163766 12.21 0
1716837185984 12.18 0
1716837208014 12.09 0
1716837230066 12.23 0
1716837248632 12.2 0
1716837266871 12.29 0
1716837285072 12.06 0
1716837303308 12.25 0
1716837325064 12.1 0
1716837346988 12.17 0
1716837366492 12.18 0
1716837385415 12.36 0
1716837407287 12.21 0
1716837425441 12.12 0
1716837443559 12.04 0
1716837462005 12.12 0
1716837480166 12.18 0
1716837498315 12.16 0
1716837516860 12.08 0
1716837535117 12.19 0
1716837557018 12.04 0
1716837578996 12.13 0
1716837597204 12.14 0
1716837612085 12.48 0
1716837633780 12.04 0
1716837648447 12.35 0
1716837666814 12.22 0
1716837685049 12.16 0
1716837703412 12.21 0
1716837721721 12.2 0
1716837740099 12.08 0
1716837758567 12.28 0
1716837777233 12.2 0
1716837795796 12.32 0
1716837814052 12.01 0
1716837832547 12.27 0
1716837854797 12.3 0
1716837873274 12.31 0
1716837895508 12.26 0
1716837917692 12.16 0
1716837935919 12.14 0
1716837954466 12.21 0
1716837972706 12.14 0
1716837987251 12.27 0
1716838005683 12.36 0
1716838020381 12.37 0
1716838034783 12.14 0
1716838049252 12.07 0
1716838067458 12.21 0
1716838081954 12.15 0
1716838096366 12.02 0
1716838118346 12.3 0
1716838136449 12.09 0
1716838158819 12.18 0
1716838180784 12.22 0
1716838195524 12.42 0
1716838209884 12.11 0
1716838224191 12.03 0
1716838238665 12.15 0
1716838257002 12.3 0
1716838279506 12.1 0
1716838301455 12.16 0
1716838319576 11.99 0
1716838337816 12.18 0
1716838359854 12.35 0
1716838381918 12.16 0
1716838396659 12.39 0
1716838411114 12.16 0
1716838425819 12.41 0
1716838444111 12.2 0
1716838458587 12.19 0
1716838473353 12.37 0
1716838487820 12.14 0
1716838502193 11.95 0
1716838516893 12.34 0
1716838531491 12.25 0
1716838546035 12.15 0
1716838560728 12.3 0
1716838575287 12.2 0
1716838590167 12.44 0
1716838604768 12.25 0
1716838619615 12.36 0
1716838634339 12.35 0
1716838649432 12.21 0
1716838663926 12.22 0
1716838678654 12.27 0
1716838697203 12.18 0
1716838711810 12.2 0
1716838730280 12.22 0
1716838748560 12.1 0
1716838763373 12.46 0
1716838778441 12.15 0
1716838792997 12.2 0
1716838807540 12.26 0
1716838825970 12.16 0
1716838844221 11.96 0
1716838867102 12.34 0
1716838885523 12.07 0
1716838904487 12.36 0
1716838923104 12.14 0
1716838937709 12.2 0
1716838952336 12.27 0
1716838971040 12.27 0
1716838989619 12.31 0
1716839004160 12.17 0
1716839022452 12.24 0
1716839037204 12.02 0
1716839055760 12.18 0
1716839070418 12.31 0
1716839089010 12.05 0
1716839111592 12.26 0
1716839126307 12.21 0
1716839140788 12.04 0
1716839155599 12.41 0
1716839170140 12.13 0
1716839188740 12.1 0
1716839207319 12.11 0
1716839225890 12.18 0
1716839240580 12.3 0
1716839255307 12.26 0
1716839270594 12.84 0
1716839285325 12.22 0
1716839304036 12.21 0
1716839326571 12.1 0
1716839345165 12.08 0
1716839363801 12.26 0
1716839378530 12.38 0
1716839396750 12.22 0
1716839415780 12.5 0
1716839430309 12.18 0
1716839449100 12.34 0
1716839463707 12.07 0
1716839478261 12.1 0
1716839496656 12.12 0
1716839515269 12.03 0
1716839530294 12.1 0
1716839548432 12.22 0
1716839566978 12.1 0
1716839585687 12.16 0
1716839600579 12.23 0
1716839619019 11.89 0
1716839637667 12.2 0
1716839656135 12.05 0
1716839674681 12.04 0
1716839693051 11.97 0
1716839707455 12.0 0
1716839722288 11.91 0
1716839736813 12.13 0
1716839755369 12.18 0
1716839777632 12.27 0
1716839795821 11.96 0
1716839810360 12.19 0
1716839832372 12.07 0
1716839847210 12.32 0
1716839861960 12.2 0
1716839880815 12.15 0
1716839898984 12.0 0
1716839913730 12.32 0
1716839928483 12.28 0
1716839942974 12.1 0
1716839961746 12.28 0
1716839976449 12.26 0
1716839991412 12.09 0
1716840006049 12.21 0
1716840020805 12.33 0
1716840035482 12.2 0
1716840050142 12.4 0
1716840064511 12.11 0
1716840079044 12.22 0
1716840093460 12.16 0
1716840107775 12.01 0
1716840122874 12.3 0
1716840137440 12.24 0
1716840151887 12.14 0
1716840166341 12.14 0
1716840180744 12.12 0
1716840195059 12.0 0
1716840209878 12.19 0
1716840228202 12.22 0
1716840247188 12.29 0
1716840269188 11.99 0
1716840283685 12.15 0
1716840298149 12.14 0
1716840312744 12.18 0
1716840326942 11.93 0
1716840341332 12.09 0
1716840355947 12.25 0
1716840370797 12.37 0
1716840385037 11.99 0
1716840399352 12.12 0
1716840413935 12.33 0
1716840428337 12.11 0
1716840442662 12.02 0
1716840457075 12.11 0
1716840471742 12.37 0
1716840486207 12.19 0
1716840501062 12.08 0
1716840515550 12.2 0
1716840530183 12.3 0
1716840544632 12.19 0
1716840562871 12.05 0
1716840577527 12.28 0
1716840592015 12.19 0
1716840606594 12.3 0
1716840621921 12.33 0
1716840636466 12.23 0
1716840651044 12.2 0
1716840665299 11.92 0
1716840679813 12.22 0
1716840694321 12.16 0
1716840712257 11.85 0
1716840726772 12.21 0
1716840741443 12.32 0
1716840756626 12.2 0
1716840771380 12.34 0
1716840785935 12.26 0
1716840800450 12.2 0
1716840815026 12.3 0
1716840829572 12.17 0
1716840844276 12.35 0
1716840858697 12.14 0
1716840873445 12.36 0
1716840887793 12.06 0
1716840902193 12.04 0
1716840916890 12.27 0
1716840931389 12.17 0
1716840946034 12.28 0
1716840960698 12.34 0
1716840975291 12.25 0
1716840989718 12.09 0
1716841004699 12.25 0
1716841019069 12.07 0
1716841037494 12.31 0
1716841052011 12.17 0
1716841066596 12.26 0
1716841081289 12.42 0
1716841095854 12.11 0
1716841110403 12.25 0
1716841125237 12.06 0
1716841139778 12.16 0
1716841154375 12.26 0
1716841168844 12.18 0
1716841183196 12.08 0
1716841197626 12.08 0
1716841215715 11.93 0
1716841230179 12.14 0
1716841245057 12.14 0
1716841259734 12.27 0
1716841274195 12.13 0
1716841288711 12.21 0
1716841303212 12.19 0
1716841317946 12.24 0
1716841332230 11.96 0
1716841350408 12.07 0
1716841369076 12.28 0
1716841387586 12.46 0
1716841401952 12.02 0
1716841416538 12.25 0
1716841430848 11.98 0
1716841445479 12.29 0
1716841463886 12.07 0
1716841478797 12.2 0
1716841493573 12.44 0
1716841508021 12.11 0
1716841529887 12.05 0
1716841544184 11.98 0
1716841562041 12.22 0
1716841580521 12.44 0
1716841595063 12.19 0
1716841609634 12.2 0
1716841624326 12.33 0
1716841638625 11.95 0
1716841653310 12.38 0
1716841667954 12.27 0
1716841682511 12.21 0
1716841697130 12.28 0
1716841712141 12.27 0
1716841726659 12.2 0
1716841741222 12.12 0
1716841755808 12.24 0
1716841770505 12.22 0
1716841785050 12.14 0
1716841799889 12.32 0
1716841814424 12.15 0
1716841833008 12.04 0
1716841847506 12.18 0
1716841865894 12.3 0
1716841888106 12.16 0
1716841902770 12.25 0
1716841917182 12.03 0
1716841932159 12.64 0
1716841946673 12.17 0
1716841961233 12.24 0
1716841975892 12.08 0
1716841990332 12.05 0
1716842004658 11.92 0
1716842019489 12.3 0
1716842034329 12.28 0
1716842049041 12.34 0
1716842064002 12.1 0
1716842078477 12.08 0
1716842093082 12.27 0
1716842107759 12.31 0
1716842122289 12.13 0
1716842136972 12.12 0
1716842151496 12.15 0
1716842165915 11.99 0
1716842180850 12.09 0
1716842195435 12.23 0
1716842210119 12.19 0
1716842232138 12.02 0
1716842246618 12.07 0
1716842261228 12.11 0
1716842275822 12.11 0
1716842290417 12.12 0
1716842305484 12.02 0
1716842320118 12.17 0
1716842334838 12.29 0
1716842349581 12.32 0
1716842364193 12.18 0
1716842378762 12.16 0
1716842393363 12.15 0
1716842407807 12.07 0
1716842422696 12.06 0
1716842437320 12.17 0
1716842455855 12.32 0
1716842474030 11.99 0
1716842492240 11.97 0
1716842510646 12.27 0
1716842525729 12.28 0
1716842540478 12.3 0
1716842555071 12.2 0
1716842569567 12.02 0
1716842583952 12.04 0
1716842598546 12.15 0
1716842617147 12.13 0
1716842631811 12.28 0
1716842646552 12.24 0
1716842661282 12.2 0
1716842679577 12.06 0
1716842697762 12.06 0
1716842712403 12.16 0
1716842726999 12.2 0
1716842741800 12.36 0
1716842756559 12.36 0
1716842770874 11.92 0
1716842785608 12.33 0
1716842800371 12.18 0
1716842815032 12.17 0
1716842829758 12.19 0
1716842847889 12.03 0
1716842862810 12.03 0
1716842877367 12.06 0
1716842891915 12.1 0
1716842906528 12.14 0
1716842921317 12.37 0
1716842935893 12.12 0
1716842950389 12.12 0
1716842973527 12.29 0
1716842991893 12.14 0
1716843010448 12.22 0
1716843025082 12.16 0
1716843039719 12.2 0
1716843054403 12.23 0
1716843069114 12.29 0
1716843084146 12.63 0
1716843098897 12.27 0
1716843113438 12.12 0
1716843128043 12.15 0
1716843142792 12.26 0
1716843157270 12.07 0
1716843171891 12.38 0
1716843186480 12.26 0
1716843201023 12.21 0
1716843215417 12.06 0
1716843233528 12.04 0
1716843247960 12.13 0
1716843262327 12.05 0
1716843276763 12.17 0
1716843291271 12.15 0
1716843305798 12.17 0
1716843320302 12.21 0
1716843334982 12.29 0
1716843349534 12.3 0
1716843363820 11.96 0
1716843378268 12.15 0
1716843392810 12.23 0
1716843407104 11.95 0
1716843421392 12.03 0
1716843435980 12.3 0
1716843451029 12.37 0
1716843465626 12.3 0
1716843480345 12.41 0
1716843494805 12.22 0
1716843512949 12.15 0
1716843527378 12.09 0
1716843545567 12.06 0
1716843560240 12.42 0
1716843578966 12.06 0
1716843593267 12.03 0
1716843607768 12.22 0
1716843629711 12.15 0
1716843647974 12.25 0
1716843662425 12.19 0
1716843681080 12.02 0
1716843699383 12.28 0
1716843713811 12.15 0
1716843728202 12.15 0
1716843742633 12.1 0
1716843757004 12.11 0
1716843775474 12.19 0
1716843790384 12.24 0
1716843804654 12.03 0
1716843819014 12.13 0
1716843833298 12.04 0
1716843847696 12.15 0
1716843862323 12.35 0
1716843876794 12.25 0
1716843891309 12.22 0
1716843905724 12.13 0
1716843920630 12.19 0
1716843935188 12.32 0
1716843949785 12.24 0
1716843964177 12.09 0
1716843978605 12.21 0
1716843992951 12.08 0
1716844007444 12.26 0
1716844021881 12.22 0
1716844036162 12.03 0
1716844050976 12.15 0
1716844065606 12.31 0
1716844080040 12.22 0
1716844094434 12.1 0
1716844108850 12.18 0
1716844123320 12.25 0
1716844137925 12.22 0
1716844152497 12.36 0
1716844166870 12.1 0
1716844181968 12.36 0
1716844196480 12.25 0
1716844211088 12.35 0
1716844225744 12.19 0
1716844240297 12.16 0
1716844254965 12.4 0
1716844269596 12.33 0
1716844284029 12.15 0
1716844298487 12.15 0
1716844313601 12.38 0
1716844328191 12.29 0
1716844342780 12.32 0
1716844357531 12.31 0
1716844372228 12.35 0
1716844386798 12.25 0
1716844401418 12.22 0
1716844416219 12.36 0
1716844430774 12.29 0
1716844445830 12.34 0
1716844460499 12.41 0
1716844475152 12.31 0
1716844489523 12.11 0
1716844507738 12.31 0
1716844526138 12.2 0
1716844540578 12.09 0
1716844555032 12.16 0
1716844570055 12.28 0
1716844584549 12.2 0
1716844599096 12.19 0
1716844613360 12.0 0
1716844627909 12.27 0
1716844642606 12.28 0
1716844657154 12.2 0
1716844671828 12.34 0
1716844686728 12.05 0
1716844701423 12.42 0
1716844715970 12.23 0
1716844730613 12.29 0
1716844745050 12.13 0
1716844759663 12.31 0
1716844774153 12.2 0
1716844788510 12.09 0
1716844803143 12.25 0
1716844821698 12.07 0
1716844836122 12.12 0
1716844850773 12.32 0
1716844865307 12.24 0
1716844879726 12.13 0
1716844894261 12.15 0
1716844908813 12.25 0
1716844923367 12.24 0
1716844938226 12.14 0
1716844952626 12.09 0
1716844967142 12.18 0
1716844981665 12.23 0
1716844996285 12.37 0
1716845014322 12.08 0
1716845032903 12.44 0
1716845047521 12.35 0
1716845062714 12.22 0
1716845077278 12.12 0
1716845091893 12.31 0
1716845106456 12.14 0
1716845120883 12.12 0
1716845135458 12.3 0
1716845153549 12.11 0
1716845172316 12.17 0
1716845186803 11.99 0
1716845201242 12.15 0
1716845215888 12.19 0
1716845230533 12.37 0
1716845244903 12.09 0
1716845263225 12.19 0
1716845277629 12.09 0
1716845292499 12.14 0
1716845307038 12.24 0
1716845321485 12.17 0
1716845336068 12.24 0
1716845350641 12.3 0
1716845364916 11.98 0
1716845379352 12.13 0
1716845394055 12.37 0
1716845408383 12.05 0
1716845423500 12.24 0
1716845438044 12.26 0
1716845452494 12.13 0
1716845466949 12.19 0
1716845481368 12.13 0
1716845495979 12.3 0
1716845510350 12.09 0
1716845524842 12.19 0
1716845539597 12.43 0
1716845554152 12.28 0
1716845568889 12.45 0
1716845583396 12.23 0
1716845597820 12.11 0
1716845612327 12.1 0
1716845626975 12.24 0
1716845641234 11.97 0
1716845655888 12.29 0
1716845670674 12.05 0
1716845685418 12.21 0
1716845700001 12.16 0
1716845714842 12.45 0
1716845729360 12.11 0
1716845743877 12.12 0
1716845758295 12.04 0
1716845772764 12.02 0
1716845787930 12.39 0
1716845802612 12.23 0
1716845817122 12.18 0
1716845831670 12.23 0
1716845846382 12.35 0
1716845860849 12.14 0
1716845875535 12.29 0
1716845890193 12.32 0
1716845904582 12.02 0
1716845919750 12.37 0
1716845934129 12.0 0
1716845948655 12.21 0
1716845963264 12.23 0
1716845977822 12.21 0
1716845996399 12.4 0
1716846010824 12.07 0
1716846025601 12.28 0
1716846040646 12.25 0
1716846055226 12.26 0
1716846069659 12.09 0
1716846084407 12.35 0
1716846098884 12.17 0
1716846113646 12.34 0
1716846128399 12.26 0
1716846142763 11.95 0
1716846158045 12.09 0
1716846172698 12.24 0
1716846187366 12.3 0
1716846201747 12.04 0
1716846216391 12.27 0
1716846231286 12.54 0
1716846246179 12.4 0
1716846260563 11.96 0
1716846275043 12.07 0
1716846290201 12.09 0
1716846304756 12.21 0
1716846319310 12.19 0
1716846333949 12.23 0
1716846348319 11.87 0
1716846362740 12.05 0
1716846377275 12.12 0
1716846391723 12.09 0
1716846406862 12.29 0
1716846421575 12.34 0
1716846436045 12.03 0
1716846450730 12.25 0
1716846465453 12.28 0
1716846480102 12.14 0
1716846494590 12.03 0
1716846509413 12.2 0
1716846524246 12.34 0
1716846538635 12.02 0
1716846553131 12.14 0
1716846567637 12.15 0
1716846582204 12.23 0
1716846596753 12.17 0
1716846611382 12.24 0
1716846625788 12.01 0
1716846640415 12.27 0
1716846654920 12.09 0
1716846669469 12.2 0
1716846684101 12.24 0
1716846698546 12.08 0
1716846713010 12.09 0
1716846731184 12.16 0
1716846745776 12.22 0
1716846760369 12.26 0
1716846775050 12.22 0
1716846789665 12.24 0
1716846804153 12.09 0
1716846818587 12.11 0
1716846833162 12.16 0
1716846847652 12.16 0
1716846862102 12.08 0
1716846876533 12.02 0
1716846891545 12.18 0
1716846906261 12.33 0
1716846920814 12.12 0
1716846935280 12.09 0
1716846949797 12.13 0
1716846964111 11.99 0
1716846978718 12.2 0
1716846993248 12.05 0
1716847008534 12.29 0
1716847022925 11.96 0
1716847037510 12.19 0
1716847052118 12.16 0
1716847066798 12.28 0
1716847081198 11.99 0
1716847095691 12.1 0
1716847110054 11.98 0
1716847125243 12.19 0
1716847140100 12.46 0
1716847154863 12.29 0
1716847169495 12.2 0
1716847184328 12.39 0
1716847198606 11.9 0
1716847213115 12.1 0
1716847227758 12.29 0
1716847242280 12.1 0
1716847257477 12.25 0
1716847272016 12.07 0
1716847286625 12.18 0
1716847301120 12.11 0
1716847315511 12.0 0
1716847330111 12.07 0
1716847344723 12.18 0
1716847359467 12.16 0
1716847374364 11.99 0
1716847388902 12.1 0
1716847406932 11.97 0
1716847421532 12.18 0
1716847436217 12.26 0
1716847450812 12.18 0
1716847469183 12.21 0
1716847484026 12.46 0
1716847498640 12.2 0
1716847513117 12.11 0
1716847527543 12.02 0
1716847542338 12.38 0
1716847556925 12.21 0
1716847571375 12.05 0
1716847586115 12.34 0
1716847600903 12.37 0
1716847615532 12.19 0
1716847630058 12.06 0
1716847644850 12.34 0
1716847659546 12.33 0
1716847674195 12.24 0
1716847688846 12.24 0
1716847703429 12.2 0
1716847718325 11.94 0
1716847732717 12.03 0
1716847747519 12.36 0
1716847762092 12.2 0
1716847776676 12.18 0
1716847791099 12.04 0
1716847805842 12.32 0
1716847820425 12.17 0
1716847835461 12.66 0
1716847850030 12.18 0
1716847864722 12.29 0
1716847879168 12.07 0
1716847893728 12.15 0
1716847908311 12.22 0
1716847922969 12.27 0
1716847937531 12.15 0
1716847952618 12.13 0
1716847967128 12.08 0
1716847981919 12.36 0
1716847996624 12.28 0
1716848011165 12.1 0
1716848025770 12.24 0
1716848040444 12.22 0
1716848054952 12.13 0
1716848069350 12.03 0
1716848087999 11.94 0
1716848102415 12.0 0
1716848116793 11.95 0
1716848131338 12.15 0
1716848145830 12.1 0
1716848160346 12.16 0
1716848174916 12.12 0
1716848193694 12.16 0
1716848212038 12.23 0
1716848230686 12.38 0
1716848245406 12.3 0
1716848263086 12.18 0
1716848277684 12.22 0
1716848292304 12.23 0
1716848307307 12.19 0
1716848321956 12.25 0
1716848336561 12.2 0
1716848351162 12.11 0
1716848365692 12.12 0
1716848380313 12.25 0
1716848395165 12.32 0
1716848409854 12.14 0
1716848425329 12.25 0
1716848440193 12.36 0
1716848454932 12.07 0
1716848469489 12.13 0
1716848484211 12.1 0
1716848498739 12.09 0
1716848513284 12.06 0
1716848527905 12.11 0
1716848543273 12.34 0
1716848557876 12.0 0
1716848580086 12.09 0
1716848594869 12.22 0
1716848609334 12.03 0
1716848623921 12.12 0
1716848638569 12.22 0
1716848653625 12.12 0
1716848668334 12.11 0
1716848682938 12.1 0
1716848697465 12.05 0
1716848712497 12.34 0
1716848727110 12.15 0
1716848741741 12.14 0
1716848756358 12.19 0
1716848771320 12.03 0
1716848786322 12.55 0
1716848804573 12.12 0
1716848819128 12.14 0
1716848837732 12.15 0
1716848852309 12.17 0
1716848867025 12.26 0
1716848882414 12.21 0
1716848897164 12.31 0
1716848911597 12.02 0
1716848926296 12.25 0
1716848940848 12.12 0
1716848955448 12.18 0
1716848973792 12.18 0
1716848988754 12.53 0
1716849003263 12.11 0
1716849017772 12.12 0
1716849032384 12.22 0
1716849046964 12.11 0
1716849061478 12.09 0
1716849076091 12.11 0
1716849090885 12.19 0
1716849105955 12.17 0
1716849120560 12.16 0
1716849135408 12.42 0
1716849150240 12.39 0
1716849165119 12.33 0
1716849179765 12.25 0
1716849194645 12.39 0
1716849209405 12.36 0
1716849224442 12.16 0
1716849239313 12.46 0
1716849253812 12.04 0
1716849268552 12.46 0
1716849283259 12.37 0
1716849297915 12.28 0
1716849312554 12.28 0
1716849327196 12.26 0
1716849342186 12.67 0
1716849356767 12.27 0
1716849371224 12.15 0
1716849385905 12.4 0
1716849400548 12.29 0
1716849415106 12.23 0
1716849429676 12.26 0
1716849444144 12.2 0
1716849458616 12.04 0
1716849473575 12.14 0
1716849488111 12.19 0
1716849502611 12.23 0
1716849517064 11.95 0
1716849531595 12.22 0
1716849546201 12.3 0
1716849560486 11.92 0
1716849574917 12.18 0
1716849589319 12.16 0
1716849604664 12.25 0
1716849619066 12.1 0
1716849633581 12.08 0
1716849647872 12.01 0
1716849662377 12.18 0
1716849677028 12.24 0
1716849691468 12.1 0
1716849710079 12.25 0
1716849728775 12.08 0
1716849743113 12.07 0
1716849757362 11.97 0
1716849771913 12.26 0
1716849786295 12.04 0
1716849800788 12.13 0
1716849815274 12.14 0
1716849829760 12.11 0
1716849844593 12.49 0
1716849859192 12.25 0
1716849873770 12.26 0
1716849888505 12.2 0
1716849903105 12.27 0
1716849917526 12.16 0
1716849931995 12.25 0
1716849946509 12.25 0
1716849960814 12.03 0
1716849975741 12.25 0
1716849990205 12.15 0
1716850004581 12.08 0
1716850019140 12.29 0
1716850033491 12.08 0
1716850048150 12.34 0
1716850062595 12.18 0
1716850077101 12.21 0
1716850092156 12.27 0
1716850106752 12.26 0
1716850121349 12.24 0
1716850135842 12.15 0
1716850150396 12.24 0
1716850164782 12.15 0
1716850179297 12.22 0
1716850193870 12.15 0
1716850208437 12.29 0
1716850223240 12.0 0
1716850237794 12.22 0
1716850252265 12.16 0
1716850266558 11.98 0
1716850280885 12.07 0
1716850299212 12.16 0
1716850313624 12.1 0
1716850328002 11.99 0
1716850343071 12.38 0
1716850357733 12.31 0
1716850372073 12.05 0
1716850386609 12.23 0
1716850401308 12.44 0
1716850415893 12.3 0
1716850430657 12.38 0
1716850448899 12.17 0
1716850464086 12.29 0
1716850478742 12.33 0
1716850493434 12.28 0
1716850507958 12.25 0
1716850522639 12.36 0
1716850537073 12.13 0
1716850551624 12.25 0
1716850566202 12.16 0
1716850580599 12.15 0
1716850595463 12.09 0
1716850610040 12.25 0
1716850624568 12.22 0
1716850639321 12.49 0
1716850653702 12.13 0
1716850668031 12.07 0
1716850682570 12.19 0
1716850697093 12.15 0
1716850711598 12.18 0
1716850726652 12.33 0
1716850744802 12.07 0
1716850759365 12.28 0
1716850777771 12.15 0
1716850792068 12.05 0
1716850810246 12.09 0
1716850824528 12.01 0
1716850839572 12.35 0
1716850853892 12.05 0
1716850868405 12.09 0
1716850882705 12.03 0
1716850897342 12.28 0
1716850911774 12.16 0
1716850926130 12.08 0
1716850940437 11.98 0
1716850954960 12.24 0
1716850969744 11.96 0
1716850984057 12.0 0
1716850998494 12.09 0
1716851012789 12.0 0
1716851027438 12.18 0
1716851042040 12.31 0
1716851056511 12.13 0
1716851071275 12.3 0
1716851086196 12.65 0
1716851100993 12.46 0
1716851115415 12.05 0
1716851130095 12.37 0
1716851144410 12.06 0
1716851159055 12.21 0
1716851173620 12.15 0
1716851192047 12.15 0
1716851206787 11.99 0
1716851221595 12.53 0
1716851236078 12.16 0
1716851250552 12.16 0
1716851265173 12.35 0
1716851279778 12.13 0
1716851294475 12.22 0
1716851309093 12.29 0
1716851323581 12.15 0
1716851338932 12.38 0
1716851353564 12.26 0
1716851368113 12.26 0
1716851382598 12.18 0
1716851397179 12.25 0
1716851411510 12.05 0
1716851425941 12.14 0
1716851440526 12.3 0
1716851455044 12.16 0
1716851470086 12.29 0
1716851484734 12.33 0
1716851499308 12.23 0
1716851513824 12.23 0
1716851528468 12.31 0
1716851543100 12.31 0
1716851557719 12.29 0
1716851572105 12.02 0
1716851586881 12.36 0
1716851601859 12.51 0
1716851616437 12.21 0
1716851631134 12.28 0
1716851645600 12.15 0
1716851660202 12.26 0
1716851674788 12.24 0
1716851689443 12.17 0
1716851703985 12.22 0
1716851718809 12.02 0
1716851733264 12.15 0
1716851747634 12.07 0
1716851762375 12.43 0
1716851776891 12.09 0
1716851791328 12.16 0
1716851805737 12.14 0
1716851820384 12.36 0
1716851834931 12.15 0
1716851849818 12.12 0
1716851864611 12.39 0
1716851879057 12.07 0
1716851893538 12.06 0
1716851907926 12.02 0
