1716836358008 0.019330130799412273 0
1716836379702 0.16423695026244348 1
1716836401348 0.20308236719038383 2
1716836423490 0.5293718350686786 3
1716836445011 0.2767553904209592 4
1716836463084 0.45844658317323067 5
1716836481434 0.6725362740639621 6
1716836503086 0.6746742965451071 7
1716836525074 0.6902393860702789 8
1716836547130 0.6946191742564004 9
1716836568908 0.7224750519204147 10
1716836590667 0.7560680935571925 11
1716836612515 0.7906569228641107 12
1716836634780 0.6894954764822211 13
1716836653207 0.7210152205216757 14
1716836671434 0.7060499888016789 15
1716836690015 0.8124356754519932 16
1716836712249 0.7968715246923299 17
1716836730688 0.7969943885689629 18
1716836749204 0.7997376116876264 19
1716836767660 0.7911386451741581 20
1716836785920 0.8299874959164995 21
1716836807419 0.8321940623101294 22
1716836829825 0.8125892060501689 23
1716836848026 0.8234551903184268 24
1716836866113 0.8336913675083945 25
1716836888052 0.850230035598479 26
1716836909940 0.8473726745769516 27
1716836927889 0.8375635204231746 28
1716836946138 0.8411684134807974 29
1716836964806 0.8175454414110256 30
1716836983142 0.8370257453491824 31
1716837001520 0.8585672363644706 32
1716837023465 0.8466610325170915 33
1716837045570 0.8372168825080625 34
1716837063857 0.8504344522887924 35
1716837082301 0.8630805734948158 36
1716837104441 0.8547938601017488 37
1716837123270 0.8767640098890565 38
1716837145324 0.8571684491144905 39
1716837163745 0.8725704948178631 40
1716837185961 0.8783149774641149 41
1716837207989 0.8811200438890269 42
1716837230045 0.8544847139072321 43
1716837248612 0.8690670941277961 44
1716837266850 0.8451104005442928 45
1716837285050 0.8687376666892229 46
1716837303286 0.8831842367894324 47
1716837325044 0.8810365055678214 48
1716837346966 0.8675764486464402 49
1716837366469 0.8806134133143759 50
1716837385391 0.8911959496694714 51
1716837407264 0.8813136780263139 52
1716837425405 0.8881525809272315 53
1716837443532 0.8786992113057034 54
1716837461985 0.8727452063766264 55
1716837480145 0.8884227560543744 56
1716837498291 0.8841137870649604 57
1716837516840 0.8934438736558196 58
1716837535099 0.8992670383134124 59
1716837556997 0.9034747652238391 60
1716837578974 0.9055652874591189 61
1716837597184 0.8779356382950919 62
1716837612063 0.905226761426735 63
1716837633759 0.8752689662745178 64
1716837648420 0.8959083518527597 65
1716837666791 0.8955005737576945 66
1716837685028 0.9045149221246649 67
1716837703390 0.8955910720988598 68
1716837721699 0.8915123018384551 69
1716837740062 0.9010437045176779 70
1716837758544 0.891220350337596 71
1716837777209 0.8967033709119473 72
1716837795772 0.9048250381542903 73
1716837814029 0.9028408912515434 74
1716837832524 0.9065280609263153 75
1716837854768 0.9072585419639178 76
1716837873254 0.9054950923308757 77
1716837895469 0.9075598271456182 78
1716837917670 0.8982926895027571 79
1716837935899 0.904900443606842 80
1716837954445 0.8997715538064978 81
1716837972684 0.8959736414764604 82
1716837987229 0.905539077055693 83
1716838005660 0.8940928246034804 84
1716838020360 0.8940466447918349 85
1716838034744 0.9033946962099945 86
1716838049229 0.9026856038547629 87
1716838067437 0.892972829924525 88
1716838081931 0.9043285839110133 89
1716838096343 0.9140844060407086 90
1716838118325 0.9088814871524189 91
1716838136410 0.9139366707319595 92
1716838158788 0.9175707102597596 93
1716838180763 0.9032119797609522 94
1716838195503 0.9040528133804181 95
1716838209865 0.9019967605602949 96
1716838224168 0.9031884451511439 97
1716838238643 0.9079558889079137 98
1716838256979 0.9117503942111406 99
1716838279478 0.9152893531803432 100
1716838301436 0.9126347706396424 101
1716838319544 0.9075805533550677 102
1716838337797 0.9137170637627864 103
1716838359834 0.9139977635391855 104
1716838381896 0.9042224356339524 105
1716838396636 0.9048350822165107 106
1716838411093 0.9095596522683119 107
1716838425799 0.9125935369535805 108
1716838444089 0.8831485843203177 109
1716838458554 0.8930079608023446 110
1716838473331 0.913723479009553 111
1716838487787 0.914205350116538 112
1716838502170 0.9002939305072805 113
1716838516870 0.9089903684289958 114
1716838531468 0.9030504344249052 115
1716838546011 0.9066667619404404 116
1716838560705 0.9078634243579392 117
1716838575248 0.9160329936842636 118
1716838590135 0.8961747782472472 119
1716838604725 0.903785430327253 120
1716838619572 0.9100460600761738 121
1716838634318 0.9130929914831188 122
1716838649413 0.902885154832576 123
1716838663907 0.9062135036646556 124
1716838678632 0.9180061786569175 125
1716838697175 0.9122583845549047 126
1716838711783 0.9091379456945581 127
1716838730259 0.9097381284498532 128
1716838748538 0.9034962874377227 129
1716838763349 0.9115048848076146 130
1716838778420 0.8949929131485138 131
1716838792978 0.9121839173786442 132
1716838807507 0.9170148784075661 133
1716838825946 0.9099856237331849 134
1716838844199 0.9230163065377538 135
1716838867079 0.9159289697096203 136
1716838885502 0.9125950642045296 137
1716838904465 0.9152185021008196 138
1716838923082 0.9090654149199819 139
1716838937684 0.9087871611619707 140
1716838952316 0.9192252014098569 141
1716838971017 0.9170346915448754 142
1716838989597 0.9107607804485545 143
1716839004138 0.9160418738149709 144
1716839022431 0.9083176232057207 145
1716839037181 0.9164875638466489 146
1716839055740 0.9118960220460175 147
1716839070396 0.9160821613759493 148
1716839088989 0.9148353863193853 149
1716839111559 0.9037793390460088 150
1716839126268 0.9202931431978638 151
1716839140764 0.9133141494134618 152
1716839155576 0.910731607673161 153
1716839170120 0.9169265424154677 154
1716839188720 0.9135426194023689 155
1716839207299 0.9165791473167828 156
1716839225869 0.9021373646301387 157
1716839240559 0.9134717265487643 158
1716839255281 0.9161236620282766 159
1716839270572 0.9176310383442695 160
1716839285304 0.9158813992709852 161
1716839304014 0.9263890723674643 162
1716839326548 0.9162680821243802 163
1716839345140 0.9176573579976278 164
1716839363779 0.9120498565026826 165
1716839378495 0.9232787940115991 166
1716839396728 0.9185029248209841 167
1716839415760 0.9126203707272679 168
1716839430275 0.9211301343359786 169
1716839449062 0.9156891717406467 170
1716839463682 0.9163740733509185 171
1716839478233 0.9195049037850936 172
1716839496631 0.9172920568525917 173
1716839515248 0.9162658187880671 174
1716839530272 0.9222490797432114 175
1716839548411 0.9206014415560663 176
1716839566954 0.9180809742736713 177
1716839585662 0.9155869455800926 178
1716839600556 0.9252207059032872 179
1716839618997 0.918530836622073 180
1716839637645 0.9208490311970761 181
1716839656111 0.9245874638245267 182
1716839674658 0.9194713206548205 183
1716839693024 0.9127929142045333 184
1716839707428 0.9212334117919144 185
1716839722268 0.9171491324571602 186
1716839736793 0.9252552929397583 187
1716839755345 0.927769343387169 188
1716839777610 0.9238449737126323 189
1716839795799 0.9187177120844092 190
1716839810338 0.9297323253382709 191
1716839832350 0.9164375714901515 192
1716839847189 0.9211675100642229 193
1716839861934 0.9256809882745342 194
1716839880795 0.9281736915528364 195
1716839898963 0.9126318842773035 196
1716839913709 0.9227253086328631 197
1716839928460 0.9259134100638775 198
1716839942950 0.9227366389586771 199
1716839961721 0.9157879003556321 200
1716839976425 0.9240390821213093 201
1716839991390 0.9216113957775501 202
1716840006028 0.9218271277887103 203
1716840020780 0.9260256901348086 204
1716840035460 0.9194888112867332 205
1716840050119 0.9144131773812028 206
1716840064472 0.918206973648615 207
1716840079019 0.9196159137732484 208
1716840093436 0.9157078192048193 209
1716840107753 0.9217046565800491 210
1716840122847 0.9256032915679998 211
1716840137418 0.9201314621011633 212
1716840151865 0.9226287384995743 213
1716840166320 0.9201943006071058 214
1716840180722 0.9270582002142725 215
1716840195032 0.9254409235583799 216
1716840209857 0.924613813638992 217
1716840228178 0.9247511785329924 218
1716840247147 0.9297961870969097 219
1716840269169 0.9187008552483095 220
1716840283657 0.9269151603403004 221
1716840298127 0.9203469543803978 222
1716840312723 0.922650010264988 223
1716840326916 0.9239334820925394 224
1716840341307 0.9232672439655758 225
1716840355913 0.918656750396481 226
1716840370774 0.9196155204087874 227
1716840385017 0.9283706919408794 228
1716840399329 0.9188628161328382 229
1716840413911 0.915153570939013 230
1716840428315 0.9147220489200188 231
1716840442635 0.9221492363360229 232
1716840457053 0.9202443717279158 233
1716840471720 0.9255270083523928 234
1716840486183 0.9236490765073061 235
1716840501037 0.9216927569089112 236
1716840515507 0.921783239778574 237
1716840530154 0.9184642452047175 238
1716840544608 0.9273292126883331 239
1716840562849 0.9243180354716909 240
1716840577505 0.924478859930983 241
1716840591993 0.9200590187427956 242
1716840606572 0.9198928081927908 243
1716840621898 0.9235501338815754 244
1716840636434 0.9169950650774222 245
1716840651021 0.909916440546497 246
1716840665276 0.9126942678352875 247
1716840679791 0.9196570447340191 248
1716840694299 0.9189505761279709 249
1716840712230 0.9223910100382126 250
1716840726748 0.9285357520505353 251
1716840741418 0.9259807051552685 252
1716840756604 0.9243227429328931 253
1716840771358 0.9228865006564098 254
1716840785914 0.9235028722329929 255
1716840800429 0.9220689007820845 256
1716840814995 0.9200122972976711 257
1716840829545 0.925616113427972 258
1716840844254 0.8737002701772579 259
1716840858663 0.9141228712038103 260
1716840873420 0.9179329803373237 261
1716840887771 0.9198498383493651 262
1716840902169 0.9263230130302017 263
1716840916868 0.9172565715616984 264
1716840931346 0.9194057961146163 265
1716840946012 0.9233211205035978 266
1716840960674 0.9301013468456528 267
1716840975270 0.9210193845473014 268
1716840989698 0.9226931901872518 269
1716841004680 0.9237719708365151 270
1716841019045 0.9275350168803197 271
1716841037471 0.9237308668829233 272
1716841051988 0.9237863267297164 273
1716841066575 0.9275294271853479 274
1716841081264 0.9222771178098029 275
1716841095834 0.9202268774990329 276
1716841110383 0.9201543669802984 277
1716841125215 0.9089584630541497 278
1716841139754 0.923839590539418 279
1716841154354 0.9279711625693595 280
1716841168823 0.9276589502354585 281
1716841183173 0.9287509719946795 282
1716841197603 0.9293994028477276 283
1716841215690 0.9178830969576275 284
1716841230159 0.9218483501331645 285
1716841245018 0.919377492053795 286
1716841259713 0.924129804428737 287
1716841274168 0.9266477304676831 288
1716841288689 0.9242866138136722 289
1716841303191 0.9195993434571652 290
1716841317925 0.9285406180081064 291
1716841332206 0.9257149749214716 292
1716841350382 0.9285486208634787 293
1716841369049 0.9273618201533077 294
1716841387562 0.9215576935328027 295
1716841401932 0.9233363082849843 296
1716841416506 0.9235517815346954 297
1716841430826 0.9204683854528954 298
1716841445459 0.9275220631137652 299
1716841463867 0.9260877978158684 300
1716841478774 0.922656397612576 301
1716841493551 0.9264323017047635 302
1716841508000 0.9317907598596981 303
1716841529867 0.9242128211542767 304
1716841544164 0.9272479097888532 305
1716841562017 0.928993993323075 306
1716841580499 0.9249608436051128 307
1716841595040 0.9212587323035906 308
1716841609613 0.9230231659646287 309
1716841624299 0.9271205306545226 310
1716841638606 0.9183901301395901 311
1716841653288 0.9249306027192462 312
1716841667934 0.9225040015046201 313
1716841682488 0.9199868141474808 314
1716841697107 0.9237548211182025 315
1716841712120 0.9253039458505468 316
1716841726634 0.9190375055754137 317
1716841741200 0.9251540175260268 318
1716841755781 0.9275744728272745 319
1716841770484 0.9296693173596315 320
1716841785025 0.9249364491276615 321
1716841799862 0.93182197995284 322
1716841814403 0.9280096645754276 323
1716841832988 0.9227057517673569 324
1716841847485 0.9297905349195198 325
1716841865860 0.9329700329630898 326
1716841888084 0.9188406244468621 327
1716841902744 0.9237444201456201 328
1716841917159 0.9184313715022467 329
1716841932136 0.9267239026703039 330
1716841946653 0.9256094954245236 331
1716841961209 0.9231591530900148 332
1716841975870 0.9246643254686647 333
1716841990311 0.9291800439793412 334
1716842004634 0.928437276766079 335
1716842019467 0.9254446796514055 336
1716842034305 0.9219283793987804 337
1716842049019 0.9315291972035814 338
1716842063980 0.9260997559191414 339
1716842078456 0.9266740744700931 340
1716842093061 0.927092448578365 341
1716842107737 0.923677448065585 342
1716842122243 0.9297463363403358 343
1716842136950 0.9182927414598104 344
1716842151476 0.9197471820588349 345
1716842165893 0.9286077987576019 346
1716842180823 0.9187754383776583 347
1716842195413 0.925837008884098 348
1716842210097 0.9321828696673355 349
1716842232116 0.9182579928915143 350
1716842246597 0.9276565074771933 351
1716842261205 0.9240448392852741 352
1716842275799 0.9304026920236533 353
1716842290393 0.9198466587084441 354
1716842305441 0.9282038116135056 355
1716842320090 0.9300586420978926 356
1716842334816 0.9234330839864296 357
1716842349555 0.9275910623291077 358
1716842364170 0.9297557721238733 359
1716842378740 0.924391969773578 360
1716842393341 0.9232394977888693 361
1716842407786 0.9323957168313566 362
1716842422670 0.9248018873466494 363
1716842437293 0.9320241877007236 364
1716842455833 0.9289556396919073 365
1716842474008 0.9297311610506657 366
1716842492216 0.930193688175405 367
1716842510624 0.926424132755472 368
1716842525706 0.9257665136710865 369
1716842540453 0.9164983706849998 370
1716842555049 0.9341666862630765 371
1716842569539 0.9286779940918916 372
1716842583929 0.9309728470958606 373
1716842598520 0.9288326489546166 374
1716842617124 0.9250762325339587 375
1716842631788 0.9283439928915039 376
1716842646530 0.9264377919055448 377
1716842661258 0.9309067190741 378
1716842679555 0.9289712124941468 379
1716842697738 0.9200556206264375 380
1716842712378 0.9287940369594753 381
1716842726976 0.9235509084997374 382
1716842741779 0.9291971161930096 383
1716842756539 0.9200990053131811 384
1716842770852 0.9267406790719132 385
1716842785584 0.9283265560695919 386
1716842800347 0.9225127296749767 387
1716842815007 0.9270971041515503 388
1716842829735 0.9341729003191381 389
1716842847866 0.9283639687338446 390
1716842862789 0.9286120889701458 391
1716842877344 0.9221619406327872 392
1716842891889 0.9308459987512027 393
1716842906502 0.9273364031679053 394
1716842921294 0.9281532882735878 395
1716842935870 0.9312496200176347 396
1716842950368 0.9315502452664021 397
1716842973505 0.9300029242059966 398
1716842991871 0.9233810075044397 399
1716843010423 0.9254968007358135 400
1716843025061 0.9295383241793599 401
1716843039697 0.9285895354383764 402
1716843054381 0.926027338776814 403
1716843069082 0.9220059763896996 404
1716843084122 0.9266323866250135 405
1716843098875 0.9275053704887076 406
1716843113415 0.9245674210256705 407
1716843128020 0.9264550453319892 408
1716843142768 0.9231720399059364 409
1716843157249 0.9280300419999472 410
1716843171871 0.9219858289339805 411
1716843186444 0.9276619837439056 412
1716843200998 0.9252551182278506 413
1716843215390 0.9360555397041269 414
1716843233498 0.9326688851281103 415
1716843247939 0.9266133237669978 416
1716843262307 0.9247537186295974 417
1716843276740 0.933699825230612 418
1716843291248 0.924007804051587 419
1716843305776 0.9278939278771379 420
1716843320270 0.9287830695266542 421
1716843334962 0.9262283952082518 422
1716843349498 0.9334030478951734 423
1716843363798 0.9272406077748757 424
1716843378247 0.9304287795231908 425
1716843392790 0.9213363282683255 426
1716843407083 0.9302161893167606 427
1716843421367 0.9281435180755119 428
1716843435960 0.9286106766673882 429
1716843451005 0.9292085612248231 430
1716843465602 0.9295600389456076 431
1716843480325 0.9234963501799845 432
1716843494786 0.9347428229898345 433
1716843512923 0.9278605929844916 434
1716843527357 0.9290748957482117 435
1716843545546 0.9280567796472171 436
1716843560219 0.9320369962892191 437
1716843578945 0.9268747375489443 438
1716843593247 0.9297917266998517 439
1716843607746 0.9364676579015508 440
1716843629690 0.9301330260078094 441
1716843647953 0.9286124062917885 442
1716843662404 0.9356583747099357 443
1716843681057 0.9318540718064692 444
1716843699363 0.9296011722638964 445
1716843713786 0.9262525333676562 446
1716843728177 0.9244515880492986 447
1716843742611 0.9197318099427833 448
1716843756974 0.9308185024407157 449
1716843775450 0.9310040514345047 450
1716843790363 0.9327486812570496 451
1716843804633 0.9321842705300155 452
1716843818994 0.9270383647915993 453
1716843833277 0.9254687947083123 454
1716843847676 0.9359312499281129 455
1716843862303 0.9293721455544551 456
1716843876771 0.9287219194432654 457
1716843891287 0.9289184938119276 458
1716843905697 0.9299692675593764 459
1716843920604 0.9308627695321121 460
1716843935166 0.9349125348869981 461
1716843949752 0.9230351492223412 462
1716843964149 0.9291733309624958 463
1716843978584 0.9293649081259246 464
1716843992930 0.9297237940609403 465
1716844007423 0.9235704018936907 466
1716844021860 0.9311404469469352 467
1716844036141 0.9253568174949054 468
1716844050956 0.9232513406125502 469
1716844065584 0.927620710510925 470
1716844080018 0.9315042192866659 471
1716844094413 0.9290577201896936 472
1716844108830 0.9250490422391698 473
1716844123300 0.9297169206301005 474
1716844137906 0.9336466819063061 475
1716844152474 0.9307966116162371 476
1716844166850 0.9352841818158151 477
1716844181949 0.9304650504506883 478
1716844196458 0.9303610562523463 479
1716844211068 0.9275243279328187 480
1716844225708 0.929735243660669 481
1716844240276 0.9351279025006677 482
1716844254944 0.9233312510220989 483
1716844269569 0.9330988763719908 484
1716844284009 0.9324654374669082 485
1716844298468 0.9280262384688642 486
1716844313578 0.9282557086127706 487
1716844328170 0.9290123160316112 488
1716844342758 0.9242975154788926 489
1716844357509 0.934930845294732 490
1716844372208 0.9241598714876019 491
1716844386765 0.929086887381751 492
1716844401393 0.9291711719593252 493
1716844416198 0.9291177382893352 494
1716844430753 0.9335983107543514 495
1716844445805 0.9274045441349393 496
1716844460477 0.9312321069505199 497
1716844475130 0.9286275092123569 498
1716844489504 0.93185517352256 499
1716844507715 0.9368373957624706 500
1716844526110 0.9269165753811915 501
1716844540556 0.925736513466172 502
1716844555010 0.9264518620500741 503
1716844570033 0.9333648148799343 504
1716844584527 0.9299445468995581 505
1716844599073 0.9265048050282142 506
1716844613338 0.9270108972581547 507
1716844627877 0.930260776834594 508
1716844642582 0.9307284342426926 509
1716844657133 0.9299511520600782 510
1716844671795 0.9223841496069608 511
1716844686707 0.9282605407185925 512
1716844701401 0.9295587095196395 513
1716844715937 0.932830781558677 514
1716844730591 0.9329625235348961 515
1716844745028 0.9259823737998389 516
1716844759641 0.9284319973547173 517
1716844774133 0.9325144079137644 518
1716844788489 0.9358693763162895 519
1716844803123 0.9332147451235301 520
1716844821677 0.9279823470340417 521
1716844836101 0.9292437407644375 522
1716844850745 0.930478846065124 523
1716844865287 0.928002100185469 524
1716844879693 0.93032524814842 525
1716844894237 0.9316906346159225 526
1716844908791 0.9296122695269685 527
1716844923346 0.925389524354026 528
1716844938206 0.9294731038497165 529
1716844952602 0.9291478022541443 530
1716844967122 0.9333311973958258 531
1716844981644 0.9333780170522904 532
1716844996262 0.9329071337890174 533
1716845014297 0.9354810509157655 534
1716845032883 0.9292186772698869 535
1716845047496 0.9295470815768462 536
1716845062678 0.9310000636541022 537
1716845077256 0.9311474676381309 538
1716845091870 0.9301421971460596 539
1716845106436 0.9311385168361861 540
1716845120863 0.9302112090404043 541
1716845135438 0.9339516730176465 542
1716845153527 0.934075307697061 543
1716845172287 0.9286680113321929 544
1716845186781 0.9276534985105718 545
1716845201207 0.934023710343217 546
1716845215865 0.9297327497444465 547
1716845230512 0.9317017168695042 548
1716845244880 0.9300689233575649 549
1716845263204 0.9276610514400138 550
1716845277592 0.9304772286758443 551
1716845292478 0.9266084430093282 552
1716845307018 0.9296663037089141 553
1716845321463 0.9243979499048476 554
1716845336047 0.9276890151270317 555
1716845350621 0.9300455360321803 556
1716845364894 0.9292406558182712 557
1716845379329 0.9313719910829334 558
1716845394032 0.933218961987312 559
1716845408361 0.9306490028775555 560
1716845423479 0.9292920261613693 561
1716845438025 0.9286051059459478 562
1716845452472 0.928399693490555 563
1716845466927 0.9313503571987001 564
1716845481348 0.9271003925768797 565
1716845495959 0.9267899311446298 566
1716845510326 0.9315052739646449 567
1716845524822 0.9300423984095046 568
1716845539577 0.9282783867833467 569
1716845554130 0.9290041182062517 570
1716845568867 0.9327644607760939 571
1716845583373 0.9296007666960483 572
1716845597799 0.9257092224740551 573
1716845612308 0.9293026605484748 574
1716845626955 0.9279428119504499 575
1716845641215 0.9373811187151629 576
1716845655867 0.9250242519634119 577
1716845670638 0.9287551814760661 578
1716845685395 0.9226029847752478 579
1716845699970 0.9353961979207593 580
1716845714820 0.9301171563942027 581
1716845729340 0.9324030535006641 582
1716845743853 0.9233493921152182 583
1716845758253 0.9294322102353111 584
1716845772743 0.9273779237579856 585
1716845787906 0.9311407755029117 586
1716845802590 0.9336926603591191 587
1716845817099 0.9282246730699747 588
1716845831648 0.9285616481099396 589
1716845846360 0.9304274377490954 590
1716845860826 0.928515245145408 591
1716845875513 0.926789711549921 592
1716845890158 0.9334197356115187 593
1716845904560 0.9279550939289548 594
1716845919727 0.9337970109040302 595
1716845934105 0.9322187273779342 596
1716845948628 0.92954173100247 597
1716845963242 0.933869669535011 598
1716845977800 0.9296359430055477 599
1716845996372 0.92898760960827 600
1716846010789 0.9263094126158921 601
1716846025579 0.9319060505966652 602
1716846040619 0.9262829248124241 603
1716846055204 0.9301241430472107 604
1716846069637 0.9316539778147317 605
1716846084349 0.9266966720949817 606
1716846098860 0.9329735111629022 607
1716846113592 0.9295174700894906 608
1716846128376 0.9318061556455048 609
1716846142743 0.9313490315502687 610
1716846158008 0.9274067006753786 611
1716846172675 0.9290474442343736 612
1716846187343 0.9308115692909396 613
1716846201725 0.9270475467163317 614
1716846216366 0.9316434646964299 615
1716846231262 0.9337172524001357 616
1716846246155 0.9288501084340443 617
1716846260539 0.9291007404414966 618
1716846275017 0.9240725749867917 619
1716846290180 0.927305829474399 620
1716846304735 0.933508189419785 621
1716846319288 0.927969189486264 622
1716846333910 0.9281698868858644 623
1716846348296 0.932982560118202 624
1716846362719 0.9285561221004298 625
1716846377238 0.9262312833600514 626
1716846391703 0.9290445938590196 627
1716846406840 0.9256478947825775 628
1716846421551 0.9293171695944444 629
1716846436024 0.9347131194184554 630
1716846450708 0.9283104786145467 631
1716846465430 0.9328389947575452 632
1716846480080 0.9235502552963645 633
1716846494563 0.930980320988879 634
1716846509388 0.9265817433681535 635
1716846524224 0.9344604649516765 636
1716846538611 0.9336895380374802 637
1716846553110 0.9266298937274665 638
1716846567601 0.9244354368637345 639
1716846582182 0.9277662559671865 640
1716846596727 0.9299550955093302 641
1716846611360 0.9331975949119214 642
1716846625760 0.9337855020807457 643
1716846640394 0.93056991655059 644
1716846654897 0.9289786934284107 645
1716846669443 0.9326843410728775 646
1716846684079 0.934868499936733 647
1716846698523 0.9375388473722855 648
1716846712989 0.9300878616089127 649
1716846731161 0.9310667535069524 650
1716846745748 0.9247095772931457 651
1716846760331 0.931838637913425 652
1716846775029 0.9318161713532657 653
1716846789643 0.9322538561588986 654
1716846804132 0.9280899287502299 655
1716846818565 0.92946716459422 656
1716846833140 0.9267361255614214 657
1716846847628 0.9354254382419999 658
1716846862079 0.935875421834103 659
1716846876513 0.9323755098173386 660
1716846891524 0.9274435578174128 661
1716846906240 0.9271565706121564 662
1716846920791 0.9323826882835244 663
1716846935257 0.9278291631816066 664
1716846949770 0.9308937482720957 665
1716846964089 0.9226851067440797 666
1716846978696 0.9351371549051244 667
1716846993226 0.9268068756530895 668
1716847008505 0.930261498599989 669
1716847022905 0.9295441625074824 670
1716847037488 0.9305894246198779 671
1716847052098 0.9322831697965915 672
1716847066775 0.9305713909173351 673
1716847081177 0.9299943356740928 674
1716847095671 0.9247467356034226 675
1716847110028 0.9296777186708499 676
1716847125222 0.9304104139988257 677
1716847140076 0.9364960961086183 678
1716847154842 0.9318092702127028 679
1716847169473 0.9360541608067545 680
1716847184307 0.9307655230169042 681
1716847198585 0.9262423487582495 682
1716847213085 0.9307711330199525 683
1716847227731 0.9311272037497837 684
1716847242257 0.9249801175223991 685
1716847257451 0.9321917765452343 686
1716847271994 0.9334101663096059 687
1716847286602 0.928558131878802 688
1716847301099 0.9360740232742272 689
1716847315476 0.9327623536054217 690
1716847330085 0.9324060871080689 691
1716847344699 0.9271718677320266 692
1716847359441 0.9292385079076237 693
1716847374342 0.9330106673858558 694
1716847388878 0.9354317733093588 695
1716847406911 0.9258228629979115 696
1716847421508 0.9316394192541807 697
1716847436190 0.9261941791887632 698
1716847450790 0.9346429747024195 699
1716847469162 0.9340329255687863 700
1716847484005 0.9298164160291739 701
1716847498618 0.9270878939424261 702
1716847513096 0.9344719109033294 703
1716847527520 0.928005471243415 704
1716847542302 0.9296807206527841 705
1716847556898 0.9230901306089848 706
1716847571356 0.9309893548554573 707
1716847586095 0.9328294871590458 708
1716847600883 0.927387350285971 709
1716847615497 0.9325109982975196 710
1716847630036 0.929160954627533 711
1716847644829 0.9328041574569119 712
1716847659526 0.9321330030754998 713
1716847674176 0.9317509699617732 714
1716847688810 0.9274766978170783 715
1716847703408 0.925686815814208 716
1716847718306 0.9288633828055927 717
1716847732695 0.9266006588398081 718
1716847747495 0.9363484733341334 719
1716847762071 0.934879921912232 720
1716847776654 0.9247747974751498 721
1716847791076 0.9260579583073513 722
1716847805818 0.9296529465272091 723
1716847820403 0.9332628790403495 724
1716847835439 0.9342799554703439 725
1716847850006 0.933024325717855 726
1716847864701 0.9314440961537228 727
1716847879147 0.9285658780923614 728
1716847893703 0.9288934640109123 729
1716847908291 0.9309025550215866 730
1716847922943 0.9322537717149998 731
1716847937498 0.9315120739563945 732
1716847952594 0.9309760936660071 733
1716847967108 0.9306715172837062 734
1716847981892 0.9318702169093487 735
1716847996601 0.9319369349712686 736
1716848011141 0.9333703851234695 737
1716848025750 0.9323014739732796 738
1716848040421 0.9306477385264498 739
1716848054931 0.9286100136612924 740
1716848069326 0.938416816369226 741
1716848087978 0.9311704184906836 742
1716848102377 0.9312992535201011 743
1716848116772 0.9288579753727144 744
1716848131315 0.9245643161929374 745
1716848145807 0.9344625141425685 746
1716848160323 0.9369757051948967 747
1716848174894 0.9391824901874938 748
1716848193669 0.9317530407053116 749
1716848212017 0.9340217124950683 750
1716848230665 0.9310256243685716 751
1716848245383 0.9343414848488202 752
1716848263065 0.9306425753418983 753
1716848277661 0.9292968740786486 754
1716848292282 0.9307910175852233 755
1716848307287 0.9304826946151845 756
1716848321935 0.930155564486379 757
1716848336541 0.9331125966610223 758
1716848351140 0.9382473309647669 759
1716848365661 0.9263698565165251 760
1716848380281 0.9317685048948346 761
1716848395139 0.9308309329158467 762
1716848409817 0.9311871338293316 763
1716848425307 0.9328216303916775 764
1716848440169 0.9314563002643789 765
1716848454909 0.9301018762260874 766
1716848469461 0.9305475712198842 767
1716848484188 0.9307979311587068 768
1716848498714 0.9322352699831978 769
1716848513263 0.9312347155253052 770
1716848527882 0.9294908280893663 771
1716848543242 0.938821092503629 772
1716848557852 0.9379699276425834 773
1716848580063 0.9283807599949493 774
1716848594848 0.9324345647649749 775
1716848609313 0.9301290922211488 776
1716848623900 0.927638437534226 777
1716848638537 0.9294550938723464 778
1716848653602 0.9307736391216208 779
1716848668293 0.9314298483021274 780
1716848682915 0.9361895547377687 781
1716848697443 0.9266581330216922 782
1716848712476 0.9315189675525518 783
1716848727089 0.9330273578265559 784
1716848741719 0.9330520494993698 785
1716848756333 0.9376061838773618 786
1716848771297 0.9354121798638331 787
1716848786298 0.9361398984212959 788
1716848804549 0.931245443562689 789
1716848819104 0.9350821941023666 790
1716848837712 0.9302434087596477 791
1716848852287 0.9292967797217141 792
1716848867003 0.9295554650819374 793
1716848882387 0.9288046843210189 794
1716848897143 0.928372878393275 795
1716848911572 0.9325216322356381 796
1716848926274 0.934645988557214 797
1716848940827 0.925946495421207 798
1716848955428 0.9289690812137875 799
1716848973772 0.9351406935773593 800
1716848988731 0.9299408277945709 801
1716849003238 0.9327877983276788 802
1716849017750 0.9282901515581597 803
1716849032362 0.9291018466181966 804
1716849046938 0.9334399552117962 805
1716849061456 0.937778771621327 806
1716849076066 0.9259519841324128 807
1716849090865 0.9332891576941812 808
1716849105904 0.9347874705035405 809
1716849120538 0.9279374055849581 810
1716849135386 0.9339329838310625 811
1716849150217 0.9281150078528496 812
1716849165097 0.9324217501872667 813
1716849179743 0.9251984551555207 814
1716849194623 0.9327559122374688 815
1716849209382 0.9303050420658204 816
1716849224421 0.9260975902128008 817
1716849239289 0.9348145304972534 818
1716849253788 0.9302653831890826 819
1716849268530 0.9300553475725829 820
1716849283232 0.9301237771608896 821
1716849297877 0.9329116187756012 822
1716849312530 0.9284532480300097 823
1716849327170 0.9302777613398986 824
1716849342160 0.9255610202529908 825
1716849356743 0.932742658250277 826
1716849371200 0.9348372805516351 827
1716849385874 0.9313039572482248 828
1716849400525 0.9289235565504775 829
1716849415084 0.9333826293238134 830
1716849429652 0.9378276911780746 831
1716849444123 0.9323927045364785 832
1716849458595 0.9343227179618446 833
1716849473553 0.9295602861281805 834
1716849488088 0.9343984812129561 835
1716849502588 0.9295401905811135 836
1716849517024 0.9318230159719624 837
1716849531574 0.9323876011322189 838
1716849546176 0.9339445474058846 839
1716849560466 0.9288634288610235 840
1716849574896 0.9292845537210243 841
1716849589297 0.9298627952660182 842
1716849604642 0.9279405649728357 843
1716849619044 0.9310937231073965 844
1716849633558 0.9313145341919328 845
1716849647851 0.9341979925752075 846
1716849662350 0.932299206844637 847
1716849677005 0.9364655645074859 848
1716849691443 0.9293322622302895 849
1716849710058 0.9390546133611393 850
1716849728747 0.937417551355919 851
1716849743089 0.927953601934302 852
1716849757339 0.9345726365946123 853
1716849771890 0.933175308046852 854
1716849786272 0.9280311833278126 855
1716849800765 0.9366759746379564 856
1716849815251 0.9324638283618277 857
1716849829723 0.9279137117743846 858
1716849844569 0.9321336359672913 859
1716849859171 0.9300631374173037 860
1716849873729 0.9264698774257031 861
1716849888479 0.9352981529542844 862
1716849903083 0.9301543219375041 863
1716849917506 0.927462142183673 864
1716849931975 0.9339318682794588 865
1716849946487 0.9303582214896252 866
1716849960790 0.9327786204645827 867
1716849975719 0.9239692368897034 868
1716849990181 0.9304977026770024 869
1716850004560 0.9341229733833453 870
1716850019117 0.9364344461157716 871
1716850033462 0.9276728521700693 872
1716850048128 0.9344235192861917 873
1716850062573 0.9363896681256031 874
1716850077078 0.9298345765141341 875
1716850092130 0.9292281228224929 876
1716850106724 0.9343469601052249 877
1716850121326 0.9336864971745998 878
1716850135820 0.933835133068071 879
1716850150374 0.9326535014045471 880
1716850164760 0.9329485123818255 881
1716850179274 0.9324986868667463 882
1716850193849 0.9221872038535132 883
1716850208415 0.9328830057892811 884
1716850223219 0.9331734808418736 885
1716850237768 0.9300957461673206 886
1716850252244 0.9276374916174704 887
1716850266537 0.9362209946176105 888
1716850280862 0.9416315774306461 889
1716850299191 0.9344103084861201 890
1716850313602 0.929351722522254 891
1716850327976 0.9338208638200994 892
1716850343049 0.9303025796759504 893
1716850357712 0.9319240195011463 894
1716850372054 0.9257440958659409 895
1716850386585 0.9343060484587461 896
1716850401288 0.9314512533032185 897
1716850415866 0.9318505890699916 898
1716850430629 0.9261250578430525 899
1716850448874 0.9293313889493336 900
1716850464066 0.9298883663867227 901
1716850478720 0.9332537567191314 902
1716850493410 0.9359035721936242 903
1716850507936 0.9322563680198778 904
1716850522618 0.9325411944812402 905
1716850537051 0.9346556325186866 906
1716850551602 0.9316774693423193 907
1716850566180 0.930830007703053 908
1716850580577 0.9290373560778363 909
1716850595436 0.9345070114427264 910
1716850610013 0.9315400624927298 911
1716850624548 0.9375371301523329 912
1716850639299 0.929530015433338 913
1716850653681 0.9362700467951538 914
1716850668010 0.9309983153951732 915
1716850682538 0.930614063985067 916
1716850697070 0.9396102388227386 917
1716850711569 0.9318997951052103 918
1716850726631 0.9341893564924221 919
1716850744773 0.9319232204651066 920
1716850759339 0.938260934567719 921
1716850777751 0.9331547817267384 922
1716850792048 0.935032826968357 923
1716850810220 0.9287441196249526 924
1716850824507 0.932532386243815 925
1716850839544 0.9243536241215485 926
1716850853867 0.9336368376704153 927
1716850868384 0.9267894601019796 928
1716850882683 0.9279468852408829 929
1716850897321 0.9300824132532902 930
1716850911754 0.9318302167384961 931
1716850926106 0.932192715405681 932
1716850940414 0.9362676294606903 933
1716850954938 0.9289364089657058 934
1716850969722 0.9355449683384628 935
1716850984032 0.9299542625860147 936
1716850998471 0.9297069197466116 937
1716851012769 0.9324070483297565 938
1716851027413 0.9281832453077206 939
1716851042018 0.9291672087394911 940
1716851056465 0.9291741273363109 941
1716851071255 0.9318701762490309 942
1716851086175 0.9306294313159432 943
1716851100965 0.925509001257212 944
1716851115393 0.9297714715258212 945
1716851130076 0.9222069761660672 946
1716851144371 0.932636515852317 947
1716851158999 0.929465153853057 948
1716851173598 0.9319455369010711 949
1716851192025 0.932983733353919 950
1716851206766 0.9297321002029415 951
1716851221576 0.9317386100257945 952
1716851236055 0.9338542301648395 953
1716851250532 0.9317919026507697 954
1716851265149 0.9331679478755498 955
1716851279738 0.9296426061559394 956
1716851294453 0.9293674311667743 957
1716851309070 0.9305789115028492 958
1716851323558 0.9349974057480442 959
1716851338911 0.9322925362107871 960
1716851353541 0.9360311920122063 961
1716851368092 0.9313753643499153 962
1716851382574 0.9359543376395224 963
1716851397156 0.9308171471767502 964
1716851411490 0.9265356707714351 965
1716851425918 0.9310719091091393 966
1716851440502 0.9293624076874494 967
1716851455023 0.9360230985681778 968
1716851470062 0.9303724266147686 969
1716851484713 0.9293830886907287 970
1716851499288 0.9336908351011775 971
1716851513803 0.9337569536737581 972
1716851528444 0.9323921095093223 973
1716851543078 0.930831527169463 974
1716851557697 0.9353436270842429 975
1716851572080 0.9290427886067709 976
1716851586863 0.9320882561208279 977
1716851601838 0.9310246662930295 978
1716851616416 0.9326936780062582 979
1716851631113 0.9274709923002419 980
1716851645577 0.9361788791451042 981
1716851660179 0.9300102780864847 982
1716851674762 0.9288238761947759 983
1716851689421 0.9294048452956831 984
1716851703963 0.9271283196390829 985
1716851718788 0.931122724217775 986
1716851733244 0.9371832359125593 987
1716851747610 0.9360855636772034 988
1716851762352 0.9336913617695641 989
1716851776871 0.93127629866377 990
1716851791308 0.9304691562657815 991
1716851805711 0.9289850147095203 992
1716851820360 0.9284061871575758 993
1716851834908 0.9339820031086975 994
1716851849795 0.9370147467009936 995
1716851864587 0.9332429879854011 996
1716851879033 0.9280563079015689 997
1716851893515 0.933009743973063 998
1716851907901 0.9304503617779095 999
