1716836358015 0.9056 0
1716836379710 0.1699 0
1716836401355 0.0268 0
1716836423497 -0.116 0
1716836445020 -0.1936 0
1716836463096 -0.2985 0
1716836481441 -0.3994 0
1716836503093 -0.4038 0
1716836525081 -0.4548 0
1716836547137 -0.4824 0
1716836568917 -0.5352 0
1716836590675 -0.5706 0
1716836612531 -0.5886 0
1716836634789 -0.5779 0
1716836653214 -0.5901 0
1716836671442 -0.6285 0
1716836690032 -0.6522 0
1716836712257 -0.6348 0
1716836730696 -0.662 0
1716836749213 -0.65 0
1716836767668 -0.666 0
1716836785928 -0.685 0
1716836807440 -0.6616 0
1716836829835 -0.6942 0
1716836848034 -0.6896 0
1716836866124 -0.7106 0
1716836888059 -0.7281 0
1716836909947 -0.7407 0
1716836927897 -0.7312 0
1716836946147 -0.7431 0
1716836964814 -0.7431 0
1716836983160 -0.735 0
1716837001531 -0.733 0
1716837023472 -0.7421 0
1716837045578 -0.7555 0
1716837063864 -0.7621 0
1716837082308 -0.7697 0
1716837104449 -0.7772 0
1716837123277 -0.7761 0
1716837145332 -0.7909 0
1716837163753 -0.7903 0
1716837185969 -0.7836 0
1716837207999 -0.7779 0
1716837230053 -0.7878 0
1716837248619 -0.7653 0
1716837266858 -0.7722 0
1716837285058 -0.7994 0
1716837303294 -0.8016 0
1716837325051 -0.8068 0
1716837346974 -0.7824 0
1716837366477 -0.7903 0
1716837385399 -0.8013 0
1716837407272 -0.7853 0
1716837425427 -0.8019 0
1716837443543 -0.8021 0
1716837461992 -0.8134 0
1716837480152 -0.8104 0
1716837498300 -0.8046 0
1716837516848 -0.8141 0
1716837535105 -0.8235 0
1716837557005 -0.8244 0
1716837578982 -0.8277 0
1716837597190 -0.8282 0
1716837612070 -0.8236 0
1716837633766 -0.8336 0
1716837648432 -0.8309 0
1716837666801 -0.8235 0
1716837685035 -0.8422 0
1716837703398 -0.8415 0
1716837721707 -0.8249 0
1716837740075 -0.8272 0
1716837758552 -0.8314 0
1716837777217 -0.841 0
1716837795781 -0.8309 0
1716837814038 -0.84 0
1716837832533 -0.8362 0
1716837854777 -0.842 0
1716837873261 -0.85 0
1716837895484 -0.8401 0
1716837917677 -0.8459 0
1716837935906 -0.8359 0
1716837954452 -0.8454 0
1716837972692 -0.8401 0
1716837987236 -0.8399 0
1716838005669 -0.8341 0
1716838020367 -0.8307 0
1716838034753 -0.8509 0
1716838049237 -0.8413 0
1716838067444 -0.8422 0
1716838081939 -0.8371 0
1716838096350 -0.8517 0
1716838118333 -0.8505 0
1716838136422 -0.8525 0
1716838158796 -0.8555 0
1716838180770 -0.8476 0
1716838195511 -0.8613 0
1716838209872 -0.8521 0
1716838224177 -0.8561 0
1716838238650 -0.8593 0
1716838256986 -0.8589 0
1716838279486 -0.8515 0
1716838301443 -0.8582 0
1716838319552 -0.8582 0
1716838337804 -0.8504 0
1716838359841 -0.853 0
1716838381904 -0.8531 0
1716838396644 -0.8557 0
1716838411100 -0.8497 0
1716838425807 -0.8588 0
1716838444097 -0.8414 0
1716838458564 -0.8334 0
1716838473339 -0.8429 0
1716838487805 -0.856 0
1716838502178 -0.8677 0
1716838516878 -0.8573 0
1716838531475 -0.8569 0
1716838546020 -0.8575 0
1716838560713 -0.8599 0
1716838575265 -0.8582 0
1716838590150 -0.8587 0
1716838604740 -0.8587 0
1716838619593 -0.8522 0
1716838634326 -0.8611 0
1716838649420 -0.8624 0
1716838663914 -0.8622 0
1716838678640 -0.8632 0
1716838697189 -0.8703 0
1716838711796 -0.869 0
1716838730266 -0.8623 0
1716838748545 -0.8674 0
1716838763358 -0.8691 0
1716838778428 -0.8547 0
1716838792985 -0.857 0
1716838807526 -0.8721 0
1716838825955 -0.8649 0
1716838844206 -0.8737 0
1716838867087 -0.8716 0
1716838885510 -0.871 0
1716838904472 -0.876 0
1716838923090 -0.8723 0
1716838937693 -0.8698 0
1716838952323 -0.867 0
1716838971025 -0.8664 0
1716838989605 -0.8718 0
1716839004146 -0.8726 0
1716839022439 -0.8755 0
1716839037189 -0.8747 0
1716839055747 -0.8791 0
1716839070404 -0.8724 0
1716839088997 -0.8759 0
1716839111580 -0.8679 0
1716839126281 -0.8626 0
1716839140773 -0.8704 0
1716839155585 -0.8708 0
1716839170127 -0.8709 0
1716839188727 -0.8728 0
1716839207307 -0.8696 0
1716839225877 -0.8732 0
1716839240567 -0.8787 0
1716839255289 -0.8804 0
1716839270580 -0.8764 0
1716839285312 -0.8777 0
1716839304021 -0.8762 0
1716839326557 -0.8776 0
1716839345149 -0.8804 0
1716839363787 -0.8785 0
1716839378503 -0.868 0
1716839396736 -0.8771 0
1716839415767 -0.8764 0
1716839430292 -0.8757 0
1716839449080 -0.8831 0
1716839463691 -0.8796 0
1716839478241 -0.8773 0
1716839496640 -0.8806 0
1716839515256 -0.8803 0
1716839530280 -0.8784 0
1716839548419 -0.88 0
1716839566963 -0.878 0
1716839585670 -0.8758 0
1716839600564 -0.8814 0
1716839619004 -0.8826 0
1716839637653 -0.8875 0
1716839656119 -0.8851 0
1716839674666 -0.8839 0
1716839693032 -0.8848 0
1716839707439 -0.8849 0
1716839722275 -0.8904 0
1716839736800 -0.8954 0
1716839755353 -0.8862 0
1716839777618 -0.8843 0
1716839795806 -0.8802 0
1716839810345 -0.8882 0
1716839832357 -0.8907 0
1716839847196 -0.8864 0
1716839861942 -0.8909 0
1716839880803 -0.8882 0
1716839898970 -0.8824 0
1716839913717 -0.8834 0
1716839928469 -0.8823 0
1716839942959 -0.8879 0
1716839961729 -0.8856 0
1716839976433 -0.8842 0
1716839991398 -0.8884 0
1716840006035 -0.8883 0
1716840020792 -0.8815 0
1716840035469 -0.8879 0
1716840050126 -0.8796 0
1716840064480 -0.876 0
1716840079027 -0.8831 0
1716840093445 -0.8871 0
1716840107761 -0.8857 0
1716840122857 -0.8847 0
1716840137426 -0.8911 0
1716840151873 -0.8853 0
1716840166328 -0.8938 0
1716840180730 -0.8912 0
1716840195040 -0.8935 0
1716840209865 -0.895 0
1716840228186 -0.8911 0
1716840247160 -0.887 0
1716840269176 -0.8874 0
1716840283666 -0.8884 0
1716840298134 -0.8904 0
1716840312731 -0.8902 0
1716840326927 -0.8913 0
1716840341315 -0.8885 0
1716840355921 -0.8921 0
1716840370782 -0.8942 0
1716840385025 -0.8917 0
1716840399337 -0.892 0
1716840413919 -0.8675 0
1716840428323 -0.8765 0
1716840442643 -0.8873 0
1716840457061 -0.8889 0
1716840471727 -0.8922 0
1716840486192 -0.8925 0
1716840501048 -0.8886 0
1716840515524 -0.8926 0
1716840530165 -0.8932 0
1716840544616 -0.8944 0
1716840562857 -0.895 0
1716840577512 -0.8928 0
1716840592000 -0.8967 0
1716840606580 -0.8966 0
1716840621906 -0.891 0
1716840636442 -0.8962 0
1716840651030 -0.9007 0
1716840665284 -0.8941 0
1716840679800 -0.8986 0
1716840694307 -0.8931 0
1716840712241 -0.8949 0
1716840726757 -0.8973 0
1716840741429 -0.8949 0
1716840756611 -0.8944 0
1716840771366 -0.8935 0
1716840785922 -0.8909 0
1716840800436 -0.8951 0
1716840815008 -0.8948 0
1716840829556 -0.8927 0
1716840844260 -0.885 0
1716840858670 -0.8544 0
1716840873429 -0.8695 0
1716840887779 -0.8845 0
1716840902177 -0.894 0
1716840916876 -0.8938 0
1716840931363 -0.8916 0
1716840946019 -0.8855 0
1716840960683 -0.8867 0
1716840975278 -0.8874 0
1716840989706 -0.8959 0
1716841004686 -0.8934 0
1716841019054 -0.8983 0
1716841037480 -0.8956 0
1716841051997 -0.8966 0
1716841066582 -0.9034 0
1716841081273 -0.8934 0
1716841095841 -0.8925 0
1716841110390 -0.8972 0
1716841125223 -0.8995 0
1716841139763 -0.8893 0
1716841154362 -0.8965 0
1716841168830 -0.898 0
1716841183182 -0.8953 0
1716841197611 -0.8958 0
1716841215701 -0.8914 0
1716841230166 -0.8983 0
1716841245037 -0.8996 0
1716841259720 -0.8991 0
1716841274181 -0.9019 0
1716841288697 -0.9022 0
1716841303198 -0.9007 0
1716841317932 -0.9016 0
1716841332215 -0.9019 0
1716841350394 -0.902 0
1716841369061 -0.8997 0
1716841387570 -0.8965 0
1716841401940 -0.9005 0
1716841416513 -0.9022 0
1716841430834 -0.8971 0
1716841445466 -0.9001 0
1716841463874 -0.902 0
1716841478781 -0.8996 0
1716841493558 -0.901 0
1716841508007 -0.8962 0
1716841529873 -0.8928 0
1716841544171 -0.8984 0
1716841562026 -0.9034 0
1716841580506 -0.9022 0
1716841595048 -0.8968 0
1716841609621 -0.8936 0
1716841624308 -0.9001 0
1716841638612 -0.8994 0
1716841653296 -0.9023 0
1716841667942 -0.8946 0
1716841682497 -0.9006 0
1716841697117 -0.9009 0
1716841712127 -0.8956 0
1716841726646 -0.9005 0
1716841741208 -0.9032 0
1716841755790 -0.9028 0
1716841770491 -0.9023 0
1716841785033 -0.9036 0
1716841799869 -0.9031 0
1716841814412 -0.9044 0
1716841832996 -0.9052 0
1716841847492 -0.9071 0
1716841865881 -0.9047 0
1716841888090 -0.8996 0
1716841902756 -0.9062 0
1716841917166 -0.9014 0
1716841932145 -0.9028 0
1716841946661 -0.9044 0
1716841961217 -0.9101 0
1716841975878 -0.9068 0
1716841990318 -0.9062 0
1716842004643 -0.9043 0
1716842019474 -0.9037 0
1716842034314 -0.9025 0
1716842049027 -0.9054 0
1716842063988 -0.9046 0
1716842078464 -0.9049 0
1716842093068 -0.9058 0
1716842107744 -0.9049 0
1716842122269 -0.9062 0
1716842136957 -0.9029 0
1716842151483 -0.9044 0
1716842165901 -0.9066 0
1716842180835 -0.9098 0
1716842195421 -0.9073 0
1716842210105 -0.9072 0
1716842232124 -0.9057 0
1716842246604 -0.9079 0
1716842261213 -0.909 0
1716842275807 -0.9069 0
1716842290401 -0.9069 0
1716842305458 -0.9055 0
1716842320104 -0.9064 0
1716842334824 -0.9061 0
1716842349565 -0.9102 0
1716842364178 -0.9038 0
1716842378748 -0.9033 0
1716842393349 -0.9056 0
1716842407793 -0.9089 0
1716842422681 -0.91 0
1716842437304 -0.9112 0
1716842455841 -0.9057 0
1716842474016 -0.9102 0
1716842492225 -0.9057 0
1716842510632 -0.9092 0
1716842525714 -0.908 0
1716842540464 -0.9087 0
1716842555057 -0.9095 0
1716842569547 -0.9082 0
1716842583938 -0.9064 0
1716842598530 -0.908 0
1716842617132 -0.9042 0
1716842631795 -0.9086 0
1716842646538 -0.907 0
1716842661266 -0.9067 0
1716842679563 -0.9057 0
1716842697747 -0.9066 0
1716842712387 -0.9093 0
1716842726984 -0.909 0
1716842741786 -0.9067 0
1716842756546 -0.9086 0
1716842770860 -0.9044 0
1716842785593 -0.9073 0
1716842800356 -0.9108 0
1716842815015 -0.9078 0
1716842829743 -0.9089 0
1716842847873 -0.9079 0
1716842862797 -0.911 0
1716842877352 -0.9041 0
1716842891898 -0.9088 0
1716842906512 -0.908 0
1716842921303 -0.9112 0
1716842935879 -0.9108 0
1716842950375 -0.9112 0
1716842973513 -0.9106 0
1716842991879 -0.9057 0
1716843010432 -0.9082 0
1716843025068 -0.9138 0
1716843039705 -0.9107 0
1716843054389 -0.9094 0
1716843069099 -0.9094 0
1716843084132 -0.9106 0
1716843098884 -0.9093 0
1716843113423 -0.9099 0
1716843128028 -0.9058 0
1716843142777 -0.9111 0
1716843157256 -0.91 0
1716843171878 -0.909 0
1716843186452 -0.9112 0
1716843201009 -0.9087 0
1716843215398 -0.9087 0
1716843233514 -0.9113 0
1716843247947 -0.9097 0
1716843262314 -0.9091 0
1716843276748 -0.9097 0
1716843291256 -0.9081 0
1716843305784 -0.9089 0
1716843320278 -0.9117 0
1716843334969 -0.9102 0
1716843349519 -0.9097 0
1716843363806 -0.9116 0
1716843378254 -0.9143 0
1716843392797 -0.9111 0
1716843407091 -0.9113 0
1716843421377 -0.9134 0
1716843435967 -0.9116 0
1716843451015 -0.9113 0
1716843465610 -0.9121 0
1716843480332 -0.91 0
1716843494793 -0.9109 0
1716843512932 -0.9126 0
1716843527364 -0.9144 0
1716843545554 -0.9138 0
1716843560226 -0.9144 0
1716843578953 -0.9123 0
1716843593254 -0.9132 0
1716843607753 -0.9134 0
1716843629698 -0.9148 0
1716843647961 -0.911 0
1716843662412 -0.9123 0
1716843681067 -0.9131 0
1716843699370 -0.914 0
1716843713793 -0.9114 0
1716843728188 -0.9071 0
1716843742617 -0.9121 0
1716843756981 -0.9113 0
1716843775460 -0.9102 0
1716843790371 -0.9151 0
1716843804641 -0.9114 0
1716843819001 -0.9135 0
1716843833284 -0.9111 0
1716843847683 -0.9129 0
1716843862310 -0.9111 0
1716843876779 -0.9111 0
1716843891295 -0.9129 0
1716843905706 -0.9136 0
1716843920615 -0.9161 0
1716843935174 -0.9135 0
1716843949764 -0.9149 0
1716843964160 -0.9151 0
1716843978592 -0.9098 0
1716843992937 -0.9138 0
1716844007431 -0.9168 0
1716844021867 -0.9142 0
1716844036148 -0.913 0
1716844050963 -0.914 0
1716844065591 -0.9119 0
1716844080025 -0.9129 0
1716844094420 -0.9163 0
1716844108837 -0.9137 0
1716844123307 -0.918 0
1716844137913 -0.9137 0
1716844152482 -0.9182 0
1716844166857 -0.9162 0
1716844181956 -0.9149 0
1716844196465 -0.9137 0
1716844211075 -0.9172 0
1716844225716 -0.9132 0
1716844240283 -0.9127 0
1716844254952 -0.9192 0
1716844269578 -0.913 0
1716844284016 -0.9149 0
1716844298474 -0.9113 0
1716844313587 -0.9128 0
1716844328178 -0.9146 0
1716844342766 -0.9129 0
1716844357517 -0.9152 0
1716844372216 -0.9118 0
1716844386773 -0.9109 0
1716844401406 -0.9139 0
1716844416206 -0.9111 0
1716844430760 -0.9173 0
1716844445817 -0.915 0
1716844460485 -0.9138 0
1716844475138 -0.911 0
1716844489510 -0.9125 0
1716844507722 -0.9152 0
1716844526121 -0.9149 0
1716844540564 -0.9162 0
1716844555018 -0.9167 0
1716844570041 -0.9156 0
1716844584536 -0.9173 0
1716844599081 -0.9159 0
1716844613346 -0.9153 0
1716844627888 -0.9156 0
1716844642590 -0.9145 0
1716844657141 -0.9172 0
1716844671802 -0.9117 0
1716844686715 -0.9114 0
1716844701408 -0.9164 0
1716844715956 -0.9134 0
1716844730598 -0.9185 0
1716844745035 -0.9146 0
1716844759649 -0.9174 0
1716844774140 -0.9153 0
1716844788497 -0.9138 0
1716844803130 -0.9174 0
1716844821683 -0.918 0
1716844836109 -0.9163 0
1716844850753 -0.9164 0
1716844865294 -0.9155 0
1716844879702 -0.9143 0
1716844894244 -0.9139 0
1716844908799 -0.9159 0
1716844923353 -0.9154 0
1716844938213 -0.9174 0
1716844952612 -0.9191 0
1716844967130 -0.9189 0
1716844981653 -0.9189 0
1716844996270 -0.9149 0
1716845014305 -0.9158 0
1716845032890 -0.9155 0
1716845047505 -0.9158 0
1716845062688 -0.9153 0
1716845077264 -0.9162 0
1716845091877 -0.9172 0
1716845106443 -0.9188 0
1716845120870 -0.9184 0
1716845135446 -0.9174 0
1716845153535 -0.9153 0
1716845172303 -0.9153 0
1716845186789 -0.9214 0
1716845201214 -0.916 0
1716845215872 -0.9171 0
1716845230520 -0.9157 0
1716845244888 -0.9194 0
1716845263211 -0.9118 0
1716845277599 -0.9161 0
1716845292484 -0.9165 0
1716845307026 -0.9184 0
1716845321471 -0.9187 0
1716845336054 -0.9145 0
1716845350629 -0.9174 0
1716845364901 -0.916 0
1716845379337 -0.9158 0
1716845394039 -0.9201 0
1716845408369 -0.9206 0
1716845423486 -0.9172 0
1716845438032 -0.9216 0
1716845452481 -0.9198 0
1716845466935 -0.9188 0
1716845481355 -0.92 0
1716845495966 -0.9199 0
1716845510337 -0.9193 0
1716845524829 -0.9176 0
1716845539584 -0.9221 0
1716845554139 -0.9192 0
1716845568874 -0.9176 0
1716845583382 -0.9139 0
1716845597806 -0.9187 0
1716845612315 -0.9181 0
1716845626962 -0.9191 0
1716845641221 -0.9197 0
1716845655875 -0.9202 0
1716845670647 -0.917 0
1716845685403 -0.9182 0
1716845699987 -0.9216 0
1716845714828 -0.9188 0
1716845729347 -0.9192 0
1716845743862 -0.9171 0
1716845758265 -0.9218 0
1716845772751 -0.9205 0
1716845787915 -0.921 0
1716845802598 -0.9215 0
1716845817106 -0.9203 0
1716845831656 -0.9201 0
1716845846368 -0.9205 0
1716845860834 -0.9175 0
1716845875521 -0.9204 0
1716845890171 -0.921 0
1716845904568 -0.9155 0
1716845919735 -0.9181 0
1716845934116 -0.9171 0
1716845948638 -0.9179 0
1716845963250 -0.9195 0
1716845977808 -0.9197 0
1716845996381 -0.919 0
1716846010797 -0.9205 0
1716846025586 -0.9189 0
1716846040630 -0.9186 0
1716846055211 -0.9164 0
1716846069645 -0.921 0
1716846084363 -0.9219 0
1716846098868 -0.9178 0
1716846113603 -0.9201 0
1716846128383 -0.9194 0
1716846142750 -0.9223 0
1716846158016 -0.9229 0
1716846172684 -0.9201 0
1716846187351 -0.9214 0
1716846201733 -0.9223 0
1716846216375 -0.9212 0
1716846231271 -0.9235 0
1716846246164 -0.9186 0
1716846260547 -0.9206 0
1716846275025 -0.9208 0
1716846290187 -0.9231 0
1716846304743 -0.9192 0
1716846319296 -0.9196 0
1716846333932 -0.9224 0
1716846348304 -0.9208 0
1716846362728 -0.9173 0
1716846377247 -0.9192 0
1716846391710 -0.9206 0
1716846406848 -0.9198 0
1716846421560 -0.9189 0
1716846436032 -0.9169 0
1716846450716 -0.9222 0
1716846465438 -0.9226 0
1716846480087 -0.9186 0
1716846494571 -0.9184 0
1716846509397 -0.9232 0
1716846524232 -0.921 0
1716846538619 -0.9213 0
1716846553118 -0.9236 0
1716846567611 -0.9192 0
1716846582190 -0.922 0
1716846596737 -0.923 0
1716846611368 -0.9204 0
1716846625768 -0.9218 0
1716846640402 -0.921 0
1716846654905 -0.9218 0
1716846669452 -0.9231 0
1716846684088 -0.9214 0
1716846698530 -0.9193 0
1716846712997 -0.9204 0
1716846731170 -0.9197 0
1716846745758 -0.9225 0
1716846760340 -0.9194 0
1716846775037 -0.9219 0
1716846789652 -0.9248 0
1716846804139 -0.9234 0
1716846818572 -0.9252 0
1716846833148 -0.9203 0
1716846847639 -0.9226 0
1716846862088 -0.9241 0
1716846876520 -0.9245 0
1716846891532 -0.9226 0
1716846906247 -0.9242 0
1716846920798 -0.9214 0
1716846935266 -0.9229 0
1716846949783 -0.9224 0
1716846964097 -0.9192 0
1716846978703 -0.9213 0
1716846993234 -0.9197 0
1716847008518 -0.9178 0
1716847022912 -0.9215 0
1716847037495 -0.9213 0
1716847052105 -0.9231 0
1716847066783 -0.9212 0
1716847081184 -0.9213 0
1716847095678 -0.9234 0
1716847110039 -0.9224 0
1716847125230 -0.9218 0
1716847140085 -0.9229 0
1716847154849 -0.9203 0
1716847169480 -0.9236 0
1716847184315 -0.9237 0
1716847198591 -0.9188 0
1716847213095 -0.9216 0
1716847227739 -0.9232 0
1716847242265 -0.9227 0
1716847257462 -0.9238 0
1716847272002 -0.9228 0
1716847286610 -0.9235 0
1716847301107 -0.921 0
1716847315484 -0.9239 0
1716847330094 -0.9229 0
1716847344709 -0.9237 0
1716847359449 -0.9224 0
1716847374350 -0.9229 0
1716847388886 -0.9234 0
1716847406919 -0.9244 0
1716847421516 -0.9227 0
1716847436202 -0.9248 0
1716847450797 -0.924 0
1716847469169 -0.9222 0
1716847484012 -0.921 0
1716847498626 -0.9233 0
1716847513104 -0.9229 0
1716847527528 -0.9229 0
1716847542324 -0.9249 0
1716847556906 -0.9245 0
1716847571362 -0.9237 0
1716847586102 -0.924 0
1716847600890 -0.9234 0
1716847615516 -0.9233 0
1716847630044 -0.9209 0
1716847644837 -0.922 0
1716847659533 -0.9257 0
1716847674183 -0.923 0
1716847688820 -0.9216 0
1716847703415 -0.9235 0
1716847718313 -0.921 0
1716847732702 -0.9254 0
1716847747503 -0.9198 0
1716847762079 -0.9233 0
1716847776662 -0.9229 0
1716847791084 -0.9246 0
1716847805826 -0.9213 0
1716847820410 -0.9247 0
1716847835447 -0.9247 0
1716847850014 -0.9238 0
1716847864708 -0.9241 0
1716847879155 -0.9268 0
1716847893711 -0.9252 0
1716847908298 -0.9266 0
1716847922954 -0.9245 0
1716847937508 -0.9241 0
1716847952603 -0.9206 0
1716847967115 -0.9252 0
1716847981900 -0.9265 0
1716847996609 -0.9249 0
1716848011149 -0.9243 0
1716848025757 -0.9257 0
1716848040430 -0.9218 0
1716848054938 -0.9285 0
1716848069334 -0.9232 0
1716848087985 -0.9228 0
1716848102386 -0.9265 0
1716848116779 -0.9227 0
1716848131324 -0.9237 0
1716848145816 -0.9239 0
1716848160329 -0.9228 0
1716848174903 -0.9248 0
1716848193677 -0.9215 0
1716848212024 -0.9233 0
1716848230672 -0.9234 0
1716848245392 -0.9239 0
1716848263073 -0.9238 0
1716848277669 -0.9236 0
1716848292290 -0.9232 0
1716848307294 -0.9217 0
1716848321942 -0.9243 0
1716848336548 -0.9261 0
1716848351148 -0.9251 0
1716848365671 -0.9265 0
1716848380297 -0.9259 0
1716848395147 -0.9256 0
1716848409828 -0.9262 0
1716848425315 -0.9271 0
1716848440177 -0.9252 0
1716848454917 -0.9238 0
1716848469470 -0.9274 0
1716848484196 -0.9272 0
1716848498723 -0.9208 0
1716848513270 -0.9236 0
1716848527891 -0.9273 0
1716848543252 -0.9258 0
1716848557861 -0.9235 0
1716848580071 -0.9246 0
1716848594855 -0.9249 0
1716848609320 -0.9239 0
1716848623907 -0.9243 0
1716848638550 -0.9264 0
1716848653610 -0.9255 0
1716848668300 -0.9246 0
1716848682924 -0.9242 0
1716848697451 -0.9267 0
1716848712483 -0.9265 0
1716848727097 -0.9247 0
1716848741727 -0.9248 0
1716848756344 -0.9275 0
1716848771306 -0.9255 0
1716848786305 -0.9249 0
1716848804559 -0.9229 0
1716848819113 -0.9274 0
1716848837719 -0.9259 0
1716848852296 -0.9255 0
1716848867011 -0.9288 0
1716848882396 -0.9269 0
1716848897150 -0.9292 0
1716848911579 -0.9256 0
1716848926283 -0.9287 0
1716848940835 -0.9253 0
1716848955436 -0.929 0
1716848973779 -0.9245 0
1716848988739 -0.9274 0
1716849003246 -0.9246 0
1716849017757 -0.9242 0
1716849032370 -0.9253 0
1716849046949 -0.9254 0
1716849061464 -0.9247 0
1716849076074 -0.9238 0
1716849090872 -0.9246 0
1716849105912 -0.9263 0
1716849120545 -0.9265 0
1716849135394 -0.9276 0
1716849150225 -0.9239 0
1716849165104 -0.9233 0
1716849179751 -0.9236 0
1716849194631 -0.9272 0
1716849209390 -0.9225 0
1716849224429 -0.9257 0
1716849239299 -0.9257 0
1716849253797 -0.924 0
1716849268538 -0.9253 0
1716849283244 -0.9268 0
1716849297885 -0.9275 0
1716849312538 -0.9265 0
1716849327178 -0.9253 0
1716849342170 -0.9265 0
1716849356751 -0.9273 0
1716849371208 -0.9267 0
1716849385885 -0.9251 0
1716849400534 -0.9255 0
1716849415092 -0.9269 0
1716849429662 -0.9291 0
1716849444131 -0.9274 0
1716849458602 -0.9271 0
1716849473561 -0.9282 0
1716849488097 -0.927 0
1716849502597 -0.9279 0
1716849517050 -0.9285 0
1716849531581 -0.9257 0
1716849546185 -0.9255 0
1716849560473 -0.9258 0
1716849574904 -0.9259 0
1716849589304 -0.9269 0
1716849604649 -0.9273 0
1716849619052 -0.9241 0
1716849633567 -0.9279 0
1716849647858 -0.9288 0
1716849662360 -0.9287 0
1716849677013 -0.9289 0
1716849691453 -0.9285 0
1716849710066 -0.9286 0
1716849728757 -0.9279 0
1716849743096 -0.9287 0
1716849757346 -0.9256 0
1716849771899 -0.9295 0
1716849786281 -0.928 0
1716849800773 -0.9282 0
1716849815260 -0.9261 0
1716849829739 -0.9276 0
1716849844577 -0.9253 0
1716849859180 -0.9272 0
1716849873737 -0.9277 0
1716849888487 -0.9285 0
1716849903091 -0.9292 0
1716849917513 -0.9276 0
1716849931982 -0.9283 0
1716849946495 -0.9269 0
1716849960797 -0.9268 0
1716849975727 -0.9251 0
1716849990190 -0.9276 0
1716850004567 -0.9254 0
1716850019124 -0.9268 0
1716850033472 -0.928 0
1716850048137 -0.9267 0
1716850062581 -0.9288 0
1716850077087 -0.9276 0
1716850092143 -0.9255 0
1716850106732 -0.9271 0
1716850121334 -0.9287 0
1716850135827 -0.927 0
1716850150382 -0.9272 0
1716850164767 -0.9271 0
1716850179282 -0.9281 0
1716850193856 -0.9288 0
1716850208423 -0.9284 0
1716850223227 -0.9283 0
1716850237776 -0.9254 0
1716850252252 -0.9257 0
1716850266544 -0.9291 0
1716850280871 -0.9298 0
1716850299199 -0.9288 0
1716850313610 -0.9277 0
1716850327987 -0.9265 0
1716850343056 -0.9277 0
1716850357719 -0.9278 0
1716850372060 -0.9282 0
1716850386595 -0.928 0
1716850401295 -0.9288 0
1716850415880 -0.9279 0
1716850430639 -0.9265 0
1716850448884 -0.9281 0
1716850464073 -0.9304 0
1716850478728 -0.9251 0
1716850493417 -0.9261 0
1716850507943 -0.9309 0
1716850522625 -0.9292 0
1716850537058 -0.927 0
1716850551609 -0.9313 0
1716850566188 -0.9265 0
1716850580585 -0.9299 0
1716850595448 -0.9286 0
1716850610024 -0.9276 0
1716850624555 -0.9278 0
1716850639307 -0.9274 0
1716850653689 -0.9278 0
1716850668017 -0.9291 0
1716850682546 -0.9271 0
1716850697078 -0.9273 0
1716850711579 -0.9287 0
1716850726639 -0.9275 0
1716850744785 -0.9298 0
1716850759349 -0.9286 0
1716850777758 -0.9292 0
1716850792055 -0.9281 0
1716850810232 -0.9283 0
1716850824514 -0.9322 0
1716850839552 -0.9285 0
1716850853875 -0.9284 0
1716850868392 -0.9263 0
1716850882691 -0.9285 0
1716850897328 -0.9285 0
1716850911761 -0.9283 0
1716850926115 -0.928 0
1716850940422 -0.929 0
1716850954946 -0.9299 0
1716850969730 -0.927 0
1716850984039 -0.9284 0
1716850998481 -0.9275 0
1716851012776 -0.9292 0
1716851027423 -0.9286 0
1716851042026 -0.9285 0
1716851056479 -0.9275 0
1716851071262 -0.9285 0
1716851086183 -0.93 0
1716851100976 -0.9288 0
1716851115402 -0.9281 0
1716851130083 -0.9288 0
1716851144379 -0.9281 0
1716851159007 -0.9299 0
1716851173605 -0.9287 0
1716851192034 -0.9271 0
1716851206774 -0.9275 0
1716851221583 -0.9257 0
1716851236063 -0.9282 0
1716851250539 -0.929 0
1716851265158 -0.9261 0
1716851279756 -0.9297 0
1716851294461 -0.9304 0
1716851309077 -0.9278 0
1716851323567 -0.9292 0
1716851338919 -0.9293 0
1716851353549 -0.9329 0
1716851368100 -0.9296 0
1716851382585 -0.9303 0
1716851397164 -0.9314 0
1716851411497 -0.929 0
1716851425925 -0.9282 0
1716851440511 -0.927 0
1716851455030 -0.9282 0
1716851470073 -0.9278 0
1716851484721 -0.9295 0
1716851499295 -0.93 0
1716851513811 -0.9273 0
1716851528453 -0.9286 0
1716851543086 -0.9298 0
1716851557705 -0.9298 0
1716851572089 -0.9291 0
1716851586870 -0.9279 0
1716851601847 -0.9303 0
1716851616423 -0.9291 0
1716851631120 -0.9291 0
1716851645585 -0.9276 0
1716851660187 -0.9307 0
1716851674772 -0.9292 0
1716851689428 -0.9298 0
1716851703972 -0.9273 0
1716851718795 -0.9297 0
1716851733251 -0.9298 0
1716851747621 -0.9304 0
1716851762360 -0.9327 0
1716851776878 -0.9289 0
1716851791315 -0.9278 0
1716851805719 -0.929 0
1716851820371 -0.9296 0
1716851834916 -0.9282 0
1716851849804 -0.9301 0
1716851864595 -0.9312 0
1716851879042 -0.9275 0
1716851893524 -0.9304 0
1716851907909 -0.9293 0
