1717694930942 0.002 0
1717694963857 0.002 1
1717694978215 0.002 2
1717695002836 0.002 3
1717695026534 0.00199 4
1717695045583 0.00199 5
1717695068332 0.00199 6
1717695086884 0.00199 7
1717695109927 0.00199 8
1717695128703 0.00199 9
1717695152055 0.00198 10
1717695175117 0.00198 11
1717695194150 0.00198 12
1717695212910 0.00198 13
1717695236089 0.00198 14
1717695259086 0.00197 15
1717695282744 0.00197 16
1717695301602 0.00197 17
1717695324776 0.00197 18
1717695347918 0.00197 19
1717695371055 0.00197 20
1717695390200 0.00196 21
1717695409645 0.00196 22
1717695428521 0.00196 23
1717695451640 0.00196 24
1717695470590 0.00196 25
1717695489364 0.00195 26
1717695512569 0.00195 27
1717695535930 0.00195 28
1717695559501 0.00195 29
1717695578392 0.00195 30
1717695597502 0.00195 31
1717695616621 0.00194 32
1717695635519 0.00194 33
1717695654328 0.00194 34
1717695673854 0.00194 35
1717695692686 0.00194 36
1717695715940 0.00194 37
1717695739318 0.00193 38
1717695757999 0.00193 39
1717695781531 0.00193 40
1717695804913 0.00193 41
1717695824336 0.00193 42
1717695843191 0.00192 43
1717695862093 0.00192 44
1717695881072 0.00192 45
1717695895569 0.00192 46
1717695910454 0.00192 47
1717695929382 0.00192 48
1717695953581 0.00191 49
1717695978098 0.00191 50
1717695997334 0.00191 51
1717696015904 0.00191 52
1717696034575 0.00191 53
1717696058491 0.0019 54
1717696077453 0.0019 55
1717696096819 0.0019 56
1717696117713 0.0019 57
1717696136520 0.0019 58
1717696155755 0.0019 59
1717696174613 0.00189 60
1717696194406 0.00189 61
1717696213344 0.00189 62
1717696233718 0.00189 63
1717696252453 0.00189 64
1717696275639 0.00188 65
1717696290263 0.00188 66
1717696309116 0.00188 67
1717696324020 0.00188 68
1717696338576 0.00188 69
1717696354396 0.00188 70
1717696373245 0.00187 71
1717696388359 0.00187 72
1717696407362 0.00187 73
1717696430431 0.00187 74
1717696449201 0.00187 75
1717696468215 0.00186 76
1717696483101 0.00186 77
1717696501936 0.00186 78
1717696525523 0.00186 79
1717696544820 0.00186 80
1717696568308 0.00186 81
1717696587142 0.00185 82
1717696606543 0.00185 83
1717696621282 0.00185 84
1717696640333 0.00185 85
1717696663631 0.00185 86
1717696678270 0.00184 87
1717696697462 0.00184 88
1717696712050 0.00184 89
1717696730981 0.00184 90
1717696750574 0.00184 91
1717696769613 0.00184 92
1717696793451 0.00183 93
1717696807772 0.00183 94
1717696822679 0.00183 95
1717696837454 0.00183 96
1717696852360 0.00183 97
1717696867377 0.00182 98
1717696881869 0.00182 99
1717696905373 0.00182 100
1717696924335 0.00182 101
1717696943275 0.00182 102
1717696962585 0.00182 103
1717696986403 0.00181 104
1717697005786 0.00181 105
1717697025909 0.00181 106
1717697044677 0.00181 107
1717697059090 0.00181 108
1717697073814 0.0018 109
1717697097143 0.0018 110
1717697111880 0.0018 111
1717697127048 0.0018 112
1717697141732 0.0018 113
1717697160462 0.0018 114
1717697179531 0.00179 115
1717697198689 0.00179 116
1717697217455 0.00179 117
1717697236226 0.00179 118
1717697255385 0.00179 119
1717697274565 0.00178 120
1717697293321 0.00178 121
1717697312040 0.00178 122
1717697326410 0.00178 123
1717697341421 0.00178 124
1717697360315 0.00178 125
1717697375581 0.00177 126
1717697390254 0.00177 127
1717697404918 0.00177 128
1717697419588 0.00177 129
1717697434066 0.00177 130
1717697448688 0.00176 131
1717697467988 0.00176 132
1717697482589 0.00176 133
1717697497621 0.00176 134
1717697512713 0.00176 135
1717697536261 0.00176 136
1717697555114 0.00175 137
1717697569606 0.00175 138
1717697588639 0.00175 139
1717697607779 0.00175 140
1717697622353 0.00175 141
1717697641717 0.00174 142
1717697656163 0.00174 143
1717697670890 0.00174 144
1717697685462 0.00174 145
1717697705079 0.00174 146
1717697724439 0.00174 147
1717697743615 0.00173 148
1717697758046 0.00173 149
1717697777709 0.00173 150
1717697792495 0.00173 151
1717697807384 0.00173 152
1717697822149 0.00172 153
1717697836711 0.00172 154
1717697851944 0.00172 155
1717697866579 0.00172 156
1717697881617 0.00172 157
1717697896367 0.00172 158
1717697915062 0.00171 159
1717697929591 0.00171 160
1717697944790 0.00171 161
1717697959292 0.00171 162
1717697974106 0.00171 163
1717697993468 0.0017 164
1717698012690 0.0017 165
1717698027777 0.0017 166
1717698042442 0.0017 167
1717698057322 0.0017 168
1717698072024 0.00169 169
1717698091274 0.00169 170
1717698105887 0.00169 171
1717698126228 0.00169 172
1717698145408 0.00169 173
1717698165184 0.00169 174
1717698184029 0.00168 175
1717698203364 0.00168 176
1717698222104 0.00168 177
1717698245574 0.00168 178
1717698260415 0.00168 179
1717698275501 0.00167 180
1717698290999 0.00167 181
1717698306100 0.00167 182
1717698320650 0.00167 183
1717698335805 0.00167 184
1717698354773 0.00167 185
1717698373754 0.00166 186
1717698392955 0.00166 187
1717698412392 0.00166 188
1717698431490 0.00166 189
1717698446349 0.00166 190
1717698461035 0.00165 191
1717698476196 0.00165 192
1717698490828 0.00165 193
1717698505343 0.00165 194
1717698520194 0.00165 195
1717698543634 0.00165 196
1717698562598 0.00164 197
1717698581294 0.00164 198
1717698595855 0.00164 199
1717698615092 0.00164 200
1717698630127 0.00164 201
1717698645200 0.00163 202
1717698659912 0.00163 203
1717698679555 0.00163 204
1717698694150 0.00163 205
1717698708429 0.00163 206
1717698722901 0.00163 207
1717698741471 0.00162 208
1717698757077 0.00162 209
1717698771502 0.00162 210
1717698785890 0.00162 211
1717698800408 0.00162 212
1717698814792 0.00161 213
1717698830017 0.00161 214
1717698844659 0.00161 215
1717698859638 0.00161 216
1717698874643 0.00161 217
1717698889084 0.0016 218
1717698903863 0.0016 219
1717698918297 0.0016 220
1717698932822 0.0016 221
1717698947418 0.0016 222
1717698961996 0.0016 223
1717698976765 0.00159 224
1717698991137 0.00159 225
1717699006030 0.00159 226
1717699020558 0.00159 227
1717699036198 0.00159 228
1717699050453 0.00158 229
1717699065148 0.00158 230
1717699080013 0.00158 231
1717699094701 0.00158 232
1717699109683 0.00158 233
1717699124761 0.00158 234
1717699139579 0.00157 235
1717699154293 0.00157 236
1717699168701 0.00157 237
1717699183923 0.00157 238
1717699198430 0.00157 239
1717699213028 0.00156 240
1717699227644 0.00156 241
1717699242237 0.00156 242
1717699257372 0.00156 243
1717699271992 0.00156 244
1717699286558 0.00155 245
1717699310241 0.00155 246
1717699329236 0.00155 247
1717699348658 0.00155 248
1717699367330 0.00155 249
1717699391428 0.00155 250
1717699410657 0.00154 251
1717699429667 0.00154 252
1717699448606 0.00154 253
1717699462952 0.00154 254
1717699477660 0.00154 255
1717699492161 0.00153 256
1717699506772 0.00153 257
1717699521264 0.00153 258
1717699536453 0.00153 259
1717699551204 0.00153 260
1717699565828 0.00153 261
1717699580451 0.00152 262
1717699595023 0.00152 263
1717699609938 0.00152 264
1717699624651 0.00152 265
1717699639167 0.00152 266
1717699653677 0.00151 267
1717699668780 0.00151 268
1717699684174 0.00151 269
1717699698716 0.00151 270
1717699713250 0.00151 271
1717699727884 0.0015 272
1717699742396 0.0015 273
1717699757154 0.0015 274
1717699771932 0.0015 275
1717699787012 0.0015 276
1717699801796 0.0015 277
1717699816236 0.00149 278
1717699830836 0.00149 279
1717699845589 0.00149 280
1717699860400 0.00149 281
1717699874872 0.00149 282
1717699889294 0.00148 283
1717699903974 0.00148 284
1717699919049 0.00148 285
1717699933760 0.00148 286
1717699948373 0.00148 287
1717699962928 0.00148 288
1717699977887 0.00147 289
1717699992583 0.00147 290
1717700007320 0.00147 291
1717700021779 0.00147 292
1717700036254 0.00147 293
1717700051047 0.00146 294
1717700065608 0.00146 295
1717700080193 0.00146 296
1717700094829 0.00146 297
1717700113707 0.00146 298
1717700132711 0.00145 299
1717700151499 0.00145 300
1717700175638 0.00145 301
1717700190530 0.00145 302
1717700206115 0.00145 303
1717700225735 0.00145 304
1717700240439 0.00144 305
1717700255272 0.00144 306
1717700270236 0.00144 307
1717700285064 0.00144 308
1717700299981 0.00144 309
1717700314444 0.00143 310
1717700329142 0.00143 311
1717700343702 0.00143 312
1717700358386 0.00143 313
1717700373144 0.00143 314
1717700387741 0.00142 315
1717700403140 0.00142 316
1717700417739 0.00142 317
1717700432503 0.00142 318
1717700447094 0.00142 319
1717700461595 0.00142 320
1717700476265 0.00141 321
1717700491101 0.00141 322
1717700505689 0.00141 323
1717700520129 0.00141 324
1717700535356 0.00141 325
1717700549903 0.0014 326
1717700564507 0.0014 327
1717700579214 0.0014 328
1717700593829 0.0014 329
1717700608451 0.0014 330
1717700622974 0.00139 331
1717700638118 0.00139 332
1717700662139 0.00139 333
1717700677165 0.00139 334
1717700691936 0.00139 335
1717700707088 0.00139 336
1717700722048 0.00138 337
1717700737021 0.00138 338
1717700751839 0.00138 339
1717700766920 0.00138 340
1717700781852 0.00138 341
1717700796582 0.00137 342
1717700811181 0.00137 343
1717700825940 0.00137 344
1717700840587 0.00137 345
1717700855490 0.00137 346
1717700870012 0.00136 347
1717700884701 0.00136 348
1717700899487 0.00136 349
1717700918744 0.00136 350
1717700933318 0.00136 351
1717700948355 0.00136 352
1717700962758 0.00135 353
1717700981756 0.00135 354
1717700996224 0.00135 355
1717701011026 0.00135 356
1717701025784 0.00135 357
1717701040269 0.00134 358
1717701059450 0.00134 359
1717701074038 0.00134 360
1717701088725 0.00134 361
1717701103369 0.00134 362
1717701118469 0.00133 363
1717701133000 0.00133 364
1717701147819 0.00133 365
1717701162670 0.00133 366
1717701177535 0.00133 367
1717701192169 0.00133 368
1717701206951 0.00132 369
1717701221343 0.00132 370
1717701237051 0.00132 371
1717701251775 0.00132 372
1717701266361 0.00132 373
1717701281366 0.00131 374
1717701295771 0.00131 375
1717701310544 0.00131 376
1717701325334 0.00131 377
1717701340288 0.00131 378
1717701355020 0.0013 379
1717701370059 0.0013 380
1717701389244 0.0013 381
1717701409110 0.0013 382
1717701428368 0.0013 383
1717701448032 0.0013 384
1717701462747 0.00129 385
1717701482873 0.00129 386
1717701502256 0.00129 387
1717701517448 0.00129 388
1717701532435 0.00129 389
1717701551397 0.00128 390
1717701570553 0.00128 391
1717701585691 0.00128 392
1717701600316 0.00128 393
1717701615584 0.00128 394
1717701630398 0.00127 395
1717701644961 0.00127 396
1717701659558 0.00127 397
1717701674330 0.00127 398
1717701688947 0.00127 399
1717701708474 0.00126 400
1717701723114 0.00126 401
1717701737594 0.00126 402
1717701752346 0.00126 403
1717701766977 0.00126 404
1717701781623 0.00126 405
1717701796220 0.00125 406
1717701811027 0.00125 407
1717701825783 0.00125 408
1717701840295 0.00125 409
1717701855203 0.00125 410
1717701869890 0.00124 411
1717701884401 0.00124 412
1717701899203 0.00124 413
1717701913752 0.00124 414
1717701928746 0.00124 415
1717701943556 0.00123 416
1717701958002 0.00123 417
1717701972376 0.00123 418
1717701987211 0.00123 419
1717702001898 0.00123 420
1717702016674 0.00122 421
1717702031413 0.00122 422
1717702046140 0.00122 423
1717702060550 0.00122 424
1717702075221 0.00122 425
1717702089651 0.00122 426
1717702104146 0.00121 427
1717702118516 0.00121 428
1717702133508 0.00121 429
1717702148085 0.00121 430
1717702162731 0.00121 431
1717702177175 0.0012 432
1717702192214 0.0012 433
1717702206951 0.0012 434
1717702221342 0.0012 435
1717702236253 0.0012 436
1717702250895 0.00119 437
1717702265368 0.00119 438
1717702279871 0.00119 439
1717702294436 0.00119 440
1717702309095 0.00119 441
1717702323757 0.00118 442
1717702338749 0.00118 443
1717702352964 0.00118 444
1717702367376 0.00118 445
1717702382071 0.00118 446
1717702396688 0.00118 447
1717702411166 0.00117 448
1717702425887 0.00117 449
1717702446882 0.00117 450
1717702461175 0.00117 451
1717702475859 0.00117 452
1717702490138 0.00116 453
1717702504903 0.00116 454
1717702519667 0.00116 455
1717702534212 0.00116 456
1717702548862 0.00116 457
1717702563447 0.00115 458
1717702578364 0.00115 459
1717702592760 0.00115 460
1717702607215 0.00115 461
1717702621682 0.00115 462
1717702636057 0.00114 463
1717702650668 0.00114 464
1717702665127 0.00114 465
1717702679755 0.00114 466
1717702694741 0.00114 467
1717702709315 0.00114 468
1717702723751 0.00113 469
1717702738319 0.00113 470
1717702752808 0.00113 471
1717702767373 0.00113 472
1717702782078 0.00113 473
1717702796507 0.00112 474
1717702811037 0.00112 475
1717702825939 0.00112 476
1717702840443 0.00112 477
1717702855288 0.00112 478
1717702869970 0.00111 479
1717702884377 0.00111 480
1717702898892 0.00111 481
1717702913286 0.00111 482
1717702927864 0.00111 483
1717702942402 0.0011 484
1717702963017 0.0011 485
1717702977487 0.0011 486
1717702992546 0.0011 487
1717703006950 0.0011 488
1717703021700 0.00109 489
1717703036481 0.00109 490
1717703050975 0.00109 491
1717703065979 0.00109 492
1717703080520 0.00109 493
1717703095353 0.00109 494
1717703110500 0.00108 495
1717703125091 0.00108 496
1717703139740 0.00108 497
1717703154175 0.00108 498
1717703168744 0.00108 499
1717703192648 0.00107 500
1717703208045 0.00107 501
1717703222785 0.00107 502
1717703237411 0.00107 503
1717703252270 0.00107 504
1717703266623 0.00106 505
1717703281311 0.00106 506
1717703296025 0.00106 507
1717703311023 0.00106 508
1717703325422 0.00106 509
1717703340639 0.00105 510
1717703355470 0.00105 511
1717703374632 0.00105 512
1717703389511 0.00105 513
1717703403977 0.00105 514
1717703423116 0.00104 515
1717703438757 0.00104 516
1717703458365 0.00104 517
1717703472944 0.00104 518
1717703487866 0.00104 519
1717703506834 0.00104 520
1717703522001 0.00103 521
1717703536550 0.00103 522
1717703551104 0.00103 523
1717703565536 0.00103 524
1717703580656 0.00103 525
1717703595846 0.00102 526
1717703610335 0.00102 527
1717703624944 0.00102 528
1717703639476 0.00102 529
1717703654101 0.00102 530
1717703668785 0.00101 531
1717703683605 0.00101 532
1717703698074 0.00101 533
1717703713156 0.00101 534
1717703727827 0.00101 535
1717703742504 0.001 536
1717703757178 0.001 537
1717703771806 0.001 538
1717703786393 0.001 539
1717703801087 0.001 540
1717703815673 0.00099 541
1717703830289 0.00099 542
1717703845191 0.00099 543
1717703868546 0.00099 544
1717703883139 0.00099 545
1717703897543 0.00098 546
1717703912266 0.00098 547
1717703926848 0.00098 548
1717703946117 0.00098 549
1717703965628 0.00098 550
1717703980478 0.00097 551
1717703999353 0.00097 552
1717704013939 0.00097 553
1717704028291 0.00097 554
1717704042990 0.00097 555
1717704057831 0.00097 556
1717704072911 0.00096 557
1717704087417 0.00096 558
1717704102194 0.00096 559
1717704116580 0.00096 560
1717704131216 0.00096 561
1717704145854 0.00095 562
1717704160347 0.00095 563
1717704175026 0.00095 564
1717704189525 0.00095 565
1717704204063 0.00095 566
1717704219256 0.00094 567
1717704234093 0.00094 568
1717704248702 0.00094 569
1717704263129 0.00094 570
1717704278441 0.00094 571
1717704292883 0.00093 572
1717704307389 0.00093 573
1717704322223 0.00093 574
1717704336837 0.00093 575
1717704351696 0.00093 576
1717704366203 0.00092 577
1717704381193 0.00092 578
1717704396107 0.00092 579
1717704410785 0.00092 580
1717704425359 0.00092 581
1717704439992 0.00091 582
1717704454490 0.00091 583
1717704469329 0.00091 584
1717704483901 0.00091 585
1717704498612 0.00091 586
1717704513124 0.0009 587
1717704528150 0.0009 588
1717704542786 0.0009 589
1717704557408 0.0009 590
1717704571846 0.0009 591
1717704586671 0.00089 592
1717704601098 0.00089 593
1717704615801 0.00089 594
1717704631060 0.00089 595
1717704645615 0.00089 596
1717704660195 0.00088 597
1717704674797 0.00088 598
1717704689364 0.00088 599
1717704708317 0.00088 600
1717704722862 0.00088 601
1717704737647 0.00087 602
1717704752180 0.00087 603
1717704766718 0.00087 604
1717704781226 0.00087 605
1717704795840 0.00087 606
1717704810641 0.00086 607
1717704825176 0.00086 608
1717704840394 0.00086 609
1717704854929 0.00086 610
1717704869308 0.00086 611
1717704884262 0.00086 612
1717704898764 0.00085 613
1717704913393 0.00085 614
1717704928008 0.00085 615
1717704942574 0.00085 616
1717704957611 0.00085 617
1717704972583 0.00084 618
1717704987116 0.00084 619
1717705001830 0.00084 620
1717705016761 0.00084 621
1717705031509 0.00084 622
1717705046132 0.00083 623
1717705060977 0.00083 624
1717705075554 0.00083 625
1717705090494 0.00083 626
1717705105134 0.00083 627
1717705120083 0.00082 628
1717705134730 0.00082 629
1717705149282 0.00082 630
1717705163963 0.00082 631
1717705178251 0.00082 632
1717705192800 0.00081 633
1717705212278 0.00081 634
1717705231515 0.00081 635
1717705250588 0.00081 636
1717705265164 0.00081 637
1717705279637 0.0008 638
1717705294558 0.0008 639
1717705308908 0.0008 640
1717705323898 0.0008 641
1717705338617 0.0008 642
1717705353334 0.00079 643
1717705368084 0.00079 644
1717705382605 0.00079 645
1717705397541 0.00079 646
1717705411940 0.00079 647
1717705426609 0.00078 648
1717705440980 0.00078 649
1717705460588 0.00078 650
1717705475193 0.00078 651
1717705489878 0.00078 652
1717705504637 0.00077 653
1717705519025 0.00077 654
1717705534144 0.00077 655
1717705548833 0.00077 656
1717705563867 0.00077 657
1717705578843 0.00076 658
1717705593512 0.00076 659
1717705608159 0.00076 660
1717705622534 0.00076 661
1717705637471 0.00076 662
1717705652615 0.00075 663
1717705667391 0.00075 664
1717705682088 0.00075 665
1717705696834 0.00075 666
1717705711809 0.00075 667
1717705726506 0.00074 668
1717705741301 0.00074 669
1717705755986 0.00074 670
1717705770583 0.00074 671
1717705790225 0.00074 672
1717705805155 0.00073 673
1717705819890 0.00073 674
1717705838642 0.00073 675
1717705858168 0.00073 676
1717705872802 0.00073 677
1717705887609 0.00072 678
1717705902332 0.00072 679
1717705917339 0.00072 680
1717705931958 0.00072 681
1717705951590 0.00072 682
1717705970725 0.00071 683
1717705985490 0.00071 684
1717706000342 0.00071 685
1717706015027 0.00071 686
1717706029659 0.00071 687
1717706044445 0.0007 688
1717706059109 0.0007 689
1717706073690 0.0007 690
1717706088386 0.0007 691
1717706103112 0.0007 692
1717706118040 0.00069 693
1717706132726 0.00069 694
1717706147373 0.00069 695
1717706162274 0.00069 696
1717706176983 0.00068 697
1717706191663 0.00068 698
1717706206396 0.00068 699
1717706225853 0.00068 700
1717706240464 0.00068 701
1717706255284 0.00067 702
1717706270254 0.00067 703
1717706284849 0.00067 704
1717706299447 0.00067 705
1717706314160 0.00067 706
1717706329000 0.00066 707
1717706343401 0.00066 708
1717706358569 0.00066 709
1717706373293 0.00066 710
1717706388532 0.00066 711
1717706403325 0.00065 712
1717706418172 0.00065 713
1717706432807 0.00065 714
1717706447257 0.00065 715
1717706461939 0.00065 716
1717706476596 0.00064 717
1717706491174 0.00064 718
1717706505851 0.00064 719
1717706521507 0.00064 720
1717706536760 0.00064 721
1717706551753 0.00063 722
1717706566323 0.00063 723
1717706581032 0.00063 724
1717706596126 0.00063 725
1717706610635 0.00063 726
1717706625611 0.00062 727
1717706641022 0.00062 728
1717706655651 0.00062 729
1717706670474 0.00062 730
1717706685184 0.00062 731
1717706699719 0.00061 732
1717706714426 0.00061 733
1717706728977 0.00061 734
1717706743785 0.00061 735
1717706758764 0.00061 736
1717706774159 0.0006 737
1717706788862 0.0006 738
1717706803612 0.0006 739
1717706818153 0.0006 740
1717706832708 0.00059 741
1717706847286 0.00059 742
1717706862444 0.00059 743
1717706877524 0.00059 744
1717706892007 0.00059 745
1717706906744 0.00058 746
1717706921475 0.00058 747
1717706936303 0.00058 748
1717706951147 0.00058 749
1717706970281 0.00058 750
1717706985340 0.00057 751
1717706999897 0.00057 752
1717707015051 0.00057 753
1717707029782 0.00057 754
1717707044319 0.00057 755
1717707059234 0.00056 756
1717707073787 0.00056 757
1717707089485 0.00056 758
1717707104157 0.00056 759
1717707119276 0.00056 760
1717707134201 0.00055 761
1717707148798 0.00055 762
1717707163630 0.00055 763
1717707178463 0.00055 764
1717707193078 0.00055 765
1717707208042 0.00054 766
1717707222798 0.00054 767
1717707238080 0.00054 768
1717707252878 0.00054 769
1717707268194 0.00053 770
1717707283028 0.00053 771
1717707297575 0.00053 772
1717707312236 0.00053 773
1717707327372 0.00053 774
1717707342067 0.00052 775
1717707357033 0.00052 776
1717707371918 0.00052 777
1717707386673 0.00052 778
1717707401427 0.00052 779
1717707416164 0.00051 780
1717707430745 0.00051 781
1717707445752 0.00051 782
1717707461410 0.00051 783
1717707477153 0.00051 784
1717707491666 0.0005 785
1717707506331 0.0005 786
1717707521257 0.0005 787
1717707536299 0.0005 788
1717707551033 0.0005 789
1717707565692 0.00049 790
1717707580663 0.00049 791
1717707595723 0.00049 792
1717707610239 0.00049 793
1717707624939 0.00048 794
1717707639559 0.00048 795
1717707654218 0.00048 796
1717707668896 0.00048 797
1717707683543 0.00048 798
1717707698329 0.00047 799
1717707717726 0.00047 800
1717707732399 0.00047 801
1717707747161 0.00047 802
1717707762009 0.00047 803
1717707776630 0.00046 804
1717707791659 0.00046 805
1717707806271 0.00046 806
1717707820989 0.00046 807
1717707835739 0.00046 808
1717707850510 0.00045 809
1717707865349 0.00045 810
1717707879960 0.00045 811
1717707894926 0.00045 812
1717707909689 0.00044 813
1717707928997 0.00044 814
1717707944113 0.00044 815
1717707958634 0.00044 816
1717707973586 0.00044 817
1717707988106 0.00043 818
1717708002669 0.00043 819
1717708017393 0.00043 820
1717708031928 0.00043 821
1717708046683 0.00043 822
1717708061437 0.00042 823
1717708076083 0.00042 824
1717708090790 0.00042 825
1717708105156 0.00042 826
1717708119563 0.00041 827
1717708134080 0.00041 828
1717708149325 0.00041 829
1717708163758 0.00041 830
1717708178235 0.00041 831
1717708193258 0.0004 832
1717708207773 0.0004 833
1717708222573 0.0004 834
1717708237059 0.0004 835
1717708251879 0.0004 836
1717708266331 0.00039 837
1717708280882 0.00039 838
1717708295612 0.00039 839
1717708310668 0.00039 840
1717708325681 0.00038 841
1717708340276 0.00038 842
1717708354788 0.00038 843
1717708369588 0.00038 844
1717708384158 0.00038 845
1717708398970 0.00037 846
1717708413315 0.00037 847
1717708427631 0.00037 848
1717708442643 0.00037 849
1717708461713 0.00036 850
1717708476345 0.00036 851
1717708490838 0.00036 852
1717708505658 0.00036 853
1717708520207 0.00036 854
1717708534793 0.00035 855
1717708549337 0.00035 856
1717708563912 0.00035 857
1717708578761 0.00035 858
1717708593258 0.00035 859
1717708607773 0.00034 860
1717708622348 0.00034 861
1717708636981 0.00034 862
1717708651628 0.00034 863
1717708666131 0.00033 864
1717708680798 0.00033 865
1717708695951 0.00033 866
1717708710458 0.00033 867
1717708725294 0.00033 868
1717708739707 0.00032 869
1717708754554 0.00032 870
1717708773487 0.00032 871
1717708788145 0.00032 872
1717708802426 0.00031 873
1717708822328 0.00031 874
1717708841302 0.00031 875
1717708860517 0.00031 876
1717708879290 0.00031 877
1717708898386 0.0003 878
1717708913117 0.0003 879
1717708928023 0.0003 880
1717708942433 0.0003 881
1717708956907 0.00029 882
1717708971404 0.00029 883
1717708985863 0.00029 884
1717709000602 0.00029 885
1717709015143 0.00029 886
1717709030295 0.00028 887
1717709044752 0.00028 888
1717709059599 0.00028 889
1717709074596 0.00028 890
1717709089133 0.00027 891
1717709104060 0.00027 892
1717709118696 0.00027 893
1717709133300 0.00027 894
1717709147887 0.00027 895
1717709162309 0.00026 896
1717709176983 0.00026 897
1717709192051 0.00026 898
1717709207315 0.00026 899
1717709226465 0.00025 900
1717709241774 0.00025 901
1717709256009 0.00025 902
1717709270576 0.00025 903
1717709285029 0.00024 904
1717709299373 0.00024 905
1717709314515 0.00024 906
1717709329137 0.00024 907
1717709343840 0.00024 908
1717709358155 0.00023 909
1717709372400 0.00023 910
1717709386897 0.00023 911
1717709401561 0.00023 912
1717709416363 0.00022 913
1717709430786 0.00022 914
1717709445924 0.00022 915
1717709460923 0.00022 916
1717709475451 0.00022 917
1717709490244 0.00021 918
1717709504713 0.00021 919
1717709519286 0.00021 920
1717709533788 0.00021 921
1717709548320 0.0002 922
1717709562916 0.0002 923
1717709577579 0.0002 924
1717709592460 0.0002 925
1717709607534 0.00019 926
1717709622104 0.00019 927
1717709636487 0.00019 928
1717709650920 0.00019 929
1717709665440 0.00018 930
1717709679809 0.00018 931
1717709695153 0.00018 932
1717709709474 0.00018 933
1717709724141 0.00018 934
1717709738907 0.00017 935
1717709753766 0.00017 936
1717709768431 0.00017 937
1717709783127 0.00017 938
1717709797698 0.00016 939
1717709812204 0.00016 940
1717709827284 0.00016 941
1717709841990 0.00016 942
1717709856561 0.00015 943
1717709871144 0.00015 944
1717709885379 0.00015 945
1717709899896 0.00015 946
1717709914532 0.00014 947
1717709928876 0.00014 948
1717709943702 0.00014 949
1717709963253 0.00014 950
1717709977814 0.00013 951
1717709992102 0.00013 952
1717710006880 0.00013 953
1717710021431 0.00013 954
1717710035980 0.00013 955
1717710050570 0.00012 956
1717710065001 0.00012 957
1717710080071 0.00012 958
1717710094473 0.00012 959
1717710108834 0.00011 960
1717710123241 0.00011 961
1717710137965 0.00011 962
1717710152575 0.00011 963
1717710167120 0.0001 964
1717710181977 0.0001 965
1717710196983 0.0001 966
1717710211547 0.0001 967
1717710226285 9e-05 968
1717710240759 9e-05 969
1717710255841 9e-05 970
1717710270211 9e-05 971
1717710284808 8e-05 972
1717710299291 8e-05 973
1717710313776 8e-05 974
1717710328952 7e-05 975
1717710343500 7e-05 976
1717710358321 7e-05 977
1717710372832 7e-05 978
1717710387332 6e-05 979
1717710401902 6e-05 980
1717710416341 6e-05 981
1717710430960 6e-05 982
1717710445685 5e-05 983
1717710460951 5e-05 984
1717710475710 5e-05 985
1717710490340 5e-05 986
1717710504952 4e-05 987
1717710519399 4e-05 988
1717710534130 4e-05 989
1717710548648 3e-05 990
1717710563158 3e-05 991
1717710578161 3e-05 992
1717710592935 3e-05 993
1717710607714 2e-05 994
1717710621980 2e-05 995
1717710637188 2e-05 996
1717710651711 1e-05 997
1717710666478 1e-05 998
1717710681011 1e-05 999
