1717694959165 0.713 0
1717694975869 0.0926 0
1717694990018 -0.0651 0
1717695015069 -0.1865 0
1717695038569 -0.2709 0
1717695057439 -0.335 0
1717695080258 -0.3869 0
1717695098835 -0.4645 0
1717695121925 -0.4911 0
1717695140987 -0.5229 0
1717695163953 -0.5802 0
1717695187172 -0.6083 0
1717695206082 -0.6302 0
1717695225054 -0.6078 0
1717695248035 -0.6218 0
1717695271330 -0.6499 0
1717695294771 -0.6629 0
1717695313578 -0.6741 0
1717695336742 -0.6789 0
1717695359844 -0.7138 0
1717695383393 -0.6814 0
1717695402327 -0.7084 0
1717695421878 -0.7314 0
1717695440546 -0.7286 0
1717695463894 -0.7435 0
1717695482672 -0.7348 0
1717695501494 -0.7308 0
1717695524792 -0.7408 0
1717695547958 -0.7586 0
1717695571612 -0.7371 0
1717695590514 -0.7663 0
1717695609633 -0.7746 0
1717695628824 -0.737 0
1717695647570 -0.7263 0
1717695666519 -0.753 0
1717695685938 -0.7589 0
1717695704720 -0.7751 0
1717695728080 -0.7875 0
1717695751370 -0.7895 0
1717695770038 -0.7882 0
1717695794020 -0.7834 0
1717695817203 -0.7806 0
1717695836605 -0.796 0
1717695855452 -0.7796 0
1717695874238 -0.7835 0
1717695893223 -0.79 0
1717695908029 -0.7763 0
1717695922681 -0.7913 0
1717695941651 -0.8106 0
1717695965646 -0.8012 0
1717695990457 -0.8107 0
1717696009226 -0.8076 0
1717696028075 -0.8105 0
1717696046682 -0.8177 0
1717696070582 -0.8168 0
1717696090034 -0.8233 0
1717696108928 -0.83 0
1717696129762 -0.8094 0
1717696148646 -0.8206 0
1717696167967 -0.8225 0
1717696186809 -0.8109 0
1717696206737 -0.8166 0
1717696225663 -0.8294 0
1717696245795 -0.8295 0
1717696264675 -0.826 0
1717696287873 -0.8294 0
1717696302445 -0.8365 0
1717696321611 -0.8276 0
1717696336012 -0.8214 0
1717696351289 -0.8375 0
1717696366653 -0.8334 0
1717696385448 -0.8342 0
1717696400552 -0.8346 0
1717696419399 -0.8346 0
1717696442429 -0.8393 0
1717696461435 -0.8323 0
1717696480505 -0.8376 0
1717696495212 -0.8353 0
1717696514173 -0.8374 0
1717696537844 -0.8457 0
1717696556898 -0.8555 0
1717696580441 -0.8458 0
1717696599377 -0.8391 0
1717696618962 -0.8447 0
1717696633613 -0.8465 0
1717696652595 -0.8567 0
1717696675886 -0.8518 0
1717696690552 -0.8408 0
1717696709690 -0.8544 0
1717696724069 -0.8489 0
1717696743660 -0.8505 0
1717696762852 -0.858 0
1717696782182 -0.8612 0
1717696805477 -0.8562 0
1717696820199 -0.8511 0
1717696835046 -0.8568 0
1717696849797 -0.847 0
1717696864572 -0.8453 0
1717696879529 -0.8565 0
1717696893995 -0.8571 0
1717696917473 -0.854 0
1717696936527 -0.8509 0
1717696955455 -0.8549 0
1717696974666 -0.8621 0
1717696998687 -0.8568 0
1717697018436 -0.8644 0
1717697037924 -0.8553 0
1717697056741 -0.8564 0
1717697071406 -0.8627 0
1717697085856 -0.8706 0
1717697109403 -0.8627 0
1717697124001 -0.8621 0
1717697139427 -0.8623 0
1717697153899 -0.8608 0
1717697172492 -0.8676 0
1717697191778 -0.8664 0
1717697210723 -0.8683 0
1717697229497 -0.8642 0
1717697248375 -0.8563 0
1717697267950 -0.8623 0
1717697286542 -0.8679 0
1717697305476 -0.8678 0
1717697324035 -0.8731 0
1717697339033 -0.8684 0
1717697353528 -0.8674 0
1717697372856 -0.8662 0
1717697387472 -0.876 0
1717697402418 -0.8644 0
1717697417122 -0.8716 0
1717697431614 -0.8706 0
1717697446315 -0.8711 0
1717697460997 -0.876 0
1717697480153 -0.8754 0
1717697495020 -0.8784 0
1717697509738 -0.8681 0
1717697524997 -0.8765 0
1717697548310 -0.8745 0
1717697567222 -0.8747 0
1717697581717 -0.8726 0
1717697600952 -0.8789 0
1717697619959 -0.8709 0
1717697634553 -0.8727 0
1717697653790 -0.8784 0
1717697668397 -0.867 0
1717697683073 -0.8749 0
1717697697820 -0.8711 0
1717697717408 -0.8787 0
1717697736573 -0.8778 0
1717697755615 -0.868 0
1717697770485 -0.8686 0
1717697789924 -0.8665 0
1717697805028 -0.872 0
1717697819608 -0.881 0
1717697834168 -0.8767 0
1717697849064 -0.8822 0
1717697864014 -0.8813 0
1717697879160 -0.8785 0
1717697893772 -0.875 0
1717697908384 -0.8795 0
1717697927137 -0.8886 0
1717697941687 -0.8809 0
1717697956884 -0.8753 0
1717697971520 -0.8812 0
1717697986491 -0.8804 0
1717698005949 -0.8849 0
1717698025354 -0.8812 0
1717698040050 -0.8825 0
1717698054774 -0.8803 0
1717698069531 -0.881 0
1717698084323 -0.8826 0
1717698103339 -0.8777 0
1717698118123 -0.8829 0
1717698138541 -0.8815 0
1717698157485 -0.8855 0
1717698177286 -0.8816 0
1717698196124 -0.8855 0
1717698215384 -0.8837 0
1717698234198 -0.8802 0
1717698257858 -0.8846 0
1717698273115 -0.8861 0
1717698287583 -0.8906 0
1717698303408 -0.8876 0
1717698318218 -0.8843 0
1717698332867 -0.8842 0
1717698347798 -0.8865 0
1717698366949 -0.8893 0
1717698385847 -0.8881 0
1717698405339 -0.8887 0
1717698424402 -0.8899 0
1717698443792 -0.8893 0
1717698458608 -0.8833 0
1717698473050 -0.8859 0
1717698488376 -0.8922 0
1717698502866 -0.8843 0
1717698517707 -0.8885 0
1717698532215 -0.8887 0
1717698555628 -0.8906 0
1717698574560 -0.89 0
1717698593376 -0.8909 0
1717698608124 -0.8902 0
1717698627310 -0.8903 0
1717698642226 -0.8926 0
1717698657414 -0.888 0
1717698672211 -0.892 0
1717698691691 -0.8925 0
1717698706148 -0.8878 0
1717698720610 -0.8931 0
1717698734939 -0.892 0
1717698754189 -0.887 0
1717698769210 -0.8954 0
1717698783548 -0.895 0
1717698798044 -0.8922 0
1717698812459 -0.8939 0
1717698827314 -0.8994 0
1717698842196 -0.8968 0
1717698856685 -0.8929 0
1717698871865 -0.8896 0
1717698886718 -0.8869 0
1717698901513 -0.8904 0
1717698915969 -0.8898 0
1717698930495 -0.8921 0
1717698945012 -0.8939 0
1717698959622 -0.8932 0
1717698974352 -0.8946 0
1717698988811 -0.8951 0
1717699003162 -0.8924 0
1717699018166 -0.8865 0
1717699032704 -0.875 0
1717699048160 -0.8824 0
1717699062645 -0.8863 0
1717699077683 -0.888 0
1717699092281 -0.8914 0
1717699106959 -0.885 0
1717699122417 -0.8852 0
1717699137307 -0.8883 0
1717699152048 -0.8903 0
1717699166424 -0.8893 0
1717699180927 -0.8888 0
1717699196137 -0.892 0
1717699210683 -0.8921 0
1717699225280 -0.8913 0
1717699239905 -0.8984 0
1717699254457 -0.89 0
1717699269557 -0.8912 0
1717699284155 -0.8952 0
1717699299003 -0.8942 0
1717699322580 -0.8976 0
1717699341775 -0.8956 0
1717699360692 -0.8932 0
1717699379433 -0.8961 0
1717699403649 -0.8971 0
1717699422743 -0.8948 0
1717699441852 -0.9009 0
1717699460593 -0.8953 0
1717699475101 -0.8978 0
1717699489822 -0.8935 0
1717699504444 -0.8991 0
1717699518912 -0.8873 0
1717699533391 -0.8994 0
1717699548831 -0.8944 0
1717699563506 -0.8977 0
1717699578066 -0.9035 0
1717699592691 -0.8954 0
1717699607118 -0.8976 0
1717699622288 -0.8984 0
1717699636852 -0.9039 0
1717699651338 -0.8912 0
1717699666015 -0.895 0
1717699681300 -0.8959 0
1717699696329 -0.8966 0
1717699710872 -0.8979 0
1717699725520 -0.9006 0
1717699740026 -0.9043 0
1717699754738 -0.8951 0
1717699769437 -0.8982 0
1717699784124 -0.8993 0
1717699799443 -0.902 0
1717699813943 -0.8955 0
1717699828531 -0.8968 0
1717699843272 -0.9001 0
1717699857820 -0.9013 0
1717699872547 -0.8963 0
1717699886971 -0.8984 0
1717699901660 -0.8988 0
1717699916191 -0.9018 0
1717699931299 -0.8996 0
1717699946015 -0.9006 0
1717699960582 -0.8934 0
1717699975271 -0.8987 0
1717699990184 -0.9026 0
1717700004844 -0.9028 0
1717700019406 -0.8983 0
1717700033920 -0.8961 0
1717700048673 -0.8997 0
1717700063156 -0.9007 0
1717700077860 -0.9028 0
1717700092268 -0.9032 0
1717700106887 -0.902 0
1717700125778 -0.8992 0
1717700144744 -0.8983 0
1717700163991 -0.9027 0
1717700188126 -0.9023 0
1717700202692 -0.8986 0
1717700218461 -0.902 0
1717700237975 -0.9 0
1717700252577 -0.9003 0
1717700267653 -0.9019 0
1717700282291 -0.9054 0
1717700297642 -0.9066 0
1717700312082 -0.9003 0
1717700326822 -0.8954 0
1717700341322 -0.8997 0
1717700355898 -0.9009 0
1717700370715 -0.9046 0
1717700385354 -0.903 0
1717700400312 -0.9009 0
1717700415337 -0.902 0
1717700429778 -0.9003 0
1717700444751 -0.9026 0
1717700459272 -0.9028 0
1717700473892 -0.8996 0
1717700488527 -0.9027 0
1717700503244 -0.8991 0
1717700517721 -0.8904 0
1717700532986 -0.8973 0
1717700547553 -0.9044 0
1717700562157 -0.9033 0
1717700576841 -0.8957 0
1717700591430 -0.8951 0
1717700606087 -0.8938 0
1717700620629 -0.8986 0
1717700635396 -0.9002 0
1717700650497 -0.9019 0
1717700674396 -0.9058 0
1717700689544 -0.9039 0
1717700704149 -0.9052 0
1717700719652 -0.9034 0
1717700734245 -0.9004 0
1717700749360 -0.9043 0
1717700764156 -0.9008 0
1717700779140 -0.9032 0
1717700794138 -0.9005 0
1717700808785 -0.9075 0
1717700823507 -0.9051 0
1717700838175 -0.9076 0
1717700853097 -0.9077 0
1717700867647 -0.9034 0
1717700882265 -0.908 0
1717700897045 -0.9102 0
1717700911562 -0.9043 0
1717700930890 -0.9021 0
1717700945468 -0.9013 0
1717700960356 -0.904 0
1717700974923 -0.9001 0
1717700993786 -0.9048 0
1717701008577 -0.9037 0
1717701023339 -0.9036 0
1717701037849 -0.9091 0
1717701052294 -0.9051 0
1717701071607 -0.9051 0
1717701086220 -0.8913 0
1717701100923 -0.9013 0
1717701115537 -0.906 0
1717701130583 -0.9077 0
1717701145334 -0.907 0
1717701159991 -0.9062 0
1717701174836 -0.9054 0
1717701189724 -0.9077 0
1717701204511 -0.9061 0
1717701218965 -0.9043 0
1717701233576 -0.9064 0
1717701249303 -0.9118 0
1717701263937 -0.9096 0
1717701278850 -0.908 0
1717701293360 -0.9065 0
1717701308133 -0.9097 0
1717701322847 -0.9086 0
1717701337783 -0.9105 0
1717701352604 -0.9074 0
1717701367687 -0.9083 0
1717701382448 -0.9115 0
1717701401514 -0.9084 0
1717701421453 -0.9092 0
1717701440574 -0.9113 0
1717701460299 -0.9114 0
1717701474845 -0.9092 0
1717701494995 -0.9111 0
1717701514765 -0.9116 0
1717701529969 -0.9041 0
1717701544659 -0.9111 0
1717701563511 -0.9074 0
1717701582806 -0.9083 0
1717701597918 -0.9033 0
1717701612623 -0.9031 0
1717701627959 -0.9047 0
1717701642530 -0.9057 0
1717701657128 -0.9056 0
1717701671838 -0.9085 0
1717701686444 -0.9083 0
1717701701069 -0.9078 0
1717701720660 -0.9054 0
1717701735212 -0.9106 0
1717701749923 -0.9085 0
1717701764504 -0.9092 0
1717701779102 -0.9104 0
1717701793815 -0.9091 0
1717701808518 -0.9052 0
1717701823319 -0.9069 0
1717701837902 -0.9066 0
1717701852684 -0.9079 0
1717701867633 -0.909 0
1717701882139 -0.9082 0
1717701896923 -0.9078 0
1717701911454 -0.9091 0
1717701926070 -0.9093 0
1717701940825 -0.9065 0
1717701955755 -0.9107 0
1717701970124 -0.9079 0
1717701984660 -0.9092 0
1717701999578 -0.9105 0
1717702014257 -0.9085 0
1717702028916 -0.9128 0
1717702043842 -0.9076 0
1717702058246 -0.9105 0
1717702072897 -0.9104 0
1717702087256 -0.909 0
1717702101733 -0.9053 0
1717702116228 -0.9091 0
1717702130861 -0.9061 0
1717702145751 -0.9091 0
1717702160390 -0.9115 0
1717702174902 -0.9109 0
1717702189435 -0.9126 0
1717702204584 -0.9098 0
1717702218944 -0.9104 0
1717702233724 -0.9124 0
1717702248550 -0.9094 0
1717702262962 -0.916 0
1717702277554 -0.9119 0
1717702292080 -0.9147 0
1717702306804 -0.9142 0
1717702321441 -0.9132 0
1717702335977 -0.9105 0
1717702350631 -0.9145 0
1717702365063 -0.9125 0
1717702379788 -0.9138 0
1717702394372 -0.9116 0
1717702408865 -0.9141 0
1717702423489 -0.9102 0
1717702438110 -0.9116 0
1717702458882 -0.9098 0
1717702473346 -0.9111 0
1717702487837 -0.9126 0
1717702502371 -0.9161 0
1717702517331 -0.9104 0
1717702531915 -0.9166 0
1717702546549 -0.9109 0
1717702561057 -0.9104 0
1717702575794 -0.9096 0
1717702590534 -0.9087 0
1717702604887 -0.9086 0
1717702619401 -0.9154 0
1717702633808 -0.9108 0
1717702648426 -0.9161 0
1717702662799 -0.9173 0
1717702677424 -0.918 0
1717702692008 -0.9098 0
1717702706985 -0.9115 0
1717702721461 -0.9133 0
1717702736048 -0.9107 0
1717702750569 -0.9124 0
1717702765007 -0.9103 0
1717702779727 -0.9113 0
1717702794205 -0.9119 0
1717702808716 -0.913 0
1717702823208 -0.916 0
1717702838070 -0.9148 0
1717702852931 -0.9163 0
1717702867601 -0.9116 0
1717702882024 -0.9132 0
1717702896559 -0.9147 0
1717702910963 -0.9137 0
1717702925483 -0.9114 0
1717702939989 -0.9133 0
1717702954816 -0.9131 0
1717702975154 -0.9109 0
1717702990071 -0.9153 0
1717703004594 -0.9138 0
1717703019345 -0.9126 0
1717703034217 -0.9144 0
1717703048654 -0.9114 0
1717703063621 -0.9142 0
1717703078066 -0.9134 0
1717703093054 -0.911 0
1717703107838 -0.9174 0
1717703122700 -0.9167 0
1717703137411 -0.9146 0
1717703151887 -0.9161 0
1717703166398 -0.9153 0
1717703180971 -0.9181 0
1717703204795 -0.9167 0
1717703220357 -0.9128 0
1717703234899 -0.9151 0
1717703249708 -0.9155 0
1717703264297 -0.9147 0
1717703278930 -0.9167 0
1717703293696 -0.9153 0
1717703308234 -0.9153 0
1717703323056 -0.9133 0
1717703337749 -0.9135 0
1717703353158 -0.9133 0
1717703367615 -0.9155 0
1717703387084 -0.9133 0
1717703401582 -0.915 0
1717703416125 -0.9145 0
1717703435104 -0.9157 0
1717703450893 -0.917 0
1717703470576 -0.9161 0
1717703485407 -0.916 0
1717703499874 -0.9111 0
1717703519026 -0.9167 0
1717703534197 -0.9158 0
1717703548754 -0.9145 0
1717703563243 -0.9155 0
1717703577829 -0.9151 0
1717703593176 -0.9135 0
1717703608058 -0.9163 0
1717703622402 -0.9155 0
1717703637025 -0.918 0
1717703651769 -0.9177 0
1717703666432 -0.9171 0
1717703681203 -0.9199 0
1717703695719 -0.9089 0
1717703710350 -0.9149 0
1717703725526 -0.9104 0
1717703740065 -0.9141 0
1717703754797 -0.9174 0
1717703769455 -0.9208 0
1717703784065 -0.9187 0
1717703798576 -0.9167 0
1717703813271 -0.9168 0
1717703827847 -0.9173 0
1717703842451 -0.9131 0
1717703857450 -0.915 0
1717703880802 -0.9146 0
1717703895220 -0.9179 0
1717703909977 -0.917 0
1717703924511 -0.9151 0
1717703939236 -0.9183 0
1717703958302 -0.9132 0
1717703978071 -0.9134 0
1717703992620 -0.9188 0
1717704011602 -0.9167 0
1717704026002 -0.9188 0
1717704040641 -0.919 0
1717704055512 -0.9144 0
1717704070217 -0.9161 0
1717704085078 -0.9148 0
1717704099881 -0.9165 0
1717704114317 -0.9188 0
1717704128790 -0.9182 0
1717704143456 -0.9198 0
1717704158026 -0.9168 0
1717704172363 -0.916 0
1717704187134 -0.9187 0
1717704201728 -0.9174 0
1717704216447 -0.9175 0
1717704231629 -0.9165 0
1717704246390 -0.9171 0
1717704260853 -0.9149 0
1717704275343 -0.9163 0
1717704290534 -0.9201 0
1717704305035 -0.9174 0
1717704319868 -0.9183 0
1717704334433 -0.9161 0
1717704349294 -0.9164 0
1717704363868 -0.9144 0
1717704378501 -0.9173 0
1717704393768 -0.9197 0
1717704408470 -0.918 0
1717704422998 -0.9173 0
1717704437650 -0.9184 0
1717704452111 -0.9187 0
1717704466627 -0.9169 0
1717704481581 -0.9159 0
1717704496285 -0.9188 0
1717704510695 -0.9178 0
1717704525412 -0.9183 0
1717704540463 -0.9188 0
1717704555041 -0.9182 0
1717704569397 -0.9178 0
1717704583914 -0.9166 0
1717704598801 -0.9145 0
1717704613416 -0.9198 0
1717704628223 -0.9185 0
1717704643205 -0.9164 0
1717704657814 -0.9218 0
1717704672367 -0.92 0
1717704686977 -0.9204 0
1717704701523 -0.9201 0
1717704720533 -0.9185 0
1717704735162 -0.9205 0
1717704749809 -0.9177 0
1717704764277 -0.9197 0
1717704778792 -0.9185 0
1717704793475 -0.9181 0
1717704808323 -0.9203 0
1717704822839 -0.9193 0
1717704837608 -0.9201 0
1717704852578 -0.921 0
1717704866950 -0.9222 0
1717704881843 -0.9211 0
1717704896407 -0.9208 0
1717704911037 -0.9194 0
1717704925656 -0.9203 0
1717704940074 -0.9189 0
1717704955092 -0.9175 0
1717704970212 -0.9197 0
1717704984755 -0.9194 0
1717704999424 -0.9218 0
1717705014314 -0.9221 0
1717705029107 -0.9198 0
1717705043683 -0.9179 0
1717705058597 -0.9194 0
1717705073220 -0.9218 0
1717705087700 -0.9184 0
1717705102707 -0.9185 0
1717705117263 -0.9179 0
1717705132325 -0.9223 0
1717705146850 -0.9211 0
1717705161547 -0.9199 0
1717705175935 -0.9201 0
1717705190428 -0.9216 0
1717705204893 -0.9208 0
1717705224707 -0.9199 0
1717705243557 -0.921 0
1717705262732 -0.9182 0
1717705277248 -0.9199 0
1717705292210 -0.9225 0
1717705306517 -0.9159 0
1717705321070 -0.9195 0
1717705336295 -0.92 0
1717705350923 -0.9216 0
1717705365698 -0.9199 0
1717705380253 -0.9212 0
1717705394775 -0.9221 0
1717705409604 -0.9202 0
1717705424192 -0.9205 0
1717705438607 -0.9167 0
1717705453532 -0.9219 0
1717705472720 -0.9182 0
1717705487499 -0.9199 0
1717705502225 -0.9208 0
1717705516705 -0.9214 0
1717705531434 -0.922 0
1717705546435 -0.9205 0
1717705561079 -0.9207 0
1717705576287 -0.9216 0
1717705591067 -0.9217 0
1717705605709 -0.9197 0
1717705620091 -0.9229 0
1717705634940 -0.9217 0
1717705649842 -0.9206 0
1717705664718 -0.9217 0
1717705679649 -0.9198 0
1717705694383 -0.9215 0
1717705709468 -0.922 0
1717705724081 -0.9207 0
1717705738934 -0.9234 0
1717705753511 -0.922 0
1717705768099 -0.9224 0
1717705783230 -0.921 0
1717705802387 -0.9187 0
1717705817450 -0.9209 0
1717705831838 -0.9228 0
1717705850866 -0.9207 0
1717705870403 -0.9234 0
1717705885205 -0.922 0
1717705899852 -0.92 0
1717705914521 -0.9228 0
1717705929573 -0.925 0
1717705944319 -0.9232 0
1717705963682 -0.9205 0
1717705983065 -0.9209 0
1717705997907 -0.9204 0
1717706012358 -0.921 0
1717706027181 -0.9248 0
1717706041898 -0.9189 0
1717706056717 -0.9228 0
1717706071310 -0.9236 0
1717706085966 -0.9254 0
1717706100629 -0.9215 0
1717706115296 -0.9205 0
1717706130307 -0.9222 0
1717706144992 -0.9239 0
1717706159918 -0.9225 0
1717706174518 -0.9205 0
1717706189289 -0.9209 0
1717706203912 -0.9236 0
1717706218634 -0.9194 0
1717706238085 -0.9218 0
1717706252683 -0.9211 0
1717706267445 -0.9224 0
1717706282461 -0.9223 0
1717706297065 -0.9239 0
1717706311761 -0.9221 0
1717706326534 -0.9256 0
1717706341020 -0.9202 0
1717706355806 -0.9256 0
1717706370816 -0.9231 0
1717706385681 -0.9214 0
1717706400900 -0.9216 0
1717706415235 -0.9198 0
1717706430260 -0.9212 0
1717706444845 -0.9241 0
1717706459521 -0.9208 0
1717706474179 -0.9242 0
1717706488759 -0.9201 0
1717706503392 -0.9265 0
1717706518619 -0.9225 0
1717706534355 -0.9265 0
1717706549363 -0.922 0
1717706563869 -0.9212 0
1717706578507 -0.9208 0
1717706593360 -0.9188 0
1717706608265 -0.9218 0
1717706622769 -0.9237 0
1717706637985 -0.9215 0
1717706653246 -0.9231 0
1717706668085 -0.9228 0
1717706682755 -0.9201 0
1717706697328 -0.9245 0
1717706711985 -0.9242 0
1717706726546 -0.9217 0
1717706741339 -0.9245 0
1717706756326 -0.9228 0
1717706771410 -0.9207 0
1717706786363 -0.9209 0
1717706801257 -0.9234 0
1717706815766 -0.9252 0
1717706830324 -0.9226 0
1717706844904 -0.9237 0
1717706859618 -0.9212 0
1717706874887 -0.9184 0
1717706889580 -0.9247 0
1717706904215 -0.9217 0
1717706918944 -0.9223 0
1717706933880 -0.9229 0
1717706948681 -0.9231 0
1717706963377 -0.9241 0
1717706982529 -0.9251 0
1717706997420 -0.926 0
1717707012257 -0.9248 0
1717707027376 -0.922 0
1717707041952 -0.9249 0
1717707056788 -0.9209 0
1717707071308 -0.9242 0
1717707086329 -0.9212 0
1717707101753 -0.9244 0
1717707116359 -0.9226 0
1717707131736 -0.9238 0
1717707146372 -0.9246 0
1717707161196 -0.9234 0
1717707175854 -0.9245 0
1717707190620 -0.9238 0
1717707205629 -0.9224 0
1717707220350 -0.9232 0
1717707234971 -0.9239 0
1717707250479 -0.9248 0
1717707265416 -0.9243 0
1717707280613 -0.923 0
1717707295177 -0.9216 0
1717707309794 -0.9232 0
1717707324771 -0.9253 0
1717707339606 -0.9258 0
1717707354173 -0.9242 0
1717707369492 -0.9244 0
1717707384153 -0.9236 0
1717707398927 -0.9229 0
1717707413766 -0.9208 0
1717707428276 -0.9262 0
1717707443195 -0.9219 0
1717707457830 -0.9233 0
1717707473697 -0.9223 0
1717707489187 -0.926 0
1717707503809 -0.9263 0
1717707518848 -0.9206 0
1717707533765 -0.9256 0
1717707548559 -0.9223 0
1717707563193 -0.9234 0
1717707577887 -0.9253 0
1717707592820 -0.9253 0
1717707607770 -0.9258 0
1717707622503 -0.9251 0
1717707637075 -0.9231 0
1717707651762 -0.9242 0
1717707666471 -0.9257 0
1717707681142 -0.9262 0
1717707695841 -0.924 0
1717707710440 -0.9245 0
1717707730007 -0.9245 0
1717707744735 -0.9263 0
1717707759598 -0.9238 0
1717707774093 -0.9255 0
1717707788881 -0.9254 0
1717707803808 -0.9276 0
1717707818551 -0.924 0
1717707833302 -0.9254 0
1717707848012 -0.9237 0
1717707862851 -0.9267 0
1717707877453 -0.926 0
1717707892250 -0.9258 0
1717707907278 -0.9256 0
1717707921967 -0.9274 0
1717707941189 -0.9248 0
1717707956145 -0.9262 0
1717707971104 -0.9274 0
1717707985687 -0.9241 0
1717708000195 -0.9239 0
1717708015146 -0.925 0
1717708029642 -0.925 0
1717708044151 -0.9247 0
1717708058739 -0.9251 0
1717708073789 -0.9256 0
1717708088488 -0.9265 0
1717708102881 -0.926 0
1717708117318 -0.9281 0
1717708131762 -0.9249 0
1717708146339 -0.9244 0
1717708161482 -0.9263 0
1717708175922 -0.9261 0
1717708190927 -0.9252 0
1717708205523 -0.9263 0
1717708219936 -0.9228 0
1717708234762 -0.928 0
1717708249234 -0.9264 0
1717708264063 -0.9257 0
1717708278477 -0.9274 0
1717708293302 -0.9274 0
1717708307839 -0.926 0
1717708322768 -0.9272 0
1717708337951 -0.9269 0
1717708352499 -0.9267 0
1717708367292 -0.9261 0
1717708381847 -0.9243 0
1717708396634 -0.9264 0
1717708411047 -0.9243 0
1717708425381 -0.9277 0
1717708439907 -0.9265 0
1717708455002 -0.9261 0
1717708474035 -0.9247 0
1717708488550 -0.9269 0
1717708503203 -0.9263 0
1717708517922 -0.9267 0
1717708532442 -0.927 0
1717708546974 -0.926 0
1717708561655 -0.9243 0
1717708576498 -0.9271 0
1717708590992 -0.9249 0
1717708605483 -0.9279 0
1717708620010 -0.9256 0
1717708634676 -0.927 0
1717708649389 -0.9255 0
1717708663871 -0.924 0
1717708678127 -0.9261 0
1717708693202 -0.9271 0
1717708708110 -0.9249 0
1717708723036 -0.9258 0
1717708737398 -0.9267 0
1717708752163 -0.9257 0
1717708766760 -0.9274 0
1717708785592 -0.924 0
1717708800137 -0.9257 0
1717708814664 -0.9284 0
1717708834597 -0.9272 0
1717708853496 -0.9261 0
1717708872676 -0.9292 0
1717708891646 -0.9243 0
1717708910702 -0.9266 0
1717708925246 -0.9273 0
1717708940189 -0.928 0
1717708954557 -0.9265 0
1717708969163 -0.9282 0
1717708983595 -0.9282 0
1717708998317 -0.9265 0
1717709012782 -0.9246 0
1717709027619 -0.9268 0
1717709042488 -0.9278 0
1717709056922 -0.9289 0
1717709072275 -0.923 0
1717709086794 -0.9284 0
1717709101798 -0.9264 0
1717709116384 -0.926 0
1717709130963 -0.9249 0
1717709145559 -0.926 0
1717709160045 -0.9288 0
1717709174694 -0.9259 0
1717709189310 -0.9277 0
1717709204208 -0.9277 0
1717709219826 -0.9272 0
1717709239066 -0.9275 0
1717709253757 -0.9276 0
1717709268263 -0.926 0
1717709282754 -0.9284 0
1717709297092 -0.9295 0
1717709311782 -0.9276 0
1717709326801 -0.9282 0
1717709341176 -0.9271 0
1717709355902 -0.9261 0
1717709370138 -0.9288 0
1717709384609 -0.9268 0
1717709399207 -0.9267 0
1717709414101 -0.9283 0
1717709428483 -0.9288 0
1717709443149 -0.9261 0
1717709458582 -0.9245 0
1717709473081 -0.9264 0
1717709487897 -0.9267 0
1717709502403 -0.9272 0
1717709516933 -0.9289 0
1717709531526 -0.9249 0
1717709545804 -0.9272 0
1717709560549 -0.9303 0
1717709575328 -0.9291 0
1717709589868 -0.9267 0
1717709604782 -0.9282 0
1717709619781 -0.9278 0
1717709634229 -0.9297 0
1717709648611 -0.927 0
1717709663175 -0.9274 0
1717709677569 -0.9259 0
1717709692190 -0.9287 0
1717709707210 -0.9286 0
1717709721878 -0.9305 0
1717709736625 -0.9291 0
1717709751330 -0.9275 0
1717709766129 -0.9266 0
1717709780827 -0.9265 0
1717709795152 -0.9298 0
1717709809881 -0.9276 0
1717709824510 -0.9274 0
1717709839718 -0.9264 0
1717709854283 -0.9288 0
1717709868875 -0.9241 0
1717709883127 -0.9301 0
1717709897583 -0.9284 0
1717709912243 -0.9287 0
1717709926606 -0.9305 0
1717709941403 -0.9278 0
1717709956017 -0.9287 0
1717709975457 -0.9258 0
1717709989840 -0.9263 0
1717710004242 -0.9272 0
1717710019056 -0.9294 0
1717710033619 -0.9254 0
1717710048270 -0.9256 0
1717710062723 -0.9265 0
1717710077305 -0.929 0
1717710092137 -0.9275 0
1717710106571 -0.9262 0
1717710120928 -0.9277 0
1717710135643 -0.9289 0
1717710150283 -0.927 0
1717710164789 -0.9279 0
1717710179219 -0.927 0
1717710194231 -0.9255 0
1717710209130 -0.9257 0
1717710223900 -0.9285 0
1717710238409 -0.9301 0
1717710253260 -0.9282 0
1717710267826 -0.9297 0
1717710282483 -0.9286 0
1717710296973 -0.9251 0
1717710311396 -0.9285 0
1717710326152 -0.9272 0
1717710341145 -0.9278 0
1717710355556 -0.925 0
1717710370475 -0.9276 0
1717710385010 -0.9298 0
1717710399551 -0.9298 0
1717710414020 -0.9313 0
1717710428667 -0.9265 0
1717710443320 -0.9281 0
1717710457863 -0.928 0
1717710473343 -0.9307 0
1717710487957 -0.9283 0
1717710502630 -0.9276 0
1717710517089 -0.9295 0
1717710531841 -0.9291 0
1717710546325 -0.9269 0
1717710560858 -0.9278 0
1717710575386 -0.9282 0
1717710590540 -0.9289 0
1717710605390 -0.9252 0
1717710619657 -0.9275 0
1717710634353 -0.9275 0
1717710649339 -0.9294 0
1717710664114 -0.9295 0
1717710678737 -0.9295 0
1717710693070 -0.9281 0
