1716731369394 34.48 0
1716731422736 15.99 0
1716731459826 16.16 0
1716731496449 16.21 0
1716731532877 16.24 0
1716731569831 16.21 0
1716731588435 16.26 0
1716731624308 16.38 0
1716731660310 16.38 0
1716731697984 16.43 0
1716731734989 16.44 0
1716731771332 16.5 0
1716731807491 16.4 0
1716731844656 16.48 0
1716731881187 16.4 0
1716731917612 16.45 0
1716731956053 16.61 0
1716731993567 16.71 0
1716732029397 16.49 0
1716732066758 16.59 0
1716732104798 16.56 0
1716732141874 16.57 0
1716732178400 16.67 0
1716732215450 16.51 0
1716732252985 16.51 0
1716732289279 16.51 0
1716732326138 16.43 0
1716732363297 16.61 0
1716732400268 16.52 0
1716732435694 16.66 0
1716732471989 16.54 0
1716732508167 16.46 0
1716732544151 16.48 0
1716732581282 16.47 0
1716732618794 16.88 0
1716732654710 16.49 0
1716732690494 16.75 0
1716732726989 16.54 0
1716732764928 16.67 0
1716732800706 16.5 0
1716732837535 16.65 0
1716732875304 16.56 0
1716732911220 16.47 0
1716732947115 16.45 0
1716732984516 16.45 0
1716733021679 16.49 0
1716733058001 16.48 0
1716733095064 16.57 0
1716733131291 16.58 0
1716733166613 16.51 0
1716733209145 16.39 0
1716733244867 16.52 0
1716733280502 16.49 0
1716733316107 16.65 0
1716733352050 16.43 0
1716733370987 16.59 0
1716733408269 16.56 0
1716733444657 16.57 0
1716733481980 16.71 0
1716733518662 16.75 0
1716733555486 16.48 0
1716733574403 16.63 0
1716733610273 16.42 0
1716733647735 16.48 0
1716733684068 16.5 0
1716733721014 16.48 0
1716733757212 16.42 0
1716733794271 16.48 0
1716733830299 16.52 0
1716733866296 16.48 0
1716733902829 16.51 0
1716733938451 16.54 0
1716733975228 16.62 0
1716734011392 16.64 0
1716734030286 16.57 0
1716734049260 16.63 0
1716734085663 16.63 0
1716734121778 16.46 0
1716734158483 16.85 0
1716734177779 16.85 0
1716734196825 16.71 0
1716734232492 16.67 0
1716734269593 16.63 0
1716734306146 16.47 0
1716734342679 16.65 0
1716734362207 16.67 0
1716734398265 16.63 0
1716734433970 16.49 0
1716734452830 16.59 0
1716734471735 16.64 0
1716734490708 16.73 0
1716734509699 16.62 0
1716734545994 16.68 0
1716734581805 16.51 0
1716734617904 16.48 0
1716734654163 16.65 0
1716734690484 16.57 0
1716734727043 16.52 0
1716734764192 16.43 0
1716734800534 16.69 0
1716734855670 16.46 0
1716734892743 16.32 0
1716734928979 16.46 0
1716734965166 16.46 0
1716735000724 16.54 0
1716735036740 16.8 0
1716735073516 16.54 0
1716735109702 16.54 0
1716735145624 16.67 0
1716735164517 16.57 0
1716735200687 16.53 0
1716735236612 16.52 0
1716735271618 16.57 0
1716735307928 16.49 0
1716735327445 16.62 0
1716735346468 16.75 0
1716735381884 16.69 0
1716735400889 16.69 0
1716735420544 17.01 0
1716735440561 16.7 0
1716735475918 16.53 0
1716735511893 16.55 0
1716735549421 16.56 0
1716735568550 16.79 0
1716735587502 16.65 0
1716735607052 16.79 0
1716735625956 16.6 0
1716735645065 16.74 0
1716735664038 16.68 0
1716735683034 16.69 0
1716735702103 16.75 0
1716735720971 16.59 0
1716735739878 16.61 0
1716735759626 16.7 0
1716735778684 16.66 0
1716735798306 16.43 0
1716735817325 16.58 0
1716735836228 16.56 0
1716735855406 16.59 0
1716735874413 16.66 0
1716735893394 16.64 0
1716735929653 16.5 0
1716735965100 16.55 0
1716735984063 16.57 0
1716736019887 16.53 0
1716736055637 16.66 0
1716736091922 16.5 0
1716736111705 16.58 0
1716736130707 16.68 0
1716736166259 16.58 0
1716736219957 16.63 0
1716736255242 16.4 0
1716736290696 16.49 0
1716736326344 16.38 0
1716736345418 16.59 0
1716736364458 16.67 0
1716736400413 16.57 0
1716736435736 16.48 0
1716736472292 16.58 0
1716736507648 16.65 0
1716736527049 16.59 0
1716736562254 16.58 0
1716736581421 16.77 0
1716736617615 16.55 0
1716736653588 16.53 0
1716736689546 16.53 0
1716736725061 16.5 0
1716736744126 16.71 0
1716736779734 16.58 0
1716736815998 16.52 0
1716736851451 16.52 0
1716736886921 16.58 0
1716736922641 16.55 0
1716736957766 16.55 0
1716736993622 16.58 0
1716737028969 16.55 0
1716737047995 16.64 0
1716737067061 16.7 0
1716737086421 17.01 0
1716737106139 16.83 0
1716737125272 16.75 0
1716737144328 16.74 0
1716737163308 16.64 0
1716737182300 16.61 0
1716737201533 16.88 0
1716737220539 16.67 0
1716737240101 16.73 0
1716737259311 16.44 0
1716737278377 16.67 0
1716737297239 16.49 0
1716737316174 16.59 0
1716737351867 16.38 0
1716737370751 16.51 0
1716737390044 16.91 0
1716737409007 16.57 0
1716737428028 16.64 0
1716737447311 16.75 0
1716737466301 16.57 0
1716737485342 16.66 0
1716737504367 16.65 0
1716737540704 16.78 0
1716737559753 16.67 0
1716737578866 16.7 0
1716737597891 16.61 0
1716737617038 16.76 0
1716737636184 16.73 0
1716737655165 16.71 0
1716737674098 16.68 0
1716737693631 16.8 0
1716737712566 16.73 0
1716737731415 16.62 0
1716737750317 16.64 0
1716737769248 16.67 0
1716737788023 16.54 0
1716737825234 16.42 0
1716737860974 16.66 0
1716737896615 16.43 0
1716737915532 16.67 0
1716737934460 16.63 0
1716737970742 16.68 0
1716738006100 16.56 0
1716738041334 16.47 0
1716738060613 16.64 0
1716738079578 16.71 0
1716738098464 16.68 0
1716738117366 16.66 0
1716738136265 16.68 0
1716738155155 16.69 0
1716738174142 16.8 0
1716738193031 16.68 0
1716738212315 16.68 0
1716738231130 16.58 0
1716738249843 16.5 0
1716738268757 16.69 0
1716738287661 16.62 0
1716738324620 16.48 0
1716738360158 16.39 0
1716738379413 16.65 0
1716738398188 16.54 0
1716738434342 16.46 0
1716738470338 16.49 0
1716738489339 16.74 0
1716738508359 16.75 0
1716738527434 16.78 0
1716738546541 16.79 0
1716738565880 16.79 0
1716738584864 16.68 0
1716738603743 16.59 0
1716738622669 16.63 0
1716738641569 16.59 0
1716738679039 16.48 0
1716738697947 16.57 0
1716738717306 16.57 0
1716738736267 16.71 0
1716738772463 16.51 0
1716738791396 16.62 0
1716738827407 16.65 0
1716738846383 16.7 0
1716738881682 16.61 0
1716738917695 16.68 0
1716738936496 16.56 0
1716738955357 16.61 0
1716738974383 16.78 0
1716738993440 16.74 0
1716739012369 16.65 0
1716739031304 16.67 0
1716739050312 16.7 0
1716739070043 16.89 0
1716739089026 16.68 0
1716739107871 16.53 0
1716739126846 16.66 0
1716739145768 16.59 0
1716739164723 16.63 0
1716739183684 16.65 0
1716739202428 16.45 0
1716739221735 16.61 0
1716739240496 16.46 0
1716739276316 16.45 0
1716739312454 16.54 0
1716739331271 16.49 0
1716739350224 16.65 0
1716739369176 16.69 0
1716739388391 16.6 0
1716739407364 16.69 0
1716739426357 16.66 0
1716739445299 16.7 0
1716739464262 16.68 0
1716739483221 16.63 0
1716739502236 16.7 0
1716739521244 16.66 0
1716739541090 16.65 0
1716739560013 16.65 0
1716739579249 16.69 0
1716739598158 16.56 0
1716739617025 16.56 0
1716739635889 16.56 0
1716739654932 16.69 0
1716739673863 16.63 0
1716739693117 16.56 0
1716739712139 16.72 0
1716739748481 16.55 0
1716739767380 16.58 0
1716739786377 16.67 0
1716739805441 16.74 0
1716739824537 16.77 0
1716739844478 16.61 0
1716739863564 16.77 0
1716739882543 16.65 0
1716739901507 16.69 0
1716739937301 16.5 0
1716739972730 16.46 0
1716740008163 16.41 0
1716740027393 16.89 0
1716740046416 16.69 0
1716740065531 16.79 0
1716740084634 16.77 0
1716740103800 16.83 0
1716740122894 16.81 0
1716740141891 16.68 0
1716740160962 16.76 0
1716740180469 16.69 0
1716740199361 16.56 0
1716740218323 16.63 0
1716740237220 16.61 0
1716740257059 16.54 0
1716740275950 16.57 0
1716740294922 16.62 0
1716740314010 16.69 0
1716740333667 16.9 0
1716740352726 16.73 0
1716740371723 16.68 0
1716740390536 16.52 0
1716740409430 16.54 0
1716740428368 16.61 0
1716740447261 16.61 0
1716740466376 16.74 0
1716740485739 16.55 0
1716740504725 16.58 0
1716740523762 16.68 0
1716740542713 16.63 0
1716740579677 16.57 0
1716740599352 16.53 0
1716740618259 16.52 0
1716740637784 16.73 0
1716740656851 16.66 0
1716740675828 16.58 0
1716740694942 16.71 0
1716740731172 16.54 0
1716740750218 16.64 0
1716740769287 16.68 0
1716740806149 16.45 0
1716740825289 16.8 0
1716740844362 16.72 0
1716740863441 16.71 0
1716740882456 16.66 0
1716740901501 16.66 0
1716740920689 16.73 0
1716740940270 16.62 0
1716740959512 16.81 0
1716740996030 16.57 0
1716741031215 16.44 0
1716741050082 16.5 0
1716741084959 16.49 0
1716741120787 16.49 0
1716741156571 16.57 0
1716741175716 16.81 0
1716741211045 16.55 0
1716741230093 16.66 0
1716741249206 16.71 0
1716741268158 16.57 0
1716741287660 16.72 0
1716741306645 16.61 0
1716741325651 16.66 0
1716741344643 16.64 0
1716741363551 16.55 0
1716741382479 16.56 0
1716741401407 16.57 0
1716741420530 16.77 0
1716741439517 16.62 0
1716741458511 16.61 0
1716741477301 16.47 0
1716741496162 16.48 0
1716741515318 16.71 0
1716741550919 16.41 0
1716741586452 16.61 0
1716741621903 16.5 0
1716741657478 16.37 0
1716741676456 16.57 0
1716741695434 16.61 0
1716741714597 16.72 0
1716741733749 16.71 0
1716741753245 16.71 0
1716741772249 16.64 0
1716741791317 16.69 0
1716741810256 16.5 0
1716741829234 16.6 0
1716741848222 16.62 0
1716741867285 16.68 0
1716741886387 16.69 0
1716741905492 16.73 0
1716741941046 16.64 0
1716741960164 16.69 0
1716741979249 16.63 0
1716741998212 16.57 0
1716742017278 16.65 0
1716742036652 16.94 0
1716742055762 16.68 0
1716742074965 16.82 0
1716742093950 16.54 0
1716742112828 16.5 0
1716742131909 16.64 0
1716742150708 16.58 0
1716742169610 16.61 0
1716742188961 16.57 0
1716742207692 16.43 0
1716742226506 16.57 0
1716742245383 16.59 0
1716742264236 16.57 0
1716742283013 16.55 0
1716742301850 16.6 0
1716742320651 16.56 0
1716742339935 16.63 0
1716742358740 16.56 0
1716742377624 16.61 0
1716742396419 16.51 0
1716742415229 16.56 0
1716742434156 16.66 0
1716742452968 16.52 0
1716742471888 16.63 0
1716742491434 16.64 0
1716742510318 16.6 0
1716742529138 16.54 0
1716742548026 16.61 0
1716742566923 16.58 0
1716742585657 16.51 0
1716742604552 16.57 0
1716742623380 16.55 0
1716742642726 16.6 0
1716742661584 16.6 0
1716742680453 16.61 0
1716742699441 16.7 0
1716742718315 16.56 0
1716742737210 16.62 0
1716742756242 16.7 0
1716742775244 16.71 0
1716742794530 16.62 0
1716742813611 16.71 0
1716742832475 16.58 0
1716742851401 16.69 0
1716742870273 16.63 0
1716742905997 16.53 0
1716742924812 16.55 0
1716742943672 16.6 0
1716742962971 16.66 0
1716742981880 16.62 0
1716743000771 16.69 0
1716743019693 16.67 0
1716743038628 16.68 0
1716743057450 16.6 0
1716743093323 16.48 0
1716743129273 16.82 0
1716743164820 16.51 0
1716743200323 16.58 0
1716743219211 16.62 0
1716743238175 16.71 0
1716743256980 16.55 0
1716743292808 16.55 0
1716743312055 16.68 0
1716743331076 16.77 0
1716743350077 16.79 0
1716743369074 16.78 0
1716743388075 16.78 0
1716743406948 16.62 0
1716743425807 16.64 0
1716743444697 16.68 0
1716743463870 16.56 0
1716743482755 16.63 0
1716743501600 16.57 0
1716743520404 16.54 0
1716743539400 16.69 0
1716743558286 16.61 0
1716743577111 16.53 0
1716743595920 16.57 0
1716743615341 16.77 0
1716743634170 16.56 0
1716743653024 16.59 0
1716743671924 16.61 0
1716743690854 16.65 0
1716743709653 16.53 0
1716743744948 16.36 0
1716743780399 16.63 0
1716743799111 16.44 0
1716743818068 16.71 0
1716743837823 16.73 0
1716743856813 16.74 0
1716743875782 16.67 0
1716743894745 16.67 0
1716743913808 16.74 0
1716743932944 16.83 0
1716743951980 16.75 0
1716743987718 16.77 0
1716744006592 16.62 0
1716744025430 16.54 0
1716744044284 16.54 0
1716744063158 16.63 0
1716744082060 16.64 0
1716744101374 16.68 0
1716744120321 16.7 0
1716744139302 16.67 0
1716744158226 16.68 0
1716744177142 16.67 0
1716744196145 16.73 0
1716744214992 16.58 0
1716744233973 16.71 0
1716744253251 16.63 0
1716744272353 16.76 0
1716744291338 16.65 0
1716744310185 16.51 0
1716744329651 16.72 0
1716744348509 16.51 0
1716744367471 16.65 0
1716744386611 16.86 0
1716744405672 16.79 0
1716744424730 16.7 0
1716744443631 16.56 0
1716744462677 16.76 0
1716744481591 16.58 0
1716744500598 16.73 0
1716744519498 16.55 0
1716744538447 16.63 0
1716744557912 16.52 0
1716744576785 16.52 0
1716744596248 16.52 0
1716744615155 16.59 0
1716744634993 16.45 0
1716744653768 16.46 0
1716744672674 16.61 0
1716744691449 16.5 0
1716744710587 16.88 0
1716744729381 16.51 0
1716744748350 16.66 0
1716744767182 16.53 0
1716744786205 16.76 0
1716744806183 16.65 0
1716744825065 16.61 0
1716744844062 16.67 0
1716744863448 16.58 0
1716744882388 16.68 0
1716744901291 16.57 0
1716744920217 16.64 0
1716744957508 16.47 0
1716744976282 16.46 0
1716744994985 16.47 0
1716745013723 16.49 0
1716745033020 16.61 0
1716745051804 16.49 0
1716745070641 16.56 0
1716745089471 16.55 0
1716745108374 16.58 0
1716745127156 16.52 0
1716745146026 16.54 0
1716745165021 16.6 0
1716745184278 16.54 0
1716745203230 16.69 0
1716745222123 16.62 0
1716745241019 16.63 0
1716745259822 16.56 0
1716745278744 16.64 0
1716745297753 16.72 0
1716745316720 16.6 0
1716745336109 16.63 0
1716745355060 16.55 0
1716745373991 16.61 0
1716745392912 16.6 0
1716745411787 16.56 0
1716745430692 16.58 0
1716745449555 16.56 0
1716745468477 16.62 0
1716745487780 16.55 0
1716745506624 16.54 0
1716745525593 16.62 0
1716745544411 16.52 0
1716745563310 16.61 0
1716745582319 16.7 0
1716745601345 16.67 0
1716745620176 16.55 0
1716745639481 16.56 0
1716745658302 16.51 0
1716745677146 16.51 0
1716745696012 16.56 0
1716745714823 16.52 0
1716745733670 16.47 0
1716745752545 16.58 0
1716745771404 16.53 0
1716745790803 16.67 0
1716745809692 16.57 0
1716745828618 16.61 0
1716745847575 16.66 0
1716745866495 16.54 0
1716745885467 16.66 0
1716745920886 16.41 0
1716745940158 16.58 0
1716745959094 16.62 0
1716745978094 16.73 0
1716745997040 16.66 0
1716746034200 16.62 0
1716746053055 16.55 0
1716746072001 16.64 0
1716746107887 16.55 0
1716746143401 16.69 0
1716746178975 16.76 0
1716746214338 16.53 0
1716746233218 16.61 0
1716746252273 16.7 0
1716746271472 16.87 0
1716746290333 16.58 0
1716746309294 16.66 0
1716746328340 16.74 0
1716746347277 16.57 0
1716746366159 16.59 0
1716746385182 16.64 0
1716746404159 16.61 0
1716746423480 16.62 0
1716746442387 16.52 0
1716746478817 16.41 0
1716746514293 16.5 0
1716746533072 16.49 0
1716746551960 16.53 0
1716746570802 16.52 0
1716746590200 16.63 0
1716746609061 16.55 0
1716746627939 16.53 0
1716746646906 16.64 0
1716746665755 16.55 0
1716746684742 16.65 0
1716746720081 16.52 0
1716746739170 16.74 0
1716746775042 16.6 0
1716746810613 16.56 0
1716746829663 16.61 0
1716746848682 16.66 0
1716746867676 16.65 0
1716746886887 16.84 0
1716746906252 16.67 0
1716746925452 16.81 0
1716746944531 16.76 0
1716746963409 16.56 0
1716746982336 16.58 0
1716747001312 16.67 0
1716747020174 16.53 0
1716747056312 16.54 0
1716747075634 16.55 0
1716747094485 16.52 0
1716747113453 16.63 0
1716747132513 16.72 0
1716747151496 16.65 0
1716747170400 16.6 0
1716747189347 16.63 0
1716747208443 16.74 0
1716747227447 16.6 0
1716747246451 16.64 0
1716747265562 16.63 0
1716747284518 16.62 0
1716747303594 16.67 0
1716747322465 16.5 0
1716747341436 16.62 0
1716747360426 16.68 0
1716747379415 16.69 0
1716747398345 16.58 0
1716747417317 16.59 0
1716747436315 16.68 0
1716747455259 16.58 0
1716747474181 16.6 0
1716747493187 16.64 0
1716747512644 16.62 0
1716747531662 16.62 0
1716747550721 16.71 0
1716747569827 16.69 0
1716747588652 16.49 0
1716747607651 16.63 0
1716747626652 16.63 0
1716747645617 16.61 0
1716747664970 16.59 0
1716747683870 16.56 0
1716747702998 16.71 0
1716747722011 16.58 0
1716747740942 16.55 0
1716747760031 16.66 0
1716747779105 16.67 0
1716747798232 16.62 0
1716747817678 16.61 0
1716747836554 16.51 0
1716747855484 16.58 0
1716747874362 16.51 0
1716747893526 16.7 0
1716747912615 16.68 0
1716747931535 16.57 0
1716747950557 16.67 0
1716747970007 16.65 0
1716747988912 16.57 0
1716748025066 16.4 0
1716748044039 16.56 0
1716748063052 16.63 0
1716748082107 16.6 0
1716748101165 16.62 0
1716748120284 16.76 0
1716748139209 16.52 0
1716748158156 16.56 0
1716748177217 16.67 0
1716748196221 16.58 0
1716748215236 16.59 0
1716748234158 16.52 0
1716748253045 16.53 0
1716748272786 16.6 0
1716748291773 16.57 0
1716748310827 16.58 0
1716748329701 16.48 0
1716748348680 16.54 0
1716748367643 16.5 0
1716748386714 16.65 0
1716748405775 16.63 0
1716748425352 16.64 0
1716748444438 16.66 0
1716748463398 16.58 0
1716748482305 16.51 0
1716748501355 16.57 0
1716748520370 16.63 0
1716748539409 16.66 0
1716748558433 16.66 0
1716748578094 16.64 0
1716748597092 16.59 0
1716748616180 16.65 0
1716748635322 16.71 0
1716748654310 16.62 0
1716748673242 16.57 0
1716748692149 16.53 0
1716748710907 16.41 0
1716748730320 16.57 0
1716748749279 16.6 0
1716748768148 16.54 0
1716748787182 16.57 0
1716748806210 16.63 0
1716748825208 16.61 0
1716748844229 16.59 0
1716748863098 16.54 0
1716748882626 16.69 0
1716748901588 16.59 0
1716748920526 16.6 0
1716748939641 16.69 0
1716748958609 16.61 0
1716748994942 16.45 0
1716749013759 16.45 0
1716749033047 16.55 0
1716749052001 16.56 0
1716749071106 16.69 0
1716749090113 16.62 0
1716749109003 16.53 0
1716749144640 16.65 0
1716749180223 16.45 0
1716749216339 16.59 0
1716749235264 16.57 0
1716749270548 16.58 0
1716749289509 16.59 0
1716749308564 16.58 0
1716749343811 16.61 0
1716749363205 16.64 0
1716749382303 16.68 0
1716749401447 16.73 0
1716749420524 16.6 0
1716749439583 16.64 0
1716749458545 16.55 0
1716749477518 16.57 0
1716749496639 16.77 0
1716749515498 16.51 0
1716749534446 16.49 0
1716749553372 16.5 0
1716749572317 16.58 0
1716749591295 16.6 0
1716749610202 16.52 0
1716749629111 16.52 0
1716749648517 16.61 0
1716749667517 16.62 0
1716749686568 16.65 0
1716749705553 16.58 0
1716749724571 16.59 0
1716749743517 16.55 0
1716749779244 16.43 0
1716749798568 16.53 0
1716749834251 16.46 0
1716749853240 16.62 0
1716749872127 16.53 0
1716749891099 16.55 0
1716749910051 16.59 0
1716749929107 16.66 0
1716749948546 16.61 0
1716749967750 16.65 0
1716749986784 16.66 0
1716750005846 16.67 0
1716750024708 16.47 0
1716750043632 16.49 0
1716750079915 16.49 0
1716750099588 16.55 0
1716750118547 16.55 0
1716750137527 16.55 0
1716750156459 16.5 0
1716750175430 16.52 0
1716750194390 16.56 0
1716750213355 16.49 0
1716750232539 16.73 0
1716750251591 16.57 0
1716750270485 16.47 0
1716750289482 16.58 0
1716750308467 16.56 0
1716750327420 16.57 0
1716750346334 16.52 0
1716750365280 16.56 0
1716750384630 16.54 0
1716750403505 16.44 0
1716750422458 16.54 0
1716750441486 16.63 0
1716750460328 16.52 0
1716750479225 16.57 0
1716750498107 16.61 0
1716750516998 16.6 0
1716750536456 16.78 0
1716750555381 16.66 0
1716750574186 16.49 0
1716750593050 16.59 0
1716750611885 16.52 0
1716750630760 16.6 0
1716750649743 16.65 0
1716750668703 16.61 0
1716750688061 16.67 0
1716750706909 16.58 0
1716750725746 16.58 0
1716750744604 16.55 0
1716750763521 16.63 0
1716750782422 16.61 0
1716750801209 16.57 0
1716750820051 16.58 0
1716750839376 16.7 0
1716750858189 16.56 0
1716750877085 16.66 0
1716750895851 16.54 0
1716750914630 16.56 0
1716750933478 16.61 0
1716750952260 16.53 0
1716750971028 16.53 0
1716750990154 16.49 0
1716751008975 16.51 0
1716751045069 16.43 0
1716751063942 16.55 0
1716751082935 16.67 0
1716751101771 16.59 0
1716751120569 16.58 0
1716751139569 16.76 0
1716751158814 16.62 0
1716751177716 16.66 0
1716751196639 16.64 0
1716751215571 16.69 0
1716751234421 16.61 0
1716751253512 16.75 0
1716751272339 16.53 0
1716751291388 16.71 0
1716751310694 16.66 0
1716751329787 16.79 0
1716751348633 16.59 0
1716751367430 16.54 0
1716751386375 16.65 0
1716751405330 16.64 0
1716751424183 16.57 0
1716751443180 16.71 0
1716751462438 16.58 0
1716751481274 16.59 0
1716751500298 16.75 0
1716751519174 16.59 0
1716751537966 16.53 0
1716751556817 16.52 0
1716751575675 16.57 0
1716751594615 16.63 0
1716751614172 16.66 0
1716751633055 16.65 0
1716751652031 16.68 0
1716751670934 16.66 0
1716751689768 16.56 0
1716751708515 16.51 0
1716751727373 16.63 0
1716751746281 16.64 0
1716751765546 16.58 0
1716751784433 16.67 0
1716751803371 16.58 0
1716751822135 16.52 0
1716751841001 16.54 0
1716751859814 16.56 0
1716751878907 16.68 0
1716751897738 16.56 0
1716751917187 16.58 0
1716751935970 16.51 0
1716751954888 16.52 0
1716751973765 16.61 0
1716752009543 16.37 0
1716752028206 16.43 0
1716752047137 16.67 0
1716752065934 16.53 0
1716752085127 16.51 0
1716752103984 16.61 0
1716752122876 16.65 0
1716752141744 16.57 0
1716752160564 16.56 0
1716752179560 16.74 0
1716752198509 16.68 0
1716752217332 16.58 0
1716752236635 16.59 0
1716752255455 16.55 0
1716752274494 16.64 0
1716752293271 16.54 0
1716752312225 16.63 0
1716752331094 16.59 0
1716752349867 16.54 0
1716752368711 16.59 0
1716752387914 16.52 0
1716752406818 16.63 0
1716752425622 16.55 0
1716752444462 16.59 0
1716752481125 16.55 0
1716752499811 16.44 0
1716752535581 16.72 0
1716752554612 16.67 0
1716752573508 16.63 0
1716752592559 16.79 0
1716752611618 16.74 0
1716752630664 16.77 0
1716752649552 16.63 0
1716752668497 16.59 0
1716752687546 16.8 0
1716752706445 16.64 0
1716752725327 16.59 0
1716752744107 16.53 0
1716752762881 16.47 0
1716752781688 16.48 0
1716752800592 16.66 0
1716752819384 16.53 0
1716752838342 16.71 0
1716752857139 16.55 0
1716752875888 16.52 0
1716752894618 16.51 0
1716752913347 16.51 0
1716752932274 16.65 0
1716752951223 16.66 0
1716752970116 16.64 0
1716753006340 16.48 0
1716753025178 16.56 0
1716753044049 16.62 0
1716753062978 16.66 0
1716753082082 16.81 0
1716753101055 16.63 0
1716753120039 16.7 0
1716753138867 16.52 0
1716753158261 16.64 0
1716753177155 16.62 0
1716753196017 16.58 0
1716753214881 16.54 0
1716753233885 16.65 0
1716753252806 16.62 0
1716753271813 16.65 0
1716753290645 16.54 0
1716753310386 16.72 0
1716753329377 16.69 0
1716753348320 16.62 0
1716753367106 16.51 0
1716753385971 16.51 0
1716753404776 16.53 0
1716753423730 16.57 0
1716753442748 16.68 0
1716753462193 16.66 0
1716753481176 16.62 0
1716753500054 16.6 0
1716753536880 16.59 0
1716753555713 16.54 0
1716753574658 16.66 0
1716753593631 16.68 0
1716753629969 16.61 0
1716753648910 16.68 0
1716753684954 16.52 0
1716753703874 16.64 0
1716753739462 16.52 0
1716753775515 16.5 0
1716753812226 16.44 0
1716753848061 16.52 0
1716753866870 16.51 0
1716753885886 16.74 0
1716753904766 16.62 0
1716753923648 16.59 0
1716753942496 16.56 0
1716753961863 16.71 0
1716753980808 16.67 0
1716753999690 16.62 0
1716754018708 16.76 0
1716754037633 16.65 0
1716754056537 16.64 0
