1716731369351 0.015830186804619204 0
1716731422704 0.0499574907649942 1
1716731459793 0.16566153952246834 2
1716731496415 0.15697847295430387 3
1716731532839 0.0719565219591955 4
1716731569789 0.0059317697235006265 5
1716731588394 0.3129173769553928 6
1716731624273 0.42292991169940297 7
1716731660276 0.12622307824403597 8
1716731697943 0.6088358087124265 9
1716731734954 0.6170565814263167 10
1716731771293 0.6255428700649285 11
1716731807456 0.6116770097242324 12
1716731844624 0.6956602777868074 13
1716731881141 0.6868627018744721 14
1716731917575 0.6664732647893232 15
1716731956014 0.41275760520015314 16
1716731993479 0.7242514275103947 17
1716732029355 0.6521617996170107 18
1716732066716 0.7693310992159795 19
1716732104760 0.7550618951260848 20
1716732141830 0.7335987611119785 21
1716732178338 0.774825988149539 22
1716732215404 0.7986076688818322 23
1716732252951 0.8142803541104845 24
1716732289240 0.7964460046774229 25
1716732326105 0.7736555248757891 26
1716732363263 0.8062582420620515 27
1716732400230 0.8044860028079134 28
1716732435644 0.7783888416360573 29
1716732471953 0.8138114287881457 30
1716732508122 0.835318235137597 31
1716732544113 0.812447221290907 32
1716732581249 0.8416641900054688 33
1716732618742 0.8045883525411849 34
1716732654677 0.8379574090381983 35
1716732690458 0.8486576371178467 36
1716732726951 0.8556174953718267 37
1716732764890 0.8534610873748815 38
1716732800669 0.8596978291685694 39
1716732837498 0.806298055050612 40
1716732875256 0.860314330760304 41
1716732911183 0.8431869857118656 42
1716732947078 0.865331629917986 43
1716732984483 0.8628931926099693 44
1716733021643 0.8663026799694675 45
1716733057966 0.8592682419393936 46
1716733095025 0.8696665272204429 47
1716733131252 0.8435404248179355 48
1716733166575 0.8672672228914236 49
1716733209089 0.8486950061586603 50
1716733244830 0.8716876956606932 51
1716733280464 0.8797800773880781 52
1716733316076 0.8512105719440876 53
1716733352014 0.8391778026637461 54
1716733370944 0.8693545140893412 55
1716733408223 0.860962207926529 56
1716733444617 0.8837842859397775 57
1716733481937 0.8745548215144185 58
1716733518623 0.8782922354385061 59
1716733555444 0.8466973152536322 60
1716733574362 0.890537033632207 61
1716733610236 0.88283132988829 62
1716733647706 0.8789082336193982 63
1716733684034 0.8840362004897694 64
1716733720981 0.8749087430023432 65
1716733757174 0.8843343549774217 66
1716733794226 0.8854955519710056 67
1716733830258 0.8765778563764081 68
1716733866254 0.8971449034674058 69
1716733902792 0.880465861717539 70
1716733938414 0.8903320158636759 71
1716733975191 0.8782873192486145 72
1716734011362 0.8603284190230767 73
1716734030257 0.8800401828670351 74
1716734049225 0.8927251095862653 75
1716734085627 0.8885939514826308 76
1716734121741 0.8890923149817737 77
1716734158436 0.8767926739596715 78
1716734177742 0.8750702034830554 79
1716734196792 0.9051086289106444 80
1716734232457 0.8913440550469297 81
1716734269558 0.8919732978375096 82
1716734306109 0.8971269683187181 83
1716734342640 0.8799852116642007 84
1716734362165 0.8885120861177378 85
1716734398223 0.8986807073066219 86
1716734433935 0.8758741181805139 87
1716734452789 0.8665807211541052 88
1716734471701 0.905663593464353 89
1716734490659 0.8825880711156405 90
1716734509660 0.9072669261454439 91
1716734545962 0.9032965206748497 92
1716734581769 0.8948634753591783 93
1716734617869 0.9007389380817767 94
1716734654123 0.9013360158496235 95
1716734690448 0.9104346050059391 96
1716734727007 0.9009895293355279 97
1716734764160 0.9071972721462229 98
1716734800500 0.9105993588588382 99
1716734855632 0.9136073740788082 100
1716734892710 0.9050350129613728 101
1716734928936 0.9140562607974019 102
1716734965133 0.9058972489928306 103
1716735000649 0.9034814435857509 104
1716735036699 0.9089981999655842 105
1716735073485 0.9083348897164298 106
1716735109644 0.9084563145716592 107
1716735145594 0.9024711069806585 108
1716735164479 0.9073993420657902 109
1716735200654 0.9141880876356425 110
1716735236565 0.916636878751189 111
1716735271576 0.9148526659918743 112
1716735307887 0.9054249891164794 113
1716735327409 0.9062439323319653 114
1716735346424 0.9141478852504975 115
1716735381850 0.907398337470374 116
1716735400854 0.9048623448004681 117
1716735420475 0.9006653292665296 118
1716735440525 0.9162707812224244 119
1716735475850 0.9154197920947172 120
1716735511862 0.9135895445954222 121
1716735549378 0.8716395800487993 122
1716735568509 0.8970213332086402 123
1716735587458 0.9009217065376571 124
1716735607014 0.8782830857134761 125
1716735625913 0.9033162101018459 126
1716735645031 0.9151077364011875 127
1716735663990 0.9111659539603778 128
1716735682996 0.9074412772585028 129
1716735702055 0.9004695971229566 130
1716735720932 0.9076970627447021 131
1716735739842 0.9095369227930815 132
1716735759582 0.9120795616926216 133
1716735778589 0.913664949352063 134
1716735798264 0.9028785479264446 135
1716735817289 0.9174720052485096 136
1716735836184 0.9010507807784608 137
1716735855360 0.9106024045676513 138
1716735874376 0.9172669951102955 139
1716735893368 0.9202775022632558 140
1716735929609 0.916585305276104 141
1716735965052 0.9063810576473692 142
1716735984034 0.9167413244603321 143
1716736019853 0.914400445580414 144
1716736055600 0.911694122446343 145
1716736091883 0.9088213895851595 146
1716736111665 0.911835353529896 147
1716736130660 0.9124184407903445 148
1716736166220 0.9126222892857047 149
1716736219923 0.9173583948693147 150
1716736255210 0.920975339974556 151
1716736290666 0.9168240214478133 152
1716736326297 0.9033324287606441 153
1716736345383 0.9190469392274973 154
1716736364425 0.9207263712625382 155
1716736400368 0.9172653226125047 156
1716736435692 0.9193478406159198 157
1716736472255 0.922602301943972 158
1716736507611 0.9120323450125802 159
1716736527017 0.9254299349324295 160
1716736562219 0.9156327883401847 161
1716736581386 0.9199732112638083 162
1716736617578 0.9193314023423792 163
1716736653554 0.9172914697140643 164
1716736689508 0.9190083598217935 165
1716736725024 0.9136195229344568 166
1716736744092 0.9243059141787634 167
1716736779696 0.9178211525334504 168
1716736815966 0.9185646564100599 169
1716736851412 0.9239961669577815 170
1716736886883 0.9233989260384785 171
1716736922609 0.9216955078546546 172
1716736957730 0.9254460168462882 173
1716736993589 0.9238171318789506 174
1716737028936 0.9158639647210304 175
1716737047962 0.9213302014556155 176
1716737067019 0.9111740734598007 177
1716737086387 0.9209408958650175 178
1716737106107 0.9243620449930409 179
1716737125235 0.9175025173031136 180
1716737144289 0.9170951811183755 181
1716737163274 0.8937573390724146 182
1716737182266 0.9212003744868026 183
1716737201478 0.9260822725083616 184
1716737220499 0.9194179151262579 185
1716737240068 0.9225234530651951 186
1716737259271 0.9152960544019061 187
1716737278340 0.9255418876083761 188
1716737297200 0.9190047533254382 189
1716737316137 0.9300709454471264 190
1716737351831 0.9122102226270413 191
1716737370715 0.8603582417291848 192
1716737390013 0.9154772514549024 193
1716737408973 0.9136786178451137 194
1716737427989 0.9253668675443235 195
1716737447276 0.9187231473548475 196
1716737466264 0.9256579444494332 197
1716737485301 0.9191515329148553 198
1716737504340 0.9298902240674868 199
1716737540665 0.9218696564637439 200
1716737559714 0.9215461955051553 201
1716737578804 0.9175572346480356 202
1716737597859 0.9166693453020002 203
1716737617001 0.9188221474854861 204
1716737636144 0.9208360853898513 205
1716737655118 0.9080769069291966 206
1716737674062 0.9258151962391207 207
1716737693589 0.915312885238622 208
1716737712534 0.9223523790485716 209
1716737731381 0.923086428420779 210
1716737750277 0.9221452939789779 211
1716737769205 0.9241559317395914 212
1716737787996 0.9245388963125509 213
1716737825193 0.9234466619523971 214
1716737860941 0.9251840572308865 215
1716737896582 0.9203940802894081 216
1716737915493 0.9191720151902144 217
1716737934426 0.923957435783883 218
1716737970696 0.9211434335656196 219
1716738006054 0.9253526413191847 220
1716738041294 0.9185767484961328 221
1716738060574 0.909814708756107 222
1716738079546 0.9193519207836505 223
1716738098429 0.9296323057132373 224
1716738117328 0.9235432007480006 225
1716738136230 0.9119236707132394 226
1716738155122 0.92048550521156 227
1716738174105 0.9183573073038573 228
1716738192996 0.925914290073977 229
1716738212280 0.9241613908046843 230
1716738231094 0.9218732752475546 231
1716738249807 0.9219615957367532 232
1716738268717 0.9193037950227501 233
1716738287627 0.9273041955302884 234
1716738324583 0.9256170537259806 235
1716738360125 0.9219829800679862 236
1716738379375 0.9209605435616447 237
1716738398157 0.9232001289181152 238
1716738434304 0.9241335889947123 239
1716738470304 0.9164348578807732 240
1716738489300 0.9167766792933132 241
1716738508319 0.9218916602867512 242
1716738527398 0.916965227496604 243
1716738546510 0.9151220999546658 244
1716738565845 0.9269666877560359 245
1716738584817 0.921460752346329 246
1716738603707 0.9172855436910924 247
1716738622642 0.9134056506347322 248
1716738641538 0.9291476963559117 249
1716738679000 0.9245849446151108 250
1716738697903 0.9222075676431235 251
1716738717272 0.9256588761166366 252
1716738736238 0.9300454340859649 253
1716738772425 0.9217249089385859 254
1716738791350 0.9239913230264017 255
1716738827368 0.9215696001939516 256
1716738846348 0.9325268406491399 257
1716738881637 0.9244662088664275 258
1716738917660 0.8805235745754375 259
1716738936464 0.9142065211724958 260
1716738955326 0.9182569762275311 261
1716738974348 0.9196011551753918 262
1716738993398 0.9202588479840533 263
1716739012336 0.9139557567973112 264
1716739031268 0.9345524976087348 265
1716739050273 0.9251395324233531 266
1716739070003 0.91745071714683 267
1716739088998 0.927837710022119 268
1716739107831 0.9284094839395141 269
1716739126795 0.9257460356533201 270
1716739145725 0.9283002998534947 271
1716739164681 0.9260459465164256 272
1716739183647 0.928055548698952 273
1716739202385 0.923286849571339 274
1716739221701 0.9218596503618232 275
1716739240462 0.9281131259468459 276
1716739276280 0.9270910321379162 277
1716739312408 0.9182012557624404 278
1716739331237 0.914393472929536 279
1716739350179 0.9050852504547975 280
1716739369134 0.9327315424710262 281
1716739388353 0.927392223901685 282
1716739407330 0.9183486654292324 283
1716739426325 0.9212149231444761 284
1716739445262 0.9300505398967847 285
1716739464232 0.921591599070477 286
1716739483187 0.917492427579426 287
1716739502199 0.9215686368146603 288
1716739521213 0.9259128136000161 289
1716739541050 0.9249172355676315 290
1716739559960 0.9202650272775227 291
1716739579199 0.9274986927157906 292
1716739598121 0.9299080629620396 293
1716739616990 0.91606519704931 294
1716739635846 0.9219092305730627 295
1716739654897 0.9291310117760333 296
1716739673817 0.9235945124214892 297
1716739693083 0.9088233292310605 298
1716739712110 0.9274837661847913 299
1716739748446 0.9217615349878172 300
1716739767343 0.9195871018488025 301
1716739786334 0.926734166059985 302
1716739805403 0.9173209646725896 303
1716739824474 0.9204084844644612 304
1716739844440 0.9270597799262669 305
1716739863530 0.9253509159786818 306
1716739882506 0.9337960635560303 307
1716739901470 0.9351099164146861 308
1716739937266 0.9325961287051093 309
1716739972687 0.9327787051627398 310
1716740008117 0.9144777779210553 311
1716740027352 0.9297668938419866 312
1716740046379 0.9198002596682469 313
1716740065489 0.9311107710040579 314
1716740084596 0.9231949055725006 315
1716740103773 0.9269668978344399 316
1716740122857 0.9227674540389145 317
1716740141857 0.9279269121394345 318
1716740160924 0.9271410311308078 319
1716740180441 0.9179829970843899 320
1716740199322 0.9250850902158492 321
1716740218287 0.9228349123125007 322
1716740237184 0.9248879109179081 323
1716740257016 0.922987623772895 324
1716740275915 0.9233192782324183 325
1716740294887 0.9257577538882223 326
1716740313974 0.9292391910325254 327
1716740333626 0.9284379436145417 328
1716740352686 0.9215438989725891 329
1716740371685 0.927036201779586 330
1716740390504 0.9278413928491053 331
1716740409391 0.9284346741917296 332
1716740428330 0.9279514322328444 333
1716740447226 0.9165459275790414 334
1716740466337 0.9312062249686047 335
1716740485703 0.929161444855883 336
1716740504683 0.9270348012872787 337
1716740523729 0.9292217351687103 338
1716740542674 0.9334430050055188 339
1716740579633 0.9251131854296633 340
1716740599321 0.9230567375003575 341
1716740618223 0.9249082422273665 342
1716740637742 0.9289228451153434 343
1716740656800 0.9286424245991817 344
1716740675786 0.9272303942525286 345
1716740694905 0.9311388635345779 346
1716740731136 0.9201207575765151 347
1716740750172 0.9167255180969036 348
1716740769252 0.926276930382213 349
1716740806105 0.920398577021199 350
1716740825253 0.9234909067018805 351
1716740844328 0.9291211879171432 352
1716740863401 0.9266275545519692 353
1716740882414 0.9284125168548175 354
1716740901462 0.9274096756061817 355
1716740920654 0.9281584404890294 356
1716740940232 0.9357708533295604 357
1716740959481 0.932118310991962 358
1716740995988 0.9326414218588952 359
1716741031176 0.9277084180760856 360
1716741050047 0.9354423768045406 361
1716741084921 0.9321385215780534 362
1716741120749 0.9295060717096811 363
1716741156529 0.9274349752971506 364
1716741175679 0.9324989274054712 365
1716741211002 0.923352655961965 366
1716741230058 0.9257555932242291 367
1716741249169 0.9249054534083049 368
1716741268118 0.9271297000638845 369
1716741287628 0.9289169629972559 370
1716741306610 0.9314893751968532 371
1716741325608 0.9318446533029857 372
1716741344607 0.9313611459090202 373
1716741363511 0.925248581589384 374
1716741382444 0.9230371441660585 375
1716741401381 0.9292691930992302 376
1716741420493 0.9283145374267772 377
1716741439477 0.9310457267644031 378
1716741458477 0.9300997046105235 379
1716741477263 0.9290533809579062 380
1716741496123 0.9351068896659788 381
1716741515277 0.9343596961147348 382
1716741550868 0.9307184849803897 383
1716741586415 0.9301342947736861 384
1716741621866 0.9336778097531191 385
1716741657438 0.9208271147113338 386
1716741676419 0.9266137598714973 387
1716741695396 0.9319205412449231 388
1716741714557 0.9314094069574478 389
1716741733704 0.9251195569025997 390
1716741753214 0.9311151570837914 391
1716741772215 0.9238886556878825 392
1716741791283 0.9335025667418441 393
1716741810209 0.9275021382071856 394
1716741829200 0.933982226273215 395
1716741848186 0.9318165814155314 396
1716741867253 0.9261838722212216 397
1716741886351 0.9361305184968282 398
1716741905456 0.9228992553673514 399
1716741941006 0.9186361399675566 400
1716741960117 0.9283449791694444 401
1716741979213 0.927733795726939 402
1716741998173 0.927400803454897 403
1716742017237 0.9318255679972545 404
1716742036613 0.9271391315737244 405
1716742055723 0.930988653726319 406
1716742074918 0.9276146787671998 407
1716742093911 0.9216818408246628 408
1716742112788 0.9360452353819216 409
1716742131873 0.9227591087210222 410
1716742150667 0.921295072651902 411
1716742169570 0.9294004355886855 412
1716742188926 0.9250455158310144 413
1716742207651 0.9284161388145046 414
1716742226466 0.9252040333951029 415
1716742245345 0.9299226229863281 416
1716742264206 0.9284783758042473 417
1716742282977 0.9300537887614632 418
1716742301815 0.9314817549783072 419
1716742320626 0.9299658517197943 420
1716742339895 0.9302513239029988 421
1716742358704 0.9274950828623133 422
1716742377586 0.9290792049969866 423
1716742396386 0.9335346171939527 424
1716742415193 0.9304810482808504 425
1716742434123 0.9198184744984322 426
1716742452925 0.9330466245710295 427
1716742471850 0.9382047485178161 428
1716742491398 0.9313965235011873 429
1716742510278 0.9310387307689517 430
1716742529100 0.9292633714449722 431
1716742547994 0.9317212644532541 432
1716742566888 0.9199774264268542 433
1716742585618 0.9273491211973398 434
1716742604511 0.925532568954799 435
1716742623336 0.9224631240310285 436
1716742642692 0.9209411909040938 437
1716742661531 0.9228070705658875 438
1716742680418 0.9354553525950333 439
1716742699391 0.9241361359639013 440
1716742718260 0.933986039080369 441
1716742737171 0.9339485952868865 442
1716742756201 0.9310484464673564 443
1716742775199 0.9333007954319993 444
1716742794486 0.927856964309035 445
1716742813576 0.9319595767487062 446
1716742832436 0.9293626195176462 447
1716742851367 0.9307254117776177 448
1716742870231 0.9233635621183366 449
1716742905953 0.9294860099986731 450
1716742924762 0.933096837535194 451
1716742943639 0.9301888344623706 452
1716742962931 0.9334021152517469 453
1716742981845 0.9268772614052737 454
1716743000731 0.9318767068837128 455
1716743019657 0.9327201411198587 456
1716743038590 0.9315620415432727 457
1716743057411 0.9321470383671251 458
1716743093282 0.9363461272709999 459
1716743129241 0.9318341997037954 460
1716743164783 0.931610870165693 461
1716743200279 0.9219525063090641 462
1716743219177 0.9321597106534133 463
1716743238132 0.9375714929421712 464
1716743256947 0.9317989069163732 465
1716743292774 0.9285206524457434 466
1716743312023 0.9293998840723852 467
1716743331036 0.9319310948701357 468
1716743350033 0.9305738525607327 469
1716743369038 0.9293159421081426 470
1716743388042 0.9312278297090612 471
1716743406898 0.9298345838478109 472
1716743425778 0.9355356784147292 473
1716743444661 0.9306960628212998 474
1716743463834 0.9275267278941222 475
1716743482720 0.9273007812885853 476
1716743501564 0.9311673824501576 477
1716743520363 0.9264866693705636 478
1716743539353 0.9334594682231279 479
1716743558237 0.9191146936157014 480
1716743577078 0.9322495994231152 481
1716743595873 0.9351800370899616 482
1716743615303 0.9333173446803732 483
1716743634132 0.9324330609608259 484
1716743652987 0.9272233646232725 485
1716743671881 0.9319611622149825 486
1716743690819 0.9293308137614389 487
1716743709614 0.9400673744267231 488
1716743744914 0.9314288183873582 489
1716743780368 0.9255900877299315 490
1716743799072 0.9300811988730159 491
1716743818030 0.9301968514951108 492
1716743837794 0.9283996954040962 493
1716743856774 0.9329133865264705 494
1716743875741 0.9273767356166785 495
1716743894712 0.9363499220608343 496
1716743913766 0.9290284507503493 497
1716743932906 0.9337317210575412 498
1716743951943 0.926381884169989 499
1716743987674 0.929713881154621 500
1716744006558 0.9320249356318273 501
1716744025395 0.9270062307792899 502
1716744044248 0.9351728185037927 503
1716744063118 0.9258241185713111 504
1716744082024 0.9345131694487581 505
1716744101342 0.9246591193550873 506
1716744120288 0.9225770603335244 507
1716744139267 0.933246931460478 508
1716744158190 0.9303144941191174 509
1716744177104 0.9315666752830936 510
1716744196111 0.9256280253829582 511
1716744214955 0.9265818781385935 512
1716744233941 0.9239446611660777 513
1716744253209 0.9240882655765938 514
1716744272305 0.9332858270571779 515
1716744291284 0.9242950350255604 516
1716744310144 0.9383834691113678 517
1716744329614 0.9266859658721788 518
1716744348467 0.9248177914842013 519
1716744367431 0.9270201151071027 520
1716744386567 0.9332681768063532 521
1716744405647 0.9272372422927188 522
1716744424676 0.9313151349489407 523
1716744443592 0.9353388702487285 524
1716744462637 0.9284211051109144 525
1716744481551 0.9297498600619085 526
1716744500557 0.9244577483046958 527
1716744519454 0.9296608997482202 528
1716744538410 0.9287073734377569 529
1716744557876 0.9294319019040205 530
1716744576743 0.9312035844857909 531
1716744596209 0.9310173138746736 532
1716744615105 0.9311862970722181 533
1716744634952 0.9222072431634841 534
1716744653729 0.9331006431367633 535
1716744672640 0.9296690834459088 536
1716744691409 0.9310810589961832 537
1716744710555 0.9334402654668846 538
1716744729346 0.9313039730427451 539
1716744748315 0.9251965326862495 540
1716744767139 0.9347172375240325 541
1716744786155 0.9355441030420925 542
1716744806147 0.9294062881497224 543
1716744825035 0.9325229709881846 544
1716744844001 0.92536661284101 545
1716744863414 0.9298402142803887 546
1716744882350 0.9281541348759798 547
1716744901255 0.9345524506232428 548
1716744920177 0.9318278328885913 549
1716744957467 0.9240583325193658 550
1716744976249 0.9354956552100515 551
1716744994951 0.9312951175527965 552
1716745013680 0.9318264893892373 553
1716745032980 0.9303347413352007 554
1716745051769 0.935169770892878 555
1716745070610 0.9284383791760753 556
1716745089435 0.9247303239767753 557
1716745108338 0.9338957748921395 558
1716745127121 0.9350068932200516 559
1716745145978 0.9311469231834643 560
1716745164982 0.9284561135534951 561
1716745184249 0.9275131131497557 562
1716745203192 0.9234320375795467 563
1716745222090 0.9319156283624404 564
1716745240984 0.9272260094708041 565
1716745259786 0.9301085679824103 566
1716745278694 0.9320261296247218 567
1716745297713 0.9268900275145234 568
1716745316684 0.927377549201785 569
1716745336063 0.9337239259295789 570
1716745355027 0.9282213749833034 571
1716745373951 0.9258818779587651 572
1716745392874 0.9351204997760418 573
1716745411741 0.9319475590483205 574
1716745430650 0.9283488832168363 575
1716745449518 0.9331999032737152 576
1716745468435 0.9282153988825352 577
1716745487746 0.9363909513569189 578
1716745506587 0.9281525588019436 579
1716745525559 0.9297082987455284 580
1716745544368 0.9293013142866835 581
1716745563277 0.9253087996920013 582
1716745582285 0.9324553297045014 583
1716745601312 0.9333086547994327 584
1716745620138 0.9303306001785621 585
1716745639449 0.9266206948871138 586
1716745658267 0.9312254186399004 587
1716745677113 0.9313141316211219 588
1716745695972 0.9354922865751378 589
1716745714785 0.9337208093677468 590
1716745733636 0.9245049994971404 591
1716745752511 0.9274199295643822 592
1716745771370 0.9308364081711726 593
1716745790765 0.9328242787850288 594
1716745809657 0.9355973371442546 595
1716745828588 0.9303829073514681 596
1716745847542 0.9271914850116332 597
1716745866459 0.9296616264907264 598
1716745885434 0.9323655761002474 599
1716745920850 0.925609886213922 600
1716745940121 0.9284773221165944 601
1716745959056 0.9324835496340693 602
1716745978059 0.9372412987100954 603
1716745997002 0.9364930733213638 604
1716746034163 0.928126780292064 605
1716746053012 0.9330590254065577 606
1716746071971 0.9346653112589847 607
1716746107843 0.9331563549413721 608
1716746143368 0.9349261571350739 609
1716746178940 0.9325691290953092 610
1716746214293 0.9262885981640917 611
1716746233185 0.9296596266629619 612
1716746252235 0.9312462825150903 613
1716746271433 0.9371154999296735 614
1716746290295 0.9297913122582303 615
1716746309259 0.9239475383777386 616
1716746328297 0.9327384282336314 617
1716746347243 0.9341383365157255 618
1716746366125 0.9343961565327122 619
1716746385140 0.9303999389186827 620
1716746404123 0.9342683821714429 621
1716746423446 0.9343749143794119 622
1716746442337 0.9334140182826824 623
1716746478780 0.9323569266164662 624
1716746514258 0.9312635624255843 625
1716746533039 0.9329702140452513 626
1716746551928 0.9276201977932114 627
1716746570766 0.9365565841107156 628
1716746590156 0.9274918986046958 629
1716746609022 0.9360837807963338 630
1716746627908 0.9285919827058979 631
1716746646876 0.9280750026396505 632
1716746665724 0.9357881705708233 633
1716746684708 0.9378703023520298 634
1716746720047 0.9316955258255687 635
1716746739135 0.9366512028992786 636
1716746775006 0.9350059479000882 637
1716746810577 0.9300143226485403 638
1716746829622 0.9316348917567181 639
1716746848637 0.9303580978804163 640
1716746867638 0.9318177376856945 641
1716746886850 0.9320975632203289 642
1716746906219 0.9356793340710631 643
1716746925416 0.9264548388424808 644
1716746944495 0.9319309001868219 645
1716746963374 0.9317732308346708 646
1716746982302 0.9257715605398067 647
1716747001277 0.9269428232188752 648
1716747020133 0.9296911241091611 649
1716747056277 0.9305700760511915 650
1716747075588 0.9305598954966449 651
1716747094452 0.9343786528912932 652
1716747113420 0.9302352301373285 653
1716747132481 0.9335394387100869 654
1716747151459 0.9331978766410662 655
1716747170355 0.9286125736366494 656
1716747189311 0.9347789682441001 657
1716747208398 0.9274207100858668 658
1716747227402 0.9297203694049752 659
1716747246402 0.9276805129164335 660
1716747265520 0.9238763901258803 661
1716747284477 0.9324626500110028 662
1716747303557 0.9322324577065451 663
1716747322430 0.9285513847243614 664
1716747341399 0.932040400423634 665
1716747360392 0.93575063568546 666
1716747379372 0.9337107645722008 667
1716747398314 0.9322179244270933 668
1716747417290 0.934788424195849 669
1716747436279 0.9254452451625085 670
1716747455225 0.9315610933632997 671
1716747474145 0.9325569186172338 672
1716747493156 0.9349495602685595 673
1716747512604 0.9325894999200198 674
1716747531621 0.9250494788037101 675
1716747550685 0.935517745711587 676
1716747569792 0.92956021585737 677
1716747588616 0.9339629001827475 678
1716747607613 0.9300997410434274 679
1716747626619 0.9301411577131091 680
1716747645579 0.933177638448619 681
1716747664936 0.9331948220241371 682
1716747683829 0.933245938984527 683
1716747702962 0.933201210078133 684
1716747721972 0.9307112625539573 685
1716747740908 0.9310057985864456 686
1716747759994 0.9329095730552451 687
1716747779066 0.9339903755794879 688
1716747798192 0.931670087021719 689
1716747817640 0.9293413637986437 690
1716747836519 0.9326471264089456 691
1716747855445 0.9372031924567475 692
1716747874327 0.9248829479891388 693
1716747893475 0.9369763157067923 694
1716747912582 0.9296325641634399 695
1716747931493 0.9298838334651575 696
1716747950522 0.9332029730669934 697
1716747969975 0.9343854089614189 698
1716747988874 0.925190641908682 699
1716748025024 0.9315131106817867 700
1716748043997 0.9352250565628166 701
1716748063006 0.9291777426535179 702
1716748082065 0.9302098894842595 703
1716748101130 0.9341625561024042 704
1716748120252 0.9319981348376546 705
1716748139175 0.9314574806192241 706
1716748158119 0.9332178783923925 707
1716748177182 0.9321429657278416 708
1716748196184 0.9296748151511925 709
1716748215197 0.926783546379418 710
1716748234122 0.9259245057225606 711
1716748253009 0.933164954771958 712
1716748272736 0.9349334166103044 713
1716748291736 0.9338150447897702 714
1716748310783 0.9276415827834859 715
1716748329666 0.9313312197882766 716
1716748348639 0.9304555909813446 717
1716748367609 0.9286795050857369 718
1716748386670 0.9351484694415865 719
1716748405744 0.9328947573534072 720
1716748425315 0.9269140336281744 721
1716748444396 0.9354157798515326 722
1716748463364 0.9285139708213791 723
1716748482273 0.9318752077778664 724
1716748501316 0.9332282907098682 725
1716748520335 0.931781691475052 726
1716748539377 0.933155561170634 727
1716748558390 0.9330936455592478 728
1716748578051 0.9260907507326327 729
1716748597052 0.9383118795591718 730
1716748616139 0.9314756114708982 731
1716748635279 0.9297108939146096 732
1716748654259 0.9347075623404518 733
1716748673206 0.9294644521408384 734
1716748692108 0.927676905307223 735
1716748710870 0.9315329722545521 736
1716748730283 0.9324864299058592 737
1716748749246 0.9346406018978278 738
1716748768110 0.9316895611666732 739
1716748787144 0.9366675505112094 740
1716748806170 0.9321246767546879 741
1716748825167 0.9379055146184573 742
1716748844193 0.9258617410149593 743
1716748863052 0.9330947224904386 744
1716748882593 0.9300142276382957 745
1716748901551 0.9282437446024185 746
1716748920493 0.9381241933201755 747
1716748939610 0.9285773436566099 748
1716748958577 0.9354862786104364 749
1716748994907 0.9317792313590655 750
1716749013733 0.9330523246207311 751
1716749033000 0.9295335617354302 752
1716749051959 0.9362178831708657 753
1716749071076 0.9331028720316441 754
1716749090079 0.9369337933888756 755
1716749108963 0.9355134828436964 756
1716749144601 0.9337797195188946 757
1716749180184 0.9347280994211128 758
1716749216306 0.9321307726483316 759
1716749235233 0.935138180968249 760
1716749270514 0.9328884620884924 761
1716749289473 0.9323275535418084 762
1716749308527 0.9362462844462427 763
1716749343776 0.931772441508954 764
1716749363163 0.925641725687136 765
1716749382266 0.937251437960939 766
1716749401411 0.9301944180183578 767
1716749420484 0.9263647014235282 768
1716749439546 0.9366475699339181 769
1716749458508 0.9334242987970917 770
1716749477482 0.9262734300262352 771
1716749496605 0.9323936942722509 772
1716749515456 0.9350343285461232 773
1716749534406 0.9263166951094242 774
1716749553338 0.9371598836363476 775
1716749572289 0.9315233349345832 776
1716749591261 0.928708446562405 777
1716749610168 0.9364201668635143 778
1716749629078 0.9364276424604822 779
1716749648483 0.9363967123083542 780
1716749667478 0.9323213343036314 781
1716749686522 0.9307330886603248 782
1716749705516 0.9375799768484386 783
1716749724536 0.9305501068455656 784
1716749743481 0.9400736802248778 785
1716749779216 0.9293499533692109 786
1716749798537 0.9377057674005168 787
1716749834208 0.9223468672154306 788
1716749853209 0.9301253935209585 789
1716749872092 0.9291865080419791 790
1716749891066 0.9344871237465213 791
1716749910009 0.9355772704634581 792
1716749929067 0.9321523950160288 793
1716749948505 0.9339341922721532 794
1716749967710 0.9264767110989126 795
1716749986753 0.9295549506033192 796
1716750005807 0.9356451980301487 797
1716750024676 0.9342812575068601 798
1716750043594 0.931352433496592 799
1716750079874 0.932299223903387 800
1716750099557 0.9231185681818559 801
1716750118509 0.934766321868968 802
1716750137491 0.9359835231019957 803
1716750156427 0.9260435133624919 804
1716750175389 0.9349314829033043 805
1716750194338 0.9302123504637252 806
1716750213306 0.9347563302959672 807
1716750232502 0.9286883979026017 808
1716750251556 0.9311387133798785 809
1716750270456 0.9286275743127338 810
1716750289444 0.9343930954011235 811
1716750308420 0.9337492311110392 812
1716750327377 0.9301445238343836 813
1716750346301 0.9316722863302412 814
1716750365228 0.9317174427583903 815
1716750384595 0.9250073692313078 816
1716750403469 0.9249095293127044 817
1716750422426 0.9267400940872857 818
1716750441440 0.931814772419134 819
1716750460276 0.9317997301705833 820
1716750479189 0.9290227868441178 821
1716750498057 0.9344874195299502 822
1716750516958 0.9338672907231168 823
1716750536415 0.9381987729802682 824
1716750555340 0.9288799499071968 825
1716750574143 0.9334567313679193 826
1716750593013 0.935961193434132 827
1716750611842 0.9370735611957398 828
1716750630721 0.9288169712707433 829
1716750649704 0.9298419447130236 830
1716750668668 0.9298653416375687 831
1716750688025 0.9299812988186217 832
1716750706864 0.9285604498175272 833
1716750725710 0.93027432233878 834
1716750744564 0.9349435232129557 835
1716750763484 0.9248245222785018 836
1716750782384 0.9321263950687099 837
1716750801176 0.9306662478329094 838
1716750820019 0.9372376359627722 839
1716750839334 0.9320814950078976 840
1716750858149 0.9331597931598222 841
1716750877049 0.9364562480164415 842
1716750895808 0.9359808711319476 843
1716750914597 0.9266079140296363 844
1716750933449 0.9382894960367728 845
1716750952220 0.9347449164858102 846
1716750970992 0.935879494962582 847
1716750990118 0.9300195885335153 848
1716751008936 0.9304737980177218 849
1716751045026 0.9312324179945285 850
1716751063904 0.9301317976786226 851
1716751082895 0.9332339779831078 852
1716751101736 0.9314474145671451 853
1716751120530 0.9334009901023861 854
1716751139537 0.9228348566529069 855
1716751158776 0.9259390890976275 856
1716751177689 0.930367125798287 857
1716751196605 0.9266904788399621 858
1716751215538 0.9403461927552536 859
1716751234388 0.933750707055261 860
1716751253476 0.9331027993823829 861
1716751272305 0.9240275967793775 862
1716751291351 0.9310393564400524 863
1716751310663 0.9250115112130607 864
1716751329745 0.932668439024452 865
1716751348593 0.9333087913316337 866
1716751367391 0.9349538329560424 867
1716751386325 0.9303176486907225 868
1716751405292 0.9266293562734487 869
1716751424147 0.9325038043020526 870
1716751443148 0.9339778486319896 871
1716751462403 0.9287892654252924 872
1716751481241 0.9362547442172451 873
1716751500253 0.9363656837986475 874
1716751519138 0.9333649495959584 875
1716751537931 0.9365845058926957 876
1716751556780 0.9321864669687878 877
1716751575641 0.9345224662852725 878
1716751594580 0.937009507554758 879
1716751614128 0.9342873320562494 880
1716751633015 0.9309063115370599 881
1716751651989 0.9285578230734641 882
1716751670888 0.925263062325575 883
1716751689729 0.929578522353549 884
1716751708484 0.9313321994461198 885
1716751727339 0.9319153469779519 886
1716751746228 0.9314148822503054 887
1716751765503 0.9316790824585199 888
1716751784397 0.9274098030597192 889
1716751803335 0.9277741788845502 890
1716751822088 0.9316384111171985 891
1716751840965 0.9349254047978168 892
1716751859785 0.9329022637563602 893
1716751878858 0.9326937425974817 894
1716751897695 0.9297844342775021 895
1716751917144 0.9320351505441549 896
1716751935935 0.935021952937476 897
1716751954852 0.9362018782372942 898
1716751973729 0.9271986359942429 899
1716752009501 0.9334452405464536 900
1716752028178 0.9350847790082448 901
1716752047092 0.9352377986229414 902
1716752065888 0.9364520526784835 903
1716752085092 0.9324447501389074 904
1716752103948 0.9270613683355616 905
1716752122841 0.9208675051213371 906
1716752141715 0.933923786398445 907
1716752160525 0.935509611649921 908
1716752179526 0.9383848965930962 909
1716752198467 0.9297637236538076 910
1716752217287 0.9345885759554614 911
1716752236602 0.9374242223374009 912
1716752255421 0.9341686843862802 913
1716752274459 0.9313462049507168 914
1716752293238 0.925661528399746 915
1716752312186 0.9318396221240022 916
1716752331053 0.9335692398672025 917
1716752349830 0.9356583114853875 918
1716752368678 0.9362882394307107 919
1716752387874 0.9262745445107305 920
1716752406786 0.9393368912131769 921
1716752425576 0.9384569615048588 922
1716752444418 0.9353314182219309 923
1716752481086 0.932352715886506 924
1716752499778 0.9360999567269658 925
1716752535535 0.9328456533313932 926
1716752554577 0.9319886924741262 927
1716752573470 0.9300375415020082 928
1716752592520 0.9223582412644458 929
1716752611579 0.9254318741468522 930
1716752630628 0.9341086539008878 931
1716752649504 0.9296532937604836 932
1716752668463 0.9328011120908993 933
1716752687510 0.9286412198747621 934
1716752706412 0.9341877856676485 935
1716752725285 0.9356985924475456 936
1716752744079 0.9294731614389491 937
1716752762845 0.932576414974287 938
1716752781648 0.9326174057207846 939
1716752800560 0.932095811012925 940
1716752819344 0.933023609055499 941
1716752838303 0.9376682653037692 942
1716752857106 0.9357614583311301 943
1716752875853 0.9344999988638488 944
1716752894590 0.9310268597665957 945
1716752913300 0.9362448211873099 946
1716752932238 0.9341559653614833 947
1716752951183 0.9304319590354754 948
1716752970082 0.9329344469791511 949
1716753006301 0.9346311852973233 950
1716753025139 0.9294516495908374 951
1716753044013 0.9344674653883027 952
1716753062945 0.9306294214555452 953
1716753082054 0.9340985947274203 954
1716753101020 0.9351906289597957 955
1716753120005 0.9328401737573874 956
1716753138830 0.9372639275268947 957
1716753158226 0.9318934659435475 958
1716753177122 0.9362599301998576 959
1716753195978 0.92770151455074 960
1716753214839 0.9296203428708457 961
1716753233841 0.9332048465652999 962
1716753252759 0.9347513179657013 963
1716753271769 0.9312217895573869 964
1716753290605 0.932743329006651 965
1716753310354 0.9327189498173692 966
1716753329329 0.926522421256962 967
1716753348281 0.9349757191596639 968
1716753367066 0.9347636428864082 969
1716753385935 0.933996321830381 970
1716753404740 0.9330301007931047 971
1716753423693 0.9351749903533602 972
1716753442709 0.9351981154656408 973
1716753462154 0.9348726620190049 974
1716753481144 0.9360583859111052 975
1716753500019 0.9353246996999065 976
1716753536841 0.9323138979557685 977
1716753555678 0.9318803766574728 978
1716753574630 0.9330536305363588 979
1716753593597 0.9386156940532865 980
1716753629936 0.9298458690108969 981
1716753648877 0.9398197375350853 982
1716753684920 0.9341670312509112 983
1716753703837 0.9366884080320439 984
1716753739425 0.934950779260406 985
1716753775487 0.9352389027935596 986
1716753812186 0.940512702623958 987
1716753848030 0.9324647365857622 988
1716753866838 0.9366486488138873 989
1716753885852 0.9318567976101138 990
1716753904730 0.9309815379184547 991
1716753923619 0.9364641139179132 992
1716753942458 0.9292604232165965 993
1716753961828 0.9356969176453337 994
1716753980776 0.9306095158349287 995
1716753999656 0.9335294016391984 996
1716754018675 0.9351358183845498 997
1716754037594 0.9282790353709176 998
1716754056503 0.9363260460770503 999
