1707745246011 14.37 0
1707745252635 3.31 0
1707745259398 3.31 0
1707745263277 3.31 0
1707745269978 3.31 0
1707745276788 3.3 0
1707745283632 3.3 0
1707745290375 3.31 0
1707745297091 3.3 0
1707745303902 3.31 0
1707745310594 3.31 0
1707745314545 3.3 0
1707745321307 3.31 0
1707745328068 3.31 0
1707745334807 3.31 0
1707745341567 3.31 0
1707745348303 3.31 0
1707745352171 3.31 0
1707745356034 3.31 0
1707745359900 3.31 0
1707745363770 3.32 0
1707745367664 3.31 0
1707745371515 3.31 0
1707745378335 3.31 0
1707745385121 3.31 0
1707745388981 3.31 0
1707745392828 3.31 0
1707745399653 3.31 0
1707745403509 3.31 0
1707745410324 3.31 0
1707745417112 3.31 0
1707745420964 3.31 0
1707745424824 3.31 0
1707745428680 3.31 0
1707745432542 3.31 0
1707745436415 3.31 0
1707745440281 3.31 0
1707745447052 3.31 0
1707745450924 3.31 0
1707745457678 3.31 0
1707745464379 3.31 0
1707745471221 3.32 0
1707745477890 3.31 0
1707745484704 3.31 0
1707745491523 3.31 0
1707745498150 3.32 0
1707745502004 3.31 0
1707745505906 3.32 0
1707745512792 3.32 0
1707745519585 3.32 0
1707745523760 3.31 0
1707745527629 3.31 0
1707745531493 3.31 0
1707745535346 3.31 0
1707745539195 3.31 0
1707745543181 3.31 0
1707745549965 3.31 0
1707745558590 3.31 0
1707745565356 3.31 0
1707745572095 3.31 0
1707745575950 3.31 0
1707745579928 3.31 0
1707745586563 3.32 0
1707745593316 3.31 0
1707745600021 3.31 0
1707745606731 3.31 0
1707745610639 3.36 0
1707745617282 3.31 0
1707745624271 3.31 0
1707745628137 3.31 0
1707745632027 3.32 0
1707745638716 3.31 0
1707745642702 3.31 0
1707745649487 3.31 0
1707745656199 3.32 0
1707745662947 3.31 0
1707745666838 3.32 0
1707745670714 3.31 0
1707745677405 3.31 0
1707745681278 3.31 0
1707745685155 3.31 0
1707745689035 3.31 0
1707745692916 3.32 0
1707745696776 3.31 0
1707745703505 3.32 0
1707745707366 3.31 0
1707745711350 3.31 0
1707745715197 3.3 0
1707745719042 3.31 0
1707745722891 3.31 0
1707745726754 3.31 0
1707745730599 3.31 0
1707745734452 3.32 0
1707745738296 3.31 0
1707745742292 3.31 0
1707745749200 3.31 0
1707745755965 3.31 0
1707745762763 3.31 0
1707745766614 3.31 0
1707745773448 3.32 0
1707745780232 3.31 0
1707745786901 3.32 0
1707745793681 3.32 0
1707745797540 3.31 0
1707745801387 3.31 0
