1707745246005 3.5428 0
1707745252631 2.5332 0
1707745259394 1.7238 0
1707745263273 1.6805 0
1707745269973 1.4737 0
1707745276784 1.2789 0
1707745283628 1.2228 0
1707745290371 1.1349 0
1707745297087 1.1673 0
1707745303898 1.1167 0
1707745310590 1.0928 0
1707745314541 1.0484 0
1707745321302 0.9802 0
1707745328064 1.0163 0
1707745334803 0.9841 0
1707745341563 0.9867 0
1707745348299 0.9179 0
1707745352167 0.9213 0
1707745356031 0.9337 0
1707745359896 0.9285 0
1707745363765 0.8767 0
1707745367660 0.8959 0
1707745371511 0.9295 0
1707745378331 0.8389 0
1707745385116 0.8958 0
1707745388976 0.8913 0
1707745392824 0.8112 0
1707745399649 0.8086 0
1707745403505 0.8052 0
1707745410320 0.8822 0
1707745417108 0.8106 0
1707745420960 0.7575 0
1707745424820 0.77 0
1707745428677 0.7761 0
1707745432538 0.7372 0
1707745436411 0.7855 0
1707745440277 0.7917 0
1707745447048 0.7313 0
1707745450920 0.728 0
1707745457674 0.7218 0
1707745464375 0.6999 0
1707745471217 0.7414 0
1707745477886 0.7624 0
1707745484700 0.7072 0
1707745491519 0.7133 0
1707745498146 0.7575 0
1707745501999 0.7551 0
1707745505902 0.7385 0
1707745512788 0.7533 0
1707745519581 0.7025 0
1707745523756 0.714 0
1707745527625 0.7586 0
1707745531489 0.6694 0
1707745535342 0.6832 0
1707745539191 0.7373 0
1707745543177 0.7654 0
1707745549961 0.7363 0
1707745558586 0.7137 0
1707745565352 0.7326 0
1707745572091 0.7252 0
1707745575946 0.7183 0
1707745579924 0.7146 0
1707745586559 0.6758 0
1707745593311 0.7197 0
1707745600017 0.72 0
1707745606727 0.7185 0
1707745610635 0.7759 0
1707745617278 0.6501 0
1707745624267 0.7146 0
1707745628133 0.7541 0
1707745632023 0.7093 0
1707745638712 0.6785 0
1707745642698 0.7546 0
1707745649482 0.6952 0
1707745656195 0.6864 0
1707745662943 0.694 0
1707745666834 0.6102 0
1707745670709 0.6753 0
1707745677401 0.737 0
1707745681274 0.6988 0
1707745685151 0.6679 0
1707745689031 0.7111 0
1707745692912 0.6654 0
1707745696772 0.6987 0
1707745703500 0.7204 0
1707745707362 0.6117 0
1707745711346 0.6776 0
1707745715193 0.6623 0
1707745719038 0.6665 0
1707745722887 0.6906 0
1707745726750 0.7655 0
1707745730595 0.7029 0
1707745734448 0.7198 0
1707745738292 0.645 0
1707745742288 0.671 0
1707745749196 0.6783 0
1707745755961 0.7155 0
1707745762759 0.6649 0
1707745766610 0.6559 0
1707745773444 0.7082 0
1707745780228 0.6749 0
1707745786897 0.7107 0
1707745793677 0.6863 0
1707745797536 0.6552 0
1707745801382 0.7013 0
