1711440446493 26.23 0
1711440453295 3.31 0
1711440462864 3.27 0
1711440468672 3.36 0
1711440474919 3.35 0
1711440480683 3.36 0
1711440486494 3.38 0
1711440492262 3.38 0
1711440498015 3.34 0
1711440503776 3.33 0
1711440509368 3.31 0
1711440514979 3.3 0
1711440520641 3.35 0
1711440526989 3.41 0
1711440532906 3.43 0
1711440538720 3.37 0
1711440544487 3.38 0
1711440550388 3.43 0
1711440556187 3.36 0
1711440561909 3.37 0
1711440567628 3.38 0
1711440574045 3.44 0
1711440579686 3.38 0
1711440585364 3.36 0
1711440591045 3.37 0
1711440596749 3.41 0
1711440602550 3.45 0
1711440608241 3.37 0
1711440614046 3.43 0
1711440619793 3.41 0
1711440626020 3.41 0
1711440631725 3.37 0
1711440637474 3.42 0
1711440643166 3.36 0
1711440648856 3.36 0
1711440654605 3.38 0
1711440660410 3.4 0
1711440666194 3.36 0
1711440671943 3.37 0
1711440678241 3.36 0
1711440684013 3.35 0
1711440689805 3.38 0
1711440695468 3.38 0
1711440705171 3.38 0
1711440714908 3.44 0
1711440724754 3.44 0
1711440734496 3.48 0
1711440744836 3.44 0
1711440754687 3.4 0
1711440764537 3.39 0
1711440776006 3.45 0
1711440785883 3.42 0
1711440795672 3.38 0
1711440806280 3.43 0
1711440816207 3.38 0
1711440826479 3.38 0
1711440836174 3.34 0
1711440845395 3.36 0
1711440855250 3.38 0
1711440865349 3.42 0
1711440875360 3.43 0
1711440881229 3.44 0
1711440891683 3.43 0
1711440897478 3.42 0
1711440907401 3.42 0
1711440917309 3.38 0
1711440927368 3.38 0
1711440933255 3.5 0
1711440943355 3.43 0
1711440953549 3.38 0
1711440963443 3.34 0
1711440973643 3.38 0
1711440983704 3.32 0
1711440992937 3.34 0
1711440998804 3.4 0
1711441008757 3.33 0
1711441018616 3.32 0
1711441024513 3.49 0
1711441034943 3.37 0
1711441040801 3.39 0
1711441046646 3.41 0
1711441052425 3.33 0
1711441058223 3.38 0
1711441063956 3.44 0
1711441069685 3.43 0
1711441075400 3.38 0
1711441081045 3.38 0
1711441087238 3.43 0
1711441093044 3.46 0
1711441098872 3.44 0
1711441104554 3.4 0
1711441110286 3.42 0
1711441116100 3.41 0
1711441121854 3.39 0
1711441127551 3.43 0
1711441133218 3.38 0
1711441139037 3.56 0
1711441144724 3.4 0
1711441150595 3.44 0
1711441156571 3.53 0
1711441166435 3.39 0
1711441172230 3.41 0
1711441177903 3.36 0
1711441183742 3.51 0
1711441189618 3.43 0
1711441195824 3.43 0
1711441201712 3.5 0
1711441207628 3.46 0
1711441213409 3.4 0
1711441219346 3.47 0
1711441225168 3.45 0
1711441230936 3.39 0
1711441236771 3.44 0
1711441242619 3.45 0
1711441248879 3.41 0
1711441254692 3.43 0
1711441260716 3.46 0
1711441266504 3.41 0
1711441272353 3.42 0
1711441278142 3.42 0
1711441283879 3.33 0
1711441289785 3.53 0
1711441295644 3.43 0
1711441301886 3.43 0
1711441307740 3.47 0
1711441313558 3.42 0
1711441319418 3.41 0
1711441325289 3.4 0
1711441331118 3.42 0
1711441337067 3.47 0
1711441343015 3.43 0
1711441348904 3.46 0
1711441355159 3.4 0
1711441360942 3.41 0
1711441366791 3.45 0
1711441372696 3.45 0
1711441378709 3.44 0
1711441384589 3.37 0
1711441390537 3.47 0
1711441396332 3.35 0
1711441402932 3.44 0
1711441408731 3.38 0
1711441414566 3.42 0
1711441420427 3.4 0
1711441426300 3.47 0
1711441432138 3.37 0
1711441438032 3.38 0
1711441448015 3.39 0
1711441453802 3.37 0
1711441460235 3.5 0
1711441470413 3.46 0
1711441476261 3.4 0
1711441482124 3.4 0
1711441487955 3.4 0
1711441493898 3.45 0
1711441499789 3.44 0
1711441505638 3.38 0
1711441512061 3.37 0
1711441522205 3.49 0
1711441528232 3.48 0
1711441534184 3.42 0
1711441540197 3.48 0
1711441546251 3.47 0
1711441552211 3.45 0
1711441558153 3.44 0
1711441564617 3.42 0
1711441570347 3.34 0
1711441579986 3.36 0
1711441590053 3.4 0
1711441595896 3.4 0
1711441605970 3.45 0
1711441616162 3.47 0
1711441622425 3.69 0
1711441628341 3.42 0
1711441634189 3.41 0
1711441640118 3.4 0
1711441646057 3.39 0
1711441652027 3.44 0
1711441662016 3.35 0
1711441672032 3.42 0
1711441682363 3.4 0
1711441688304 3.37 0
1711441694206 3.39 0
1711441700090 3.41 0
1711441706005 3.43 0
1711441711922 3.41 0
1711441717743 3.34 0
1711441723580 3.42 0
1711441729486 3.42 0
1711441735941 3.39 0
1711441741817 3.43 0
1711441747677 3.4 0
1711441753528 3.35 0
1711441759434 3.42 0
1711441765395 3.41 0
1711441771277 3.39 0
1711441777198 3.42 0
1711441783787 3.43 0
1711441789759 3.43 0
1711441795685 3.4 0
1711441805677 3.37 0
1711441811591 3.38 0
1711441817618 3.46 0
1711441823683 3.45 0
1711441829703 3.45 0
1711441836128 3.42 0
1711441841918 3.38 0
1711441847650 3.37 0
1711441853361 3.36 0
1711441859239 3.37 0
1711441865007 3.43 0
1711441870706 3.38 0
1711441876527 3.43 0
1711441882243 3.39 0
1711441888538 3.4 0
1711441894358 3.42 0
1711441900167 3.38 0
1711441905902 3.39 0
1711441911770 3.42 0
1711441917474 3.38 0
1711441923182 3.37 0
1711441929047 3.42 0
1711441934778 3.41 0
1711441940506 3.39 0
1711441946854 3.36 0
1711441952645 3.44 0
1711441958632 3.4 0
1711441964464 3.39 0
1711441970253 3.45 0
1711441976153 3.41 0
1711441981976 3.39 0
1711441987892 3.53 0
1711441994306 3.41 0
1711442000024 3.37 0
1711442005787 3.41 0
1711442011642 3.42 0
1711442017480 3.4 0
1711442023258 3.4 0
1711442029049 3.4 0
1711442034925 3.43 0
1711442040852 3.39 0
1711442047159 3.39 0
1711442052943 3.39 0
1711442058814 3.39 0
1711442064685 3.35 0
1711442070540 3.44 0
1711442076437 3.41 0
1711442082279 3.4 0
1711442088119 3.41 0
1711442094037 3.5 0
1711442104474 3.36 0
1711442110263 3.41 0
1711442115984 3.34 0
1711442121829 3.4 0
1711442127723 3.45 0
1711442133625 3.52 0
1711442139460 3.36 0
1711442145310 3.44 0
1711442151375 3.47 0
1711442157813 3.41 0
1711442163729 3.39 0
1711442169578 3.36 0
1711442175409 3.41 0
1711442181343 3.43 0
1711442187146 3.37 0
1711442192935 3.4 0
1711442198717 3.38 0
1711442204514 3.37 0
1711442210833 3.37 0
1711442216679 3.4 0
1711442222726 3.49 0
1711442228521 3.4 0
1711442234422 3.41 0
1711442240353 3.48 0
1711442246147 3.4 0
1711442252121 3.52 0
1711442262737 3.37 0
1711442272815 3.36 0
1711442282648 3.38 0
1711442292505 3.38 0
1711442302291 3.35 0
1711442308104 3.41 0
1711442313908 3.37 0
1711442320234 3.38 0
1711442325942 3.33 0
1711442331832 3.36 0
1711442337638 3.39 0
1711442343490 3.41 0
1711442349365 3.4 0
1711442355165 3.39 0
1711442361033 3.42 0
1711442366827 3.4 0
1711442373262 3.4 0
1711442379145 3.42 0
1711442384970 3.43 0
1711442390886 3.44 0
1711442401069 3.44 0
1711442406865 3.38 0
1711442416900 3.4 0
1711442422722 3.38 0
1711442433402 3.39 0
1711442443308 3.35 0
1711442449183 3.43 0
1711442455044 3.39 0
1711442460969 3.41 0
1711442466818 3.36 0
1711442476938 3.43 0
1711442487307 3.39 0
1711442497220 3.43 0
1711442503086 3.41 0
1711442513023 3.36 0
1711442522900 3.36 0
1711442532843 3.49 0
1711442538636 3.38 0
1711442544954 3.37 0
1711442550748 3.35 0
1711442556523 3.36 0
1711442562336 3.38 0
1711442568197 3.38 0
1711442574021 3.38 0
1711442579908 3.37 0
1711442585683 3.38 0
1711442591424 3.36 0
1711442597844 3.42 0
1711442603632 3.4 0
1711442609434 3.39 0
1711442615268 3.44 0
1711442621090 3.42 0
1711442626897 3.4 0
1711442632787 3.39 0
1711442642751 3.35 0
1711442653060 3.41 0
1711442658928 3.42 0
1711442664724 3.41 0
1711442670514 3.38 0
1711442676314 3.36 0
1711442682202 3.38 0
1711442692115 3.35 0
1711442698137 3.45 0
1711442708798 3.41 0
1711442714717 3.45 0
1711442720578 3.38 0
1711442726502 3.46 0
1711442732361 3.4 0
1711442738251 3.4 0
1711442744065 3.38 0
1711442749850 3.37 0
1711442759745 3.35 0
1711442770358 3.38 0
1711442776174 3.38 0
1711442785967 3.35 0
1711442791790 3.37 0
1711442797637 3.4 0
1711442803451 3.38 0
1711442809281 3.38 0
1711442815475 3.69 0
1711442821294 3.38 0
1711442831137 3.38 0
1711442836945 3.37 0
1711442847182 3.51 0
1711442853077 3.39 0
1711442863142 3.45 0
1711442869052 3.36 0
1711442875333 3.4 0
1711442885472 3.38 0
1711442895450 3.35 0
1711442905433 3.43 0
1711442915459 3.43 0
1711442925452 3.45 0
1711442935822 3.39 0
1711442941809 3.4 0
1711442951585 3.33 0
1711442961459 3.35 0
1711442971310 3.37 0
1711442977204 3.46 0
1711442983056 3.36 0
1711442989685 3.45 0
1711442995574 3.43 0
1711443001365 3.37 0
1711443011448 3.43 0
1711443017441 3.43 0
1711443027684 3.39 0
1711443033730 3.4 0
1711443043848 3.35 0
1711443050250 3.42 0
1711443056145 3.38 0
1711443062089 3.44 0
1711443072174 3.38 0
1711443078074 3.38 0
1711443084046 3.42 0
1711443090043 3.4 0
1711443095937 3.41 0
1711443102446 3.38 0
1711443108338 3.39 0
1711443114385 3.46 0
1711443120291 3.42 0
1711443126191 3.39 0
1711443132108 3.39 0
1711443142145 3.38 0
1711443152540 3.46 0
1711443163305 3.43 0
1711443173332 3.4 0
1711443179261 3.41 0
1711443185161 3.4 0
1711443191347 3.6 0
1711443197340 3.48 0
1711443203316 3.41 0
1711443210063 3.45 0
1711443216015 3.41 0
1711443222012 3.42 0
1711443227947 3.46 0
1711443233650 3.34 0
1711443239522 3.54 0
1711443245413 3.44 0
1711443251259 3.43 0
1711443257163 3.41 0
1711443263397 3.81 0
1711443269226 3.43 0
1711443275076 3.4 0
1711443280897 3.44 0
1711443286680 3.43 0
1711443292485 3.38 0
1711443298251 3.42 0
1711443304137 3.45 0
1711443309916 3.39 0
1711443315716 3.4 0
1711443322102 3.46 0
1711443327882 3.4 0
1711443333633 3.38 0
1711443339423 3.41 0
1711443345275 3.4 0
1711443351120 3.45 0
1711443361022 3.34 0
1711443370891 3.38 0
1711443381373 3.32 0
1711443391297 3.35 0
1711443397132 3.37 0
1711443402831 3.37 0
1711443408583 3.4 0
1711443414412 3.41 0
1711443420151 3.4 0
1711443425886 3.38 0
1711443432346 3.45 0
1711443442282 3.41 0
1711443452316 3.38 0
1711443462362 3.4 0
1711443472341 3.39 0
1711443482369 3.39 0
1711443492241 3.36 0
1711443502569 3.39 0
1711443512623 3.36 0
1711443518465 3.46 0
1711443524405 3.5 0
1711443530215 3.42 0
1711443536023 3.4 0
1711443541800 3.38 0
1711443547681 3.45 0
1711443553857 3.38 0
1711443559605 3.37 0
1711443565382 3.4 0
1711443571231 3.38 0
1711443577005 3.4 0
1711443582801 3.34 0
1711443588498 3.36 0
1711443594262 3.39 0
1711443600156 3.46 0
1711443606382 3.42 0
1711443612166 3.44 0
1711443617929 3.41 0
1711443623774 3.43 0
1711443629663 3.46 0
1711443639667 3.36 0
1711443645418 3.38 0
1711443651113 3.36 0
1711443656948 3.41 0
1711443663254 3.44 0
1711443669035 3.4 0
1711443674792 3.37 0
1711443680593 3.39 0
1711443686337 3.36 0
1711443692140 3.42 0
1711443698091 3.45 0
1711443703884 3.39 0
1711443709644 3.37 0
1711443715895 3.39 0
1711443726031 3.43 0
1711443731831 3.41 0
1711443741841 3.46 0
1711443751705 3.4 0
1711443761884 3.41 0
1711443767696 3.37 0
1711443773889 3.4 0
1711443779660 3.37 0
1711443789978 3.45 0
1711443795811 3.42 0
1711443801650 3.45 0
1711443807580 3.4 0
1711443813478 3.46 0
1711443819472 3.48 0
1711443825957 3.46 0
1711443840253 3.35 0
1711443850504 3.43 0
1711443856276 3.37 0
1711443862116 3.41 0
1711443868068 3.43 0
1711443873855 3.39 0
1711443879760 3.44 0
1711443886230 3.43 0
1711443892032 3.4 0
1711443897878 3.41 0
1711443903690 3.37 0
1711443909586 3.46 0
1711443915394 3.42 0
1711443921303 3.45 0
1711443927202 3.5 0
1711443933187 3.5 0
1711443939599 3.4 0
1711443949758 3.42 0
1711443959846 3.44 0
1711443970034 3.44 0
1711443979971 3.38 0
1711443990010 3.39 0
1711443996399 3.4 0
1711444002310 3.39 0
1711444008129 3.37 0
1711444013919 3.4 0
1711444019671 3.35 0
1711444025465 3.4 0
1711444031229 3.39 0
1711444037011 3.39 0
1711444046893 3.44 0
1711444053301 3.47 0
1711444063323 3.45 0
1711444073365 3.43 0
1711444083644 3.4 0
1711444093823 3.45 0
1711444103990 3.42 0
1711444114296 3.39 0
1711444120036 3.36 0
1711444125836 3.44 0
1711444131688 3.42 0
1711444137572 3.4 0
1711444143450 3.45 0
1711444149383 3.44 0
1711444155194 3.38 0
1711444161052 3.42 0
1711444167305 3.41 0
1711444173119 3.41 0
1711444178890 3.36 0
1711444184778 3.45 0
1711444194846 3.47 0
1711444200758 3.45 0
1711444206663 3.42 0
1711444212429 3.39 0
1711444218208 3.4 0
1711444224751 3.42 0
1711444230562 3.39 0
1711444236470 3.43 0
1711444242354 3.41 0
1711444248264 3.47 0
1711444254102 3.41 0
1711444259934 3.46 0
1711444265842 3.41 0
1711444271670 3.42 0
1711444278040 3.47 0
1711444283973 3.49 0
1711444289799 3.42 0
1711444295688 3.45 0
1711444301547 3.42 0
1711444307414 3.41 0
1711444313203 3.41 0
1711444319138 3.44 0
1711444325684 3.43 0
1711444331567 3.41 0
1711444337427 3.43 0
1711444343355 3.44 0
1711444349334 3.51 0
1711444355375 3.46 0
1711444361215 3.41 0
1711444371273 3.46 0
1711444377324 3.45 0
1711444388008 3.41 0
1711444393902 3.43 0
1711444399850 3.47 0
1711444405782 3.45 0
1711444411591 3.39 0
1711444417569 3.46 0
1711444423473 3.44 0
1711444429637 3.7 0
1711444435425 3.38 0
1711444441235 3.39 0
1711444447054 3.39 0
1711444453013 3.54 0
1711444458968 3.44 0
1711444464931 3.43 0
1711444470729 3.37 0
1711444476546 3.39 0
1711444486950 3.38 0
1711444492812 3.4 0
1711444498616 3.37 0
1711444508875 3.41 0
1711444514712 3.44 0
1711444520700 3.45 0
1711444526565 3.44 0
1711444532802 3.4 0
1711444538689 3.42 0
1711444544535 3.42 0
1711444550399 3.4 0
1711444556277 3.4 0
1711444562096 3.36 0
1711444572185 3.39 0
1711444582526 3.44 0
1711444593077 3.46 0
1711444599085 3.54 0
1711444604956 3.44 0
1711444615018 3.39 0
1711444620861 3.43 0
1711444626907 3.46 0
1711444632844 3.48 0
1711444638734 3.41 0
1711444645068 3.41 0
1711444650987 3.49 0
1711444656972 3.46 0
1711444662892 3.48 0
1711444668899 3.49 0
1711444674701 3.38 0
1711444680561 3.45 0
1711444686499 3.47 0
1711444692440 3.36 0
1711444699064 3.47 0
1711444709390 3.48 0
1711444715269 3.4 0
1711444721156 3.44 0
1711444727021 3.47 0
1711444737368 3.42 0
1711444747659 3.42 0
1711444753435 3.38 0
1711444760061 3.45 0
1711444765901 3.42 0
1711444771784 3.41 0
1711444777651 3.45 0
1711444783688 3.45 0
1711444789487 3.38 0
1711444795302 3.38 0
1711444801090 3.36 0
1711444806909 3.39 0
1711444813220 3.41 0
1711444819212 3.43 0
1711444825109 3.44 0
1711444830945 3.4 0
1711444840923 3.41 0
1711444846719 3.4 0
1711444852589 3.42 0
1711444858388 3.4 0
1711444864809 3.44 0
1711444870671 3.43 0
1711444876615 3.43 0
1711444882376 3.35 0
1711444888181 3.4 0
1711444893993 3.4 0
1711444899895 3.44 0
1711444905818 3.46 0
1711444911795 3.47 0
1711444918438 3.48 0
1711444924379 3.42 0
1711444930268 3.44 0
1711444936203 3.41 0
1711444942014 3.36 0
1711444948009 3.42 0
1711444953949 3.43 0
1711444959841 3.39 0
1711444965791 3.42 0
1711444976354 3.36 0
1711444986309 3.37 0
1711444992166 3.38 0
1711444997961 3.37 0
1711445008097 3.41 0
1711445013993 3.44 0
1711445024064 3.41 0
1711445030362 3.44 0
1711445036167 3.37 0
1711445046447 3.37 0
1711445052479 3.48 0
1711445058403 3.47 0
1711445064287 3.41 0
1711445070165 3.39 0
1711445075963 3.38 0
1711445081998 3.59 0
1711445087864 3.34 0
1711445093703 3.39 0
1711445099524 3.39 0
1711445105410 3.45 0
1711445111391 3.51 0
1711445117311 3.41 0
1711445123164 3.39 0
1711445129123 3.4 0
1711445135445 3.36 0
1711445145641 3.39 0
1711445151462 3.39 0
1711445157250 3.37 0
1711445167219 3.42 0
1711445173074 3.43 0
1711445183232 3.42 0
1711445193988 3.5 0
1711445204285 3.39 0
1711445210117 3.38 0
1711445220223 3.43 0
1711445226096 3.38 0
1711445231928 3.41 0
1711445237846 3.41 0
1711445243673 3.4 0
1711445250150 3.48 0
1711445256000 3.42 0
1711445261785 3.39 0
1711445267704 3.43 0
1711445273577 3.39 0
1711445283752 3.4 0
1711445289593 3.37 0
1711445295503 3.4 0
1711445301770 3.41 0
1711445307678 3.47 0
1711445313567 3.43 0
1711445319540 3.45 0
1711445325572 3.45 0
1711445331438 3.4 0
1711445337411 3.47 0
1711445343327 3.44 0
1711445349179 3.37 0
1711445355437 3.38 0
1711445361426 3.48 0
1711445367261 3.41 0
1711445373089 3.4 0
1711445378909 3.36 0
1711445384741 3.4 0
1711445390631 3.47 0
1711445396582 3.45 0
1711445402551 3.47 0
1711445408990 3.42 0
1711445414819 3.39 0
1711445420591 3.36 0
1711445426410 3.39 0
1711445432302 3.38 0
1711445438189 3.39 0
1711445444005 3.37 0
1711445449864 3.39 0
1711445455693 3.4 0
1711445462035 3.42 0
1711445467878 3.42 0
1711445473786 3.46 0
1711445479801 3.46 0
1711445490212 3.48 0
1711445496123 3.44 0
1711445502136 3.45 0
1711445508180 3.47 0
1711445514572 3.48 0
1711445520604 3.48 0
1711445526471 3.4 0
1711445532408 3.42 0
1711445538219 3.38 0
1711445548512 3.38 0
1711445554410 3.42 0
1711445564504 3.47 0
1711445575328 3.43 0
1711445585581 3.43 0
1711445591510 3.43 0
1711445597413 3.44 0
1711445607556 3.39 0
1711445613501 3.39 0
1711445619345 3.39 0
1711445625711 3.38 0
1711445631638 3.44 0
1711445637511 3.37 0
1711445643386 3.37 0
1711445649272 3.43 0
1711445655176 3.38 0
1711445661053 3.41 0
1711445671286 3.45 0
1711445677613 3.84 0
1711445683676 3.5 0
1711445689543 3.4 0
1711445695523 3.41 0
1711445701682 3.55 0
1711445707615 3.43 0
1711445713506 3.4 0
1711445719414 3.39 0
1711445725333 3.42 0
1711445736375 3.5 0
1711445746713 3.49 0
1711445752759 3.47 0
1711445758624 3.39 0
1711445764550 3.45 0
1711445774840 3.44 0
1711445780818 3.45 0
1711445787302 3.38 0
1711445793174 3.39 0
1711445799132 3.42 0
1711445805042 3.43 0
1711445810915 3.39 0
1711445816813 3.4 0
1711445822925 3.49 0
1711445833172 3.41 0
1711445839227 3.52 0
1711445845792 3.45 0
1711445851757 3.44 0
1711445857893 3.49 0
1711445863987 3.53 0
1711445870097 3.53 0
1711445875965 3.37 0
1711445881955 3.48 0
1711445887943 3.42 0
1711445894524 3.47 0
1711445900435 3.41 0
1711445906487 3.43 0
1711445912673 3.6 0
1711445918890 3.48 0
1711445924904 3.5 0
1711445930876 3.41 0
1711445937039 3.53 0
1711445943142 3.45 0
1711445949763 3.44 0
1711445955681 3.51 0
1711445961453 3.43 0
1711445967233 3.4 0
1711445973080 3.47 0
1711445978965 3.49 0
1711445984698 3.39 0
