1711440420247 0.01 0
1711440449980 0.01 1
1711440459581 0.01 2
1711440465297 0.00999 3
1711440471554 0.00999 4
1711440477308 0.00999 5
1711440483112 0.00998 6
1711440488868 0.00998 7
1711440494659 0.00998 8
1711440500441 0.00998 9
1711440506037 0.00997 10
1711440511670 0.00997 11
1711440517275 0.00997 12
1711440523574 0.00996 13
1711440529464 0.00996 14
1711440535342 0.00996 15
1711440541102 0.00995 16
1711440546949 0.00995 17
1711440552813 0.00995 18
1711440558529 0.00995 19
1711440564234 0.00994 20
1711440570592 0.00994 21
1711440576296 0.00994 22
1711440582004 0.00993 23
1711440587665 0.00993 24
1711440593331 0.00993 25
1711440599094 0.00992 26
1711440604857 0.00992 27
1711440610606 0.00992 28
1711440616375 0.00992 29
1711440622602 0.00991 30
1711440628344 0.00991 31
1711440634051 0.00991 32
1711440639789 0.0099 33
1711440645486 0.0099 34
1711440651210 0.0099 35
1711440656992 0.00989 36
1711440662822 0.00989 37
1711440668563 0.00989 38
1711440674865 0.00989 39
1711440680645 0.00988 40
1711440686412 0.00988 41
1711440692073 0.00988 42
1711440701776 0.00987 43
1711440711453 0.00987 44
1711440721308 0.00987 45
1711440731005 0.00986 46
1711440741386 0.00986 47
1711440751272 0.00986 48
1711440761138 0.00986 49
1711440772539 0.00985 50
1711440782456 0.00985 51
1711440792286 0.00985 52
1711440802844 0.00984 53
1711440812817 0.00984 54
1711440823090 0.00984 55
1711440832824 0.00983 56
1711440842023 0.00983 57
1711440851857 0.00983 58
1711440861921 0.00983 59
1711440871920 0.00982 60
1711440877777 0.00982 61
1711440888243 0.00982 62
1711440894039 0.00981 63
1711440903971 0.00981 64
1711440913916 0.00981 65
1711440923978 0.0098 66
1711440929749 0.0098 67
1711440939920 0.0098 68
1711440950171 0.0098 69
1711440960094 0.00979 70
1711440970254 0.00979 71
1711440980374 0.00979 72
1711440989585 0.00978 73
1711440995387 0.00978 74
1711441005416 0.00978 75
1711441015284 0.00977 76
1711441021017 0.00977 77
1711441031566 0.00977 78
1711441037398 0.00977 79
1711441043226 0.00976 80
1711441049077 0.00976 81
1711441054837 0.00976 82
1711441060510 0.00975 83
1711441066241 0.00975 84
1711441072006 0.00975 85
1711441077656 0.00974 86
1711441083805 0.00974 87
1711441089578 0.00974 88
1711441095417 0.00974 89
1711441101144 0.00973 90
1711441106858 0.00973 91
1711441112682 0.00973 92
1711441118453 0.00972 93
1711441124107 0.00972 94
1711441129821 0.00972 95
1711441135465 0.00971 96
1711441141312 0.00971 97
1711441147140 0.00971 98
1711441153040 0.00971 99
1711441163037 0.0097 100
1711441168816 0.0097 101
1711441174530 0.0097 102
1711441180227 0.00969 103
1711441186177 0.00969 104
1711441192384 0.00969 105
1711441198197 0.00968 106
1711441204157 0.00968 107
1711441209994 0.00968 108
1711441215863 0.00968 109
1711441221701 0.00967 110
1711441227530 0.00967 111
1711441233327 0.00967 112
1711441239163 0.00966 113
1711441245457 0.00966 114
1711441251250 0.00966 115
1711441257240 0.00965 116
1711441263088 0.00965 117
1711441268918 0.00965 118
1711441274711 0.00965 119
1711441280531 0.00964 120
1711441286245 0.00964 121
1711441292199 0.00964 122
1711441298449 0.00963 123
1711441304265 0.00963 124
1711441310132 0.00963 125
1711441316003 0.00962 126
1711441321882 0.00962 127
1711441327686 0.00962 128
1711441333590 0.00962 129
1711441339575 0.00961 130
1711441345440 0.00961 131
1711441351746 0.00961 132
1711441357521 0.0096 133
1711441363334 0.0096 134
1711441369231 0.0096 135
1711441375253 0.00959 136
1711441381206 0.00959 137
1711441387060 0.00959 138
1711441392972 0.00959 139
1711441399487 0.00958 140
1711441405336 0.00958 141
1711441411135 0.00958 142
1711441417016 0.00957 143
1711441422815 0.00957 144
1711441428743 0.00957 145
1711441434639 0.00956 146
1711441444607 0.00956 147
1711441450416 0.00956 148
1711441456720 0.00955 149
1711441466948 0.00955 150
1711441472851 0.00955 151
1711441478715 0.00955 152
1711441484539 0.00954 153
1711441490433 0.00954 154
1711441496336 0.00954 155
1711441502248 0.00953 156
1711441508667 0.00953 157
1711441518707 0.00953 158
1711441524741 0.00952 159
1711441530760 0.00952 160
1711441536711 0.00952 161
1711441542771 0.00952 162
1711441548755 0.00951 163
1711441554713 0.00951 164
1711441561181 0.00951 165
1711441566990 0.0095 166
1711441576618 0.0095 167
1711441586647 0.0095 168
1711441592489 0.00949 169
1711441602507 0.00949 170
1711441612678 0.00949 171
1711441618718 0.00949 172
1711441624915 0.00948 173
1711441630770 0.00948 174
1711441636701 0.00948 175
1711441642659 0.00947 176
1711441648581 0.00947 177
1711441658646 0.00947 178
1711441668597 0.00946 179
1711441678950 0.00946 180
1711441684923 0.00946 181
1711441690801 0.00946 182
1711441696671 0.00945 183
1711441702558 0.00945 184
1711441708502 0.00945 185
1711441714384 0.00944 186
1711441720152 0.00944 187
1711441726056 0.00944 188
1711441732544 0.00943 189
1711441738370 0.00943 190
1711441744277 0.00943 191
1711441750161 0.00943 192
1711441756004 0.00942 193
1711441761971 0.00942 194
1711441767877 0.00942 195
1711441773765 0.00941 196
1711441780350 0.00941 197
1711441786324 0.00941 198
1711441792271 0.0094 199
1711441802290 0.0094 200
1711441808203 0.0094 201
1711441814144 0.00939 202
1711441820225 0.00939 203
1711441826240 0.00939 204
1711441832698 0.00939 205
1711441838523 0.00938 206
1711441844268 0.00938 207
1711441849992 0.00938 208
1711441855861 0.00937 209
1711441861567 0.00937 210
1711441867313 0.00937 211
1711441873088 0.00936 212
1711441878842 0.00936 213
1711441885127 0.00936 214
1711441890925 0.00936 215
1711441896779 0.00935 216
1711441902495 0.00935 217
1711441908335 0.00935 218
1711441914084 0.00934 219
1711441919796 0.00934 220
1711441925619 0.00934 221
1711441931358 0.00933 222
1711441937106 0.00933 223
1711441943483 0.00933 224
1711441949196 0.00933 225
1711441955209 0.00932 226
1711441961065 0.00932 227
1711441966797 0.00932 228
1711441972737 0.00931 229
1711441978568 0.00931 230
1711441984352 0.00931 231
1711441990884 0.0093 232
1711441996640 0.0093 233
1711442002372 0.0093 234
1711442008215 0.0093 235
1711442014064 0.00929 236
1711442019838 0.00929 237
1711442025640 0.00929 238
1711442031483 0.00928 239
1711442037450 0.00928 240
1711442043767 0.00928 241
1711442049541 0.00927 242
1711442055407 0.00927 243
1711442061316 0.00927 244
1711442067084 0.00926 245
1711442073011 0.00926 246
1711442078865 0.00926 247
1711442084697 0.00926 248
1711442090530 0.00925 249
1711442101104 0.00925 250
1711442106842 0.00925 251
1711442112631 0.00924 252
1711442118417 0.00924 253
1711442124265 0.00924 254
1711442130097 0.00923 255
1711442136090 0.00923 256
1711442141858 0.00923 257
1711442147894 0.00923 258
1711442154388 0.00922 259
1711442160327 0.00922 260
1711442166208 0.00922 261
1711442171977 0.00921 262
1711442177898 0.00921 263
1711442183766 0.00921 264
1711442189529 0.0092 265
1711442195330 0.0092 266
1711442201131 0.0092 267
1711442207449 0.0092 268
1711442213263 0.00919 269
1711442219222 0.00919 270
1711442225109 0.00919 271
1711442230991 0.00918 272
1711442236855 0.00918 273
1711442242739 0.00918 274
1711442248582 0.00917 275
1711442259354 0.00917 276
1711442269441 0.00917 277
1711442279258 0.00917 278
1711442289119 0.00916 279
1711442298929 0.00916 280
1711442304683 0.00916 281
1711442310525 0.00915 282
1711442316837 0.00915 283
1711442322601 0.00915 284
1711442328456 0.00914 285
1711442334232 0.00914 286
1711442340071 0.00914 287
1711442345952 0.00913 288
1711442351767 0.00913 289
1711442357604 0.00913 290
1711442363421 0.00913 291
1711442369849 0.00912 292
1711442375710 0.00912 293
1711442381525 0.00912 294
1711442387427 0.00911 295
1711442397615 0.00911 296
1711442403474 0.00911 297
1711442413487 0.0091 298
1711442419329 0.0091 299
1711442429997 0.0091 300
1711442439945 0.0091 301
1711442445741 0.00909 302
1711442451640 0.00909 303
1711442457546 0.00909 304
1711442463447 0.00908 305
1711442473498 0.00908 306
1711442483908 0.00908 307
1711442493782 0.00907 308
1711442499669 0.00907 309
1711442509657 0.00907 310
1711442519525 0.00907 311
1711442529347 0.00906 312
1711442535247 0.00906 313
1711442541577 0.00906 314
1711442547379 0.00905 315
1711442553142 0.00905 316
1711442558939 0.00905 317
1711442564803 0.00904 318
1711442570620 0.00904 319
1711442576522 0.00904 320
1711442582290 0.00903 321
1711442588054 0.00903 322
1711442594418 0.00903 323
1711442600222 0.00903 324
1711442606027 0.00902 325
1711442611823 0.00902 326
1711442617660 0.00902 327
1711442623485 0.00901 328
1711442629383 0.00901 329
1711442639387 0.00901 330
1711442649649 0.009 331
1711442655494 0.009 332
1711442661306 0.009 333
1711442667121 0.009 334
1711442672942 0.00899 335
1711442678812 0.00899 336
1711442688752 0.00899 337
1711442694671 0.00898 338
1711442705384 0.00898 339
1711442711256 0.00898 340
1711442717190 0.00897 341
1711442723035 0.00897 342
1711442728949 0.00897 343
1711442734843 0.00896 344
1711442740676 0.00896 345
1711442746468 0.00896 346
1711442756377 0.00896 347
1711442766961 0.00895 348
1711442772787 0.00895 349
1711442782608 0.00895 350
1711442788405 0.00894 351
1711442794223 0.00894 352
1711442800059 0.00894 353
1711442805887 0.00893 354
1711442811765 0.00893 355
1711442817908 0.00893 356
1711442827749 0.00893 357
1711442833565 0.00892 358
1711442843666 0.00892 359
1711442849675 0.00892 360
1711442859682 0.00891 361
1711442865681 0.00891 362
1711442871922 0.00891 363
1711442882081 0.0089 364
1711442892085 0.0089 365
1711442901992 0.0089 366
1711442912021 0.00889 367
1711442921996 0.00889 368
1711442932424 0.00889 369
1711442938398 0.00889 370
1711442948245 0.00888 371
1711442958095 0.00888 372
1711442967934 0.00888 373
1711442973730 0.00887 374
1711442979685 0.00887 375
1711442986226 0.00887 376
1711442992130 0.00886 377
1711442997978 0.00886 378
1711443008007 0.00886 379
1711443014007 0.00886 380
1711443024279 0.00885 381
1711443030315 0.00885 382
1711443040490 0.00885 383
1711443046816 0.00884 384
1711443052761 0.00884 385
1711443058649 0.00884 386
1711443068779 0.00883 387
1711443074683 0.00883 388
1711443080616 0.00883 389
1711443086633 0.00883 390
1711443092516 0.00882 391
1711443099049 0.00882 392
1711443104936 0.00882 393
1711443110917 0.00881 394
1711443116859 0.00881 395
1711443122787 0.00881 396
1711443128701 0.0088 397
1711443138749 0.0088 398
1711443149069 0.0088 399
1711443159876 0.00879 400
1711443169927 0.00879 401
1711443175847 0.00879 402
1711443181740 0.00879 403
1711443187746 0.00878 404
1711443193841 0.00878 405
1711443199895 0.00878 406
1711443206604 0.00877 407
1711443212592 0.00877 408
1711443218581 0.00877 409
1711443224485 0.00876 410
1711443230287 0.00876 411
1711443235968 0.00876 412
1711443241958 0.00876 413
1711443247825 0.00875 414
1711443253749 0.00875 415
1711443259572 0.00875 416
1711443265779 0.00874 417
1711443271670 0.00874 418
1711443277445 0.00874 419
1711443283245 0.00873 420
1711443289091 0.00873 421
1711443294819 0.00873 422
1711443300678 0.00872 423
1711443306517 0.00872 424
1711443312305 0.00872 425
1711443318633 0.00872 426
1711443324472 0.00871 427
1711443330244 0.00871 428
1711443336000 0.00871 429
1711443341862 0.0087 430
1711443347662 0.0087 431
1711443357669 0.0087 432
1711443367505 0.00869 433
1711443378039 0.00869 434
1711443387932 0.00869 435
1711443393750 0.00868 436
1711443399441 0.00868 437
1711443405169 0.00868 438
1711443410991 0.00868 439
1711443416740 0.00867 440
1711443422498 0.00867 441
1711443428885 0.00867 442
1711443438872 0.00866 443
1711443448929 0.00866 444
1711443458950 0.00866 445
1711443468943 0.00865 446
1711443478971 0.00865 447
1711443488868 0.00865 448
1711443499177 0.00865 449
1711443509254 0.00864 450
1711443514993 0.00864 451
1711443520902 0.00864 452
1711443526780 0.00863 453
1711443532609 0.00863 454
1711443538403 0.00863 455
1711443544221 0.00862 456
1711443550459 0.00862 457
1711443556222 0.00862 458
1711443561962 0.00861 459
1711443567838 0.00861 460
1711443573596 0.00861 461
1711443579449 0.00861 462
1711443585123 0.0086 463
1711443590858 0.0086 464
1711443596692 0.0086 465
1711443602955 0.00859 466
1711443608716 0.00859 467
1711443614507 0.00859 468
1711443620334 0.00858 469
1711443626187 0.00858 470
1711443636293 0.00858 471
1711443642026 0.00858 472
1711443647743 0.00857 473
1711443653529 0.00857 474
1711443659802 0.00857 475
1711443665619 0.00856 476
1711443671407 0.00856 477
1711443677193 0.00856 478
1711443682960 0.00855 479
1711443688700 0.00855 480
1711443694621 0.00855 481
1711443700487 0.00854 482
1711443706263 0.00854 483
1711443712492 0.00854 484
1711443722595 0.00854 485
1711443728410 0.00853 486
1711443738371 0.00853 487
1711443748294 0.00853 488
1711443758464 0.00852 489
1711443764318 0.00852 490
1711443770482 0.00852 491
1711443776279 0.00851 492
1711443786520 0.00851 493
1711443792382 0.00851 494
1711443798186 0.0085 495
1711443804169 0.0085 496
1711443810009 0.0085 497
1711443815982 0.0085 498
1711443822483 0.00849 499
1711443836890 0.00849 500
1711443847053 0.00849 501
1711443852893 0.00848 502
1711443858697 0.00848 503
1711443864634 0.00848 504
1711443870450 0.00847 505
1711443876310 0.00847 506
1711443882787 0.00847 507
1711443888628 0.00847 508
1711443894463 0.00846 509
1711443900307 0.00846 510
1711443906114 0.00846 511
1711443911965 0.00845 512
1711443917842 0.00845 513
1711443923695 0.00845 514
1711443929674 0.00844 515
1711443936179 0.00844 516
1711443946327 0.00844 517
1711443956396 0.00843 518
1711443966590 0.00843 519
1711443976584 0.00843 520
1711443986617 0.00843 521
1711443992982 0.00842 522
1711443998910 0.00842 523
1711444004752 0.00842 524
1711444010510 0.00841 525
1711444016311 0.00841 526
1711444022057 0.00841 527
1711444027827 0.0084 528
1711444033606 0.0084 529
1711444043438 0.0084 530
1711444049824 0.00839 531
1711444059860 0.00839 532
1711444069926 0.00839 533
1711444080231 0.00839 534
1711444090366 0.00838 535
1711444100559 0.00838 536
1711444110893 0.00838 537
1711444116665 0.00837 538
1711444122390 0.00837 539
1711444128250 0.00837 540
1711444134153 0.00836 541
1711444139988 0.00836 542
1711444145929 0.00836 543
1711444151791 0.00836 544
1711444157621 0.00835 545
1711444163881 0.00835 546
1711444169693 0.00835 547
1711444175515 0.00834 548
1711444181314 0.00834 549
1711444191361 0.00834 550
1711444197298 0.00833 551
1711444203238 0.00833 552
1711444209025 0.00833 553
1711444214798 0.00832 554
1711444221326 0.00832 555
1711444227159 0.00832 556
1711444233028 0.00832 557
1711444238933 0.00831 558
1711444244787 0.00831 559
1711444250681 0.00831 560
1711444256461 0.0083 561
1711444262424 0.0083 562
1711444268240 0.0083 563
1711444274552 0.00829 564
1711444280477 0.00829 565
1711444286371 0.00829 566
1711444292226 0.00828 567
1711444298115 0.00828 568
1711444303991 0.00828 569
1711444309787 0.00828 570
1711444315680 0.00827 571
1711444322239 0.00827 572
1711444328142 0.00827 573
1711444333976 0.00826 574
1711444339909 0.00826 575
1711444345816 0.00826 576
1711444351907 0.00825 577
1711444357793 0.00825 578
1711444367804 0.00825 579
1711444373870 0.00824 580
1711444384597 0.00824 581
1711444390461 0.00824 582
1711444396366 0.00824 583
1711444402325 0.00823 584
1711444408188 0.00823 585
1711444414100 0.00823 586
1711444420032 0.00822 587
1711444425932 0.00822 588
1711444432032 0.00822 589
1711444437838 0.00821 590
1711444443650 0.00821 591
1711444449458 0.00821 592
1711444455517 0.00821 593
1711444461491 0.0082 594
1711444467343 0.0082 595
1711444473136 0.0082 596
1711444483560 0.00819 597
1711444489395 0.00819 598
1711444495239 0.00819 599
1711444505462 0.00818 600
1711444511265 0.00818 601
1711444517239 0.00818 602
1711444523105 0.00817 603
1711444529397 0.00817 604
1711444535261 0.00817 605
1711444541096 0.00817 606
1711444546994 0.00816 607
1711444552868 0.00816 608
1711444558725 0.00816 609
1711444568782 0.00815 610
1711444579081 0.00815 611
1711444589619 0.00815 612
1711444595532 0.00814 613
1711444601503 0.00814 614
1711444611615 0.00814 615
1711444617417 0.00813 616
1711444623437 0.00813 617
1711444629355 0.00813 618
1711444635309 0.00813 619
1711444641648 0.00812 620
1711444647484 0.00812 621
1711444653498 0.00812 622
1711444659401 0.00811 623
1711444665409 0.00811 624
1711444671308 0.00811 625
1711444677102 0.0081 626
1711444683017 0.0081 627
1711444689062 0.0081 628
1711444695582 0.00809 629
1711444705900 0.00809 630
1711444711850 0.00809 631
1711444717707 0.00809 632
1711444723537 0.00808 633
1711444733938 0.00808 634
1711444744228 0.00808 635
1711444750042 0.00807 636
1711444756607 0.00807 637
1711444762473 0.00807 638
1711444768360 0.00806 639
1711444774186 0.00806 640
1711444780230 0.00806 641
1711444786094 0.00805 642
1711444791917 0.00805 643
1711444797716 0.00805 644
1711444803514 0.00805 645
1711444809802 0.00804 646
1711444815777 0.00804 647
1711444821663 0.00804 648
1711444827533 0.00803 649
1711444837510 0.00803 650
1711444843305 0.00803 651
1711444849155 0.00802 652
1711444854977 0.00802 653
1711444861357 0.00802 654
1711444867229 0.00801 655
1711444873181 0.00801 656
1711444879018 0.00801 657
1711444884770 0.00801 658
1711444890581 0.008 659
1711444896442 0.008 660
1711444902353 0.008 661
1711444908307 0.00799 662
1711444914947 0.00799 663
1711444920940 0.00799 664
1711444926816 0.00798 665
1711444932782 0.00798 666
1711444938635 0.00798 667
1711444944576 0.00797 668
1711444950516 0.00797 669
1711444956443 0.00797 670
1711444962363 0.00797 671
1711444972990 0.00796 672
1711444982924 0.00796 673
1711444988779 0.00796 674
1711444994580 0.00795 675
1711445004679 0.00795 676
1711445010554 0.00795 677
1711445020647 0.00794 678
1711445026910 0.00794 679
1711445032785 0.00794 680
1711445043064 0.00793 681
1711445048991 0.00793 682
1711445054923 0.00793 683
1711445060871 0.00793 684
1711445066764 0.00792 685
1711445072573 0.00792 686
1711445078390 0.00792 687
1711445084516 0.00791 688
1711445090303 0.00791 689
1711445096126 0.00791 690
1711445101953 0.0079 691
1711445107858 0.0079 692
1711445113889 0.0079 693
1711445119767 0.00789 694
1711445125710 0.00789 695
1711445132071 0.00789 696
1711445142239 0.00789 697
1711445148053 0.00788 698
1711445153861 0.00788 699
1711445163794 0.00788 700
1711445169635 0.00787 701
1711445179811 0.00787 702
1711445190481 0.00787 703
1711445200883 0.00786 704
1711445206721 0.00786 705
1711445216777 0.00786 706
1711445222687 0.00785 707
1711445228504 0.00785 708
1711445234432 0.00785 709
1711445240259 0.00785 710
1711445246660 0.00784 711
1711445252565 0.00784 712
1711445258376 0.00784 713
1711445264263 0.00783 714
1711445270180 0.00783 715
1711445280345 0.00783 716
1711445286212 0.00782 717
1711445292094 0.00782 718
1711445298351 0.00782 719
1711445304201 0.00781 720
1711445310117 0.00781 721
1711445316088 0.00781 722
1711445322111 0.00781 723
1711445328026 0.0078 724
1711445333933 0.0078 725
1711445339873 0.0078 726
1711445345801 0.00779 727
1711445352050 0.00779 728
1711445357944 0.00779 729
1711445363847 0.00778 730
1711445369669 0.00778 731
1711445375531 0.00778 732
1711445381331 0.00777 733
1711445387151 0.00777 734
1711445393120 0.00777 735
1711445399064 0.00777 736
1711445405563 0.00776 737
1711445411417 0.00776 738
1711445417216 0.00776 739
1711445423007 0.00775 740
1711445428912 0.00775 741
1711445434787 0.00775 742
1711445440622 0.00774 743
1711445446464 0.00774 744
1711445452279 0.00774 745
1711445458605 0.00773 746
1711445464445 0.00773 747
1711445470317 0.00773 748
1711445476331 0.00773 749
1711445486730 0.00772 750
1711445492661 0.00772 751
1711445498681 0.00772 752
1711445504698 0.00771 753
1711445511086 0.00771 754
1711445517115 0.00771 755
1711445523053 0.0077 756
1711445528981 0.0077 757
1711445534829 0.0077 758
1711445545121 0.00769 759
1711445550977 0.00769 760
1711445561017 0.00769 761
1711445571893 0.00768 762
1711445582135 0.00768 763
1711445588083 0.00768 764
1711445593959 0.00768 765
1711445604160 0.00767 766
1711445610098 0.00767 767
1711445615944 0.00767 768
1711445622319 0.00766 769
1711445628190 0.00766 770
1711445634129 0.00766 771
1711445640004 0.00765 772
1711445645830 0.00765 773
1711445651783 0.00765 774
1711445657632 0.00764 775
1711445667824 0.00764 776
1711445673758 0.00764 777
1711445680161 0.00764 778
1711445686135 0.00763 779
1711445692105 0.00763 780
1711445698117 0.00763 781
1711445704179 0.00762 782
1711445710088 0.00762 783
1711445716017 0.00762 784
1711445721895 0.00761 785
1711445732865 0.00761 786
1711445743212 0.00761 787
1711445749280 0.0076 788
1711445755226 0.0076 789
1711445761088 0.0076 790
1711445771390 0.0076 791
1711445777362 0.00759 792
1711445783914 0.00759 793
1711445789765 0.00759 794
1711445795702 0.00758 795
1711445801602 0.00758 796
1711445807515 0.00758 797
1711445813403 0.00757 798
1711445819430 0.00757 799
1711445829762 0.00757 800
1711445835699 0.00756 801
1711445842337 0.00756 802
1711445848307 0.00756 803
1711445854386 0.00756 804
1711445860444 0.00755 805
1711445866556 0.00755 806
1711445872581 0.00755 807
1711445878457 0.00754 808
1711445884518 0.00754 809
1711445891038 0.00754 810
1711445897017 0.00753 811
1711445903047 0.00753 812
1711445909057 0.00753 813
1711445915400 0.00752 814
1711445921383 0.00752 815
1711445927447 0.00752 816
1711445933494 0.00751 817
1711445939678 0.00751 818
1711445946313 0.00751 819
1711445952156 0.00751 820
1711445958005 0.0075 821
1711445963820 0.0075 822
1711445969605 0.0075 823
1711445975468 0.00749 824
1711445981292 0.00749 825
