1711440446456 0.008843150805306425 0
1711440453262 0.012083527115768293 1
1711440462832 0.006684321676111531 2
1711440468640 0.0011788534884768535 3
1711440474885 0.0001387265628654452 4
1711440480641 4.938924075939944e-06 5
1711440486464 9.749810122447866e-08 6
1711440492212 0.0 7
1711440497980 0.0 8
1711440503744 0.0 9
1711440509323 0.0 10
1711440514947 0.0 11
1711440520605 0.0 12
1711440526953 0.0 13
1711440532869 0.0 14
1711440538687 0.0 15
1711440544454 0.0 16
1711440550351 0.0 17
1711440556151 0.0 18
1711440561875 0.0 19
1711440567596 0.0 20
1711440574011 0.0 21
1711440579648 0.0 22
1711440585334 0.0 23
1711440591003 9.45411513760299e-08 24
1711440596717 2.1519713564004576e-07 25
1711440602515 4.2123526145209144e-07 26
1711440608206 1.926937442573942e-06 27
1711440614013 2.581669007634769e-05 28
1711440619758 3.993776519720975e-05 29
1711440625986 3.057328447299264e-05 30
1711440631690 0.0003323137515300388 31
1711440637440 0.00032014455741837547 32
1711440643132 0.00037647803316801133 33
1711440648822 0.00015168252215759726 34
1711440654572 0.002399136941709465 35
1711440660363 0.00232859574623246 36
1711440666161 0.00443230319443821 37
1711440671900 0.008525970708351939 38
1711440678204 0.008852301366053068 39
1711440683977 0.027439603773113354 40
1711440689769 0.031186773517965973 41
1711440695435 0.03697675827016264 42
1711440705137 0.0357641771307103 43
1711440714872 0.0453015648963669 44
1711440724720 0.04184261563500986 45
1711440734462 0.0590128179306411 46
1711440744802 0.04637880458813773 47
1711440754644 0.0484261824205362 48
1711440764503 0.037506587367991354 49
1711440775968 0.05677024374862437 50
1711440785849 0.05228864017947041 51
1711440795632 0.03624170771341659 52
1711440806254 0.048203199339071835 53
1711440816176 0.04293568220589023 54
1711440826443 0.04702897874138196 55
1711440836143 0.0576878282660879 56
1711440845352 0.05531836527119767 57
1711440855216 0.044117307681876224 58
1711440865312 0.05094242519426222 59
1711440875326 0.038586520780635035 60
1711440881191 0.0513253044290289 61
1711440891646 0.04226010493245645 62
1711440897440 0.057090865639274124 63
1711440907362 0.06271960800712864 64
1711440917277 0.05727149272847079 65
1711440927338 0.0439349757055622 66
1711440933220 0.05542487265408602 67
1711440943324 0.06309613478089318 68
1711440953521 0.05378063386688003 69
1711440963414 0.06463466176023687 70
1711440973606 0.0596615472675947 71
1711440983672 0.052386701792363925 72
1711440992900 0.041937537368308644 73
1711440998769 0.06294746042672367 74
1711441008720 0.057501563733439814 75
1711441018590 0.049987501704611824 76
1711441024481 0.05600883336529118 77
1711441034908 0.041295860560457934 78
1711441040767 0.04800140245159466 79
1711441046611 0.05232608474208371 80
1711441052391 0.039743176773344165 81
1711441058191 0.03792944793056683 82
1711441063924 0.040331248345647795 83
1711441069652 0.030976601225998785 84
1711441075368 0.021433495278554125 85
1711441081012 0.04867443201653325 86
1711441087205 0.05964040574874293 87
1711441093010 0.054633014196141534 88
1711441098836 0.03521207181249596 89
1711441104518 0.055107802930030994 90
1711441110251 0.05779004971880916 91
1711441116072 0.04284495612108324 92
1711441121820 0.0441848411458095 93
1711441127517 0.05153529159154771 94
1711441133183 0.05384627518387798 95
1711441139003 0.06156989260137194 96
1711441144690 0.02639177022139431 97
1711441150559 0.041226314357407964 98
1711441156538 0.05172991121152318 99
1711441166392 0.021422167296808917 100
1711441172204 0.041124652389827945 101
1711441177871 0.048365043071925115 102
1711441183715 0.05481045731290841 103
1711441189582 0.009908147584696766 104
1711441195786 0.03512800545914467 105
1711441201667 0.03808931048844323 106
1711441207596 0.05105286071411846 107
1711441213367 0.037714889936380384 108
1711441219306 0.05486566639755981 109
1711441225123 0.03897084663371331 110
1711441230899 0.023719656301217015 111
1711441236735 0.0592457021093246 112
1711441242586 0.04877624572077677 113
1711441248840 0.06270853820723471 114
1711441254649 0.05207939184859601 115
1711441260670 0.05015416678808464 116
1711441266472 0.06036520974194725 117
1711441272317 0.055822003070226445 118
1711441278113 0.05099439392163789 119
1711441283845 0.044824578788737024 120
1711441289750 0.059801578419297265 121
1711441295608 0.05345044980605001 122
1711441301857 0.041883721120308554 123
1711441307706 0.0640314199072899 124
1711441313524 0.05278262078986274 125
1711441319383 0.042151967808805396 126
1711441325257 0.05970747824065451 127
1711441331085 0.04934279564602189 128
1711441337030 0.058916555991263456 129
1711441342979 0.05783720575524938 130
1711441348870 0.05303938022785081 131
1711441355128 0.04539144107723593 132
1711441360903 0.05769002163866773 133
1711441366758 0.05707992318918083 134
1711441372650 0.043994041008628255 135
1711441378670 0.04191734840335575 136
1711441384554 0.04705465622469312 137
1711441390498 0.06891694855772888 138
1711441396298 0.04992175105406472 139
1711441402898 0.04434396570835119 140
1711441408697 0.036646674685874916 141
1711441414534 0.06436142631516015 142
1711441420400 0.054729805928109866 143
1711441426261 0.05466717645656268 144
1711441432094 0.05237884838040699 145
1711441437994 0.06342150800789897 146
1711441447977 0.029934462040412203 147
1711441453766 0.04086276066754904 148
1711441460193 0.06275899700987625 149
1711441470381 0.046876034445469165 150
1711441476222 0.05082754364306897 151
1711441482094 0.06516188364169895 152
1711441487924 0.05538835306710348 153
1711441493864 0.04577623203241753 154
1711441499759 0.06073815869879785 155
1711441505606 0.056838148574006014 156
1711441512021 0.06255661313275249 157
1711441522167 0.03925288512850127 158
1711441528201 0.0586491084192858 159
1711441534149 0.04615889899332515 160
1711441540160 0.05055547944573312 161
1711441546218 0.05445089385083378 162
1711441552175 0.058428613840928394 163
1711441558119 0.05690390661382021 164
1711441564584 0.05845617693052349 165
1711441570313 0.05981789225603584 166
1711441579946 0.05908609990060511 167
1711441590024 0.053315567002429454 168
1711441595865 0.06274825903270825 169
1711441605935 0.06349480889369553 170
1711441616125 0.04841221626658124 171
1711441622388 0.060185455933733624 172
1711441628304 0.05628546444582362 173
1711441634158 0.056071712621046585 174
1711441640081 0.052025855923553625 175
1711441646024 0.06052929074092493 176
1711441651986 0.060175933035069996 177
1711441661975 0.06384844023224573 178
1711441671985 0.06328295972409151 179
1711441682322 0.05146014482090322 180
1711441688269 0.03640547181572883 181
1711441694165 0.06332409469871636 182
1711441700058 0.053482043499659467 183
1711441705969 0.047702901867025 184
1711441711888 0.043421583254476995 185
1711441717708 0.06797635808797335 186
1711441723546 0.04613297939634215 187
1711441729450 0.06431485248534573 188
1711441735912 0.06137263181963511 189
1711441741779 0.06369603067115778 190
1711441747644 0.06301742118857742 191
1711441753492 0.05480199243414331 192
1711441759407 0.04869455096190024 193
1711441765361 0.05723668605452151 194
1711441771247 0.05981282382798539 195
1711441777164 0.0637948016783139 196
1711441783757 0.051089054092886374 197
1711441789727 0.05017432243830265 198
1711441795653 0.060307403088378626 199
1711441805641 0.03194222988567718 200
1711441811555 0.035538062631778805 201
1711441817576 0.051645299336072245 202
1711441823635 0.03163109091986352 203
1711441829666 0.061352392913935384 204
1711441836093 0.06605078368493639 205
1711441841877 0.05261198652466514 206
1711441847621 0.06159510593402091 207
1711441853323 0.06016869577785841 208
1711441859204 0.06142882435019996 209
1711441864973 0.06081809158278872 210
1711441870675 0.05567595070684504 211
1711441876493 0.05254147148869647 212
1711441882213 0.062312671626265165 213
1711441888502 0.05159488892140018 214
1711441894323 0.048480708630702085 215
1711441900133 0.05287274532210732 216
1711441905869 0.06600007846001926 217
1711441911737 0.037731331144798846 218
1711441917440 0.03423799377192666 219
1711441923139 0.06495982668644892 220
1711441929010 0.06523355248492271 221
1711441934750 0.050036175997383386 222
1711441940475 0.06405711019811057 223
1711441946822 0.05305110756481432 224
1711441952607 0.04391232832732754 225
1711441958585 0.06455796548030675 226
1711441964430 0.04547991255385719 227
1711441970221 0.06325358279433697 228
1711441976121 0.04976755795625411 229
1711441981939 0.06254688695979854 230
1711441987858 0.0524130244473382 231
1711441994266 0.059713627286854774 232
1711441999985 0.06386415964545994 233
1711442005761 0.06718853318692472 234
1711442011607 0.04305340828316692 235
1711442017447 0.0435735937018077 236
1711442023210 0.06292186270040402 237
1711442029017 0.06705502441260189 238
1711442034879 0.06108873458570256 239
1711442040817 0.06393784005128778 240
1711442047128 0.05719595046655149 241
1711442052910 0.021650365762124278 242
1711442058769 0.024337970203092155 243
1711442064649 0.06192187544858971 244
1711442070500 0.046332977364004393 245
1711442076394 0.05991167473010924 246
1711442082239 0.04204257139947931 247
1711442088083 0.055877764597258274 248
1711442094003 0.04755155969548968 249
1711442104439 0.06164618516344193 250
1711442110232 0.06487744187314123 251
1711442115947 0.05691253368049527 252
1711442121788 0.05103319300993468 253
1711442127689 0.06156998677050963 254
1711442133583 0.059002281395519426 255
1711442139425 0.05339373633764732 256
1711442145264 0.06070874559399671 257
1711442151333 0.05849246113970993 258
1711442157780 0.06603001477864728 259
1711442163693 0.06145448376577279 260
1711442169547 0.04145306496902974 261
1711442175367 0.05161789354931309 262
1711442181301 0.04870529739087456 263
1711442187112 0.03441250431996642 264
1711442192903 0.07022632330850657 265
1711442198678 0.05931389899526665 266
1711442204480 0.04953361505374502 267
1711442210795 0.06653430560908699 268
1711442216636 0.04868176171990847 269
1711442222690 0.05299164379173701 270
1711442228494 0.061914777112627314 271
1711442234376 0.05453054142629927 272
1711442240313 0.06348686031945783 273
1711442246115 0.06022765773888407 274
1711442252081 0.07056522179546128 275
1711442262706 0.06941398051521325 276
1711442272783 0.07710753485937637 277
1711442282613 0.06966073191826266 278
1711442292477 0.07013962294500166 279
1711442302253 0.061421598558520335 280
1711442308068 0.06150870082310449 281
1711442313873 0.04233636841209606 282
1711442320200 0.05678985417669244 283
1711442325908 0.06305035908958358 284
1711442331798 0.06437545129567876 285
1711442337599 0.05609081747190111 286
1711442343455 0.050339690299724814 287
1711442349332 0.058240200277975544 288
1711442355129 0.06490518414928308 289
1711442361001 0.05991031207669429 290
1711442366793 0.07236261150610593 291
1711442373222 0.0625865234069858 292
1711442379110 0.06025676397536847 293
1711442384937 0.07112216115858291 294
1711442390841 0.07070291504007067 295
1711442401027 0.05202754989163336 296
1711442406836 0.07566607611079111 297
1711442416860 0.06011196924192157 298
1711442422693 0.06456952838031525 299
1711442433365 0.06680597416652759 300
1711442443273 0.049974481514411424 301
1711442449141 0.07543570341376624 302
1711442455008 0.05558651687835306 303
1711442460922 0.06642610856039022 304
1711442466787 0.07201433556616728 305
1711442476897 0.07170258643846447 306
1711442487271 0.0663981957610991 307
1711442497189 0.06248864135141489 308
1711442503052 0.07946436765449619 309
1711442512991 0.07719232968061146 310
1711442522859 0.07947020560475983 311
1711442532810 0.06307172594861643 312
1711442538606 0.0664715997147971 313
1711442544919 0.05226331762242912 314
1711442550712 0.059938648640191855 315
1711442556488 0.06527130519594188 316
1711442562293 0.05698006375378138 317
1711442568163 0.06782248214704999 318
1711442573980 0.0824049819674372 319
1711442579870 0.07721013326174656 320
1711442585655 0.06999429460080275 321
1711442591391 0.059593102826719146 322
1711442597812 0.06425395472485919 323
1711442603600 0.065617727627419 324
1711442609394 0.06615882403583315 325
1711442615234 0.07768140503608617 326
1711442621057 0.07277010010624517 327
1711442626858 0.06572553236098616 328
1711442632752 0.07761076488910895 329
1711442642713 0.09210290664941184 330
1711442653025 0.06529266675284866 331
1711442658891 0.0756483005596316 332
1711442664693 0.06870572344427303 333
1711442670476 0.05740292675209869 334
1711442676281 0.0786802410444672 335
1711442682166 0.08403483139078409 336
1711442692087 0.06892082804497919 337
1711442698101 0.10091802243773064 338
1711442708768 0.07330906262655625 339
1711442714675 0.055060565682235656 340
1711442720536 0.05871470310185072 341
1711442726469 0.04350030669395436 342
1711442732323 0.07393404278467683 343
1711442738219 0.08576910351161321 344
1711442744030 0.08047088213192903 345
1711442749814 0.1084931656772243 346
1711442759713 0.08598081516468598 347
1711442770323 0.05416257712859539 348
1711442776142 0.04247406684735592 349
1711442785931 0.07585664011287568 350
1711442791759 0.07527903824738288 351
1711442797605 0.06984423666507247 352
1711442803419 0.07867965602001889 353
1711442809246 0.08499551622533869 354
1711442815436 0.09414246747185968 355
1711442821264 0.09787978151275908 356
1711442831101 0.07452653911687314 357
1711442836912 0.09708793454757693 358
1711442847148 0.07608774886689876 359
1711442853041 0.09577916442030256 360
1711442863090 0.07166876589682716 361
1711442869019 0.08332258763047974 362
1711442875300 0.08645685101878978 363
1711442885434 0.08715507004762893 364
1711442895413 0.09122441420398743 365
1711442905392 0.08918662746006177 366
1711442915422 0.09417786593124428 367
1711442925408 0.10170328995017106 368
1711442935782 0.08348002332337309 369
1711442941770 0.09241428364230216 370
1711442951560 0.08656107546240298 371
1711442961426 0.0958045433907648 372
1711442971281 0.07080571872012215 373
1711442977170 0.08226072683474824 374
1711442983020 0.08710671982034462 375
1711442989647 0.08575607435938665 376
1711442995540 0.09397791542879598 377
1711443001325 0.10897003820671661 378
1711443011402 0.0754802026439503 379
1711443017406 0.11047346173805753 380
1711443027649 0.0777620206704576 381
1711443033692 0.11538569920908191 382
1711443043815 0.081094878128706 383
1711443050209 0.09750838604557338 384
1711443056115 0.09192303532078482 385
1711443062055 0.10144783790921037 386
1711443072136 0.06746981082970133 387
1711443078033 0.08786208469271159 388
1711443084009 0.08427372765241482 389
1711443090014 0.07855582627676144 390
1711443095906 0.09927801496458231 391
1711443102411 0.09415725247666792 392
1711443108302 0.09064616295388105 393
1711443114350 0.09206682685468107 394
1711443120250 0.10853720328947322 395
1711443126149 0.08982664021373382 396
1711443132075 0.11579746739268346 397
1711443142109 0.11885845059733381 398
1711443152501 0.09272263129368723 399
1711443163271 0.10804038916685431 400
1711443173303 0.07313244638656499 401
1711443179231 0.07834507298220128 402
1711443185115 0.10118108271781313 403
1711443191314 0.09743194958914149 404
1711443197300 0.10276114415945212 405
1711443203282 0.10251713107767914 406
1711443210023 0.09949050987565876 407
1711443215979 0.053673816597488384 408
1711443221974 0.09110813368566745 409
1711443227919 0.10248964195813708 410
1711443233609 0.05267089142840021 411
1711443239479 0.08645971880580643 412
1711443245376 0.08777042739838117 413
1711443251228 0.11950552974139403 414
1711443257127 0.0878411821053243 415
1711443263354 0.11980262976085593 416
1711443269190 0.09361224201409644 417
1711443275039 0.08459550729768088 418
1711443280858 0.10696715980243246 419
1711443286650 0.08591791475910046 420
1711443292452 0.11023016822368184 421
1711443298221 0.08599821513518716 422
1711443304103 0.07794163310444 423
1711443309888 0.10530741521294863 424
1711443315686 0.07997227612155847 425
1711443322058 0.10204054378977437 426
1711443327848 0.10844228851338625 427
1711443333601 0.0776111313717048 428
1711443339392 0.08366840753401822 429
1711443345233 0.10652822867443051 430
1711443351085 0.13707722993731505 431
1711443360988 0.1074574023123242 432
1711443370856 0.1219159184778533 433
1711443381342 0.10771759339739786 434
1711443391264 0.0666645561773121 435
1711443397099 0.09449960781419184 436
1711443402794 0.1005562713931228 437
1711443408547 0.11611965055063803 438
1711443414378 0.09972983472526517 439
1711443420120 0.09246502442229557 440
1711443425847 0.1122971833328327 441
1711443432300 0.11553235939610781 442
1711443442248 0.12155477599353343 443
1711443452276 0.12357311693730012 444
1711443462319 0.10946175520156184 445
1711443472307 0.11153794338573374 446
1711443482343 0.13006879062770696 447
1711443492206 0.11333707383587589 448
1711443502533 0.08748064454329414 449
1711443512591 0.09353616458532504 450
1711443518433 0.10321980079789474 451
1711443524377 0.08739989546576012 452
1711443530178 0.08123923954047377 453
1711443535980 0.10650380438163325 454
1711443541764 0.09086254392510111 455
1711443547645 0.1154099933374819 456
1711443553812 0.11057341197850659 457
1711443559575 0.15687582228444175 458
1711443565347 0.10543857144820507 459
1711443571196 0.10768385971956322 460
1711443576973 0.07676735286111996 461
1711443582766 0.12157340944165111 462
1711443588468 0.1178796049576958 463
1711443594231 0.07358026435769281 464
1711443600120 0.10700911817327603 465
1711443606352 0.12516842195209385 466
1711443612133 0.10582168899261467 467
1711443617894 0.0829247137886997 468
1711443623736 0.13469387717964615 469
1711443629624 0.15365746817387163 470
1711443639634 0.10046246050481997 471
1711443645385 0.10824915365116973 472
1711443651084 0.08114837123243827 473
1711443656915 0.11395847741236402 474
1711443663217 0.09397194046728363 475
1711443668991 0.13702491898986435 476
1711443674760 0.1235412673356972 477
1711443680560 0.0963532432370192 478
1711443686302 0.11780924132473618 479
1711443692101 0.11898380784555321 480
1711443698048 0.1072570314439462 481
1711443703851 0.09420778717911374 482
1711443709610 0.10678916854408278 483
1711443715856 0.1610814161903765 484
1711443725995 0.10866367020383152 485
1711443731798 0.12242368843248691 486
1711443741806 0.12271835628553257 487
1711443751668 0.12048437360256292 488
1711443761849 0.11384055067994239 489
1711443767666 0.1048840823324225 490
1711443773857 0.12447981977263009 491
1711443779629 0.13450556649206655 492
1711443789942 0.08634494222740817 493
1711443795778 0.11530137274723423 494
1711443801604 0.11903517653085408 495
1711443807549 0.12784994327987678 496
1711443813434 0.09976784174884244 497
1711443819432 0.1395638031219379 498
1711443825920 0.1374628779218549 499
1711443840216 0.1315436802143869 500
1711443850464 0.08466392311841431 501
1711443856241 0.08694172518057479 502
1711443862075 0.12389246062658116 503
1711443868025 0.08799647121840412 504
1711443873822 0.13778667876869305 505
1711443879722 0.1101082577935598 506
1711443886193 0.15057750644804607 507
1711443892001 0.12721476382844277 508
1711443897846 0.10614187897670618 509
1711443903659 0.11270166552376254 510
1711443909551 0.1303147481644451 511
1711443915365 0.10782812953069998 512
1711443921261 0.14168152437371934 513
1711443927173 0.11816229081688358 514
1711443933143 0.10598094010364169 515
1711443939561 0.16032144393005257 516
1711443949728 0.12548931319389908 517
1711443959814 0.15328396867272456 518
1711443970002 0.13806121110514838 519
1711443979945 0.1400771286801661 520
1711443989978 0.11164360919969077 521
1711443996365 0.09510403230688214 522
1711444002276 0.1441743396164304 523
1711444008097 0.10467638189887271 524
1711444013889 0.13333141871364898 525
1711444019638 0.11829223827769403 526
1711444025431 0.13678952560671306 527
1711444031194 0.15631203220665688 528
1711444036977 0.13530883237805377 529
1711444046862 0.12040484913961848 530
1711444053271 0.1471757712566776 531
1711444063292 0.14054476466442423 532
1711444073321 0.14946040115859016 533
1711444083603 0.174203185507951 534
1711444093791 0.13727191562505603 535
1711444103955 0.14180122619334873 536
1711444114256 0.1365867302786267 537
1711444120001 0.12683869471318276 538
1711444125803 0.1350089509153243 539
1711444131651 0.12594757228595285 540
1711444137533 0.1182565014088715 541
1711444143413 0.13486335036343974 542
1711444149344 0.08862106916562958 543
1711444155151 0.10826860648425686 544
1711444161013 0.11426895346906767 545
1711444167270 0.09401385913890517 546
1711444173084 0.10763665483258437 547
1711444178856 0.16881534544784482 548
1711444184745 0.14616789710200473 549
1711444194810 0.11753153456920841 550
1711444200720 0.13410707520424098 551
1711444206634 0.10900736120971953 552
1711444212393 0.1235731873523643 553
1711444218175 0.14502175844971532 554
1711444224721 0.11253141888067762 555
1711444230527 0.14222746590690719 556
1711444236430 0.10973618896958291 557
1711444242323 0.13908756131642758 558
1711444248230 0.10959033489937466 559
1711444254070 0.0968970253521487 560
1711444259892 0.10999693175218964 561
1711444265811 0.12791813212671618 562
1711444271632 0.11171597697157822 563
1711444278003 0.1577674107404269 564
1711444283939 0.1403870663871073 565
1711444289767 0.14204973867582832 566
1711444295652 0.11424348791132136 567
1711444301508 0.13607315570637676 568
1711444307379 0.1421431817557239 569
1711444313179 0.14969341547941165 570
1711444319093 0.17825120912950118 571
1711444325653 0.0839657958018778 572
1711444331531 0.17318187643489275 573
1711444337387 0.11607179175389254 574
1711444343320 0.13042777840736194 575
1711444349299 0.14475548511017802 576
1711444355336 0.16658368125842998 577
1711444361183 0.17020997461971948 578
1711444371238 0.1368954223883047 579
1711444377285 0.1529159489343045 580
1711444387980 0.07318685195789615 581
1711444393866 0.11583421319758275 582
1711444399810 0.15583571792197154 583
1711444405751 0.13299250218000291 584
1711444411549 0.15661636060162396 585
1711444417530 0.17471755580973689 586
1711444423435 0.11866078963742176 587
1711444429607 0.13859216390615597 588
1711444435388 0.12318863147346538 589
1711444441204 0.15987852136264952 590
1711444447022 0.12499726504957148 591
1711444452971 0.1395398997272608 592
1711444458932 0.15208542973651615 593
1711444464893 0.13889437122374548 594
1711444470692 0.14958635160884637 595
1711444476509 0.1799200178568763 596
1711444486920 0.11397747235553757 597
1711444492774 0.10984208551506083 598
1711444498584 0.14474714617467885 599
1711444508844 0.13858381605009684 600
1711444514671 0.12304874814772035 601
1711444520665 0.12303579164461252 602
1711444526525 0.131547076269135 603
1711444532774 0.15406944057105512 604
1711444538657 0.12013665219949649 605
1711444544502 0.1430780839535579 606
1711444550369 0.15912531026303428 607
1711444556243 0.18697243577401987 608
1711444562063 0.17738907050334907 609
1711444572153 0.15455962602407494 610
1711444582490 0.15341671686668082 611
1711444593047 0.10894820247353067 612
1711444599050 0.1715861187492542 613
1711444604920 0.16526734669166954 614
1711444614985 0.09836925528151548 615
1711444620827 0.13258319617237516 616
1711444626870 0.14886488443859866 617
1711444632808 0.15535176794990604 618
1711444638696 0.17262267662866412 619
1711444645025 0.13321554435512975 620
1711444650950 0.1371874101702616 621
1711444656938 0.1402658553529421 622
1711444662858 0.12198549488705189 623
1711444668862 0.1731547581462402 624
1711444674662 0.15865054997746167 625
1711444680531 0.1083765237698244 626
1711444686456 0.16656716512085698 627
1711444692400 0.1537758756087652 628
1711444699029 0.20972316568929283 629
1711444709346 0.14168553600717176 630
1711444715228 0.14983129092156025 631
1711444721121 0.16054878561724026 632
1711444726984 0.16414703389936877 633
1711444737332 0.15938096687213651 634
1711444747628 0.11113112617418225 635
1711444753393 0.16968845221589807 636
1711444760038 0.14587971154204668 637
1711444765859 0.11836834300966602 638
1711444771751 0.15934045219223605 639
1711444777615 0.15402452373606476 640
1711444783653 0.14409601918704112 641
1711444789456 0.10001277530841465 642
1711444795271 0.1586608187939564 643
1711444801057 0.14160060392782606 644
1711444806880 0.11933922185117664 645
1711444813180 0.14631271856645636 646
1711444819178 0.17832582325387578 647
1711444825074 0.15152720177737825 648
1711444830911 0.15425172848293828 649
1711444840893 0.16334404983228173 650
1711444846679 0.14371871258079494 651
1711444852554 0.1618506005512984 652
1711444858351 0.1430333344834289 653
1711444864765 0.15184306701610414 654
1711444870633 0.1524289428647269 655
1711444876585 0.14022559279718255 656
1711444882346 0.12016472554478505 657
1711444888147 0.15452228737496354 658
1711444893960 0.14811356622486307 659
1711444899865 0.10290983035767426 660
1711444905780 0.1056407932740202 661
1711444911752 0.107299787111358 662
1711444918401 0.11614886859405207 663
1711444924337 0.1554919737017097 664
1711444930233 0.1426855426396387 665
1711444936165 0.20940006098361785 666
1711444941972 0.2029913830949677 667
1711444947970 0.15872025252873914 668
1711444953923 0.17774516795012477 669
1711444959808 0.15105211565051319 670
1711444965755 0.16741354676767495 671
1711444976324 0.22694654613898826 672
1711444986272 0.14124472922146547 673
1711444992134 0.1801848095758315 674
1711444997931 0.17642344381693115 675
1711445008064 0.13429622849541156 676
1711445013964 0.20247933477922822 677
1711445024031 0.15732323203201218 678
1711445030312 0.1639260021896021 679
1711445036136 0.18636423415889514 680
1711445046415 0.12872301717775306 681
1711445052444 0.12313308159178936 682
1711445058365 0.11895714518880711 683
1711445064259 0.15632142196375698 684
1711445070130 0.13580345852176823 685
1711445075931 0.1652433907268956 686
1711445081962 0.18232072066394828 687
1711445087832 0.1381958886979084 688
1711445093672 0.11936780505259162 689
1711445099491 0.17732964779789692 690
1711445105373 0.17661365487467817 691
1711445111342 0.20296366409581504 692
1711445117278 0.16089558426635858 693
1711445123132 0.17889722745906697 694
1711445129079 0.1621509310299243 695
1711445135409 0.19792498341366832 696
1711445145609 0.12385198337815854 697
1711445151426 0.15096622801707937 698
1711445157210 0.17564097908905582 699
1711445167188 0.17880576124329833 700
1711445173043 0.20996996021020659 701
1711445183203 0.181433040916072 702
1711445193947 0.21894804183137412 703
1711445204237 0.17435026599222414 704
1711445210080 0.2070703018887986 705
1711445220186 0.16831944159450585 706
1711445226039 0.1511874829361924 707
1711445231896 0.1753776296520303 708
1711445237814 0.14088003194206988 709
1711445243637 0.14478553678818143 710
1711445250111 0.16491222034090466 711
1711445255966 0.19408824905590155 712
1711445261748 0.17277247743438434 713
1711445267671 0.2297985310705336 714
1711445273542 0.1923193090030971 715
1711445283721 0.1621792397339585 716
1711445289556 0.17302599553185322 717
1711445295471 0.16176044988033372 718
1711445301731 0.13397585444255375 719
1711445307646 0.183747565014263 720
1711445313524 0.13662578025292918 721
1711445319508 0.18428843687879418 722
1711445325539 0.14934587760538454 723
1711445331404 0.16106246133793475 724
1711445337379 0.18393793841837935 725
1711445343293 0.19585729518831546 726
1711445349146 0.1775492196372326 727
1711445355407 0.1869306707591503 728
1711445361393 0.17560979341648936 729
1711445367225 0.184363361780526 730
1711445373046 0.16469554545692247 731
1711445378874 0.1911011975968284 732
1711445384705 0.18123913038554904 733
1711445390595 0.14375836657042879 734
1711445396545 0.07903820946961451 735
1711445402510 0.14104417641242534 736
1711445408959 0.19945343312927416 737
1711445414787 0.20796281000096026 738
1711445420556 0.1484556966895583 739
1711445426379 0.1686616530925756 740
1711445432265 0.20873334436102345 741
1711445438161 0.17491394134393745 742
1711445443964 0.1748744927775835 743
1711445449831 0.1324722650731935 744
1711445455658 0.22487394559906285 745
1711445462002 0.18205593228248815 746
1711445467839 0.15592680247317856 747
1711445473748 0.18806818241887904 748
1711445479752 0.16827675700810701 749
1711445490176 0.1570167834765176 750
1711445496073 0.17935219307704064 751
1711445502100 0.11644567361336335 752
1711445508146 0.19061910800841766 753
1711445514531 0.1859961660425591 754
1711445520561 0.21010720454557005 755
1711445526434 0.16266177342031013 756
1711445532379 0.20498978275543817 757
1711445538174 0.1979126923902979 758
1711445548474 0.17357734441900635 759
1711445554377 0.2048605067007533 760
1711445564461 0.1869999661601322 761
1711445575293 0.20375454767807105 762
1711445585540 0.1724976903111433 763
1711445591479 0.1931622498111404 764
1711445597379 0.20738173132840612 765
1711445607525 0.12941979602306738 766
1711445613465 0.1597153395784986 767
1711445619315 0.1758442185406331 768
1711445625683 0.19195731836811186 769
1711445631606 0.1430138800767646 770
1711445637478 0.1808811581058694 771
1711445643351 0.22416003880703975 772
1711445649232 0.1711287456263993 773
1711445655135 0.23889640196260103 774
1711445661017 0.20055405133833065 775
1711445671239 0.15738077998612002 776
1711445677578 0.16309204085113513 777
1711445683643 0.18700202309345262 778
1711445689514 0.18134265896443347 779
1711445695485 0.19121642087209167 780
1711445701634 0.17812729400744443 781
1711445707576 0.16333380748548873 782
1711445713470 0.20858686895699552 783
1711445719383 0.1934510305626116 784
1711445725290 0.22217721627543577 785
1711445736327 0.20597746060792396 786
1711445746676 0.14954982289424448 787
1711445752725 0.17215499886666594 788
1711445758586 0.15517557807618704 789
1711445764517 0.28284717721577174 790
1711445774803 0.1532367642127331 791
1711445780777 0.18302723590552572 792
1711445787272 0.23056757004968204 793
1711445793135 0.18752231222130103 794
1711445799108 0.1079080576276987 795
1711445805007 0.2097640608948557 796
1711445810885 0.2156029971162004 797
1711445816779 0.1637853331743157 798
1711445822891 0.2270141314538194 799
1711445833143 0.1929125379691331 800
1711445839193 0.16436369877510498 801
1711445845757 0.2011709709257086 802
1711445851718 0.14006659458356102 803
1711445857856 0.12622971340114233 804
1711445863938 0.19011311907126252 805
1711445870053 0.17491759254039965 806
1711445875932 0.15977509547779872 807
1711445881914 0.12185275418814233 808
1711445887913 0.15741685842018854 809
1711445894486 0.19448794821654888 810
1711445900397 0.19274323305393568 811
1711445906446 0.20306784248765106 812
1711445912603 0.15015453443654125 813
1711445918853 0.14060949789277755 814
1711445924863 0.1785904034809503 815
1711445930836 0.1397902231301233 816
1711445937004 0.21317364585536025 817
1711445943102 0.18574127515829142 818
1711445949733 0.18081497257823553 819
1711445955641 0.16174392366702947 820
1711445961413 0.1252183321972895 821
1711445967193 0.17610947709927732 822
1711445973047 0.24792238125423116 823
1711445978928 0.1815270447042387 824
1711445984664 0.231846112830298 825
