1711440446478 5.6135 0
1711440453282 4.4824 0
1711440462849 3.1131 0
1711440468658 2.2688 0
1711440474903 1.8969 0
1711440480667 1.4414 0
1711440486481 1.2808 0
1711440492244 1.0644 0
1711440497998 1.1778 0
1711440503763 0.9443 0
1711440509344 0.8104 0
1711440514965 0.9586 0
1711440520626 1.0058 0
1711440526974 0.6944 0
1711440532890 0.7004 0
1711440538705 0.841 0
1711440544471 0.7723 0
1711440550372 0.7753 0
1711440556171 0.6437 0
1711440561895 0.6571 0
1711440567615 0.7992 0
1711440574031 0.6953 0
1711440579674 0.6775 0
1711440585352 0.6291 0
1711440591030 0.642 0
1711440596736 0.6373 0
1711440602538 0.6532 0
1711440608226 0.6403 0
1711440614031 0.6928 0
1711440619778 0.7906 0
1711440626006 0.5496 0
1711440631710 0.674 0
1711440637459 0.5761 0
1711440643150 0.4801 0
1711440648842 0.6552 0
1711440654591 0.5904 0
1711440660389 0.6016 0
1711440666178 0.4865 0
1711440671929 0.6066 0
1711440678224 0.5825 0
1711440683996 0.567 0
1711440689788 0.5839 0
1711440695455 0.5029 0
1711440705156 0.605 0
1711440714893 0.4516 0
1711440724739 0.5401 0
1711440734483 0.5251 0
1711440744820 0.6062 0
1711440754672 0.5331 0
1711440764522 0.3959 0
1711440775989 0.5067 0
1711440785869 0.5484 0
1711440795656 0.6474 0
1711440806269 0.551 0
1711440816195 0.6221 0
1711440826464 0.5539 0
1711440836160 0.5747 0
1711440845377 0.5347 0
1711440855235 0.7032 0
1711440865336 0.6314 0
1711440875345 0.6459 0
1711440881213 0.5533 0
1711440891670 0.4681 0
1711440897460 0.555 0
1711440907387 0.5315 0
1711440917293 0.5999 0
1711440927355 0.51 0
1711440933240 0.5378 0
1711440943342 0.5218 0
1711440953538 0.424 0
1711440963430 0.4161 0
1711440973625 0.6184 0
1711440983689 0.6111 0
1711440992919 0.4619 0
1711440998787 0.4705 0
1711441008740 0.5424 0
1711441018604 0.4853 0
1711441024500 0.431 0
1711441034927 0.5742 0
1711441040786 0.3929 0
1711441046629 0.3768 0
1711441052408 0.4184 0
1711441058210 0.6895 0
1711441063941 0.6128 0
1711441069671 0.4823 0
1711441075386 0.439 0
1711441081028 0.7085 0
1711441087223 0.4758 0
1711441093027 0.4665 0
1711441098855 0.4405 0
1711441104540 0.4495 0
1711441110270 0.5674 0
1711441116085 0.4768 0
1711441121837 0.5222 0
1711441127536 0.4961 0
1711441133201 0.5338 0
1711441139021 0.4382 0
1711441144708 0.4702 0
1711441150580 0.5912 0
1711441156557 0.5166 0
1711441166421 0.5322 0
1711441172217 0.4774 0
1711441177890 0.4802 0
1711441183730 0.4703 0
1711441189602 0.6088 0
1711441195809 0.4885 0
1711441201694 0.6127 0
1711441207616 0.5373 0
1711441213390 0.414 0
1711441219329 0.4092 0
1711441225151 0.5582 0
1711441230917 0.3679 0
1711441236758 0.4992 0
1711441242604 0.4718 0
1711441248862 0.4353 0
1711441254676 0.4748 0
1711441260697 0.4394 0
1711441266490 0.4452 0
1711441272335 0.5662 0
1711441278129 0.4616 0
1711441283863 0.4988 0
1711441289770 0.4743 0
1711441295629 0.3447 0
1711441301874 0.3648 0
1711441307726 0.57 0
1711441313543 0.4879 0
1711441319403 0.4102 0
1711441325276 0.4444 0
1711441331103 0.4784 0
1711441337051 0.4495 0
1711441342999 0.4262 0
1711441348889 0.4239 0
1711441355146 0.4465 0
1711441360925 0.445 0
1711441366777 0.4491 0
1711441372677 0.4628 0
1711441378692 0.4263 0
1711441384573 0.3674 0
1711441390522 0.2462 0
1711441396317 0.3907 0
1711441402917 0.4125 0
1711441408717 0.3519 0
1711441414554 0.4108 0
1711441420415 0.4967 0
1711441426281 0.5174 0
1711441432117 0.3511 0
1711441438012 0.4964 0
1711441447995 0.3355 0
1711441453785 0.4388 0
1711441460219 0.6366 0
1711441470400 0.3799 0
1711441476247 0.4548 0
1711441482112 0.434 0
1711441487941 0.4326 0
1711441493883 0.5101 0
1711441499776 0.4293 0
1711441505625 0.5448 0
1711441512039 0.454 0
1711441522188 0.5255 0
1711441528218 0.4143 0
1711441534170 0.4697 0
1711441540179 0.4924 0
1711441546236 0.4427 0
1711441552195 0.5043 0
1711441558137 0.489 0
1711441564602 0.4043 0
1711441570332 0.3986 0
1711441579969 0.4099 0
1711441590041 0.4265 0
1711441595883 0.5961 0
1711441605954 0.3254 0
1711441616147 0.2923 0
1711441622408 0.5576 0
1711441628323 0.3793 0
1711441634173 0.3219 0
1711441640103 0.3956 0
1711441646043 0.4642 0
1711441652010 0.3668 0
1711441661997 0.4166 0
1711441672014 0.4156 0
1711441682348 0.3657 0
1711441688291 0.2662 0
1711441694186 0.3401 0
1711441700077 0.334 0
1711441705988 0.3284 0
1711441711907 0.4273 0
1711441717726 0.3303 0
1711441723567 0.3819 0
1711441729469 0.581 0
1711441735928 0.4555 0
1711441741801 0.4001 0
1711441747663 0.3595 0
1711441753510 0.3492 0
1711441759421 0.4371 0
1711441765381 0.4412 0
1711441771265 0.411 0
1711441777184 0.3963 0
1711441783775 0.413 0
1711441789746 0.3768 0
1711441795672 0.5142 0
1711441805661 0.3385 0
1711441811573 0.3687 0
1711441817603 0.4522 0
1711441823665 0.4651 0
1711441829686 0.4572 0
1711441836114 0.3909 0
1711441841901 0.3781 0
1711441847637 0.3855 0
1711441853345 0.3437 0
1711441859223 0.4338 0
1711441864991 0.413 0
1711441870694 0.5282 0
1711441876513 0.3565 0
1711441882231 0.4969 0
1711441888521 0.3445 0
1711441894339 0.4354 0
1711441900150 0.4537 0
1711441905888 0.4942 0
1711441911756 0.5701 0
1711441917458 0.4022 0
1711441923160 0.3062 0
1711441929031 0.3768 0
1711441934763 0.3723 0
1711441940493 0.3157 0
1711441946840 0.2855 0
1711441952630 0.4759 0
1711441958609 0.4802 0
1711441964452 0.2943 0
1711441970241 0.3948 0
1711441976139 0.3473 0
1711441981957 0.274 0
1711441987877 0.2895 0
1711441994290 0.3263 0
1711442000007 0.5052 0
1711442005775 0.4108 0
1711442011625 0.2464 0
1711442017465 0.3331 0
1711442023238 0.4889 0
1711442029036 0.355 0
1711442034907 0.3781 0
1711442040837 0.3137 0
1711442047148 0.3768 0
1711442052929 0.3212 0
1711442058794 0.45 0
1711442064667 0.3521 0
1711442070523 0.475 0
1711442076417 0.3911 0
1711442082260 0.5515 0
1711442088102 0.336 0
1711442094023 0.5371 0
1711442104457 0.3588 0
1711442110251 0.3981 0
1711442115970 0.3113 0
1711442121811 0.3696 0
1711442127707 0.4192 0
1711442133608 0.4249 0
1711442139443 0.3832 0
1711442145291 0.423 0
1711442151362 0.4224 0
1711442157799 0.4604 0
1711442163712 0.3336 0
1711442169563 0.3688 0
1711442175390 0.3224 0
1711442181328 0.3316 0
1711442187130 0.331 0
1711442192922 0.3624 0
1711442198703 0.3979 0
1711442204498 0.3218 0
1711442210817 0.2893 0
1711442216660 0.2556 0
1711442222710 0.3831 0
1711442228507 0.3248 0
1711442234400 0.473 0
1711442240337 0.3537 0
1711442246133 0.409 0
1711442252099 0.3924 0
1711442262723 0.4343 0
1711442272802 0.2285 0
1711442282634 0.3584 0
1711442292494 0.2255 0
1711442302276 0.2974 0
1711442308088 0.4401 0
1711442313891 0.5116 0
1711442320217 0.3958 0
1711442325926 0.4487 0
1711442331815 0.3793 0
1711442337617 0.3986 0
1711442343476 0.4167 0
1711442349349 0.319 0
1711442355149 0.3568 0
1711442361020 0.3588 0
1711442366814 0.2972 0
1711442373242 0.445 0
1711442379129 0.4161 0
1711442384957 0.2346 0
1711442390868 0.2925 0
1711442401048 0.4077 0
1711442406853 0.3038 0
1711442416878 0.3003 0
1711442422711 0.4335 0
1711442433383 0.3026 0
1711442443291 0.2962 0
1711442449169 0.4438 0
1711442455025 0.369 0
1711442460951 0.3422 0
1711442466804 0.3356 0
1711442476921 0.4015 0
1711442487290 0.2693 0
1711442497204 0.3266 0
1711442503072 0.2785 0
1711442513010 0.2572 0
1711442522879 0.2394 0
1711442532829 0.3339 0
1711442538622 0.3974 0
1711442544938 0.35 0
1711442550731 0.435 0
1711442556503 0.3786 0
1711442562313 0.3477 0
1711442568180 0.3742 0
1711442573999 0.3728 0
1711442579891 0.3816 0
1711442585669 0.3351 0
1711442591408 0.3095 0
1711442597832 0.3564 0
1711442603618 0.4461 0
1711442609417 0.2014 0
1711442615256 0.3402 0
1711442621075 0.4911 0
1711442626880 0.366 0
1711442632769 0.2867 0
1711442642733 0.2725 0
1711442653045 0.2791 0
1711442658911 0.279 0
1711442664711 0.3769 0
1711442670498 0.3882 0
1711442676295 0.2582 0
1711442682186 0.355 0
1711442692100 0.4651 0
1711442698120 0.3762 0
1711442708785 0.3122 0
1711442714702 0.444 0
1711442720564 0.3274 0
1711442726487 0.295 0
1711442732342 0.2812 0
1711442738237 0.2998 0
1711442744050 0.311 0
1711442749833 0.3855 0
1711442759728 0.321 0
1711442770341 0.2816 0
1711442776160 0.3965 0
1711442785950 0.3403 0
1711442791776 0.2692 0
1711442797623 0.3375 0
1711442803437 0.2807 0
1711442809264 0.3709 0
1711442815456 0.2725 0
1711442821281 0.3461 0
1711442831123 0.3726 0
1711442836933 0.4219 0
1711442847167 0.2714 0
1711442853062 0.2811 0
1711442863126 0.5638 0
1711442869039 0.3514 0
1711442875319 0.276 0
1711442885458 0.4244 0
1711442895432 0.3656 0
1711442905416 0.4122 0
1711442915442 0.3286 0
1711442925437 0.422 0
1711442935808 0.2753 0
1711442941789 0.3096 0
1711442951575 0.4081 0
1711442961444 0.2397 0
1711442971298 0.2363 0
1711442977190 0.3935 0
1711442983040 0.2773 0
1711442989667 0.246 0
1711442995559 0.3018 0
1711443001345 0.3747 0
1711443011426 0.3605 0
1711443017427 0.2773 0
1711443027666 0.3318 0
1711443033713 0.4011 0
1711443043834 0.4295 0
1711443050235 0.2547 0
1711443056133 0.4386 0
1711443062073 0.3681 0
1711443072156 0.2459 0
1711443078057 0.4008 0
1711443084030 0.2721 0
1711443090027 0.3656 0
1711443095924 0.3506 0
1711443102429 0.3449 0
1711443108320 0.4389 0
1711443114371 0.2531 0
1711443120277 0.4638 0
1711443126173 0.285 0
1711443132092 0.3976 0
1711443142130 0.3132 0
1711443152523 0.2852 0
1711443163292 0.3692 0
1711443173319 0.3772 0
1711443179249 0.3036 0
1711443185140 0.2984 0
1711443191334 0.3515 0
1711443197323 0.3339 0
1711443203303 0.3004 0
1711443210047 0.2961 0
1711443215998 0.3208 0
1711443221994 0.3201 0
1711443227936 0.4084 0
1711443233627 0.4382 0
1711443239508 0.4288 0
1711443245396 0.396 0
1711443251246 0.2828 0
1711443257147 0.2625 0
1711443263378 0.2688 0
1711443269211 0.2466 0
1711443275059 0.326 0
1711443280878 0.3834 0
1711443286668 0.3592 0
1711443292470 0.2821 0
1711443298240 0.3504 0
1711443304121 0.3416 0
1711443309902 0.3017 0
1711443315704 0.2849 0
1711443322086 0.2896 0
1711443327865 0.246 0
1711443333620 0.169 0
1711443339410 0.2357 0
1711443345258 0.5422 0
1711443351106 0.3532 0
1711443361005 0.3489 0
1711443370876 0.219 0
1711443381361 0.3627 0
1711443391282 0.3123 0
1711443397117 0.2733 0
1711443402814 0.2505 0
1711443408567 0.251 0
1711443414398 0.3259 0
1711443420138 0.2427 0
1711443425872 0.4684 0
1711443432328 0.3641 0
1711443442268 0.2622 0
1711443452303 0.3311 0
1711443462345 0.3572 0
1711443472327 0.2268 0
1711443482358 0.2923 0
1711443492226 0.2825 0
1711443502553 0.4415 0
1711443512609 0.2434 0
1711443518451 0.3069 0
1711443524393 0.2346 0
1711443530200 0.291 0
1711443536006 0.2052 0
1711443541783 0.2888 0
1711443547665 0.3387 0
1711443553840 0.3775 0
1711443559591 0.2659 0
1711443565362 0.2795 0
1711443571216 0.2375 0
1711443576990 0.2218 0
1711443582784 0.2031 0
1711443588485 0.2664 0
1711443594245 0.3544 0
1711443600141 0.3073 0
1711443606369 0.3723 0
1711443612154 0.247 0
1711443617913 0.2888 0
1711443623758 0.2924 0
1711443629646 0.389 0
1711443639651 0.2298 0
1711443645404 0.3508 0
1711443651101 0.2698 0
1711443656935 0.2039 0
1711443663236 0.2005 0
1711443669013 0.241 0
1711443674776 0.1273 0
1711443680580 0.2427 0
1711443686321 0.428 0
1711443692122 0.3466 0
1711443698067 0.2466 0
1711443703870 0.2749 0
1711443709628 0.3046 0
1711443715881 0.3349 0
1711443726019 0.247 0
1711443731818 0.3532 0
1711443741826 0.3681 0
1711443751688 0.2762 0
1711443761869 0.3325 0
1711443767684 0.197 0
1711443773876 0.2733 0
1711443779647 0.2469 0
1711443789964 0.2216 0
1711443795796 0.3255 0
1711443801632 0.3484 0
1711443807566 0.4004 0
1711443813462 0.3396 0
1711443819453 0.3205 0
1711443825940 0.3214 0
1711443840236 0.2083 0
1711443850482 0.2737 0
1711443856260 0.3297 0
1711443862103 0.3091 0
1711443868055 0.2191 0
1711443873842 0.2004 0
1711443879742 0.2195 0
1711443886213 0.4895 0
1711443892020 0.4086 0
1711443897866 0.2406 0
1711443903678 0.295 0
1711443909570 0.287 0
1711443915381 0.2424 0
1711443921289 0.2242 0
1711443927190 0.284 0
1711443933171 0.2848 0
1711443939580 0.3281 0
1711443949744 0.1368 0
1711443959832 0.255 0
1711443970019 0.2751 0
1711443979959 0.3712 0
1711443989995 0.2347 0
1711443996382 0.2862 0
1711444002295 0.3145 0
1711444008114 0.3389 0
1711444013906 0.2346 0
1711444019656 0.3211 0
1711444025450 0.2729 0
1711444031214 0.1623 0
1711444036997 0.3677 0
1711444046877 0.3229 0
1711444053290 0.3467 0
1711444063310 0.3235 0
1711444073347 0.2667 0
1711444083627 0.3105 0
1711444093810 0.247 0
1711444103975 0.3048 0
1711444114279 0.3128 0
1711444120020 0.1964 0
1711444125822 0.1688 0
1711444131671 0.3294 0
1711444137553 0.2673 0
1711444143436 0.2766 0
1711444149369 0.234 0
1711444155174 0.2238 0
1711444161033 0.293 0
1711444167289 0.2048 0
1711444173104 0.1385 0
1711444178875 0.4035 0
1711444184765 0.238 0
1711444194829 0.3058 0
1711444200741 0.2012 0
1711444206650 0.2939 0
1711444212412 0.2603 0
1711444218193 0.1834 0
1711444224738 0.3449 0
1711444230547 0.3203 0
1711444236448 0.2163 0
1711444242340 0.1751 0
1711444248250 0.2249 0
1711444254088 0.3194 0
1711444259918 0.3161 0
1711444265829 0.2677 0
1711444271654 0.1846 0
1711444278017 0.3991 0
1711444283957 0.2094 0
1711444289787 0.1761 0
1711444295671 0.1945 0
1711444301529 0.3937 0
1711444307399 0.2171 0
1711444313192 0.3056 0
1711444319121 0.1818 0
1711444325670 0.3419 0
1711444331551 0.2081 0
1711444337407 0.2953 0
1711444343341 0.2244 0
1711444349319 0.1818 0
1711444355362 0.2118 0
1711444361203 0.2074 0
1711444371259 0.1909 0
1711444377307 0.2791 0
1711444387993 0.2542 0
1711444393886 0.2028 0
1711444399835 0.2382 0
1711444405770 0.1577 0
1711444411577 0.2222 0
1711444417552 0.2867 0
1711444423457 0.2157 0
1711444429624 0.33 0
1711444435408 0.186 0
1711444441221 0.2413 0
1711444447042 0.2749 0
1711444452998 0.1864 0
1711444458952 0.1518 0
1711444464918 0.1984 0
1711444470711 0.2483 0
1711444476527 0.2405 0
1711444486938 0.2238 0
1711444492792 0.308 0
1711444498603 0.2544 0
1711444508862 0.3234 0
1711444514700 0.2861 0
1711444520685 0.3156 0
1711444526547 0.2167 0
1711444532791 0.2098 0
1711444538675 0.169 0
1711444544517 0.2472 0
1711444550387 0.2982 0
1711444556262 0.2864 0
1711444562082 0.2808 0
1711444572172 0.1775 0
1711444582511 0.2253 0
1711444593065 0.2059 0
1711444599069 0.2589 0
1711444604941 0.3064 0
1711444615004 0.3143 0
1711444620847 0.1994 0
1711444626891 0.2445 0
1711444632830 0.2188 0
1711444638717 0.2307 0
1711444645052 0.2404 0
1711444650969 0.2104 0
1711444656957 0.3061 0
1711444662876 0.1683 0
1711444668884 0.1911 0
1711444674687 0.249 0
1711444680549 0.2232 0
1711444686481 0.2428 0
1711444692422 0.2869 0
1711444699049 0.1807 0
1711444709372 0.3736 0
1711444715249 0.2028 0
1711444721142 0.2082 0
1711444727003 0.2767 0
1711444737352 0.1912 0
1711444747644 0.1843 0
1711444753419 0.1418 0
1711444760051 0.2877 0
1711444765885 0.216 0
1711444771769 0.2373 0
1711444777634 0.2516 0
1711444783672 0.2154 0
1711444789474 0.1619 0
1711444795289 0.1524 0
1711444801075 0.2468 0
1711444806898 0.1931 0
1711444813207 0.1651 0
1711444819197 0.2042 0
1711444825094 0.2386 0
1711444830928 0.2405 0
1711444840912 0.2682 0
1711444846702 0.2829 0
1711444852572 0.1754 0
1711444858372 0.1854 0
1711444864792 0.2095 0
1711444870653 0.1938 0
1711444876602 0.1529 0
1711444882365 0.1947 0
1711444888164 0.1182 0
1711444893979 0.1324 0
1711444899883 0.1382 0
1711444905805 0.2752 0
1711444911773 0.1269 0
1711444918421 0.187 0
1711444924358 0.1603 0
1711444930253 0.2858 0
1711444936186 0.191 0
1711444941996 0.3474 0
1711444947992 0.3438 0
1711444953938 0.2172 0
1711444959827 0.1909 0
1711444965774 0.1454 0
1711444976342 0.1879 0
1711444986292 0.2052 0
1711444992150 0.2674 0
1711444997947 0.1527 0
1711445008083 0.1641 0
1711445013980 0.1604 0
1711445024050 0.1431 0
1711445030343 0.2348 0
1711445036155 0.2321 0
1711445046434 0.0895 0
1711445052465 0.2349 0
1711445058385 0.2564 0
1711445064272 0.1524 0
1711445070148 0.1983 0
1711445075950 0.1964 0
1711445081982 0.142 0
1711445087850 0.1713 0
1711445093689 0.224 0
1711445099510 0.1122 0
1711445105395 0.2289 0
1711445111369 0.2046 0
1711445117296 0.2121 0
1711445123150 0.2193 0
1711445129105 0.1875 0
1711445135428 0.1414 0
1711445145627 0.1541 0
1711445151444 0.1058 0
1711445157228 0.1228 0
1711445167207 0.1848 0
1711445173061 0.2271 0
1711445183221 0.1797 0
1711445193973 0.2878 0
1711445204268 0.1766 0
1711445210099 0.1908 0
1711445220206 0.2003 0
1711445226076 0.1361 0
1711445231915 0.1481 0
1711445237829 0.2004 0
1711445243658 0.1852 0
1711445250137 0.1633 0
1711445255984 0.2054 0
1711445261768 0.1054 0
1711445267690 0.1265 0
1711445273562 0.0687 0
1711445283740 0.2076 0
1711445289576 0.3753 0
1711445295491 0.0866 0
1711445301754 0.144 0
1711445307665 0.1236 0
1711445313545 0.1312 0
1711445319528 0.2027 0
1711445325558 0.1512 0
1711445331424 0.2679 0
1711445337396 0.2561 0
1711445343313 0.2018 0
1711445349164 0.1463 0
1711445355425 0.1357 0
1711445361412 0.1898 0
1711445367249 0.1071 0
1711445373068 0.1978 0
1711445378893 0.1986 0
1711445384727 0.1964 0
1711445390615 0.1891 0
1711445396565 0.1158 0
1711445402533 0.2052 0
1711445408977 0.2975 0
1711445414805 0.2244 0
1711445420577 0.0892 0
1711445426398 0.1825 0
1711445432285 0.1033 0
1711445438174 0.2065 0
1711445443986 0.1828 0
1711445449848 0.156 0
1711445455677 0.172 0
1711445462018 0.1729 0
1711445467860 0.1935 0
1711445473770 0.1887 0
1711445479778 0.0889 0
1711445490197 0.1863 0
1711445496094 0.1677 0
1711445502120 0.162 0
1711445508166 0.1174 0
1711445514559 0.0946 0
1711445520590 0.1512 0
1711445526454 0.1811 0
1711445532396 0.176 0
1711445538202 0.1616 0
1711445548497 0.2065 0
1711445554395 0.0887 0
1711445564488 0.1111 0
1711445575312 0.2621 0
1711445585563 0.2628 0
1711445591497 0.1341 0
1711445597400 0.128 0
1711445607542 0.0925 0
1711445613484 0.1065 0
1711445619333 0.0719 0
1711445625699 0.1002 0
1711445631625 0.0738 0
1711445637496 0.1245 0
1711445643369 0.1343 0
1711445649258 0.1463 0
1711445655160 0.1624 0
1711445661037 0.212 0
1711445671266 0.1893 0
1711445677597 0.1732 0
1711445683661 0.1644 0
1711445689529 0.1246 0
1711445695510 0.1839 0
1711445701660 0.139 0
1711445707599 0.1878 0
1711445713490 0.116 0
1711445719401 0.1366 0
1711445725313 0.1756 0
1711445736356 0.151 0
1711445746700 0.1027 0
1711445752746 0.0792 0
1711445758612 0.1782 0
1711445764537 0.2375 0
1711445774825 0.1188 0
1711445780800 0.151 0
1711445787288 0.1021 0
1711445793155 0.1672 0
1711445799120 0.1917 0
1711445805026 0.1416 0
1711445810902 0.1279 0
1711445816796 0.1437 0
1711445822912 0.1189 0
1711445833159 0.1239 0
1711445839214 0.1924 0
1711445845775 0.1471 0
1711445851740 0.0723 0
1711445857872 0.1438 0
1711445863972 0.1175 0
1711445870081 0.0762 0
1711445875950 0.0804 0
1711445881936 0.1387 0
1711445887931 0.1285 0
1711445894507 0.2365 0
1711445900422 0.1531 0
1711445906471 0.1803 0
1711445912646 0.0687 0
1711445918875 0.1829 0
1711445924886 0.1994 0
1711445930856 0.0841 0
1711445937023 0.1705 0
1711445943126 0.0954 0
1711445949751 0.1059 0
1711445955662 0.0964 0
1711445961432 0.1139 0
1711445967215 0.099 0
1711445973067 0.1487 0
1711445978948 0.1391 0
1711445984681 0.1951 0
