1712471856073 77.95 0
1712471915573 53.08 0
1712471976931 53.43 0
1712472038866 53.6 0
1712472105768 53.52 0
1712472167322 53.45 0
1712472234178 53.37 0
1712472295809 53.63 0
1712472362623 53.47 0
1712472429646 53.57 0
1712472491084 53.73 0
1712472558031 53.54 0
1712472619432 53.63 0
1712472681144 53.67 0
1712472748578 53.58 0
1712472810223 53.69 0
1712472866319 53.77 0
1712472927932 53.66 0
1712472989483 53.68 0
1712473045451 53.56 0
1712473112524 53.49 0
1712473174649 53.75 0
1712473236067 53.65 0
1712473292119 53.81 0
1712473353460 53.58 0
1712473414790 53.46 0
1712473476084 53.43 0
1712473537850 53.83 0
1712473599339 53.51 0
1712473661019 53.63 0
1712473722406 53.4 0
1712473778383 53.67 0
1712473839706 53.43 0
1712473906940 53.73 0
1712473968877 53.63 0
1712474030323 53.71 0
1712474086473 53.74 0
1712474148032 53.56 0
1712474209852 53.67 0
1712474271443 53.52 0
1712474339139 53.8 0
1712474400167 53.61 0
1712474461902 53.59 0
1712474517928 53.78 0
1712474579094 53.51 0
1712474634974 53.62 0
1712474691325 53.64 0
1712474747156 53.56 0
1712474803147 53.72 0
1712474869894 53.56 0
1712474938943 53.56 0
1712475000740 53.67 0
1712475062441 53.66 0
1712475124619 53.82 0
1712475185744 53.63 0
1712475247298 53.65 0
1712475309070 53.81 0
1712475372126 54.96 0
1712475428506 54.02 0
1712475484703 53.81 0
1712475540709 53.62 0
1712475596747 53.6 0
1712475652620 53.55 0
1712475718803 53.44 0
1712475779871 53.7 0
1712475836642 54.09 0
1712475896595 56.93 0
1712475952693 53.72 0
1712476008693 53.63 0
1712476064919 53.9 0
1712476120976 53.66 0
1712476187274 53.57 0
1712476248708 53.54 0
1712476314603 53.39 0
1712476375415 53.38 0
1712476431334 53.6 0
1712476497373 53.45 0
1712476553395 53.69 0
1712476609945 53.84 0
1712476671292 53.67 0
1712476732449 53.5 0
1712476793725 53.34 0
1712476849674 53.42 0
1712476905361 53.42 0
1712476961306 53.69 0
1712477022688 53.55 0
1712477078603 53.63 0
1712477134363 53.53 0
1712477190547 53.91 0
1712477257379 53.44 0
1712477318256 53.49 0
1712477379757 53.57 0
1712477440945 53.43 0
1712477496570 53.39 0
1712477552391 53.58 0
1712477608093 53.46 0
1712477663824 53.51 0
1712477719997 53.76 0
1712477781619 53.99 0
1712477837547 53.58 0
1712477898573 53.55 0
1712477954508 53.65 0
1712478020854 53.46 0
1712478076573 53.43 0
1712478137656 53.46 0
1712478193910 53.59 0
1712478249822 53.54 0
1712478305906 53.75 0
1712478361834 53.61 0
1712478417873 53.7 0
1712478473904 53.7 0
1712478529755 53.57 0
1712478585970 53.54 0
1712478641817 53.56 0
1712478697438 53.34 0
1712478753244 53.52 0
1712478808991 53.42 0
1712478864967 53.66 0
1712478921048 53.67 0
1712478977253 53.89 0
1712479033358 53.72 0
1712479089296 53.62 0
1712479145198 53.58 0
1712479201102 53.59 0
1712479257261 53.83 0
1712479313245 53.65 0
1712479369370 53.74 0
1712479425247 53.55 0
1712479481428 53.79 0
1712479537434 53.67 0
1712479598822 53.66 0
1712479654822 53.67 0
1712479710901 53.74 0
1712479772543 53.72 0
1712479834234 53.69 0
1712479895974 53.56 0
1712479951993 53.66 0
1712480007906 53.57 0
1712480063743 53.48 0
1712480119816 53.66 0
1712480175559 53.41 0
1712480231516 53.52 0
1712480292708 53.33 0
1712480348542 53.48 0
1712480404536 53.58 0
1712480465492 53.29 0
1712480521649 53.35 0
1712480577531 53.53 0
1712480633353 53.47 0
1712480689209 53.5 0
1712480750682 53.51 0
1712480806634 53.58 0
1712480862939 53.94 0
1712480918938 53.61 0
1712480974972 53.65 0
1712481041443 53.5 0
1712481097397 53.5 0
1712481153329 53.54 0
1712481209386 53.67 0
1712481271030 53.61 0
1712481327110 53.71 0
1712481383202 53.63 0
1712481439301 53.72 0
1712481500606 53.61 0
1712481556693 53.69 0
1712481618234 53.56 0
1712481679196 53.47 0
1712481740075 53.41 0
1712481795810 53.39 0
1712481851574 53.39 0
1712481907307 53.38 0
1712481963158 53.46 0
1712482019592 53.7 0
1712482075689 53.66 0
1712482131615 53.58 0
1712482187486 53.52 0
1712482243271 53.44 0
1712482299122 53.5 0
1712482355087 53.62 0
1712482411548 53.62 0
1712482467588 53.63 0
1712482523504 53.57 0
1712482579645 53.78 0
1712482635767 53.76 0
1712482691760 53.64 0
1712482747740 53.6 0
1712482804276 53.62 0
1712482860267 53.64 0
1712482916320 53.71 0
1712482972416 53.69 0
1712483028447 53.6 0
1712483084345 53.54 0
1712483140339 53.6 0
1712483196635 53.82 0
1712483252769 53.74 0
1712483308798 53.64 0
1712483364932 53.73 0
1712483420856 53.53 0
1712483476797 53.52 0
1712483532734 53.53 0
1712483594161 53.46 0
1712483650060 53.43 0
1712483716289 53.47 0
1712483772142 53.45 0
1712483828113 53.58 0
1712483889146 53.66 0
1712483950510 53.85 0
1712484006687 53.92 0
1712484062764 53.82 0
1712484118672 53.6 0
1712484174489 53.57 0
1712484235535 53.51 0
1712484291344 53.55 0
1712484347514 53.84 0
1712484403434 53.59 0
1712484459311 53.62 0
1712484515120 53.54 0
1712484571104 53.7 0
1712484627016 53.58 0
1712484683000 53.69 0
1712484738860 53.6 0
1712484795323 53.73 0
1712484851154 53.55 0
1712484907173 53.75 0
1712484963397 53.93 0
1712485019492 53.73 0
1712485075468 53.7 0
1712485136470 53.68 0
1712485198041 53.71 0
1712485254212 53.89 0
1712485310287 53.74 0
1712485366197 53.64 0
1712485421983 53.51 0
1712485477939 53.69 0
1712485533913 53.63 0
1712485589825 53.65 0
1712485646241 53.66 0
1712485702313 53.74 0
1712485758256 53.66 0
1712485819679 53.75 0
1712485880906 53.71 0
1712485936916 53.71 0
1712486003308 53.53 0
1712486059256 53.65 0
1712486115167 53.61 0
1712486171074 53.62 0
1712486226998 53.62 0
1712486282982 53.67 0
1712486338790 53.52 0
1712486394973 53.89 0
1712486456017 53.62 0
1712486512040 53.7 0
1712486567936 53.6 0
1712486623893 53.64 0
1712486679999 53.79 0
1712486735939 53.63 0
1712486792301 53.64 0
1712486848187 53.57 0
1712486904146 53.64 0
1712486960062 53.59 0
1712487015998 53.62 0
1712487071929 53.62 0
1712487127986 53.75 0
1712487184059 53.77 0
1712487239926 53.5 0
1712487295786 53.54 0
1712487361633 53.29 0
1712487417386 53.39 0
1712487473297 53.63 0
1712487529311 53.71 0
1712487585283 53.64 0
1712487641131 53.56 0
1712487697217 53.79 0
1712487753310 53.8 0
1712487809368 53.77 0
1712487875637 53.57 0
1712487931588 53.67 0
1712487992839 53.53 0
1712488053970 53.52 0
1712488115111 53.59 0
1712488176012 53.38 0
1712488236892 53.32 0
1712488293073 53.87 0
1712488349081 53.72 0
1712488415270 53.54 0
1712488475996 53.49 0
1712488532081 53.77 0
1712488588167 53.75 0
1712488644088 53.58 0
1712488700619 53.83 0
1712488756799 53.81 0
1712488812975 53.77 0
1712488869170 53.79 0
1712488925258 53.71 0
1712488981329 53.74 0
1712489037325 53.59 0
1712489093438 53.76 0
1712489149244 53.47 0
1712489205042 53.42 0
1712489260992 53.58 0
1712489322179 53.65 0
1712489378021 53.49 0
1712489433843 53.44 0
1712489490054 53.86 0
1712489545885 53.48 0
1712489601978 53.72 0
1712489658056 53.67 0
1712489719333 53.55 0
1712489775488 53.75 0
1712489831795 53.94 0
1712489888306 53.76 0
1712489944420 53.69 0
1712490000418 53.58 0
1712490056508 53.75 0
1712490117786 53.69 0
1712490173903 53.72 0
1712490230038 53.75 0
1712490291684 53.71 0
1712490352817 53.49 0
1712490414108 53.68 0
1712490470195 53.74 0
1712490526137 53.53 0
1712490582147 53.63 0
1712490638167 53.67 0
1712490694617 53.72 0
1712490750813 53.84 0
1712490806835 53.57 0
1712490862830 53.56 0
1712490918764 53.55 0
1712490974550 53.43 0
1712491030476 53.57 0
1712491086891 53.65 0
1712491142802 53.55 0
1712491198563 53.41 0
1712491254515 53.58 0
1712491310403 53.48 0
1712491366515 53.68 0
1712491422500 53.6 0
1712491478933 53.68 0
1712491535034 53.71 0
1712491591223 53.79 0
1712491647430 53.72 0
1712491703778 53.9 0
1712491759873 53.71 0
1712491815817 53.56 0
1712491871928 53.73 0
1712491928143 53.77 0
1712491984177 53.6 0
1712492040309 53.74 0
1712492096320 53.59 0
1712492162506 53.42 0
1712492218690 53.78 0
1712492279914 53.51 0
1712492335979 53.65 0
1712492392108 53.73 0
1712492448367 53.86 0
1712492504369 53.58 0
1712492560539 53.78 0
1712492616996 53.71 0
1712492672943 53.55 0
1712492728991 53.65 0
1712492785001 53.61 0
1712492840992 53.59 0
1712492896991 53.6 0
1712492953051 53.63 0
1712493009334 53.89 0
1712493065484 53.66 0
1712493121543 53.66 0
1712493177389 53.45 0
1712493233395 53.56 0
1712493289730 53.86 0
1712493345801 53.65 0
1712493401931 53.73 0
1712493457964 53.62 0
1712493514173 53.78 0
1712493570394 53.81 0
1712493626551 53.65 0
1712493682592 53.63 0
1712493738650 53.64 0
1712493794819 53.76 0
1712493856221 53.58 0
1712493912267 53.63 0
1712493968532 53.78 0
1712494024604 53.63 0
1712494080780 53.72 0
1712494136959 53.71 0
1712494193371 53.56 0
1712494249606 53.79 0
1712494305705 53.62 0
1712494362024 53.87 0
1712494418228 53.76 0
1712494474389 53.64 0
1712494530495 53.66 0
1712494586705 53.4 0
1712494642723 53.57 0
1712494698802 53.6 0
1712494754697 53.45 0
1712494810921 53.65 0
1712494867050 53.68 0
1712494923236 53.74 0
1712494984771 53.61 0
1712495040955 53.73 0
1712495096962 53.57 0
1712495153100 53.66 0
1712495209214 53.66 0
1712495265582 53.84 0
1712495322216 53.82 0
1712495378397 53.72 0
1712495434669 53.82 0
1712495490624 53.5 0
1712495546836 53.75 0
1712495602589 53.45 0
1712495658633 53.72 0
1712495715032 53.71 0
1712495771122 53.78 0
1712495827053 53.62 0
1712495883090 53.67 0
1712495939122 53.72 0
1712495995011 53.57 0
1712496050898 53.57 0
1712496112327 53.39 0
1712496168193 53.56 0
1712496224274 53.78 0
1712496280224 53.64 0
1712496336270 53.73 0
1712496392236 53.65 0
1712496448164 53.61 0
1712496510034 53.59 0
1712496565862 53.51 0
1712496621966 53.78 0
1712496677926 53.61 0
1712496733934 53.67 0
1712496789917 53.63 0
1712496846047 53.81 0
1712496901955 53.55 0
1712496958392 53.73 0
1712497014410 53.69 0
1712497070400 53.65 0
1712497126354 53.63 0
1712497182409 53.71 0
1712497238294 53.56 0
1712497294297 53.68 0
1712497350604 53.99 0
1712497406500 53.58 0
1712497462446 53.61 0
1712497518562 53.79 0
1712497574414 53.53 0
1712497630493 53.7 0
1712497686400 53.49 0
1712497742482 53.77 0
1712497803834 53.41 0
1712497859823 53.61 0
1712497915800 53.65 0
1712497971798 53.68 0
1712498028058 53.85 0
1712498084033 53.66 0
1712498140404 53.67 0
1712498196295 53.56 0
1712498252327 53.7 0
1712498308357 53.69 0
1712498364338 53.66 0
1712498420166 53.49 0
1712498481272 53.43 0
1712498537581 53.63 0
1712498593359 53.44 0
1712498654396 53.44 0
1712498715410 53.43 0
1712498771351 53.62 0
1712498832389 53.41 0
1712498893921 53.49 0
1712498949726 53.48 0
1712499005712 53.67 0
1712499061606 53.57 0
1712499117344 53.42 0
1712499173334 53.66 0
1712499229185 53.47 0
1712499285145 53.56 0
1712499340909 53.44 0
1712499396821 53.56 0
1712499452796 53.62 0
1712499508966 53.78 0
1712499564934 53.6 0
1712499620780 53.48 0
1712499677183 54.03 0
1712499733383 53.83 0
1712499789351 53.6 0
1712499845372 53.64 0
1712499901414 53.68 0
1712499957362 53.57 0
1712500013367 53.61 0
1712500069352 53.61 0
1712500125921 53.78 0
1712500181942 53.62 0
1712500237940 53.63 0
1712500293935 53.54 0
1712500349979 53.67 0
1712500406015 53.66 0
1712500462008 53.63 0
1712500518552 53.71 0
1712500574626 53.63 0
1712500636045 53.65 0
1712500692078 53.59 0
1712500747992 53.49 0
1712500804037 53.67 0
1712500860142 53.68 0
1712500916760 53.79 0
1712500972837 53.7 0
1712501028857 53.65 0
1712501084895 53.68 0
1712501140953 53.68 0
1712501196920 53.6 0
1712501252980 53.67 0
1712501308934 53.58 0
1712501365130 53.43 0
1712501421007 53.52 0
1712501476834 53.46 0
1712501532762 53.56 0
1712501588664 53.53 0
1712501644736 53.66 0
1712501700600 53.5 0
1712501757324 53.66 0
1712501813450 53.75 0
1712501869645 53.8 0
1712501925565 53.55 0
1712501986896 53.6 0
1712502042892 53.63 0
1712502098809 53.55 0
1712502155331 53.66 0
1712502211518 53.81 0
1712502267785 53.8 0
1712502323908 53.74 0
1712502379990 53.66 0
1712502436037 53.65 0
1712502492118 53.69 0
1712502548526 53.95 0
1712502604603 53.7 0
1712502660573 53.6 0
1712502716644 53.7 0
1712502772587 53.58 0
1712502828565 53.6 0
1712502884524 53.59 0
1712502940621 53.7 0
1712502996603 53.6 0
1712503052472 53.49 0
1712503108479 53.64 0
1712503164596 53.74 0
1712503220446 53.48 0
1712503276471 53.59 0
1712503332540 53.69 0
1712503388905 53.62 0
1712503455883 53.45 0
1712503517345 53.54 0
1712503578358 53.51 0
1712503639495 53.8 0
1712503701334 53.6 0
1712503757450 53.68 0
1712503818712 53.53 0
1712503874467 53.39 0
1712503930373 53.49 0
1712503986114 53.38 0
1712504042187 53.69 0
1712504098233 53.61 0
1712504154165 53.55 0
1712504210185 53.65 0
1712504271358 53.44 0
1712504332527 53.44 0
1712504393872 53.62 0
1712504454788 53.29 0
1712504510783 53.56 0
1712504566770 53.62 0
1712504622737 53.59 0
1712504678686 53.58 0
1712504734818 53.72 0
1712504791261 53.63 0
1712504847325 53.65 0
1712504903295 53.56 0
1712504959316 53.6 0
1712505015380 53.64 0
1712505071388 53.59 0
1712505127299 53.5 0
1712505183665 53.95 0
1712505239839 53.76 0
1712505295896 53.58 0
1712505352013 53.69 0
1712505408019 53.58 0
1712505464132 53.67 0
1712505520224 53.67 0
1712505576672 54.03 0
1712505632639 53.54 0
1712505688670 53.61 0
1712505744808 53.72 0
1712505800857 53.62 0
1712505856931 53.64 0
1712505913005 53.64 0
1712505969404 53.96 0
1712506025483 53.62 0
1712506081481 53.58 0
1712506137616 53.7 0
1712506193616 53.58 0
1712506249560 53.52 0
