1712471778114 0.002 0
1712471862481 0.002 1
1712471923491 0.002 2
1712471985257 0.00199 3
1712472052244 0.00199 4
1712472113866 0.00199 5
1712472180797 0.00198 6
1712472242165 0.00198 7
1712472309142 0.00198 8
1712472376070 0.00198 9
1712472437343 0.00197 10
1712472504480 0.00197 11
1712472565795 0.00197 12
1712472627463 0.00196 13
1712472694991 0.00196 14
1712472756527 0.00196 15
1712472812539 0.00195 16
1712472874266 0.00195 17
1712472935789 0.00195 18
1712472991880 0.00195 19
1712473059030 0.00194 20
1712473120892 0.00194 21
1712473182409 0.00194 22
1712473238302 0.00193 23
1712473299871 0.00193 24
1712473361325 0.00193 25
1712473422648 0.00192 26
1712473484014 0.00192 27
1712473545820 0.00192 28
1712473607379 0.00192 29
1712473668992 0.00191 30
1712473724706 0.00191 31
1712473786266 0.00191 32
1712473853203 0.0019 33
1712473915243 0.0019 34
1712473976608 0.0019 35
1712474032719 0.00189 36
1712474094461 0.00189 37
1712474156172 0.00189 38
1712474217903 0.00189 39
1712474285326 0.00188 40
1712474346542 0.00188 41
1712474408298 0.00188 42
1712474464136 0.00187 43
1712474525572 0.00187 44
1712474581342 0.00187 45
1712474637678 0.00186 46
1712474693583 0.00186 47
1712474749418 0.00186 48
1712474816325 0.00186 49
1712474885375 0.00185 50
1712474947058 0.00185 51
1712475008773 0.00185 52
1712475070792 0.00184 53
1712475132103 0.00184 54
1712475193635 0.00184 55
1712475255250 0.00183 56
1712475317161 0.00183 57
1712475374470 0.00183 58
1712475430882 0.00183 59
1712475487073 0.00182 60
1712475543138 0.00182 61
1712475599058 0.00182 62
1712475665353 0.00181 63
1712475726160 0.00181 64
1712475782543 0.00181 65
1712475839670 0.0018 66
1712475898961 0.0018 67
1712475955054 0.0018 68
1712476011014 0.00179 69
1712476067311 0.00179 70
1712476133689 0.00179 71
1712476195152 0.00179 72
1712476261199 0.00178 73
1712476322023 0.00178 74
1712476377724 0.00178 75
1712476443908 0.00177 76
1712476499699 0.00177 77
1712476556093 0.00177 78
1712476617612 0.00176 79
1712476678940 0.00176 80
1712476740375 0.00176 81
1712476796248 0.00176 82
1712476851927 0.00175 83
1712476907609 0.00175 84
1712476969132 0.00175 85
1712477024962 0.00174 86
1712477080816 0.00174 87
1712477136623 0.00174 88
1712477203928 0.00173 89
1712477264746 0.00173 90
1712477326183 0.00173 91
1712477387506 0.00172 92
1712477443174 0.00172 93
1712477498796 0.00172 94
1712477554626 0.00172 95
1712477610302 0.00171 96
1712477666225 0.00171 97
1712477727619 0.00171 98
1712477783950 0.0017 99
1712477845012 0.0017 100
1712477900850 0.0017 101
1712477967383 0.00169 102
1712478023133 0.00169 103
1712478084192 0.00169 104
1712478140308 0.00169 105
1712478196276 0.00168 106
1712478252149 0.00168 107
1712478308209 0.00168 108
1712478364166 0.00167 109
1712478420193 0.00167 110
1712478476166 0.00167 111
1712478532419 0.00166 112
1712478588249 0.00166 113
1712478644084 0.00166 114
1712478699713 0.00165 115
1712478755560 0.00165 116
1712478811299 0.00165 117
1712478867368 0.00165 118
1712478923351 0.00164 119
1712478979629 0.00164 120
1712479035666 0.00164 121
1712479091605 0.00163 122
1712479147506 0.00163 123
1712479203421 0.00163 124
1712479259583 0.00162 125
1712479315615 0.00162 126
1712479371688 0.00162 127
1712479427623 0.00161 128
1712479483745 0.00161 129
1712479545152 0.00161 130
1712479601139 0.00161 131
1712479657149 0.0016 132
1712479718818 0.0016 133
1712479780528 0.0016 134
1712479842406 0.00159 135
1712479898328 0.00159 136
1712479954329 0.00159 137
1712480010242 0.00158 138
1712480066149 0.00158 139
1712480122137 0.00158 140
1712480177993 0.00157 141
1712480239372 0.00157 142
1712480295047 0.00157 143
1712480350948 0.00157 144
1712480412194 0.00156 145
1712480468290 0.00156 146
1712480523995 0.00156 147
1712480579873 0.00155 148
1712480635696 0.00155 149
1712480697161 0.00155 150
1712480753043 0.00154 151
1712480808982 0.00154 152
1712480865318 0.00154 153
1712480921316 0.00153 154
1712480987931 0.00153 155
1712481043889 0.00153 156
1712481099778 0.00153 157
1712481155707 0.00152 158
1712481217411 0.00152 159
1712481273394 0.00152 160
1712481329561 0.00151 161
1712481385576 0.00151 162
1712481446988 0.00151 163
1712481502996 0.0015 164
1712481564666 0.0015 165
1712481625712 0.0015 166
1712481686657 0.00149 167
1712481742402 0.00149 168
1712481798178 0.00149 169
1712481853913 0.00148 170
1712481909685 0.00148 171
1712481965884 0.00148 172
1712482022011 0.00148 173
1712482078032 0.00147 174
1712482133950 0.00147 175
1712482189825 0.00147 176
1712482245607 0.00146 177
1712482301456 0.00146 178
1712482357911 0.00146 179
1712482413952 0.00145 180
1712482469923 0.00145 181
1712482525860 0.00145 182
1712482582001 0.00144 183
1712482638116 0.00144 184
1712482694133 0.00144 185
1712482750642 0.00144 186
1712482806614 0.00143 187
1712482862602 0.00143 188
1712482918714 0.00143 189
1712482974839 0.00142 190
1712483030791 0.00142 191
1712483086724 0.00142 192
1712483142807 0.00141 193
1712483199021 0.00141 194
1712483255150 0.00141 195
1712483311189 0.0014 196
1712483367312 0.0014 197
1712483423270 0.0014 198
1712483479193 0.00139 199
1712483540692 0.00139 200
1712483596615 0.00139 201
1712483662807 0.00139 202
1712483718689 0.00138 203
1712483774523 0.00138 204
1712483835476 0.00138 205
1712483896650 0.00137 206
1712483952757 0.00137 207
1712484008931 0.00137 208
1712484065064 0.00136 209
1712484120910 0.00136 210
1712484182013 0.00136 211
1712484237779 0.00135 212
1712484293664 0.00135 213
1712484349830 0.00135 214
1712484405683 0.00134 215
1712484461575 0.00134 216
1712484517390 0.00134 217
1712484573424 0.00134 218
1712484629303 0.00133 219
1712484685254 0.00133 220
1712484741587 0.00133 221
1712484797588 0.00132 222
1712484853415 0.00132 223
1712484909451 0.00132 224
1712484965742 0.00131 225
1712485021754 0.00131 226
1712485082781 0.00131 227
1712485144320 0.0013 228
1712485200308 0.0013 229
1712485256540 0.0013 230
1712485312553 0.00129 231
1712485368462 0.00129 232
1712485424241 0.00129 233
1712485480275 0.00128 234
1712485536167 0.00128 235
1712485592568 0.00128 236
1712485648564 0.00128 237
1712485704584 0.00127 238
1712485765916 0.00127 239
1712485827183 0.00127 240
1712485883197 0.00126 241
1712485949765 0.00126 242
1712486005592 0.00126 243
1712486061543 0.00125 244
1712486117446 0.00125 245
1712486173363 0.00125 246
1712486229303 0.00124 247
1712486285263 0.00124 248
1712486341078 0.00124 249
1712486402385 0.00123 250
1712486458325 0.00123 251
1712486514327 0.00123 252
1712486570242 0.00122 253
1712486626197 0.00122 254
1712486682298 0.00122 255
1712486738649 0.00122 256
1712486794614 0.00121 257
1712486850494 0.00121 258
1712486906466 0.00121 259
1712486962364 0.0012 260
1712487018300 0.0012 261
1712487074227 0.0012 262
1712487130281 0.00119 263
1712487186414 0.00119 264
1712487242231 0.00119 265
1712487308332 0.00118 266
1712487363982 0.00118 267
1712487419655 0.00118 268
1712487475589 0.00117 269
1712487531640 0.00117 270
1712487587564 0.00117 271
1712487643416 0.00116 272
1712487699499 0.00116 273
1712487755587 0.00116 274
1712487822054 0.00116 275
1712487877908 0.00115 276
1712487939297 0.00115 277
1712488000435 0.00115 278
1712488061508 0.00114 279
1712488122618 0.00114 280
1712488183561 0.00114 281
1712488239192 0.00113 282
1712488295352 0.00113 283
1712488361714 0.00113 284
1712488422491 0.00112 285
1712488478303 0.00112 286
1712488534408 0.00112 287
1712488590497 0.00111 288
1712488646776 0.00111 289
1712488702978 0.00111 290
1712488759199 0.0011 291
1712488815359 0.0011 292
1712488871534 0.0011 293
1712488927582 0.00109 294
1712488983725 0.00109 295
1712489039664 0.00109 296
1712489095767 0.00108 297
1712489151612 0.00108 298
1712489207406 0.00108 299
1712489268520 0.00107 300
1712489324524 0.00107 301
1712489380387 0.00107 302
1712489436183 0.00107 303
1712489492399 0.00106 304
1712489548244 0.00106 305
1712489604378 0.00106 306
1712489665771 0.00105 307
1712489721725 0.00105 308
1712489777849 0.00105 309
1712489834543 0.00104 310
1712489890722 0.00104 311
1712489946824 0.00104 312
1712490002746 0.00103 313
1712490064083 0.00103 314
1712490120166 0.00103 315
1712490176282 0.00102 316
1712490237963 0.00102 317
1712490299321 0.00102 318
1712490360425 0.00101 319
1712490416450 0.00101 320
1712490472595 0.00101 321
1712490528505 0.001 322
1712490584490 0.001 323
1712490640890 0.001 324
1712490696963 0.00099 325
1712490753260 0.00099 326
1712490809261 0.00099 327
1712490865203 0.00098 328
1712490921102 0.00098 329
1712490976895 0.00098 330
1712491033229 0.00097 331
1712491089243 0.00097 332
1712491145145 0.00097 333
1712491200922 0.00097 334
1712491256910 0.00096 335
1712491312822 0.00096 336
1712491368887 0.00096 337
1712491425245 0.00095 338
1712491481313 0.00095 339
1712491537424 0.00095 340
1712491593703 0.00094 341
1712491649872 0.00094 342
1712491706153 0.00094 343
1712491762250 0.00093 344
1712491818192 0.00093 345
1712491874360 0.00093 346
1712491930574 0.00092 347
1712491986553 0.00092 348
1712492042723 0.00092 349
1712492109075 0.00091 350
1712492164894 0.00091 351
1712492226390 0.00091 352
1712492282318 0.0009 353
1712492338368 0.0009 354
1712492394493 0.0009 355
1712492450781 0.00089 356
1712492506748 0.00089 357
1712492563283 0.00089 358
1712492619381 0.00088 359
1712492675333 0.00088 360
1712492731380 0.00088 361
1712492787389 0.00087 362
1712492843379 0.00087 363
1712492899408 0.00087 364
1712492955436 0.00086 365
1712493011810 0.00086 366
1712493067873 0.00086 367
1712493123930 0.00085 368
1712493179821 0.00085 369
1712493235859 0.00085 370
1712493292148 0.00084 371
1712493348189 0.00084 372
1712493404324 0.00084 373
1712493460387 0.00083 374
1712493516571 0.00083 375
1712493572892 0.00083 376
1712493628949 0.00082 377
1712493684997 0.00082 378
1712493741049 0.00082 379
1712493802627 0.00081 380
1712493858623 0.00081 381
1712493914749 0.00081 382
1712493970969 0.0008 383
1712494027033 0.0008 384
1712494083239 0.0008 385
1712494139805 0.00079 386
1712494195805 0.00079 387
1712494252076 0.00079 388
1712494308140 0.00078 389
1712494364459 0.00078 390
1712494420742 0.00078 391
1712494476824 0.00077 392
1712494533299 0.00077 393
1712494589139 0.00077 394
1712494645191 0.00076 395
1712494701234 0.00076 396
1712494757261 0.00076 397
1712494813358 0.00075 398
1712494869491 0.00075 399
1712494931147 0.00075 400
1712494987212 0.00074 401
1712495043386 0.00074 402
1712495099431 0.00074 403
1712495155538 0.00073 404
1712495211736 0.00073 405
1712495268390 0.00073 406
1712495324659 0.00072 407
1712495380841 0.00072 408
1712495437114 0.00072 409
1712495493073 0.00071 410
1712495549131 0.00071 411
1712495604901 0.00071 412
1712495661307 0.0007 413
1712495717334 0.0007 414
1712495773420 0.0007 415
1712495829413 0.00069 416
1712495885391 0.00069 417
1712495941425 0.00069 418
1712495997320 0.00068 419
1712496058930 0.00068 420
1712496114620 0.00068 421
1712496170487 0.00067 422
1712496226575 0.00067 423
1712496282530 0.00067 424
1712496338573 0.00066 425
1712496394546 0.00066 426
1712496456438 0.00066 427
1712496512343 0.00065 428
1712496568175 0.00065 429
1712496624307 0.00065 430
1712496680250 0.00064 431
1712496736273 0.00064 432
1712496792229 0.00064 433
1712496848398 0.00063 434
1712496904654 0.00063 435
1712496960709 0.00063 436
1712497016747 0.00062 437
1712497072718 0.00062 438
1712497128688 0.00062 439
1712497184720 0.00061 440
1712497240609 0.00061 441
1712497296605 0.00061 442
1712497352910 0.0006 443
1712497408827 0.0006 444
1712497464761 0.00059 445
1712497520872 0.00059 446
1712497576785 0.00059 447
1712497632898 0.00058 448
1712497688705 0.00058 449
1712497750411 0.00058 450
1712497806206 0.00057 451
1712497862146 0.00057 452
1712497918107 0.00057 453
1712497974200 0.00056 454
1712498030370 0.00056 455
1712498086729 0.00056 456
1712498142723 0.00055 457
1712498198615 0.00055 458
1712498254665 0.00055 459
1712498310668 0.00054 460
1712498366663 0.00054 461
1712498427830 0.00054 462
1712498483944 0.00053 463
1712498539912 0.00053 464
1712498600947 0.00053 465
1712498661975 0.00052 466
1712498717721 0.00052 467
1712498778966 0.00052 468
1712498840418 0.00051 469
1712498896237 0.00051 470
1712498952034 0.0005 471
1712499008025 0.0005 472
1712499063910 0.0005 473
1712499119669 0.00049 474
1712499175703 0.00049 475
1712499231566 0.00049 476
1712499287462 0.00048 477
1712499343250 0.00048 478
1712499399170 0.00048 479
1712499455174 0.00047 480
1712499511323 0.00047 481
1712499567289 0.00047 482
1712499623147 0.00046 483
1712499679546 0.00046 484
1712499735738 0.00046 485
1712499791722 0.00045 486
1712499847725 0.00045 487
1712499903780 0.00045 488
1712499959742 0.00044 489
1712500015738 0.00044 490
1712500072133 0.00043 491
1712500128315 0.00043 492
1712500184304 0.00043 493
1712500240382 0.00042 494
1712500296303 0.00042 495
1712500352347 0.00042 496
1712500408367 0.00041 497
1712500464827 0.00041 498
1712500520989 0.00041 499
1712500582386 0.0004 500
1712500638480 0.0004 501
1712500694493 0.0004 502
1712500750359 0.00039 503
1712500806448 0.00039 504
1712500862959 0.00038 505
1712500919127 0.00038 506
1712500975191 0.00038 507
1712501031210 0.00037 508
1712501087260 0.00037 509
1712501143311 0.00037 510
1712501199299 0.00036 511
1712501255348 0.00036 512
1712501311688 0.00036 513
1712501367481 0.00035 514
1712501423359 0.00035 515
1712501479187 0.00034 516
1712501535116 0.00034 517
1712501591067 0.00034 518
1712501647097 0.00033 519
1712501703656 0.00033 520
1712501759692 0.00033 521
1712501815840 0.00032 522
1712501872007 0.00032 523
1712501933286 0.00032 524
1712501989256 0.00031 525
1712502045251 0.00031 526
1712502101655 0.0003 527
1712502157700 0.0003 528
1712502213975 0.0003 529
1712502270156 0.00029 530
1712502326316 0.00029 531
1712502382375 0.00029 532
1712502438422 0.00028 533
1712502494568 0.00028 534
1712502550895 0.00027 535
1712502606966 0.00027 536
1712502662937 0.00027 537
1712502718999 0.00026 538
1712502774955 0.00026 539
1712502830923 0.00026 540
1712502886910 0.00025 541
1712502942996 0.00025 542
1712502998976 0.00024 543
1712503054833 0.00024 544
1712503110848 0.00024 545
1712503166958 0.00023 546
1712503222872 0.00023 547
1712503278841 0.00023 548
1712503335276 0.00022 549
1712503402422 0.00022 550
1712503463788 0.00021 551
1712503524841 0.00021 552
1712503585690 0.00021 553
1712503647717 0.0002 554
1712503703762 0.0002 555
1712503765174 0.00019 556
1712503821067 0.00019 557
1712503876873 0.00019 558
1712503932728 0.00018 559
1712503988482 0.00018 560
1712504044613 0.00017 561
1712504100604 0.00017 562
1712504156528 0.00017 563
1712504217905 0.00016 564
1712504279078 0.00016 565
1712504340247 0.00016 566
1712504401493 0.00015 567
1712504457216 0.00015 568
1712504513144 0.00014 569
1712504569139 0.00014 570
1712504625095 0.00013 571
1712504681085 0.00013 572
1712504737624 0.00013 573
1712504793667 0.00012 574
1712504849726 0.00012 575
1712504905703 0.00011 576
1712504961724 0.00011 577
1712505017786 0.00011 578
1712505073787 0.0001 579
1712505129705 0.0001 580
1712505186071 9e-05 581
1712505242303 9e-05 582
1712505298309 9e-05 583
1712505354431 8e-05 584
1712505410442 8e-05 585
1712505466542 7e-05 586
1712505522632 7e-05 587
1712505579091 6e-05 588
1712505635048 6e-05 589
1712505691083 5e-05 590
1712505747228 5e-05 591
1712505803286 5e-05 592
1712505859352 4e-05 593
1712505915431 4e-05 594
1712505971851 3e-05 595
1712506027892 3e-05 596
1712506083912 2e-05 597
1712506140027 2e-05 598
1712506196029 1e-05 599
