1712471856039 0.0 0
1712471915542 0.010881613323958182 1
1712471976896 0.04349364780706491 2
1712472038834 0.022612631220681977 3
1712472105740 0.0942305921401546 4
1712472167292 0.15338144874488435 5
1712472234144 0.13720333279436864 6
1712472295776 0.15994859356682495 7
1712472362586 0.15446268873557076 8
1712472429617 0.14298690273491585 9
1712472491056 0.224123319752153 10
1712472558002 0.15329859659698983 11
1712472619401 0.15892068145085164 12
1712472681116 0.28862960710911 13
1712472748549 0.19444460087822113 14
1712472810195 0.12222048185554421 15
1712472866291 0.24628715950910468 16
1712472927904 0.14296894870999985 17
1712472989452 0.12448004873406163 18
1712473045419 0.22578923964720393 19
1712473112496 0.20045077381780085 20
1712473174618 0.2292913019541433 21
1712473236038 0.15851425360012233 22
1712473292087 0.19626656519016827 23
1712473353432 0.29621405464245515 24
1712473414762 0.20096471757729795 25
1712473476057 0.2976096805684092 26
1712473537823 0.2706784815666634 27
1712473599309 0.2562436355315543 28
1712473660987 0.20818399473883425 29
1712473722376 0.12753038956601326 30
1712473778355 0.3066523356977334 31
1712473839674 0.33761877432828186 32
1712473906910 0.2775145622087189 33
1712473968850 0.2595404708012208 34
1712474030294 0.21039575845391575 35
1712474086442 0.2994283428990737 36
1712474148003 0.2452926037152745 37
1712474209821 0.24483476437533386 38
1712474271405 0.3664569045864865 39
1712474339099 0.25621787213248726 40
1712474400132 0.312568582686658 41
1712474461869 0.21895499890103612 42
1712474517899 0.3408137530192922 43
1712474579064 0.2253972968688503 44
1712474634943 0.15048440931219476 45
1712474691294 0.21031297978625946 46
1712474747128 0.2687837458379231 47
1712474803119 0.4043210351342396 48
1712474869865 0.3940471650272862 49
1712474938914 0.2907504918528138 50
1712475000706 0.31686337195222514 51
1712475062410 0.3295102943206234 52
1712475124589 0.2928880223164354 53
1712475185715 0.36810478135885455 54
1712475247264 0.36873064665315974 55
1712475309042 0.3617322916070259 56
1712475372096 0.23348828951900422 57
1712475428474 0.30749954249276584 58
1712475484673 0.34027935023659067 59
1712475540675 0.2790618677465306 60
1712475596720 0.30636435539999096 61
1712475652587 0.4201825631791909 62
1712475718767 0.4227067556337407 63
1712475779843 0.2835013578351728 64
1712475836616 0.3479557554100031 65
1712475896561 0.33254783459049364 66
1712475952657 0.29013618222507115 67
1712476008663 0.291563185688242 68
1712476064894 0.34117822297681716 69
1712476120951 0.43170133051152615 70
1712476187237 0.3491045067006244 71
1712476248670 0.39916552004349515 72
1712476314571 0.34542272460898693 73
1712476375381 0.28356834083011984 74
1712476431291 0.3977039441920754 75
1712476497338 0.28092543958726995 76
1712476553367 0.35764644656998645 77
1712476609913 0.4150983568876637 78
1712476671264 0.41657249590532885 79
1712476732419 0.3547442448190318 80
1712476793696 0.3380385599341361 81
1712476849634 0.3238840345758307 82
1712476905323 0.3681572128643918 83
1712476961277 0.4198670174090283 84
1712477022655 0.2953154246395532 85
1712477078572 0.3039445390039519 86
1712477134324 0.38787648297030586 87
1712477190511 0.46819311038477285 88
1712477257351 0.3678144757111329 89
1712477318220 0.433941441260564 90
1712477379728 0.4246130413052803 91
1712477440914 0.3150792401132398 92
1712477496540 0.3617422133251672 93
1712477552361 0.36011625607663456 94
1712477608064 0.35924108800773535 95
1712477663787 0.38855742669462945 96
1712477719968 0.46932120795443133 97
1712477781586 0.34321772353118707 98
1712477837515 0.3459669134006146 99
1712477898544 0.35460588675193083 100
1712477954485 0.5471661665573639 101
1712478020822 0.31190727940709256 102
1712478076541 0.4609747142987544 103
1712478137632 0.27453649073234315 104
1712478193869 0.3363335229343649 105
1712478249791 0.334018483299821 106
1712478305874 0.4079414551958122 107
1712478361796 0.30276690610546475 108
1712478417843 0.30548637725719635 109
1712478473877 0.4088511628714252 110
1712478529705 0.36471427721230065 111
1712478585939 0.30834783613190964 112
1712478641785 0.45500667191058325 113
1712478697408 0.45865389669097767 114
1712478753212 0.4377831593083876 115
1712478808962 0.38371313638769067 116
1712478864934 0.3366814974862453 117
1712478921019 0.37196238991182196 118
1712478977224 0.3207141308264034 119
1712479033327 0.26987850149153236 120
1712479089266 0.3664264906114687 121
1712479145165 0.4640218087924476 122
1712479201072 0.29164927423372367 123
1712479257230 0.3699602424289925 124
1712479313214 0.4266765077395386 125
1712479369338 0.3857219713520399 126
1712479425217 0.40357059814422636 127
1712479481396 0.43931442220083444 128
1712479537397 0.4500863664045597 129
1712479598789 0.3137521272467329 130
1712479654792 0.4224014713203988 131
1712479710867 0.5009724531988851 132
1712479772515 0.46671864136521823 133
1712479834204 0.44264327106594387 134
1712479895946 0.3413248605159904 135
1712479951964 0.33845407858062154 136
1712480007876 0.3151701712776578 137
1712480063705 0.4282812600990393 138
1712480119786 0.48013582618657047 139
1712480175529 0.44556517347107794 140
1712480231488 0.4748512097159201 141
1712480292681 0.36265891481677065 142
1712480348511 0.4094091832485848 143
1712480404505 0.4818071810690823 144
1712480465464 0.3476950786675582 145
1712480521618 0.3698871840939658 146
1712480577502 0.409773672311875 147
1712480633323 0.3075505134550915 148
1712480689173 0.526772251142379 149
1712480750650 0.29449440734591675 150
1712480806602 0.3635354504600092 151
1712480862905 0.4461008009346479 152
1712480918907 0.4516172670401004 153
1712480974944 0.5766827937397156 154
1712481041411 0.35385343871372904 155
1712481097365 0.4695875234999244 156
1712481153298 0.37353522656871396 157
1712481209355 0.5654595146388028 158
1712481270999 0.40293970554024827 159
1712481327079 0.33918819527641486 160
1712481383172 0.49577733469251534 161
1712481439273 0.5346457893704385 162
1712481500577 0.4309068436889053 163
1712481556662 0.4868886655533541 164
1712481618209 0.5096329259682334 165
1712481679165 0.5157490762578851 166
1712481740047 0.40730354853567047 167
1712481795764 0.39086590435691604 168
1712481851543 0.3548799837186694 169
1712481907276 0.4545802041379565 170
1712481963127 0.3312537903458844 171
1712482019564 0.3864291594783998 172
1712482075654 0.35373158741083094 173
1712482131588 0.4364453743942318 174
1712482187455 0.4724198659376113 175
1712482243241 0.37067934998937185 176
1712482299092 0.46737562339438377 177
1712482355059 0.5315444851719691 178
1712482411514 0.4985958869933952 179
1712482467557 0.4100719119399753 180
1712482523475 0.48244746416363893 181
1712482579616 0.3766489253643823 182
1712482635735 0.5573711908563534 183
1712482691732 0.40076030162666104 184
1712482747712 0.35506419887515533 185
1712482804248 0.38786255000631276 186
1712482860237 0.48235056247780417 187
1712482916290 0.41295306014823774 188
1712482972389 0.4752507440736924 189
1712483028420 0.5275882727585985 190
1712483084314 0.4033855003865206 191
1712483140304 0.3534370115284187 192
1712483196608 0.35858499421270956 193
1712483252738 0.4679704124072366 194
1712483308765 0.3751108979289949 195
1712483364897 0.5120747662983672 196
1712483420824 0.3241806603024675 197
1712483476766 0.5815915299277812 198
1712483532704 0.44517601290577724 199
1712483594133 0.46420344496827315 200
1712483650029 0.5899597945910333 201
1712483716259 0.4055149698659487 202
1712483772115 0.47263362542231835 203
1712483828081 0.5095722501568491 204
1712483889118 0.4732199063115924 205
1712483950481 0.39408176004288453 206
1712484006657 0.4868633199073179 207
1712484062729 0.47669677305601604 208
1712484118639 0.47045328211204995 209
1712484174458 0.5060751234738691 210
1712484235507 0.3840158076014104 211
1712484291307 0.40948202957062935 212
1712484347483 0.5136658681826765 213
1712484403404 0.38071250636611964 214
1712484459280 0.46051438863951644 215
1712484515091 0.4876654884000526 216
1712484571074 0.5083425367532475 217
1712484626982 0.4873513068551899 218
1712484682972 0.4249211098198811 219
1712484738829 0.3819939481317687 220
1712484795292 0.3942848373119232 221
1712484851121 0.49012327264153904 222
1712484907144 0.4641571798391281 223
1712484963362 0.4423042689093337 224
1712485019446 0.5635714943619792 225
1712485075437 0.5669092086492544 226
1712485136440 0.5377433032745619 227
1712485198015 0.40494508694898135 228
1712485254181 0.5237876223560174 229
1712485310259 0.32078623397908596 230
1712485366165 0.40026444408196205 231
1712485421955 0.49955863709756765 232
1712485477907 0.40374920087849536 233
1712485533881 0.5294645324267961 234
1712485589797 0.5125034966553691 235
1712485646210 0.5630384206950847 236
1712485702283 0.48767661742615187 237
1712485758220 0.5192365400838131 238
1712485819636 0.5183961835000723 239
1712485880874 0.4256490580473731 240
1712485936888 0.6216660184287153 241
1712486003278 0.41002154113330536 242
1712486059227 0.3873456829333421 243
1712486115137 0.5198865014329015 244
1712486171047 0.46085725274659256 245
1712486226966 0.4790494322847517 246
1712486282952 0.38156168185914 247
1712486338762 0.621050474024923 248
1712486394944 0.37762248107803353 249
1712486455987 0.45897441941482897 250
1712486512009 0.4978457120564722 251
1712486567905 0.5398872523734077 252
1712486623862 0.48806495286695706 253
1712486679969 0.5877014383347636 254
1712486735909 0.49545232078639007 255
1712486792274 0.43699710596414776 256
1712486848159 0.43390425589557824 257
1712486904116 0.5640463357042299 258
1712486960032 0.43065516200780585 259
1712487015968 0.5282916758353691 260
1712487071899 0.4335920921385014 261
1712487127959 0.4889513057950733 262
1712487184028 0.39271506945083606 263
1712487239895 0.5396024876984854 264
1712487295749 0.6269166841261276 265
1712487361601 0.42116656658391094 266
1712487417355 0.3943584940342025 267
1712487473268 0.413242421817701 268
1712487529283 0.4549561359611666 269
1712487585252 0.46060890982156544 270
1712487641098 0.43153277108504295 271
1712487697186 0.5527151022962932 272
1712487753279 0.6111885426966132 273
1712487809338 0.6063462115808723 274
1712487875606 0.4619552491662603 275
1712487931559 0.5601851277341199 276
1712487992809 0.5931832760837509 277
1712488053939 0.5444702844700409 278
1712488115080 0.6201326448423921 279
1712488175980 0.5913898876296004 280
1712488236864 0.5307407837607632 281
1712488293043 0.4994984280107113 282
1712488349051 0.6250553972787829 283
1712488415239 0.6028171118764449 284
1712488475965 0.4961332095995562 285
1712488532053 0.5466140162029973 286
1712488588137 0.5115316580315314 287
1712488644056 0.5422937943276496 288
1712488700583 0.4049069065859816 289
1712488756768 0.3559446121778379 290
1712488812946 0.41660842593191666 291
1712488869121 0.4875474627451947 292
1712488925228 0.5108608817220186 293
1712488981293 0.420086074196408 294
1712489037296 0.6348520251294634 295
1712489093405 0.5231487367859261 296
1712489149211 0.5467854446029579 297
1712489205009 0.5518816208779265 298
1712489260959 0.5460429058269802 299
1712489322147 0.5731116974502595 300
1712489377986 0.6182539356967353 301
1712489433812 0.4982808788455898 302
1712489490026 0.6121893714371747 303
1712489545857 0.5375874177410211 304
1712489601946 0.5192588612931701 305
1712489658029 0.6633886030479176 306
1712489719304 0.454156245543694 307
1712489775458 0.5063881753249269 308
1712489831764 0.48340031885313206 309
1712489888278 0.6170523869303781 310
1712489944378 0.5729449984808173 311
1712490000388 0.5493369624383782 312
1712490056478 0.6026908573845913 313
1712490117756 0.5418106124573613 314
1712490173869 0.4883033424388977 315
1712490230007 0.6853634581568375 316
1712490291656 0.566171228007851 317
1712490352789 0.5606376475511412 318
1712490414081 0.49935033234160753 319
1712490470165 0.5586112208945538 320
1712490526107 0.4567249515423114 321
1712490582118 0.6739031004174709 322
1712490638136 0.4170292603854428 323
1712490694589 0.5357729691833006 324
1712490750781 0.3942347546153213 325
1712490806807 0.5650962757511657 326
1712490862798 0.5590073876016879 327
1712490918737 0.4593129688655561 328
1712490974515 0.420072784315978 329
1712491030445 0.49843783904724875 330
1712491086860 0.5550211286975946 331
1712491142775 0.4770367022399485 332
1712491198536 0.5585468823724058 333
1712491254481 0.5175580652518619 334
1712491310372 0.6358029566240078 335
1712491366488 0.6139353001353975 336
1712491422472 0.4922903938736705 337
1712491478902 0.46483696034171573 338
1712491535003 0.4863856058327666 339
1712491591195 0.47718101151054626 340
1712491647400 0.5962038573322939 341
1712491703751 0.5670790068040147 342
1712491759845 0.5401001594214093 343
1712491815787 0.6052283576890554 344
1712491871896 0.4423024217881691 345
1712491928109 0.5989057857574633 346
1712491984150 0.6290516349715942 347
1712492040278 0.6280359844220624 348
1712492096288 0.6456120290537035 349
1712492162475 0.5201732628388195 350
1712492218652 0.6114323672678478 351
1712492279884 0.4131764822579014 352
1712492335950 0.5588302688589819 353
1712492392079 0.5564453716763175 354
1712492448337 0.4667200743631549 355
1712492504339 0.6002332193466708 356
1712492560510 0.5799061579593794 357
1712492616965 0.4390050626262718 358
1712492672912 0.56019982863334 359
1712492728963 0.6386802975522916 360
1712492784970 0.5210998775716544 361
1712492840961 0.44819540188319235 362
1712492896955 0.5822721049399793 363
1712492953020 0.45610468132355453 364
1712493009307 0.44065014180390677 365
1712493065454 0.5573264745882769 366
1712493121514 0.5285728656343067 367
1712493177348 0.5323669598555048 368
1712493233362 0.4288986467873249 369
1712493289698 0.6104260407710562 370
1712493345776 0.5538921872139273 371
1712493401900 0.6435229290054834 372
1712493457929 0.6322332334635294 373
1712493514146 0.4160190785589772 374
1712493570366 0.5496326796468488 375
1712493626524 0.5518171137036701 376
1712493682560 0.4963033942352678 377
1712493738619 0.41229643060337345 378
1712493794792 0.6514961641670542 379
1712493856191 0.5856609582743099 380
1712493912237 0.40597814851655784 381
1712493968505 0.5713434326665444 382
1712494024576 0.6332489715557614 383
1712494080723 0.5747746662768989 384
1712494136932 0.6079288738669398 385
1712494193342 0.3971477928825396 386
1712494249577 0.3735060595393639 387
1712494305675 0.533881309431891 388
1712494361996 0.573743978788357 389
1712494418200 0.44768700511670134 390
1712494474360 0.48720738802203245 391
1712494530465 0.49503642730049496 392
1712494586676 0.5315509284501735 393
1712494642693 0.5622915886270525 394
1712494698772 0.42255927741566257 395
1712494754665 0.627095023692129 396
1712494810890 0.5952821192982767 397
1712494867018 0.43668109708934805 398
1712494923208 0.45273822348344156 399
1712494984741 0.5252260537783812 400
1712495040923 0.5695628614014264 401
1712495096932 0.575895944605489 402
1712495153072 0.3654570550072239 403
1712495209176 0.6150474937300425 404
1712495265554 0.4866364441797203 405
1712495322185 0.6111194404776816 406
1712495378358 0.6049957106408261 407
1712495434638 0.422263553401072 408
1712495490597 0.6530946321423703 409
1712495546805 0.5599212761646521 410
1712495602560 0.5018001581902177 411
1712495658604 0.505536096000777 412
1712495715002 0.4493930575851284 413
1712495771093 0.5889467167715726 414
1712495827009 0.4468311660213557 415
1712495883059 0.46741052873100053 416
1712495939092 0.4696435621186458 417
1712495994980 0.4713969628668524 418
1712496050868 0.6326728740824177 419
1712496112297 0.4643355565026367 420
1712496168164 0.44011170382506454 421
1712496224242 0.524404785396045 422
1712496280192 0.43297681887304135 423
1712496336242 0.4995581551546885 424
1712496392203 0.5278889128107197 425
1712496448133 0.6809881577422601 426
1712496510003 0.4962881803502256 427
1712496565824 0.6651553937791299 428
1712496621936 0.4057473988535102 429
1712496677897 0.559184647677782 430
1712496733905 0.6105075348363375 431
1712496789891 0.45110877081910516 432
1712496846020 0.5936027584747998 433
1712496901924 0.432498579735043 434
1712496958364 0.5268618297706662 435
1712497014379 0.5408878855829388 436
1712497070372 0.4770001458502982 437
1712497126326 0.3898436719406785 438
1712497182379 0.47035893396346906 439
1712497238263 0.6011805431682095 440
1712497294268 0.5992492885393463 441
1712497350576 0.5067835655528385 442
1712497406471 0.6118694145167467 443
1712497462416 0.49170296267187513 444
1712497518535 0.557782375007715 445
1712497574383 0.6053115082460612 446
1712497630463 0.43725493932449994 447
1712497686370 0.5175258912483462 448
1712497742452 0.4550804859034716 449
1712497803805 0.4090484928492143 450
1712497859796 0.5710897451957138 451
1712497915776 0.5121748376312903 452
1712497971767 0.6662520408005808 453
1712498028026 0.5607470785898518 454
1712498084005 0.49115308881299247 455
1712498140376 0.5240867680135157 456
1712498196265 0.5052935236939938 457
1712498252297 0.4651902886781686 458
1712498308325 0.5327467541811433 459
1712498364307 0.555785955130692 460
1712498420135 0.7023133083059914 461
1712498481244 0.6718619617226931 462
1712498537550 0.6344626093551842 463
1712498593336 0.6608717593564233 464
1712498654370 0.6960597718753301 465
1712498715382 0.5003670496390342 466
1712498771322 0.6750264205832733 467
1712498832359 0.6295724073845912 468
1712498893893 0.5127074088605887 469
1712498949695 0.5970964655248395 470
1712499005685 0.44161216082283744 471
1712499061579 0.5291811770813126 472
1712499117307 0.5943856539136738 473
1712499173304 0.6716394211144592 474
1712499229155 0.5342795238505799 475
1712499285067 0.5470313353977594 476
1712499340882 0.5667275755530612 477
1712499396790 0.5598847396725845 478
1712499452768 0.5963112273789396 479
1712499508937 0.515719185237696 480
1712499564904 0.6276914449873863 481
1712499620748 0.4890372030760025 482
1712499677155 0.44340384821825096 483
1712499733355 0.6608243968304983 484
1712499789322 0.6626478883571624 485
1712499845347 0.6467085177254837 486
1712499901385 0.6107294849479321 487
1712499957334 0.4617696691689145 488
1712500013335 0.665676601626636 489
1712500069324 0.6148267092277191 490
1712500125891 0.5701931518289399 491
1712500181912 0.46130357980751474 492
1712500237917 0.6287307515033472 493
1712500293906 0.6621288271393275 494
1712500349949 0.5310288447473601 495
1712500405993 0.5894873291260707 496
1712500461978 0.43393949256970693 497
1712500518521 0.5732357051795932 498
1712500574595 0.5632318717000596 499
1712500636014 0.4255928255262427 500
1712500692048 0.5720789393168032 501
1712500747964 0.5183719297956672 502
1712500804002 0.6141815273700948 503
1712500860111 0.600675127607369 504
1712500916728 0.574273612873827 505
1712500972807 0.5498980349586253 506
1712501028827 0.5398228112065174 507
1712501084869 0.44639937410167296 508
1712501140924 0.5453653305235595 509
1712501196889 0.4633616051920747 510
1712501252953 0.5808201964488018 511
1712501308904 0.5529365569300555 512
1712501365099 0.4042548737874877 513
1712501420982 0.5732893609181552 514
1712501476801 0.6679748450024623 515
1712501532731 0.5642873703363183 516
1712501588626 0.4422271918816817 517
1712501644705 0.5075188034815405 518
1712501700571 0.6037069720214652 519
1712501757292 0.5824657252567103 520
1712501813416 0.5294903919527985 521
1712501869614 0.5154986534640886 522
1712501925534 0.7083759396814888 523
1712501986869 0.4026256219787982 524
1712502042862 0.4250086225399399 525
1712502098781 0.6064930290933649 526
1712502155300 0.4706870237393112 527
1712502211486 0.5902435900065034 528
1712502267758 0.6277517340656575 529
1712502323879 0.5280134584790208 530
1712502379958 0.5588291792598113 531
1712502436006 0.4196395465885449 532
1712502492087 0.3874056853621545 533
1712502548494 0.6265962905911877 534
1712502604574 0.5711816102789994 535
1712502660546 0.5533700887741769 536
1712502716616 0.4297063696504686 537
1712502772560 0.6581627829929744 538
1712502828537 0.4094147937269746 539
1712502884498 0.6211973898773975 540
1712502940594 0.6952946722317763 541
1712502996571 0.6267297457150252 542
1712503052439 0.556660528895425 543
1712503108449 0.6867841018999614 544
1712503164569 0.5773862620295167 545
1712503220419 0.6570663916729278 546
1712503276441 0.5703388677040864 547
1712503332511 0.6889905784170356 548
1712503388875 0.6317552049569746 549
1712503455852 0.6464951345939963 550
1712503517311 0.6253879822435053 551
1712503578327 0.6778615150744481 552
1712503639466 0.6663538351391566 553
1712503701301 0.6024841079518677 554
1712503757421 0.6310869652473572 555
1712503818681 0.4734815852377972 556
1712503874435 0.6883522483192501 557
1712503930345 0.6194264905153555 558
1712503986084 0.4793071646434736 559
1712504042155 0.7105058240373108 560
1712504098202 0.6457253969125495 561
1712504154135 0.6031278457452005 562
1712504210153 0.6724866917124495 563
1712504271329 0.6655455305568716 564
1712504332496 0.6316061657792791 565
1712504393845 0.6559998985475124 566
1712504454758 0.5120383532027675 567
1712504510753 0.6981704247546509 568
1712504566743 0.4163667888435302 569
1712504622709 0.5943426407589133 570
1712504678654 0.6630588554500645 571
1712504734791 0.5337586796104928 572
1712504791232 0.636669861528224 573
1712504847297 0.5892315033641442 574
1712504903264 0.5951092591833991 575
1712504959289 0.6992123953852845 576
1712505015348 0.6021001748913128 577
1712505071360 0.47511268542233365 578
1712505127267 0.5263293566814689 579
1712505183634 0.5262860609692906 580
1712505239808 0.511156605749714 581
1712505295863 0.6748866247056036 582
1712505351979 0.5147309463266886 583
1712505407988 0.6709197570990011 584
1712505464098 0.5360213264581662 585
1712505520193 0.43986074389576607 586
1712505576640 0.5185307406883218 587
1712505632611 0.6052878112446142 588
1712505688640 0.5031432882862485 589
1712505744780 0.47961786679272045 590
1712505800825 0.6398778840362929 591
1712505856902 0.5496365278386828 592
1712505912974 0.6844158745226483 593
1712505969376 0.6799574807281549 594
1712506025455 0.5566594688443212 595
1712506081457 0.4856218678675422 596
1712506137584 0.4326688312196193 597
1712506193585 0.7054385699634761 598
1712506249529 0.49952413148388947 599
