1717832099201 19.84 0
1717832108265 3.58 0
1717832126242 3.61 0
1717832132288 3.61 0
1717832150796 3.57 0
1717832168853 3.58 0
1717832187084 3.58 0
1717832199199 3.64 0
1717832211142 3.59 0
1717832217291 3.6 0
1717832229528 3.57 0
1717832241466 3.61 0
1717832253453 3.64 0
1717832265512 3.57 0
1717832271409 3.54 0
1717832283381 3.57 0
1717832289344 3.57 0
1717832301636 3.58 0
1717832319575 3.6 0
1717832331533 3.55 0
1717832343578 3.63 0
1717832349702 3.62 0
1717832361551 3.61 0
1717832373895 3.58 0
1717832386555 3.63 0
1717832392459 3.57 0
1717832398415 3.59 0
1717832404366 3.58 0
1717832410358 3.66 0
1717832416341 3.58 0
1717832428459 3.64 0
1717832434969 3.71 0
1717832441151 3.67 0
1717832447137 3.62 0
1717832453228 3.63 0
1717832459327 3.67 0
1717832465415 3.62 0
1717832471490 3.65 0
1717832483615 3.65 0
1717832490164 3.65 0
1717832496193 3.61 0
1717832502278 3.62 0
1717832508361 3.66 0
1717832514388 3.62 0
1717832520454 3.66 0
1717832526557 3.69 0
1717832538650 3.63 0
1717832545154 3.63 0
1717832551242 3.68 0
1717832557336 3.64 0
1717832564941 3.6 0
1717832570950 3.6 0
1717832576982 3.65 0
1717832594381 3.64 0
1717832606299 3.6 0
1717832617938 3.68 0
1717832630189 3.63 0
1717832636296 3.65 0
1717832648550 3.64 0
1717832660776 3.6 0
1717832673123 3.66 0
1717832679106 3.6 0
1717832685182 3.61 0
1717832698131 3.64 0
1717832710375 3.6 0
1717832716513 3.69 0
1717832722565 3.64 0
1717832728585 3.61 0
1717832740875 3.64 0
1717832759320 3.67 0
1717832765758 3.61 0
1717832771884 3.6 0
1717832777933 3.62 0
1717832784056 3.62 0
1717832790150 3.63 0
1717832796275 3.62 0
1717832808309 3.61 0
1717832820693 3.59 0
1717832833440 3.57 0
1717832845572 3.62 0
1717832857561 3.59 0
1717832869656 3.61 0
1717832881854 3.6 0
1717832887851 3.65 0
1717832894310 3.64 0
1717832900307 3.62 0
1717832906282 3.59 0
1717832912207 3.6 0
1717832918220 3.66 0
1717832924203 3.6 0
1717832930215 3.64 0
1717832936196 3.62 0
1717832942117 3.6 0
1717832948477 3.64 0
1717832954399 3.62 0
1717832960318 3.6 0
1717832966287 3.62 0
1717832972373 3.65 0
1717832978341 3.62 0
1717832984355 3.63 0
1717832996429 3.69 0
1717833002406 3.61 0
1717833008797 3.64 0
1717833014797 3.66 0
1717833020868 3.65 0
1717833026865 3.64 0
1717833032833 3.61 0
1717833038831 3.63 0
1717833044819 3.61 0
1717833050855 3.67 0
1717833063641 3.68 0
1717833075921 3.65 0
1717833081911 3.64 0
1717833087886 3.61 0
1717833093874 3.63 0
1717833105962 3.58 0
1717833112058 3.69 0
1717833118890 3.7 0
1717833125094 3.69 0
1717833137274 3.6 0
1717833149441 3.59 0
1717833155521 3.62 0
1717833161542 3.61 0
1717833167619 3.64 0
1717833173676 3.63 0
1717833180267 3.66 0
1717833186453 3.69 0
1717833198148 3.61 0
1717833210543 3.6 0
1717833222847 3.6 0
1717833234960 3.62 0
1717833246954 3.63 0
1717833259749 3.64 0
1717833271168 3.62 0
1717833283217 3.61 0
1717833289250 3.6 0
1717833301118 3.6 0
1717833307256 3.65 0
1717833313308 3.61 0
1717833319776 3.59 0
1717833325857 3.61 0
1717833331980 3.66 0
1717833338028 3.6 0
1717833350295 3.68 0
1717833356449 3.67 0
1717833362531 3.62 0
1717833369031 3.63 0
1717833375170 3.67 0
1717833381376 3.64 0
1717833387533 3.66 0
1717833399648 3.72 0
1717833405830 3.64 0
1717833411917 3.61 0
1717833418008 3.61 0
1717833424493 3.6 0
1717833430631 3.66 0
1717833436819 3.66 0
1717833443044 3.65 0
1717833449240 3.72 0
1717833455441 3.68 0
1717833461522 3.62 0
1717833467633 3.64 0
1717833474189 3.65 0
1717833486309 3.65 0
1717833498566 3.62 0
1717833510949 3.62 0
1717833523218 3.61 0
1717833535266 3.61 0
1717833547632 3.8 0
1717833553691 3.59 0
1717833565658 3.65 0
1717833577556 3.59 0
1717833589841 3.56 0
1717833601816 3.63 0
1717833620030 3.6 0
1717833631936 3.6 0
1717833643843 3.61 0
1717833649959 3.59 0
1717833656091 3.64 0
1717833662216 3.62 0
1717833668299 3.6 0
1717833674764 3.62 0
1717833680815 3.59 0
1717833686901 3.6 0
1717833692930 3.63 0
1717833699065 3.68 0
1717833711116 3.64 0
1717833723369 3.6 0
1717833729519 3.68 0
1717833735987 3.61 0
1717833742126 3.71 0
1717833748277 3.66 0
1717833754393 3.62 0
1717833760485 3.62 0
1717833766533 3.6 0
1717833772625 3.62 0
1717833778725 3.61 0
1717833784777 3.61 0
1717833791314 3.63 0
1717833797381 3.62 0
1717833809590 3.64 0
1717833815691 3.66 0
1717833821773 3.62 0
1717833827878 3.64 0
1717833833942 3.62 0
1717833840411 3.6 0
1717833852373 3.63 0
1717833864297 3.63 0
1717833876272 3.65 0
1717833882253 3.6 0
1717833888224 3.63 0
1717833894228 3.63 0
1717833900213 3.66 0
1717833912911 3.63 0
1717833918900 3.65 0
1717833924857 3.61 0
1717833930891 3.68 0
1717833936935 3.63 0
1717833942879 3.6 0
1717833948839 3.63 0
1717833954806 3.63 0
1717833961230 3.63 0
1717833967214 3.63 0
1717833973197 3.63 0
1717833979235 3.68 0
1717833991129 3.73 0
1717833997150 3.69 0
1717834009356 3.63 0
1717834015406 3.69 0
1717834027753 3.65 0
1717834045850 3.72 0
1717834051905 3.62 0
1717834058001 3.72 0
1717834070093 3.61 0
1717834082008 3.66 0
1717834088316 3.6 0
1717834094310 3.6 0
1717834100243 3.6 0
1717834106397 3.67 0
1717834112470 3.66 0
1717834123819 3.58 0
1717834135849 3.63 0
1717834147883 3.62 0
1717834154269 3.58 0
1717834166161 3.65 0
1717834172199 3.65 0
1717834178163 3.59 0
1717834190017 3.59 0
1717834202104 3.62 0
1717834208057 3.6 0
1717834226679 3.62 0
1717834232631 3.59 0
1717834238717 3.62 0
1717834244737 3.62 0
1717834250786 3.64 0
1717834269280 3.63 0
1717834281558 3.61 0
1717834293320 3.58 0
1717834305264 3.57 0
1717834317079 3.62 0
1717834323182 3.62 0
1717834335266 3.6 0
1717834347827 3.56 0
1717834359715 3.59 0
1717834365739 3.62 0
1717834371736 3.62 0
1717834377730 3.61 0
1717834383731 3.64 0
1717834389711 3.6 0
1717834395709 3.62 0
1717834402153 3.62 0
1717834408092 3.6 0
1717834414113 3.65 0
1717834420094 3.62 0
1717834426163 3.63 0
1717834438317 3.64 0
1717834450400 3.61 0
1717834463168 3.65 0
1717834475297 3.68 0
1717834487332 3.67 0
1717834493346 3.62 0
1717834499345 3.63 0
1717834505363 3.63 0
1717834511377 3.61 0
1717834517817 3.63 0
1717834523797 3.6 0
1717834529908 3.68 0
1717834536001 3.6 0
1717834542041 3.59 0
1717834548086 3.6 0
1717834554119 3.61 0
1717834560185 3.66 0
1717834566668 3.61 0
1717834572698 3.63 0
1717834578742 3.65 0
1717834584870 3.67 0
1717834590963 3.64 0
1717834597055 3.66 0
1717834603082 3.62 0
1717834609181 3.67 0
1717834621308 3.85 0
1717834627410 3.65 0
1717834633446 3.6 0
1717834639533 3.67 0
1717834645593 3.61 0
1717834651632 3.62 0
1717834657777 3.66 0
1717834663852 3.64 0
1717834676155 3.63 0
1717834682143 3.6 0
1717834688207 3.68 0
1717834694294 3.68 0
1717834700354 3.62 0
1717834712821 3.61 0
1717834718948 3.68 0
1717834725053 3.65 0
1717834731795 3.68 0
1717834737902 3.71 0
1717834744026 3.66 0
1717834762028 3.64 0
1717834774192 3.61 0
1717834786671 3.61 0
1717834793083 3.63 0
1717834799075 3.59 0
1717834805144 3.66 0
1717834811211 3.63 0
1717834823188 3.65 0
1717834829254 3.61 0
1717834835271 3.61 0
1717834841290 3.63 0
1717834847661 3.95 0
1717834853688 3.65 0
1717834859756 3.65 0
1717834865782 3.6 0
1717834871821 3.65 0
1717834877869 3.63 0
1717834890032 3.63 0
1717834896138 3.62 0
1717834902607 3.6 0
1717834914664 3.61 0
1717834920696 3.6 0
1717834926721 3.6 0
1717834932879 3.69 0
1717834939087 3.65 0
1717834945213 3.66 0
1717834957391 3.64 0
1717834969869 3.67 0
1717834981992 3.61 0
1717834994582 3.64 0
1717835000691 3.62 0
1717835012706 3.65 0
1717835018807 3.62 0
1717835025214 3.62 0
1717835037372 3.68 0
1717835049525 3.64 0
1717835061733 3.62 0
1717835074196 3.61 0
1717835086628 3.58 0
1717835092649 3.58 0
1717835098745 3.63 0
1717835104852 3.66 0
1717835117072 3.67 0
1717835123131 3.6 0
1717835129255 3.59 0
1717835135398 3.61 0
1717835141928 3.65 0
1717835148003 3.64 0
1717835154091 3.64 0
1717835166203 3.6 0
1717835178454 3.62 0
1717835184623 3.62 0
1717835190706 3.6 0
1717835203151 3.63 0
1717835215155 3.64 0
1717835221266 3.62 0
1717835227383 3.62 0
1717835233406 3.59 0
1717835239490 3.59 0
1717835245586 3.63 0
1717835251640 3.6 0
1717835258123 3.63 0
1717835264255 3.69 0
1717835270318 3.58 0
1717835276471 3.63 0
1717835282613 3.63 0
1717835288707 3.61 0
1717835294817 3.62 0
1717835300989 3.63 0
1717835307481 3.61 0
1717835313586 3.6 0
1717835319725 3.62 0
1717835325882 3.66 0
1717835331982 3.63 0
1717835338051 3.61 0
1717835344130 3.59 0
1717835350291 3.64 0
1717835356862 3.69 0
1717835363106 3.67 0
1717835375249 3.62 0
1717835381482 3.64 0
1717835399839 3.61 0
1717835406073 3.67 0
1717835412235 3.6 0
1717835418734 3.63 0
1717835431237 3.64 0
1717835437296 3.6 0
1717835443453 3.63 0
1717835455774 3.57 0
1717835474005 3.63 0
1717835480555 3.65 0
1717835486663 3.61 0
1717835492609 3.62 0
1717835498572 3.62 0
1717835504544 3.63 0
1717835510527 3.62 0
1717835516614 3.69 0
1717835522610 3.65 0
1717835528560 3.6 0
1717835541039 3.61 0
1717835547033 3.65 0
1717835553009 3.62 0
1717835559071 3.71 0
1717835565111 3.64 0
1717835571091 3.63 0
1717835577114 3.66 0
1717835583101 3.64 0
1717835589617 3.75 0
1717835595636 3.68 0
1717835601676 3.66 0
1717835607736 3.65 0
1717835613749 3.65 0
1717835619817 3.66 0
1717835625765 3.6 0
1717835631718 3.62 0
1717835637727 3.6 0
1717835644211 3.63 0
1717835656835 3.63 0
1717835668803 3.63 0
1717835681063 3.65 0
1717835693287 3.63 0
1717835699299 3.62 0
1717835705774 3.62 0
1717835711844 3.65 0
1717835717913 3.63 0
1717835723931 3.61 0
1717835730030 3.64 0
1717835736060 3.65 0
1717835748351 3.67 0
1717835754408 3.66 0
1717835766935 3.64 0
1717835784819 3.68 0
1717835790928 3.66 0
1717835797059 3.67 0
1717835803174 3.64 0
1717835809140 3.61 0
1717835815151 3.63 0
1717835821264 3.65 0
1717835827797 3.64 0
1717835833857 3.66 0
1717835846062 3.68 0
1717835864642 3.69 0
1717835875897 3.63 0
1717835881915 3.66 0
1717835894636 3.69 0
1717835906865 3.64 0
1717835919243 3.66 0
1717835925280 3.67 0
1717835931368 3.69 0
1717835937447 3.72 0
1717835943521 3.66 0
1717835949591 3.7 0
1717835956070 3.63 0
1717835962049 3.61 0
1717835968144 3.66 0
1717835974369 3.7 0
1717835980433 3.67 0
1717835986444 3.64 0
1717835992501 3.69 0
1717835998559 3.68 0
1717836004604 3.64 0
1717836011309 3.66 0
1717836017325 3.64 0
1717836023408 3.65 0
1717836029437 3.65 0
1717836035530 3.68 0
1717836041618 3.65 0
1717836047647 3.63 0
1717836053837 3.75 0
1717836059941 3.73 0
1717836066690 3.63 0
1717836072906 3.74 0
1717836079103 3.67 0
1717836085275 3.71 0
1717836091325 3.64 0
1717836097427 3.72 0
1717836103538 3.67 0
1717836109702 3.69 0
1717836115854 3.68 0
1717836122697 3.65 0
1717836128789 3.67 0
1717836146512 3.7 0
1717836152627 3.68 0
1717836158732 3.66 0
1717836164815 3.68 0
1717836170918 3.67 0
1717836177542 3.64 0
1717836183737 3.68 0
1717836189854 3.66 0
1717836196005 3.67 0
1717836202141 3.64 0
1717836208211 3.65 0
1717836214281 3.68 0
1717836220307 3.64 0
1717836226384 3.66 0
1717836232889 3.64 0
1717836239072 3.73 0
1717836245255 3.7 0
1717836251343 3.68 0
1717836257484 3.71 0
1717836269982 3.68 0
1717836276010 3.66 0
1717836281987 3.62 0
1717836288530 4.17 0
1717836301086 3.62 0
1717836313299 3.65 0
1717836319439 3.66 0
1717836331566 3.6 0
1717836337671 3.63 0
1717836343792 3.67 0
1717836349940 3.71 0
1717836362545 3.64 0
1717836368661 3.7 0
1717836374829 3.62 0
1717836380891 3.62 0
1717836387011 3.68 0
1717836393222 3.77 0
1717836399323 3.69 0
1717836405391 3.67 0
1717836412108 3.65 0
1717836418232 3.66 0
1717836430524 3.68 0
1717836436663 3.67 0
1717836442779 3.64 0
1717836448806 3.66 0
1717836459957 3.65 0
1717836472636 3.71 0
1717836478734 3.68 0
1717836484949 3.69 0
1717836491018 3.65 0
1717836497156 3.67 0
1717836509435 3.68 0
1717836515521 3.67 0
1717836521712 3.74 0
1717836527841 3.68 0
1717836540510 3.69 0
1717836552385 3.66 0
1717836564851 3.69 0
1717836570935 3.64 0
1717836577091 3.66 0
1717836583185 3.68 0
1717836589338 3.67 0
1717836596007 3.7 0
1717836602073 3.68 0
1717836608227 3.67 0
1717836614288 3.65 0
1717836620432 3.69 0
1717836626569 3.71 0
1717836632702 3.65 0
1717836638898 3.7 0
1717836645057 3.72 0
1717836651702 3.68 0
1717836657738 3.65 0
1717836663887 3.69 0
1717836670162 3.69 0
1717836676277 3.69 0
1717836682470 3.7 0
1717836688612 3.72 0
1717836694687 3.64 0
1717836707763 3.62 0
1717836713922 3.7 0
1717836720031 3.65 0
1717836726073 3.62 0
1717836732171 3.61 0
1717836738312 3.64 0
1717836744473 3.71 0
1717836750685 3.76 0
1717836756806 3.65 0
1717836769558 3.67 0
1717836781477 3.66 0
1717836793062 3.64 0
1717836799124 3.64 0
1717836817640 3.64 0
1717836823662 3.6 0
1717836836139 3.61 0
1717836848203 3.63 0
1717836860197 3.65 0
1717836866262 3.63 0
1717836872328 3.64 0
1717836884804 3.62 0
1717836890843 3.61 0
1717836903452 3.66 0
1717836909643 3.6 0
1717836915732 3.63 0
1717836921774 3.62 0
1717836927944 3.68 0
1717836934077 3.66 0
1717836940263 3.66 0
1717836946333 3.68 0
1717836952950 3.68 0
1717836959037 3.66 0
1717836965132 3.66 0
1717836971348 3.67 0
1717836977430 3.67 0
1717836983494 3.65 0
1717836989604 3.69 0
1717836995679 3.67 0
1717837001829 3.67 0
1717837008345 3.66 0
1717837014419 3.65 0
1717837020514 3.64 0
1717837026623 3.66 0
1717837032779 3.71 0
1717837039053 3.74 0
1717837045134 3.65 0
1717837051204 3.66 0
1717837057673 3.64 0
1717837063728 3.65 0
1717837069813 3.66 0
1717837075898 3.6 0
1717837081987 3.63 0
1717837088110 3.66 0
1717837094265 3.67 0
1717837100408 3.68 0
1717837106535 3.66 0
1717837113170 3.66 0
1717837119301 3.69 0
1717837125435 3.67 0
1717837131617 3.72 0
1717837137763 3.65 0
1717837143838 3.65 0
1717837156006 3.66 0
1717837162105 3.66 0
1717837168630 3.68 0
1717837174760 3.65 0
1717837180820 3.64 0
1717837186926 3.65 0
1717837193037 3.66 0
1717837199181 3.69 0
1717837205238 3.63 0
1717837211341 3.67 0
1717837224094 3.64 0
1717837230167 3.62 0
1717837242179 3.66 0
1717837248318 3.71 0
1717837254381 3.63 0
1717837260487 3.66 0
1717837266634 3.66 0
1717837272760 3.69 0
1717837279274 3.66 0
1717837291450 3.67 0
1717837297532 3.65 0
1717837303724 3.71 0
1717837309994 3.77 0
1717837327999 3.65 0
1717837346528 3.63 0
1717837358975 3.63 0
1717837371049 3.65 0
1717837383217 3.66 0
1717837401469 3.69 0
1717837414514 3.68 0
1717837420670 3.68 0
1717837426785 3.65 0
1717837439190 3.63 0
1717837445351 3.68 0
1717837451618 3.65 0
1717837457801 3.66 0
1717837463905 3.64 0
1717837470589 3.63 0
1717837476800 3.69 0
1717837483011 3.68 0
1717837489186 3.68 0
1717837495359 3.67 0
1717837501526 3.6 0
1717837513749 3.69 0
1717837519863 3.64 0
1717837526417 3.64 0
1717837532587 3.65 0
1717837538733 3.61 0
1717837544977 3.71 0
1717837551105 3.64 0
1717837557229 3.66 0
1717837563352 3.66 0
1717837569591 3.69 0
1717837576433 3.7 0
1717837582549 3.65 0
1717837588978 3.79 0
1717837595394 3.68 0
1717837601719 3.73 0
1717837607878 3.65 0
1717837614149 3.68 0
1717837626360 3.67 0
1717837632635 3.76 0
1717837639307 3.68 0
1717837645489 3.68 0
1717837651590 3.63 0
1717837657705 3.65 0
1717837663852 3.62 0
1717837669950 3.65 0
1717837676112 3.66 0
1717837682267 3.67 0
1717837688894 3.7 0
1717837701217 3.65 0
1717837707859 3.73 0
1717837714083 3.68 0
1717837720181 3.62 0
1717837726338 3.64 0
1717837732486 3.65 0
1717837738646 3.67 0
1717837745359 3.75 0
1717837751482 3.65 0
1717837757624 3.66 0
1717837763835 3.7 0
1717837770020 3.67 0
1717837776127 3.63 0
1717837782240 3.66 0
1717837794389 3.68 0
1717837806816 3.64 0
1717837812938 3.66 0
1717837819068 3.67 0
1717837825160 3.64 0
1717837831273 3.62 0
1717837837360 3.63 0
1717837843480 3.65 0
1717837849633 3.62 0
1717837856209 3.64 0
1717837862348 3.65 0
1717837868434 3.63 0
1717837874620 3.67 0
1717837887128 3.63 0
1717837893248 3.63 0
1717837899322 3.62 0
1717837905441 3.64 0
1717837918191 3.62 0
1717837924296 3.65 0
1717837930453 3.7 0
1717837936651 3.69 0
1717837942750 3.62 0
1717837948905 3.68 0
1717837955074 3.65 0
1717837961253 3.69 0
1717837974035 3.78 0
1717837980124 3.62 0
1717837986217 3.64 0
1717837992312 3.61 0
1717837998371 3.59 0
1717838004483 3.63 0
1717838010639 3.67 0
1717838017188 3.66 0
1717838023320 3.68 0
1717838029433 3.64 0
1717838035645 3.67 0
1717838041775 3.66 0
1717838047894 3.67 0
1717838054108 3.7 0
1717838060310 3.68 0
1717838072713 3.63 0
1717838078870 3.64 0
1717838085036 3.67 0
1717838091177 3.63 0
1717838097309 3.62 0
1717838103526 3.74 0
1717838109701 3.67 0
1717838115927 3.71 0
1717838122112 3.66 0
1717838128700 3.64 0
1717838134840 3.61 0
1717838141027 3.66 0
1717838153202 3.6 0
1717838159310 3.6 0
1717838165451 3.62 0
1717838171623 3.64 0
1717838184661 3.65 0
1717838190842 3.65 0
1717838197029 3.67 0
1717838203294 3.65 0
1717838209440 3.62 0
1717838215622 3.66 0
1717838221777 3.6 0
1717838234555 3.62 0
1717838246973 3.59 0
1717838253209 3.64 0
1717838259418 3.65 0
1717838265587 3.68 0
1717838271771 3.65 0
1717838277984 3.68 0
1717838284108 3.61 0
1717838290629 3.63 0
1717838296753 3.59 0
1717838302891 3.63 0
1717838309061 3.63 0
1717838321315 3.64 0
1717838327453 3.63 0
1717838333659 3.67 0
1717838339822 3.62 0
1717838346435 3.64 0
1717838358913 3.65 0
1717838365034 3.58 0
1717838371221 3.65 0
1717838377411 3.69 0
1717838383590 3.67 0
1717838389739 3.64 0
1717838396219 3.61 0
1717838402389 3.67 0
1717838414717 3.63 0
1717838420951 3.67 0
1717838433564 3.63 0
1717838445442 3.69 0
1717838451581 3.64 0
1717838464537 3.65 0
1717838476693 3.65 0
1717838489020 3.6 0
1717838495120 3.72 0
1717838501137 3.61 0
1717838507181 3.67 0
1717838519526 3.6 0
1717838531895 3.62 0
1717838537916 3.68 0
1717838543930 3.64 0
1717838550009 3.65 0
1717838556072 3.63 0
1717838562109 3.68 0
1717838568126 3.63 0
1717838574157 3.64 0
1717838580546 3.63 0
1717838586590 3.65 0
1717838592666 3.67 0
1717838598750 3.69 0
1717838604816 3.67 0
1717838616736 3.61 0
1717838622763 3.66 0
1717838628873 3.69 0
1717838635300 3.64 0
1717838641392 3.67 0
1717838647441 3.62 0
1717838653516 3.66 0
1717838659625 3.69 0
1717838665696 3.69 0
1717838677912 3.64 0
1717838690125 3.67 0
1717838696539 3.61 0
1717838715194 3.64 0
1717838727735 3.63 0
1717838733764 3.64 0
1717838739720 3.6 0
1717838745722 3.63 0
1717838751763 3.63 0
1717838758118 3.63 0
1717838764224 3.69 0
1717838770228 3.64 0
1717838776231 3.63 0
1717838782242 3.64 0
1717838788242 3.65 0
1717838794273 3.66 0
1717838800358 3.69 0
1717838806489 3.73 0
1717838812923 3.63 0
1717838818939 3.64 0
1717838825021 3.7 0
1717838831072 3.66 0
1717838837041 3.6 0
1717838843123 3.68 0
1717838849199 3.67 0
1717838855203 3.62 0
1717838861638 3.67 0
1717838867652 3.64 0
1717838873652 3.62 0
1717838879675 3.65 0
1717838885787 3.66 0
1717838891829 3.65 0
1717838897868 3.63 0
1717838903931 3.65 0
1717838916125 3.62 0
1717838928783 3.6 0
1717838934825 3.64 0
1717838940867 3.65 0
1717838946932 3.7 0
1717838952977 3.65 0
1717838959095 3.7 0
1717838971388 3.67 0
1717838977457 3.64 0
1717838984009 3.71 0
1717838996144 3.64 0
1717839002206 3.66 0
1717839008227 3.65 0
1717839014234 3.63 0
1717839020231 3.64 0
1717839026245 3.62 0
1717839032261 3.63 0
1717839038703 3.64 0
1717839044713 3.63 0
1717839063078 3.62 0
1717839069053 3.62 0
1717839075065 3.63 0
1717839081139 3.68 0
1717839093088 3.62 0
1717839106506 3.66 0
1717839112652 3.68 0
1717839125373 3.66 0
1717839137408 3.6 0
1717839149783 3.67 0
1717839155878 3.67 0
1717839174678 3.66 0
1717839180827 3.64 0
1717839186918 3.67 0
1717839192942 3.62 0
1717839198988 3.6 0
1717839205182 3.7 0
1717839211312 3.69 0
1717839217345 3.68 0
1717839229759 3.65 0
1717839235813 3.64 0
1717839241906 3.69 0
1717839248087 3.77 0
1717839254186 3.69 0
1717839260244 3.69 0
1717839266382 3.76 0
1717839272442 3.68 0
1717839278751 3.87 0
1717839284841 3.66 0
1717839290986 3.68 0
1717839297170 3.72 0
1717839303169 3.63 0
1717839309288 3.66 0
1717839315337 3.67 0
1717839321387 3.67 0
1717839327515 3.78 0
1717839333949 4.08 0
1717839340082 3.69 0
1717839346131 3.65 0
1717839352175 3.64 0
1717839358387 3.74 0
1717839364459 3.68 0
1717839376898 3.7 0
1717839383017 3.63 0
1717839389108 3.64 0
1717839395600 3.63 0
1717839401634 3.67 0
1717839407669 3.65 0
1717839413800 3.71 0
1717839419880 3.66 0
1717839432492 3.67 0
1717839438573 3.66 0
1717839444650 3.66 0
1717839451090 3.68 0
1717839457211 3.73 0
1717839463314 3.67 0
1717839469373 3.65 0
1717839475504 3.68 0
1717839481602 3.66 0
1717839487735 3.71 0
1717839493815 3.63 0
1717839499907 3.68 0
1717839506469 3.68 0
1717839512547 3.67 0
1717839518668 3.68 0
1717839524743 3.63 0
1717839530829 3.67 0
1717839536901 3.61 0
1717839542983 3.67 0
1717839549185 3.66 0
1717839555266 3.67 0
1717839561750 3.64 0
1717839567794 3.64 0
1717839573899 3.66 0
1717839580012 3.66 0
1717839586192 3.69 0
1717839592342 3.65 0
1717839598415 3.65 0
1717839604467 3.64 0
1717839610492 3.63 0
1717839617145 3.71 0
1717839623238 3.69 0
1717839629367 3.63 0
1717839635389 3.63 0
1717839641502 3.66 0
1717839647566 3.62 0
1717839653608 3.64 0
1717839659704 3.63 0
1717839665774 3.64 0
1717839672347 3.7 0
1717839678453 3.67 0
1717839684558 3.63 0
1717839690590 3.64 0
1717839696794 3.69 0
1717839702950 3.66 0
1717839709070 3.7 0
1717839715258 3.69 0
1717839721368 3.67 0
1717839727956 3.68 0
1717839734006 3.65 0
1717839746317 3.69 0
1717839752366 3.65 0
1717839758505 3.67 0
1717839764546 3.63 0
1717839770635 3.65 0
1717839776703 3.66 0
1717839783185 3.65 0
1717839789268 3.69 0
1717839795392 3.69 0
1717839801569 3.69 0
1717839807618 3.68 0
1717839813796 3.67 0
1717839819942 3.7 0
1717839826030 3.65 0
1717839832125 3.69 0
1717839838658 3.66 0
1717839844710 3.63 0
1717839850859 3.72 0
1717839856888 3.63 0
1717839863030 3.66 0
1717839869128 3.67 0
1717839875255 3.67 0
1717839881296 3.64 0
1717839887974 3.7 0
1717839894093 3.63 0
1717839900251 3.68 0
1717839906347 3.67 0
1717839912434 3.68 0
1717839918535 3.69 0
1717839924602 3.68 0
1717839930692 3.66 0
1717839936837 3.67 0
1717839943437 3.66 0
1717839949562 3.7 0
1717839955702 3.69 0
1717839961777 3.65 0
1717839967881 3.68 0
1717839974024 3.65 0
1717839980220 3.7 0
1717839986280 3.64 0
1717839992369 3.69 0
1717839998896 3.66 0
1717840005061 3.67 0
1717840011211 3.71 0
1717840017331 3.68 0
1717840023552 3.76 0
1717840029724 3.69 0
1717840035879 3.66 0
1717840042047 3.66 0
1717840048157 3.65 0
1717840060746 3.72 0
1717840072822 3.65 0
1717840085133 3.67 0
1717840097368 3.66 0
1717840109476 3.64 0
1717840115932 3.65 0
1717840128257 3.66 0
1717840134342 3.63 0
1717840140421 3.66 0
1717840146560 3.7 0
1717840152712 3.65 0
1717840158808 3.65 0
1717840164901 3.66 0
1717840170992 3.61 0
1717840177539 3.74 0
1717840183620 3.65 0
1717840189649 3.63 0
1717840195684 3.62 0
1717840201774 3.64 0
1717840207848 3.66 0
1717840213925 3.63 0
1717840219970 3.64 0
1717840226557 3.69 0
1717840232690 3.72 0
1717840238795 3.67 0
1717840244867 3.63 0
1717840251071 3.7 0
1717840257241 3.75 0
1717840263426 3.66 0
1717840269512 3.64 0
1717840275656 3.66 0
1717840282274 3.73 0
1717840288342 3.66 0
1717840294394 3.63 0
1717840300565 3.67 0
1717840306705 3.69 0
1717840312833 3.64 0
1717840318937 3.65 0
1717840325079 3.67 0
1717840331135 3.63 0
1717840337630 3.65 0
1717840349964 3.67 0
1717840362078 3.68 0
1717840374361 3.61 0
1717840380406 3.61 0
1717840386568 3.66 0
1717840399610 3.65 0
1717840412425 3.7 0
1717840418460 3.65 0
1717840424572 3.67 0
1717840437086 3.67 0
1717840443230 3.67 0
1717840455370 3.61 0
1717840461913 3.66 0
1717840480544 3.63 0
1717840486591 3.6 0
1717840492722 3.64 0
1717840498925 3.72 0
1717840504973 3.62 0
1717840517601 3.62 0
1717840524089 3.66 0
1717840542500 3.63 0
1717840548649 3.63 0
1717840554705 3.62 0
1717840560827 3.64 0
1717840566925 3.64 0
1717840573084 3.67 0
1717840579198 3.66 0
1717840585755 3.64 0
1717840591867 3.64 0
1717840597990 3.69 0
1717840604030 3.62 0
1717840610110 3.62 0
1717840616226 3.64 0
1717840622440 3.73 0
1717840628472 3.63 0
1717840634583 3.69 0
1717840641067 3.64 0
1717840647174 3.63 0
1717840653264 3.64 0
1717840659442 3.68 0
1717840665580 3.64 0
1717840671638 3.64 0
1717840677685 3.65 0
1717840683919 3.77 0
1717840690404 3.63 0
1717840696450 3.64 0
1717840702517 3.65 0
1717840708745 3.71 0
1717840714886 3.65 0
1717840721035 3.68 0
1717840727105 3.64 0
1717840733199 3.63 0
1717840739299 3.67 0
1717840745920 3.71 0
1717840752055 3.68 0
1717840758155 3.65 0
1717840764392 3.69 0
1717840770509 3.66 0
1717840776693 3.71 0
1717840789183 3.67 0
1717840795284 3.66 0
1717840801862 3.72 0
1717840808040 3.7 0
1717840820686 3.66 0
1717840826885 3.68 0
1717840839251 3.69 0
1717840845350 3.62 0
1717840851453 3.61 0
1717840864092 3.66 0
1717840870231 3.62 0
1717840876442 3.69 0
1717840889228 3.65 0
1717840895482 3.75 0
1717840907682 3.66 0
1717840913791 3.63 0
1717840919947 3.65 0
1717840926528 3.66 0
1717840932754 3.69 0
1717840938892 3.64 0
1717840944990 3.65 0
1717840951181 3.66 0
1717840957303 3.65 0
1717840963395 3.61 0
1717840969464 3.61 0
1717840975554 3.65 0
1717840982095 3.66 0
1717840988172 3.65 0
1717840994327 3.71 0
1717841000451 3.65 0
1717841006675 3.7 0
1717841012861 3.7 0
1717841019118 3.69 0
1717841025251 3.63 0
1717841031865 3.72 0
1717841038027 3.66 0
1717841044160 3.67 0
1717841050275 3.67 0
1717841056411 3.65 0
1717841062488 3.63 0
1717841068643 3.65 0
1717841074790 3.67 0
1717841081394 3.66 0
1717841087537 3.68 0
1717841093643 3.65 0
1717841099827 3.73 0
1717841105980 3.65 0
1717841112184 3.72 0
1717841118302 3.62 0
1717841124475 3.66 0
1717841137642 3.62 0
1717841143746 3.62 0
1717841149909 3.68 0
1717841156034 3.65 0
1717841162164 3.65 0
1717841168323 3.71 0
1717841174455 3.66 0
1717841180547 3.62 0
1717841186770 3.72 0
1717841193279 3.63 0
1717841199363 3.64 0
1717841205433 3.63 0
1717841211607 3.67 0
1717841217828 3.64 0
1717841223957 3.67 0
1717841230175 3.68 0
1717841236341 3.65 0
1717841243013 3.71 0
1717841249199 3.66 0
1717841255346 3.63 0
1717841261409 3.63 0
1717841267552 3.66 0
1717841273749 3.66 0
1717841279861 3.66 0
1717841285969 3.64 0
1717841292094 3.65 0
1717841298729 3.63 0
1717841304822 3.64 0
1717841310955 3.68 0
1717841317035 3.64 0
1717841323186 3.66 0
1717841329361 3.7 0
1717841335505 3.65 0
1717841341781 3.72 0
1717841348456 3.76 0
1717841354524 3.62 0
1717841360712 3.69 0
1717841366867 3.63 0
1717841372991 3.66 0
1717841379148 3.66 0
1717841385287 3.68 0
1717841391401 3.65 0
1717841397573 3.66 0
1717841404196 3.68 0
1717841410318 3.68 0
1717841416401 3.62 0
1717841422657 3.76 0
1717841428842 3.69 0
1717841435023 3.73 0
1717841441149 3.65 0
1717841453811 3.88 0
1717841466035 3.66 0
1717841472229 3.7 0
1717841478318 3.67 0
1717841490484 3.61 0
1717841502751 3.68 0
1717841508947 3.66 0
1717841515440 3.66 0
1717841521587 3.64 0
1717841527774 3.68 0
1717841533889 3.65 0
1717841540052 3.68 0
1717841546198 3.64 0
1717841552337 3.67 0
1717841558520 3.71 0
1717841564710 3.73 0
1717841571502 3.66 0
1717841577690 3.64 0
1717841583821 3.65 0
1717841590069 3.71 0
1717841596147 3.62 0
1717841602267 3.66 0
1717841608397 3.64 0
1717841614643 3.68 0
1717841621269 4.15 0
1717841627511 3.67 0
1717841633716 3.69 0
1717841639864 3.64 0
1717841646085 3.7 0
1717841652345 3.72 0
1717841658417 3.62 0
1717841664649 3.7 0
1717841670827 3.65 0
1717841677577 3.72 0
1717841683691 3.64 0
1717841689879 3.69 0
1717841696192 3.71 0
1717841702401 3.68 0
1717841708696 3.66 0
1717841714996 3.66 0
1717841721115 3.64 0
1717841727408 3.77 0
1717841734276 3.68 0
1717841740483 3.72 0
1717841746794 3.76 0
1717841753048 3.69 0
1717841759210 3.65 0
1717841765337 3.64 0
1717841771530 3.65 0
1717841777716 3.63 0
1717841790644 3.69 0
1717841796824 3.71 0
1717841803004 3.65 0
1717841809197 3.65 0
1717841815266 3.59 0
1717841821475 3.67 0
1717841827604 3.6 0
1717841833738 3.64 0
1717841846817 3.67 0
1717841852903 3.62 0
1717841859020 3.63 0
1717841865156 3.65 0
1717841871285 3.62 0
1717841877468 3.68 0
1717841883613 3.67 0
1717841889733 3.65 0
1717841896316 3.66 0
1717841902460 3.64 0
1717841908604 3.67 0
1717841914734 3.66 0
1717841920977 3.73 0
1717841927141 3.66 0
1717841933338 3.74 0
1717841939514 3.71 0
1717841945952 3.92 0
1717841952185 3.64 0
1717841958390 3.64 0
1717841964516 3.64 0
1717841970859 3.74 0
1717841977063 3.66 0
1717841983242 3.64 0
1717841989422 3.64 0
1717841995567 3.66 0
1717842002112 3.64 0
1717842008285 3.67 0
1717842014505 3.66 0
1717842020739 3.67 0
1717842026944 3.67 0
1717842033161 3.68 0
1717842039287 3.63 0
1717842045468 3.68 0
1717842052073 3.63 0
1717842058293 3.73 0
1717842064483 3.67 0
1717842070655 3.64 0
1717842076866 3.66 0
1717842083135 3.72 0
1717842089280 3.64 0
1717842095447 3.66 0
1717842101622 3.65 0
1717842114791 3.67 0
1717842120999 3.64 0
1717842127162 3.65 0
1717842133293 3.61 0
1717842139442 3.65 0
1717842145733 3.68 0
1717842151901 3.63 0
1717842158506 3.65 0
1717842164748 3.68 0
1717842171035 3.68 0
1717842177254 3.71 0
1717842183429 3.65 0
1717842189740 3.72 0
1717842195942 3.63 0
1717842202199 3.7 0
1717842208684 3.93 0
1717842214890 3.65 0
1717842221105 3.66 0
1717842227306 3.68 0
1717842233446 3.63 0
1717842239675 3.69 0
1717842245844 3.64 0
1717842252009 3.62 0
1717842258205 3.66 0
1717842264787 3.65 0
1717842277095 3.63 0
1717842283272 3.64 0
1717842289416 3.64 0
1717842295622 3.64 0
1717842301827 3.68 0
1717842307999 3.64 0
1717842314251 3.64 0
1717842320836 3.67 0
1717842326980 3.62 0
1717842333128 3.62 0
1717842339312 3.66 0
1717842351246 3.71 0
1717842363853 3.7 0
1717842376838 3.67 0
1717842389287 3.65 0
1717842395471 3.64 0
1717842401700 3.66 0
1717842407822 3.62 0
1717842414021 3.65 0
1717842420285 3.7 0
1717842426536 3.65 0
1717842433157 3.67 0
1717842439351 3.66 0
1717842445558 3.66 0
1717842451743 3.67 0
1717842464339 3.64 0
1717842476647 3.66 0
1717842482834 3.65 0
1717842489409 3.63 0
1717842495604 3.65 0
1717842507316 3.67 0
1717842519825 3.69 0
1717842526139 3.75 0
1717842532412 3.71 0
1717842544777 3.61 0
1717842557903 3.62 0
1717842564066 3.61 0
1717842570227 3.63 0
1717842576456 3.64 0
1717842582585 3.63 0
1717842588741 3.65 0
1717842594924 3.63 0
1717842607302 3.67 0
1717842613854 3.64 0
1717842620088 3.7 0
1717842626312 3.69 0
1717842632523 3.65 0
1717842638851 3.69 0
1717842645137 3.67 0
1717842651408 3.69 0
1717842657769 3.72 0
1717842664409 3.66 0
1717842670658 3.68 0
1717842676923 3.68 0
1717842683126 3.66 0
1717842689425 3.7 0
1717842695639 3.67 0
1717842701781 3.63 0
1717842707980 3.65 0
1717842714556 3.66 0
1717842720748 3.67 0
1717842726908 3.63 0
1717842733137 3.67 0
1717842739383 3.68 0
1717842745589 3.64 0
1717842751801 3.64 0
1717842758024 3.68 0
1717842764285 3.64 0
1717842770951 3.62 0
1717842777260 3.73 0
1717842783431 3.66 0
1717842789658 3.65 0
1717842795879 3.65 0
1717842802053 3.65 0
1717842808338 3.69 0
1717842821477 3.71 0
1717842827646 3.64 0
1717842833830 3.63 0
1717842840012 3.65 0
1717842846149 3.6 0
1717842852338 3.65 0
1717842858487 3.62 0
1717842864709 3.69 0
1717842870879 3.65 0
1717842877565 3.68 0
1717842883798 3.7 0
1717842889989 3.66 0
1717842896113 3.63 0
1717842902351 3.68 0
1717842908620 3.68 0
1717842914770 3.62 0
1717842920964 3.66 0
1717842927619 3.7 0
1717842933811 3.63 0
1717842939981 3.63 0
1717842946253 3.67 0
1717842952391 3.62 0
1717842958605 3.67 0
1717842964826 3.68 0
1717842971071 3.67 0
1717842977631 3.93 0
1717842983767 3.63 0
1717842989942 3.64 0
1717842996163 3.69 0
1717843002371 3.63 0
1717843008540 3.67 0
1717843014709 3.64 0
1717843020897 3.65 0
1717843027107 3.67 0
1717843033689 3.64 0
1717843039917 3.69 0
1717843046066 3.64 0
1717843052259 3.65 0
1717843058483 3.67 0
1717843064737 3.69 0
1717843070914 3.64 0
1717843077097 3.66 0
1717843083765 3.7 0
1717843089977 3.67 0
1717843096309 3.74 0
1717843108993 3.65 0
1717843115216 3.66 0
1717843121475 3.66 0
1717843133875 3.64 0
1717843140166 3.64 0
1717843153353 3.65 0
1717843159611 3.69 0
1717843165787 3.64 0
1717843172001 3.67 0
1717843178208 3.65 0
1717843184407 3.68 0
1717843190596 3.62 0
1717843197262 3.65 0
1717843203459 3.63 0
1717843209768 3.74 0
1717843215957 3.65 0
1717843222183 3.67 0
1717843228448 3.69 0
1717843234671 3.66 0
1717843240847 3.63 0
1717843247294 3.84 0
1717843253476 3.66 0
1717843259626 3.63 0
1717843265887 3.7 0
1717843272104 3.65 0
1717843278347 3.69 0
1717843284593 3.68 0
1717843290780 3.66 0
1717843296997 3.69 0
1717843303655 3.66 0
1717843309878 3.67 0
1717843316222 3.74 0
1717843322499 3.66 0
1717843328793 3.65 0
1717843335054 3.66 0
1717843341307 3.62 0
1717843348036 3.63 0
1717843354336 3.69 0
1717843360659 3.7 0
1717843366977 3.66 0
1717843373219 3.67 0
1717843379556 3.71 0
1717843385836 3.65 0
1717843392173 3.74 0
1717843398612 3.87 0
1717843404806 3.66 0
1717843411144 3.66 0
1717843417537 3.67 0
1717843423839 3.66 0
1717843430062 3.62 0
1717843436310 3.66 0
1717843442625 3.72 0
1717843449054 3.87 0
1717843455344 3.64 0
1717843461787 3.72 0
1717843474539 3.62 0
1717843480764 3.67 0
1717843486991 3.68 0
1717843493296 3.63 0
1717843499615 3.64 0
1717843506311 3.64 0
1717843512505 3.61 0
1717843518738 3.62 0
1717843525034 3.63 0
1717843531301 3.65 0
1717843537523 3.61 0
1717843543699 3.63 0
1717843550013 3.67 0
1717843556734 3.64 0
1717843562991 3.66 0
1717843569270 3.69 0
1717843575560 3.67 0
1717843581872 3.66 0
1717843588138 3.63 0
1717843594371 3.63 0
1717843600619 3.66 0
1717843607309 3.66 0
1717843613553 3.68 0
1717843619861 3.66 0
1717843626147 3.63 0
1717843632451 3.64 0
1717843638740 3.67 0
1717843645014 3.63 0
1717843651286 3.63 0
1717843657909 3.62 0
1717843664260 3.67 0
1717843670548 3.68 0
1717843676889 3.69 0
1717843683160 3.68 0
1717843689482 3.64 0
1717843695775 3.66 0
1717843702073 3.73 0
1717843708741 3.65 0
1717843715004 3.68 0
1717843721322 3.66 0
1717843727728 3.7 0
1717843733930 3.64 0
1717843740216 3.67 0
1717843746518 3.7 0
1717843752840 3.73 0
1717843759511 3.67 0
1717843765762 3.64 0
1717843771975 3.63 0
1717843778278 3.68 0
1717843784529 3.67 0
1717843796791 3.68 0
1717843803116 3.7 0
1717843809394 3.67 0
1717843816100 3.66 0
1717843822493 3.7 0
1717843828751 3.65 0
1717843835028 3.66 0
1717843841372 3.65 0
1717843847615 3.64 0
1717843853832 3.64 0
1717843860164 3.72 0
1717843866823 3.67 0
1717843873061 3.68 0
1717843885697 3.68 0
1717843891946 3.66 0
1717843898137 3.63 0
1717843904425 3.64 0
1717843910634 3.64 0
1717843917253 3.66 0
1717843923538 3.68 0
1717843929964 3.7 0
1717843936270 3.7 0
1717843942574 3.7 0
1717843948888 3.66 0
1717843955204 3.67 0
1717843961493 3.64 0
1717843967997 3.94 0
1717843974353 3.69 0
1717843980691 3.71 0
1717843986933 3.64 0
1717843993194 3.63 0
1717843999486 3.66 0
1717844005825 3.72 0
1717844012029 3.63 0
1717844018701 3.64 0
1717844024996 3.66 0
1717844031328 3.68 0
1717844037645 3.7 0
1717844043817 3.64 0
1717844050034 3.66 0
1717844056281 3.66 0
1717844062532 3.68 0
1717844068740 3.67 0
1717844075431 3.71 0
1717844081577 3.65 0
1717844087850 3.75 0
1717844094138 3.74 0
1717844100327 3.67 0
1717844106578 3.76 0
1717844112820 3.66 0
1717844125244 3.7 0
1717844131902 3.67 0
1717844138118 3.69 0
1717844144266 3.63 0
1717844150529 3.65 0
1717844156718 3.63 0
1717844162955 3.68 0
1717844169110 3.62 0
1717844175407 3.72 0
1717844182064 3.65 0
1717844188268 3.67 0
1717844194520 3.69 0
1717844200706 3.65 0
1717844219381 3.67 0
1717844225497 3.61 0
1717844231666 3.67 0
1717844238210 3.65 0
1717844244474 3.68 0
1717844250663 3.66 0
1717844256870 3.66 0
1717844269199 3.65 0
1717844281966 3.67 0
1717844294743 3.69 0
1717844307685 3.67 0
1717844314032 3.7 0
1717844320255 3.64 0
1717844326536 3.67 0
1717844332765 3.67 0
1717844339011 3.63 0
1717844345221 3.63 0
1717844351479 3.69 0
1717844358168 3.68 0
1717844364359 3.66 0
1717844370597 3.69 0
1717844376804 3.66 0
1717844383038 3.66 0
1717844389339 3.68 0
1717844395694 3.68 0
1717844401962 3.65 0
1717844408726 3.73 0
1717844415017 3.73 0
1717844421188 3.64 0
1717844427397 3.68 0
1717844433693 3.7 0
1717844439932 3.65 0
1717844446189 3.64 0
1717844452460 3.66 0
1717844459089 3.65 0
1717844465336 3.68 0
1717844471599 3.66 0
1717844484143 3.63 0
1717844490454 3.72 0
1717844496675 3.63 0
1717844502931 3.7 0
1717844509210 3.69 0
1717844515804 3.64 0
1717844522066 3.66 0
1717844528292 3.64 0
1717844534510 3.66 0
1717844540724 3.65 0
1717844546899 3.65 0
1717844553197 3.69 0
1717844559471 3.65 0
1717844566086 3.65 0
1717844572376 3.71 0
1717844578605 3.65 0
1717844584938 3.65 0
1717844591155 3.65 0
1717844597470 3.73 0
1717844603714 3.68 0
1717844609953 3.7 0
1717844616513 3.63 0
1717844622712 3.65 0
1717844628944 3.66 0
1717844635105 3.62 0
1717844641346 3.67 0
1717844647590 3.65 0
1717844653862 3.69 0
1717844660132 3.68 0
1717844666904 3.75 0
1717844673152 3.66 0
1717844679528 3.65 0
1717844685810 3.73 0
1717844692074 3.67 0
1717844698376 3.65 0
1717844704586 3.69 0
1717844710870 3.7 0
1717844717376 3.95 0
1717844723647 3.63 0
1717844729915 3.65 0
1717844736153 3.67 0
1717844742333 3.65 0
1717844748606 3.67 0
1717844754834 3.65 0
1717844761102 3.66 0
1717844767352 3.63 0
1717844773970 3.66 0
1717844780323 3.68 0
1717844786523 3.64 0
1717844792781 3.65 0
1717844805550 3.73 0
1717844818178 3.62 0
1717844824474 3.68 0
1717844831093 3.67 0
1717844837335 3.64 0
1717844843580 3.67 0
1717844849911 3.74 0
1717844856210 3.68 0
1717844862448 3.67 0
1717844868600 3.61 0
1717844875187 3.64 0
1717844881401 3.65 0
1717844887671 3.69 0
1717844893907 3.67 0
1717844900185 3.67 0
1717844906526 3.71 0
1717844912790 3.65 0
1717844919138 3.76 0
1717844925446 3.66 0
1717844932103 3.69 0
1717844938329 3.67 0
1717844944652 3.65 0
1717844950933 3.69 0
1717844957110 3.66 0
1717844963351 3.7 0
1717844969669 3.75 0
1717844975974 3.69 0
1717844982609 3.63 0
1717844988882 3.67 0
1717844995140 3.7 0
1717845001418 3.72 0
1717845007630 3.66 0
1717845013874 3.7 0
1717845020119 3.64 0
1717845026581 3.72 0
1717845033411 3.78 0
1717845039732 3.72 0
1717845046054 3.72 0
1717845052251 3.67 0
1717845058474 3.67 0
1717845064679 3.63 0
1717845070934 3.69 0
1717845077223 3.69 0
1717845083558 3.68 0
1717845090284 3.66 0
1717845096535 3.65 0
1717845102761 3.67 0
1717845108965 3.64 0
1717845115125 3.64 0
1717845121369 3.67 0
1717845134046 3.72 0
1717845140490 3.88 0
1717845146786 3.7 0
1717845153121 3.68 0
1717845159369 3.7 0
1717845165776 3.69 0
1717845172090 3.68 0
1717845178390 3.72 0
1717845184764 3.72 0
1717845191002 3.67 0
1717845197766 3.69 0
1717845204019 3.67 0
1717845210364 3.7 0
1717845216563 3.65 0
1717845222796 3.68 0
1717845228991 3.65 0
1717845235216 3.63 0
1717845241454 3.69 0
1717845248080 3.67 0
1717845254316 3.68 0
1717845260472 3.63 0
1717845266706 3.7 0
1717845272933 3.68 0
1717845279181 3.66 0
1717845285361 3.64 0
1717845291594 3.63 0
1717845297851 3.65 0
1717845304518 3.72 0
1717845310804 3.7 0
1717845317066 3.72 0
1717845323230 3.64 0
1717845329467 3.66 0
1717845335720 3.65 0
1717845342033 3.76 0
1717845348224 3.65 0
1717845354900 3.72 0
1717845361161 3.68 0
1717845367463 3.66 0
1717845373746 3.66 0
1717845379968 3.66 0
1717845386219 3.7 0
1717845392490 3.67 0
1717845398707 3.67 0
1717845405177 3.88 0
1717845411424 3.68 0
1717845417606 3.64 0
1717845423856 3.69 0
1717845436252 3.66 0
1717845442508 3.64 0
1717845448699 3.65 0
1717845461751 3.85 0
1717845468088 3.71 0
1717845474323 3.67 0
1717845480569 3.68 0
1717845486720 3.62 0
1717845493017 3.66 0
1717845499345 3.68 0
1717845505581 3.7 0
1717845511811 3.67 0
1717845518678 3.72 0
1717845524889 3.68 0
1717845531123 3.68 0
1717845537445 3.68 0
1717845543748 3.72 0
1717845549982 3.65 0
1717845556196 3.68 0
1717845562412 3.66 0
1717845569054 3.63 0
1717845575312 3.7 0
1717845581562 3.68 0
1717845587767 3.68 0
1717845593949 3.63 0
1717845600140 3.64 0
1717845612511 3.72 0
1717845625165 3.63 0
1717845631875 3.65 0
1717845638051 3.66 0
1717845644261 3.64 0
1717845650415 3.61 0
1717845656638 3.67 0
1717845662877 3.66 0
1717845669145 3.68 0
1717845675325 3.63 0
1717845681989 3.64 0
1717845688272 3.69 0
1717845694501 3.69 0
1717845700752 3.7 0
1717845706922 3.65 0
1717845713164 3.68 0
1717845719393 3.65 0
1717845725581 3.66 0
1717845732127 3.62 0
1717845738404 3.68 0
1717845744667 3.68 0
1717845750921 3.69 0
1717845757118 3.67 0
1717845763314 3.66 0
1717845769507 3.66 0
1717845775767 3.68 0
1717845782060 3.69 0
1717845794858 3.66 0
1717845807341 3.64 0
1717845813583 3.64 0
1717845819773 3.66 0
1717845825900 3.61 0
1717845832172 3.66 0
1717845838441 3.67 0
1717845845161 3.69 0
1717845851458 3.67 0
1717845857686 3.64 0
1717845863968 3.71 0
1717845870201 3.63 0
1717845876504 3.68 0
1717845882712 3.64 0
1717845889026 3.73 0
1717845895773 3.69 0
1717845901979 3.63 0
1717845908219 3.65 0
1717845914463 3.66 0
1717845920755 3.67 0
1717845927050 3.67 0
1717845933272 3.67 0
1717845939457 3.64 0
1717845946163 3.67 0
1717845952538 3.73 0
1717845958770 3.66 0
1717845965051 3.67 0
1717845971309 3.67 0
1717845977614 3.67 0
1717845983939 3.65 0
1717845990178 3.67 0
1717845996874 3.67 0
1717846003157 3.7 0
1717846009447 3.65 0
1717846015713 3.68 0
1717846021952 3.66 0
1717846028288 3.71 0
1717846034570 3.69 0
1717846040815 3.65 0
1717846047091 3.66 0
1717846053765 3.64 0
1717846060043 3.68 0
1717846066311 3.67 0
1717846072652 3.66 0
1717846078910 3.66 0
1717846085191 3.7 0
1717846091469 3.67 0
1717846098131 3.67 0
1717846104368 3.67 0
1717846110716 3.68 0
1717846123532 3.65 0
1717846129727 3.62 0
1717846135994 3.65 0
1717846142291 3.72 0
1717846148637 3.69 0
1717846155283 3.66 0
1717846161629 3.71 0
1717846167938 3.65 0
1717846174195 3.65 0
1717846180440 3.65 0
1717846186704 3.69 0
1717846192956 3.66 0
1717846199294 3.66 0
1717846205573 3.72 0
1717846212241 3.63 0
1717846218589 3.69 0
1717846224949 3.69 0
1717846231252 3.63 0
1717846237473 3.65 0
1717846243789 3.69 0
1717846250024 3.63 0
1717846256308 3.67 0
1717846263031 3.65 0
1717846269290 3.66 0
1717846275532 3.64 0
1717846281847 3.7 0
1717846288048 3.62 0
1717846294325 3.65 0
1717846300634 3.65 0
1717846306925 3.68 0
1717846313556 3.63 0
1717846319857 3.66 0
1717846326279 3.78 0
1717846332548 3.65 0
1717846338840 3.68 0
1717846345309 3.76 0
1717846351522 3.66 0
1717846357801 3.7 0
1717846364567 3.67 0
1717846370856 3.68 0
1717846377193 3.66 0
1717846383535 3.73 0
1717846389781 3.62 0
1717846396015 3.62 0
1717846402314 3.72 0
1717846408567 3.61 0
1717846415271 3.69 0
1717846421482 3.62 0
1717846427723 3.64 0
1717846434008 3.67 0
1717846446885 3.69 0
1717846453194 3.71 0
1717846459443 3.65 0
1717846465711 3.69 0
1717846472362 3.64 0
1717846478541 3.62 0
1717846484928 3.69 0
1717846491221 3.68 0
1717846497521 3.69 0
1717846503781 3.69 0
1717846509998 3.65 0
1717846516265 3.65 0
1717846522823 3.95 0
1717846529036 3.65 0
1717846535316 3.71 0
1717846541543 3.66 0
1717846547768 3.65 0
1717846554123 3.68 0
1717846560430 3.63 0
1717846566719 3.63 0
1717846572979 3.66 0
1717846579735 3.69 0
1717846586028 3.68 0
1717846598588 3.61 0
1717846604807 3.64 0
1717846617474 3.69 0
1717846630226 3.65 0
1717846636778 3.62 0
1717846649752 3.69 0
1717846656064 3.66 0
1717846662388 3.67 0
1717846668651 3.71 0
1717846674966 3.63 0
1717846681189 3.65 0
1717846687485 3.67 0
1717846694227 3.65 0
1717846700437 3.62 0
1717846706702 3.64 0
1717846712973 3.62 0
1717846719205 3.64 0
1717846725589 3.66 0
1717846731846 3.65 0
1717846738087 3.65 0
1717846744609 3.91 0
1717846750922 3.72 0
1717846757221 3.66 0
1717846763603 3.67 0
1717846769763 3.69 0
1717846775926 3.66 0
1717846782043 3.68 0
1717846794694 3.67 0
1717846801478 3.69 0
1717846807546 3.64 0
1717846819825 3.66 0
1717846825935 3.64 0
1717846832033 3.65 0
1717846838111 3.65 0
1717846844241 3.69 0
1717846850332 3.65 0
1717846856481 3.66 0
1717846863281 3.66 0
1717846869443 3.65 0
1717846875545 3.64 0
1717846881738 3.66 0
1717846888019 3.65 0
1717846894300 3.7 0
1717846900574 3.74 0
1717846906729 3.65 0
1717846912879 3.66 0
1717846919560 3.65 0
1717846925689 3.66 0
1717846931844 3.67 0
1717846938093 3.69 0
1717846944260 3.71 0
1717846950413 3.66 0
1717846956570 3.69 0
1717846962732 3.71 0
1717846968934 3.7 0
1717846975901 3.73 0
1717846982245 3.71 0
1717846988433 3.66 0
1717846994714 3.72 0
1717847000913 3.64 0
1717847007108 3.72 0
1717847013271 3.65 0
1717847019479 3.74 0
1717847025606 3.63 0
1717847032306 3.68 0
1717847038540 3.67 0
1717847044738 3.68 0
1717847050960 3.69 0
1717847057097 3.66 0
1717847063201 3.65 0
1717847069347 3.67 0
1717847075486 3.69 0
1717847081594 3.66 0
1717847088193 3.69 0
1717847094335 3.63 0
1717847100507 3.73 0
1717847106699 3.69 0
1717847119504 3.66 0
1717847125655 3.66 0
1717847131849 3.69 0
1717847138004 3.63 0
1717847144602 3.68 0
1717847150790 3.69 0
1717847156977 3.71 0
1717847163122 3.66 0
1717847169303 3.68 0
1717847175428 3.65 0
1717847181587 3.69 0
1717847187796 3.66 0
1717847193969 3.66 0
1717847200634 3.74 0
1717847206705 3.63 0
1717847212811 3.64 0
1717847218943 3.67 0
1717847225124 3.7 0
1717847231255 3.65 0
1717847237486 3.66 0
1717847243594 3.65 0
1717847249705 3.65 0
1717847256342 3.74 0
1717847262543 3.71 0
1717847268677 3.67 0
1717847274820 3.7 0
1717847280937 3.66 0
1717847287130 3.69 0
1717847293368 3.74 0
1717847299493 3.68 0
1717847305636 3.64 0
1717847312184 3.65 0
1717847318403 3.71 0
1717847324471 3.64 0
1717847330544 3.63 0
1717847336640 3.65 0
1717847342806 3.72 0
1717847348935 3.66 0
1717847355093 3.66 0
1717847361220 3.65 0
1717847367837 3.72 0
1717847374027 3.68 0
1717847380185 3.69 0
1717847386382 3.74 0
1717847392676 3.75 0
1717847398815 3.68 0
1717847404923 3.66 0
1717847411003 3.64 0
1717847417097 3.63 0
1717847423650 3.65 0
1717847436063 3.62 0
1717847442165 3.61 0
1717847448256 3.63 0
1717847454407 3.68 0
1717847460523 3.68 0
1717847466625 3.62 0
1717847472794 3.7 0
1717847479365 3.66 0
1717847485422 3.61 0
1717847491516 3.64 0
1717847497560 3.6 0
1717847503659 3.62 0
1717847509817 3.67 0
1717847516067 3.66 0
1717847522161 3.65 0
1717847528297 3.69 0
1717847534843 3.64 0
1717847541054 3.67 0
1717847547175 3.64 0
1717847553328 3.68 0
1717847559508 3.69 0
1717847565578 3.64 0
1717847571776 3.69 0
1717847577853 3.63 0
1717847584141 3.72 0
1717847590745 3.67 0
1717847596925 3.66 0
1717847602979 3.62 0
1717847609137 3.68 0
1717847615326 3.7 0
1717847621417 3.63 0
1717847627570 3.67 0
1717847633704 3.68 0
1717847639792 3.65 0
1717847646646 3.72 0
1717847652879 3.68 0
1717847664844 3.62 0
1717847677112 3.7 0
1717847683269 3.68 0
1717847689395 3.66 0
1717847695485 3.65 0
1717847701624 3.66 0
1717847708161 3.65 0
1717847714375 3.77 0
1717847720471 3.66 0
1717847726791 3.66 0
1717847732963 3.72 0
1717847739031 3.63 0
1717847745126 3.62 0
1717847751412 3.74 0
1717847764343 3.68 0
1717847770488 3.68 0
1717847776757 3.71 0
1717847782983 3.73 0
1717847789151 3.69 0
1717847795287 3.65 0
1717847801496 3.65 0
1717847807697 3.67 0
1717847813935 3.71 0
1717847820748 3.76 0
1717847826915 3.68 0
1717847833088 3.65 0
1717847839256 3.67 0
1717847845513 3.75 0
1717847857958 3.7 0
1717847870171 3.73 0
1717847883156 3.65 0
1717847895775 3.65 0
1717847901884 3.65 0
1717847908013 3.64 0
1717847914153 3.69 0
1717847920279 3.68 0
1717847926533 3.71 0
1717847932712 3.67 0
1717847939217 3.66 0
1717847945395 3.71 0
1717847951564 3.68 0
1717847957671 3.62 0
1717847963867 3.68 0
1717847970015 3.66 0
1717847976106 3.64 0
1717847982333 3.67 0
1717847988510 3.67 0
1717847995087 3.65 0
1717848001211 3.64 0
1717848007400 3.69 0
1717848013550 3.64 0
1717848019672 3.65 0
1717848025800 3.68 0
1717848031948 3.68 0
1717848038084 3.67 0
1717848044256 3.7 0
1717848050850 3.7 0
1717848056997 3.68 0
1717848063089 3.64 0
1717848069223 3.67 0
1717848075413 3.7 0
1717848081583 3.69 0
1717848087730 3.66 0
1717848093908 3.65 0
1717848105654 3.68 0
1717848112249 3.66 0
1717848118433 3.72 0
1717848124639 3.69 0
1717848130807 3.69 0
1717848136925 3.64 0
1717848143222 3.73 0
1717848149564 3.68 0
1717848155661 3.66 0
1717848161753 3.65 0
1717848168302 3.65 0
1717848174494 3.67 0
1717848180616 3.68 0
1717848186713 3.64 0
1717848192912 3.68 0
1717848198975 3.65 0
1717848205057 3.66 0
1717848211175 3.66 0
1717848217389 3.72 0
1717848223938 3.66 0
1717848230057 3.68 0
1717848236233 3.72 0
1717848242410 3.67 0
1717848248572 3.65 0
1717848254762 3.7 0
1717848260988 3.67 0
1717848267063 3.62 0
1717848273125 3.64 0
1717848279263 3.68 0
1717848285860 3.65 0
1717848291975 3.7 0
1717848298033 3.64 0
1717848304115 3.64 0
1717848310378 3.79 0
1717848316446 3.63 0
1717848322561 3.65 0
1717848328740 3.72 0
1717848335337 3.79 0
1717848341510 3.68 0
1717848347624 3.67 0
1717848353754 3.65 0
1717848359931 3.7 0
1717848366045 3.67 0
1717848372094 3.64 0
1717848378294 3.76 0
1717848384396 3.67 0
1717848390540 3.67 0
1717848397090 3.66 0
1717848403209 3.71 0
1717848409337 3.64 0
1717848421333 3.7 0
1717848427546 3.69 0
1717848433738 3.75 0
1717848439831 3.65 0
1717848445928 3.64 0
1717848452417 3.65 0
1717848458524 3.66 0
1717848464816 3.75 0
1717848470974 3.73 0
1717848477169 3.71 0
1717848483361 3.7 0
1717848489490 3.67 0
1717848495613 3.67 0
1717848501761 3.65 0
1717848508431 3.78 0
1717848514631 3.73 0
1717848520799 3.7 0
1717848527025 3.73 0
1717848533122 3.66 0
1717848539325 3.74 0
1717848545431 3.65 0
1717848551509 3.65 0
1717848557663 3.71 0
1717848564234 3.68 0
1717848570433 3.7 0
1717848576520 3.65 0
1717848582646 3.64 0
1717848588736 3.66 0
1717848594899 3.67 0
1717848601005 3.65 0
1717848607072 3.62 0
1717848613250 3.69 0
1717848619664 3.91 0
1717848625706 3.6 0
1717848631832 3.66 0
1717848637926 3.65 0
1717848644163 3.73 0
1717848650340 3.71 0
1717848656496 3.65 0
1717848662612 3.68 0
1717848668755 3.63 0
1717848674859 3.62 0
1717848681433 3.68 0
1717848687567 3.66 0
1717848693668 3.63 0
1717848699889 3.69 0
1717848705976 3.62 0
1717848712044 3.62 0
1717848718065 3.61 0
1717848724200 3.67 0
1717848736447 3.59 0
1717848742548 3.67 0
1717848748675 3.66 0
1717848754790 3.66 0
1717848760913 3.64 0
1717848767115 3.75 0
1717848773230 3.67 0
1717848779324 3.61 0
1717848785497 3.67 0
1717848792209 4.26 0
1717848798368 3.69 0
1717848804439 3.62 0
1717848810537 3.65 0
1717848816625 3.65 0
1717848822750 3.67 0
1717848828882 3.66 0
1717848835002 3.69 0
1717848841167 3.65 0
1717848847286 3.62 0
1717848853943 3.64 0
1717848860030 3.66 0
1717848866143 3.65 0
1717848872247 3.67 0
1717848878399 3.68 0
1717848884521 3.67 0
1717848890689 3.68 0
1717848896878 3.66 0
1717848903067 3.69 0
1717848909830 3.68 0
1717848916057 3.69 0
1717848922387 3.82 0
1717848928535 3.66 0
1717848934664 3.62 0
1717848940850 3.67 0
1717848947013 3.65 0
1717848953175 3.63 0
1717848959299 3.61 0
1717848966071 3.69 0
1717848972230 3.66 0
1717848978461 3.66 0
1717848984612 3.65 0
1717848990832 3.64 0
1717848997155 3.75 0
1717849003396 3.71 0
1717849009580 3.69 0
1717849015782 3.63 0
1717849022550 3.69 0
1717849028711 3.64 0
1717849034849 3.65 0
1717849040957 3.61 0
1717849053296 3.61 0
1717849059382 3.61 0
1717849065529 3.64 0
1717849071636 3.66 0
1717849078157 3.61 0
1717849084341 3.66 0
1717849090595 3.65 0
1717849096735 3.64 0
1717849102957 3.67 0
1717849109046 3.63 0
1717849115179 3.61 0
1717849121390 3.7 0
1717849127487 3.62 0
1717849133972 3.62 0
1717849140043 3.61 0
1717849146235 3.68 0
1717849152426 3.73 0
1717849158586 3.64 0
1717849164716 3.67 0
1717849170909 3.68 0
1717849177064 3.61 0
1717849183265 3.66 0
1717849189866 3.64 0
1717849195977 3.65 0
1717849202108 3.65 0
1717849208273 3.63 0
1717849214414 3.68 0
1717849220562 3.66 0
1717849226744 3.65 0
1717849232862 3.63 0
1717849239012 3.66 0
1717849245601 3.68 0
1717849251740 3.62 0
1717849257884 3.68 0
1717849264044 3.69 0
1717849270234 3.69 0
1717849276341 3.64 0
1717849282459 3.63 0
1717849288613 3.67 0
1717849294861 3.66 0
1717849301516 3.67 0
1717849307629 3.65 0
1717849313794 3.64 0
1717849319913 3.64 0
1717849326030 3.62 0
1717849332167 3.65 0
1717849338314 3.64 0
1717849344455 3.67 0
1717849350616 3.65 0
1717849357197 3.63 0
1717849369359 3.62 0
1717849375441 3.61 0
1717849381663 3.69 0
1717849387794 3.63 0
1717849394173 3.71 0
1717849400386 3.68 0
1717849406581 3.63 0
1717849413285 3.63 0
1717849419486 3.63 0
1717849425684 3.69 0
1717849431886 3.63 0
1717849438090 3.62 0
1717849444244 3.65 0
1717849450408 3.64 0
1717849456534 3.64 0
1717849462689 3.65 0
1717849469539 3.66 0
1717849475823 3.68 0
1717849482021 3.63 0
1717849488266 3.71 0
1717849494464 3.67 0
1717849500636 3.68 0
1717849506805 3.66 0
1717849512947 3.6 0
1717849519073 3.66 0
1717849525738 3.61 0
1717849531939 3.65 0
1717849538109 3.65 0
1717849544304 3.69 0
1717849550490 3.68 0
1717849556734 3.7 0
1717849562954 3.7 0
1717849569127 3.68 0
1717849575260 3.64 0
1717849582152 3.76 0
1717849588342 3.66 0
1717849594510 3.68 0
1717849600815 3.63 0
1717849607014 3.69 0
1717849613267 3.67 0
1717849619527 3.71 0
1717849625708 3.65 0
1717849631948 3.64 0
1717849638555 3.62 0
1717849644728 3.67 0
1717849650899 3.64 0
1717849657055 3.64 0
1717849663217 3.67 0
1717849669403 3.7 0
1717849675522 3.65 0
1717849687679 3.67 0
1717849694295 3.63 0
1717849700407 3.63 0
1717849706506 3.61 0
1717849712734 3.69 0
1717849718961 3.67 0
1717849725095 3.64 0
1717849731208 3.63 0
1717849737424 3.7 0
1717849743595 3.63 0
1717849750299 3.64 0
1717849756429 3.63 0
1717849762580 3.67 0
1717849768719 3.64 0
1717849774865 3.64 0
1717849780958 3.62 0
1717849787240 3.64 0
1717849793394 3.64 0
1717849799558 3.62 0
1717849806226 3.61 0
1717849812312 3.6 0
1717849818467 3.65 0
1717849824653 3.63 0
1717849830781 3.64 0
1717849836887 3.64 0
1717849842969 3.62 0
1717849849113 3.62 0
1717849855314 3.69 0
1717849861898 3.66 0
1717849868016 3.61 0
1717849874212 3.65 0
1717849880314 3.63 0
1717849886431 3.63 0
1717849892582 3.68 0
1717849898727 3.66 0
1717849904865 3.61 0
1717849911070 3.67 0
1717849917626 3.64 0
1717849923818 3.62 0
1717849929994 3.66 0
1717849936127 3.66 0
1717849942254 3.62 0
1717849948330 3.6 0
1717849954461 3.64 0
1717849960623 3.68 0
1717849966712 3.62 0
1717849973248 3.61 0
1717849979403 3.67 0
1717849985506 3.62 0
1717849991658 3.63 0
1717850003735 3.62 0
1717850009906 3.67 0
1717850016054 3.65 0
1717850022181 3.63 0
1717850028737 3.62 0
1717850034906 3.67 0
1717850041077 3.67 0
1717850047242 3.68 0
1717850053475 3.7 0
1717850059596 3.64 0
1717850065736 3.64 0
1717850071893 3.64 0
1717850078068 3.67 0
1717850084615 3.62 0
1717850090713 3.62 0
1717850096933 3.68 0
1717850103064 3.61 0
1717850109171 3.63 0
1717850115337 3.66 0
1717850121525 3.65 0
1717850127688 3.65 0
1717850133823 3.64 0
1717850140443 3.68 0
1717850146713 3.71 0
1717850152838 3.61 0
1717850159020 3.69 0
1717850165225 3.65 0
1717850171365 3.63 0
1717850177495 3.65 0
1717850183756 3.71 0
1717850189982 3.69 0
1717850196553 3.64 0
1717850202754 3.68 0
1717850208928 3.66 0
1717850215127 3.63 0
1717850221322 3.68 0
1717850227450 3.65 0
1717850233582 3.64 0
1717850239786 3.69 0
1717850246011 3.68 0
1717850252597 3.64 0
1717850258770 3.65 0
1717850264969 3.65 0
1717850271113 3.63 0
1717850277244 3.63 0
1717850283385 3.66 0
1717850289492 3.62 0
1717850295675 3.65 0
1717850302121 3.92 0
1717850308232 3.65 0
1717850320728 3.61 0
1717850326843 3.64 0
1717850333040 3.63 0
1717850339176 3.62 0
1717850345270 3.62 0
1717850351379 3.59 0
1717850357891 3.6 0
1717850364049 3.64 0
1717850370139 3.62 0
1717850376211 3.61 0
1717850382337 3.59 0
1717850388474 3.63 0
1717850394633 3.67 0
1717850400717 3.61 0
1717850406871 3.65 0
1717850413444 3.63 0
1717850419645 3.68 0
1717850425775 3.64 0
1717850431849 3.61 0
1717850438091 3.69 0
1717850444206 3.63 0
1717850450349 3.65 0
1717850456468 3.64 0
1717850462608 3.63 0
1717850469233 3.68 0
1717850475396 3.64 0
1717850481570 3.68 0
1717850487820 3.65 0
1717850493941 3.62 0
1717850500069 3.62 0
1717850506212 3.66 0
1717850512354 3.63 0
1717850518551 3.64 0
1717850525111 3.64 0
1717850531264 3.65 0
1717850537490 3.67 0
1717850543610 3.64 0
1717850549752 3.67 0
1717850555861 3.64 0
1717850562069 3.66 0
1717850568236 3.64 0
1717850574409 3.69 0
1717850581046 3.68 0
1717850587162 3.64 0
1717850593320 3.63 0
1717850599478 3.65 0
1717850605634 3.65 0
1717850611831 3.67 0
1717850618020 3.7 0
1717850624188 3.68 0
1717850636711 3.92 0
1717850642842 3.62 0
1717850648973 3.64 0
1717850655118 3.62 0
1717850661285 3.67 0
1717850667441 3.66 0
1717850673616 3.66 0
1717850679753 3.63 0
1717850685867 3.6 0
1717850692486 3.69 0
1717850698607 3.65 0
1717850704789 3.65 0
1717850710932 3.64 0
1717850717141 3.64 0
1717850723279 3.62 0
1717850729461 3.68 0
1717850735564 3.6 0
1717850741766 3.66 0
1717850748331 3.61 0
1717850754516 3.65 0
1717850760695 3.65 0
1717850766868 3.64 0
1717850773035 3.61 0
1717850779201 3.65 0
1717850785302 3.64 0
1717850791422 3.6 0
1717850797634 3.69 0
1717850804158 3.6 0
1717850810392 3.66 0
1717850816638 3.71 0
1717850822744 3.62 0
1717850828906 3.69 0
1717850835067 3.63 0
1717850841170 3.63 0
1717850847342 3.68 0
1717850853492 3.63 0
1717850860151 3.66 0
1717850866319 3.63 0
1717850872465 3.66 0
1717850878595 3.67 0
1717850884748 3.67 0
1717850890884 3.65 0
1717850897007 3.61 0
1717850903163 3.67 0
1717850909297 3.63 0
1717850915850 3.64 0
1717850921941 3.61 0
1717850928086 3.68 0
1717850934234 3.63 0
1717850940305 3.6 0
1717850952413 3.66 0
1717850958647 3.71 0
1717850964873 3.68 0
1717850971250 3.86 0
1717850977385 3.66 0
1717850983516 3.62 0
1717850989616 3.6 0
1717850995712 3.61 0
1717851001874 3.64 0
1717851008054 3.69 0
1717851014232 3.67 0
1717851020366 3.62 0
1717851026876 3.63 0
1717851033073 3.71 0
1717851039170 3.61 0
1717851045328 3.66 0
1717851051482 3.62 0
1717851057624 3.64 0
1717851063769 3.64 0
1717851069924 3.62 0
1717851076078 3.64 0
1717851082581 3.62 0
1717851088727 3.65 0
1717851094952 3.7 0
1717851101208 3.66 0
1717851107358 3.67 0
1717851113490 3.63 0
1717851119653 3.64 0
1717851125855 3.68 0
1717851131991 3.62 0
1717851138559 3.62 0
1717851144792 3.73 0
1717851150972 3.69 0
1717851157122 3.65 0
1717851163332 3.66 0
1717851169573 3.65 0
1717851175745 3.65 0
1717851181897 3.65 0
1717851188118 3.67 0
1717851194277 3.65 0
1717851200922 3.64 0
1717851207069 3.62 0
1717851213259 3.65 0
1717851219415 3.66 0
1717851225638 3.74 0
1717851231738 3.62 0
1717851237916 3.68 0
1717851244109 3.64 0
1717851250672 3.64 0
1717851256798 3.62 0
1717851268877 3.64 0
1717851275026 3.64 0
1717851281128 3.62 0
1717851287232 3.62 0
1717851293332 3.6 0
1717851299510 3.63 0
1717851305651 3.65 0
1717851312273 3.63 0
1717851318387 3.6 0
1717851324567 3.63 0
1717851330707 3.64 0
1717851336885 3.67 0
1717851343014 3.62 0
1717851349145 3.6 0
1717851355276 3.62 0
1717851361860 3.68 0
1717851367974 3.63 0
1717851374065 3.6 0
1717851380159 3.61 0
1717851386365 3.68 0
1717851392497 3.65 0
1717851398638 3.66 0
1717851404788 3.64 0
1717851410972 3.69 0
1717851417563 3.66 0
1717851423752 3.63 0
1717851435921 3.64 0
1717851442033 3.62 0
1717851448203 3.66 0
1717851454335 3.64 0
1717851460419 3.6 0
1717851466593 3.67 0
1717851472696 3.62 0
1717851479325 3.64 0
1717851485414 3.63 0
1717851491541 3.65 0
1717851497679 3.66 0
1717851503816 3.65 0
1717851509959 3.65 0
1717851516089 3.61 0
1717851522221 3.63 0
1717851528325 3.63 0
1717851534993 3.7 0
1717851541274 3.67 0
1717851547461 3.66 0
1717851553610 3.66 0
1717851559758 3.64 0
1717851565938 3.71 0
1717851572056 3.65 0
1717851578160 3.62 0
1717851591247 3.62 0
1717851597372 3.65 0
1717851609429 3.62 0
1717851615638 3.67 0
1717851621835 3.67 0
1717851627995 3.66 0
1717851634174 3.67 0
1717851640343 3.63 0
1717851646472 3.63 0
1717851653066 3.66 0
1717851659191 3.64 0
1717851665457 3.73 0
1717851671552 3.63 0
1717851677694 3.65 0
1717851683807 3.63 0
1717851689925 3.62 0
1717851696072 3.64 0
1717851702239 3.65 0
1717851708902 3.7 0
1717851715041 3.65 0
1717851721242 3.68 0
1717851727443 3.67 0
1717851733615 3.67 0
1717851739846 3.65 0
1717851746030 3.7 0
1717851752326 3.68 0
1717851759087 3.73 0
1717851765364 3.72 0
1717851771577 3.68 0
1717851777929 3.75 0
1717851784212 3.69 0
1717851790475 3.7 0
1717851796711 3.71 0
1717851802923 3.69 0
1717851809074 3.63 0
1717851815786 3.66 0
1717851821978 3.69 0
1717851828121 3.64 0
1717851834333 3.64 0
1717851840535 3.68 0
1717851846707 3.66 0
1717851852932 3.7 0
1717851859133 3.68 0
1717851865294 3.63 0
1717851871973 3.66 0
1717851878118 3.65 0
1717851884261 3.65 0
1717851890408 3.61 0
1717851896578 3.66 0
1717851902905 3.74 0
1717851915300 3.64 0
1717851921516 3.66 0
1717851927703 3.66 0
1717851934253 3.64 0
1717851940452 3.64 0
1717851946573 3.61 0
1717851952776 3.68 0
1717851959074 3.67 0
1717851965394 3.69 0
1717851971589 3.62 0
1717851977951 3.75 0
1717851984427 3.94 0
1717851990641 3.65 0
1717851996822 3.65 0
1717852003093 3.66 0
1717852009277 3.62 0
1717852015449 3.65 0
1717852021668 3.64 0
1717852027855 3.66 0
1717852034074 3.64 0
1717852040754 3.65 0
1717852046958 3.63 0
1717852053163 3.64 0
1717852059400 3.63 0
1717852065651 3.65 0
1717852071854 3.66 0
1717852078039 3.64 0
1717852084272 3.66 0
1717852090460 3.65 0
1717852097180 3.67 0
1717852103424 3.67 0
1717852109564 3.61 0
1717852115738 3.63 0
1717852121926 3.63 0
1717852128121 3.67 0
1717852134379 3.67 0
1717852140553 3.65 0
1717852147373 3.65 0
1717852153639 3.69 0
1717852159880 3.67 0
1717852166136 3.68 0
1717852172305 3.64 0
1717852178620 3.71 0
1717852184795 3.63 0
1717852190989 3.62 0
1717852197202 3.63 0
1717852203850 3.65 0
1717852210017 3.63 0
1717852216291 3.66 0
1717852222488 3.66 0
1717852234275 3.6 0
1717852240566 3.61 0
1717852246758 3.66 0
1717852252941 3.61 0
1717852259594 3.64 0
1717852265792 3.65 0
1717852271962 3.64 0
1717852278260 3.64 0
1717852284497 3.67 0
1717852290692 3.64 0
1717852296989 3.68 0
1717852303228 3.63 0
1717852309673 3.9 0
1717852315892 3.66 0
1717852322218 3.64 0
1717852328419 3.63 0
1717852334681 3.64 0
1717852340903 3.65 0
1717852347129 3.66 0
1717852353369 3.65 0
1717852359587 3.65 0
1717852366207 3.65 0
1717852372492 3.66 0
1717852378678 3.66 0
1717852384915 3.65 0
1717852391155 3.64 0
1717852397363 3.63 0
1717852403548 3.62 0
1717852409759 3.65 0
1717852415893 3.6 0
1717852422630 3.65 0
1717852428840 3.66 0
1717852435013 3.66 0
1717852441292 3.66 0
1717852447470 3.66 0
1717852453669 3.62 0
1717852459931 3.67 0
1717852466183 3.69 0
1717852472382 3.64 0
1717852479008 3.63 0
1717852490211 3.67 0
1717852496505 3.7 0
1717852502747 3.65 0
1717852508912 3.62 0
1717852515082 3.64 0
1717852521245 3.63 0
1717852527404 3.64 0
1717852534119 3.67 0
1717852540314 3.62 0
1717852546497 3.64 0
1717852557751 3.7 0
1717852563883 3.61 0
1717852570085 3.65 0
1717852576395 3.71 0
1717852582575 3.66 0
1717852589192 3.62 0
1717852595415 3.66 0
1717852601609 3.65 0
1717852607795 3.63 0
1717852613997 3.67 0
1717852620230 3.67 0
1717852626391 3.64 0
1717852632587 3.63 0
1717852638847 3.66 0
1717852645788 3.67 0
1717852651979 3.64 0
1717852658221 3.68 0
1717852664567 3.69 0
1717852670769 3.64 0
1717852676908 3.6 0
1717852683108 3.65 0
1717852689335 3.67 0
1717852696257 3.67 0
1717852702431 3.64 0
1717852708634 3.64 0
1717852715029 3.65 0
1717852721254 3.63 0
1717852727455 3.64 0
1717852733654 3.65 0
1717852739992 3.72 0
1717852746199 3.67 0
1717852753005 3.69 0
1717852759237 3.65 0
1717852765623 3.7 0
1717852771799 3.63 0
1717852778051 3.65 0
1717852784200 3.61 0
1717852790349 3.62 0
1717852796554 3.67 0
1717852803255 3.63 0
1717852809493 3.69 0
1717852815899 3.7 0
1717852822213 3.67 0
1717852828435 3.64 0
1717852834671 3.65 0
1717852840821 3.61 0
1717852846964 3.61 0
1717852853168 3.66 0
1717852860024 3.67 0
1717852866239 3.65 0
1717852877563 3.69 0
1717852883783 3.67 0
1717852889957 3.61 0
1717852896166 3.64 0
1717852902330 3.61 0
1717852908515 3.64 0
1717852915121 3.67 0
1717852921334 3.65 0
1717852927525 3.64 0
1717852933645 3.59 0
1717852939857 3.66 0
1717852946002 3.61 0
1717852952197 3.63 0
1717852958510 3.72 0
1717852964667 3.63 0
1717852971410 3.67 0
1717852977657 3.66 0
1717852983840 3.62 0
1717852990080 3.66 0
1717852996307 3.65 0
1717853002545 3.65 0
1717853008665 3.6 0
1717853014897 3.67 0
1717853021099 3.64 0
1717853027794 3.67 0
1717853033994 3.64 0
1717853040218 3.6 0
1717853046540 3.75 0
1717853052786 3.63 0
1717853059021 3.68 0
1717853065189 3.61 0
1717853071487 3.7 0
1717853077822 3.64 0
1717853084493 3.63 0
1717853090762 3.68 0
1717853096978 3.64 0
1717853103165 3.61 0
1717853109386 3.64 0
1717853115562 3.63 0
1717853121772 3.6 0
1717853127973 3.61 0
1717853134649 3.67 0
1717853140934 3.6 0
1717853147167 3.61 0
1717853153448 3.7 0
1717853159676 3.67 0
1717853165923 3.63 0
1717853172101 3.63 0
1717853178288 3.63 0
1717853184423 3.6 0
1717853196209 3.62 0
1717853202376 3.6 0
1717853208551 3.62 0
1717853214778 3.68 0
1717853220947 3.62 0
1717853227190 3.66 0
1717853233355 3.6 0
1717853244492 3.62 0
1717853251178 3.64 0
1717853257300 3.6 0
1717853263504 3.65 0
1717853269662 3.6 0
1717853275816 3.62 0
1717853282009 3.61 0
1717853288223 3.65 0
1717853294390 3.6 0
1717853301002 3.64 0
1717853307245 3.64 0
1717853313412 3.62 0
1717853319676 3.66 0
1717853325895 3.67 0
1717853332073 3.62 0
1717853343129 3.61 0
1717853349346 3.62 0
1717853361035 3.63 0
1717853372131 3.63 0
1717853378248 3.59 0
1717853384446 3.67 0
1717853390675 3.65 0
1717853401905 3.64 0
1717853408141 3.62 0
1717853414781 3.67 0
1717853421025 3.69 0
1717853427224 3.63 0
1717853433464 3.67 0
1717853439822 3.69 0
1717853446215 3.7 0
1717853452444 3.65 0
1717853458626 3.6 0
1717853464870 3.67 0
1717853471790 3.64 0
1717853478028 3.68 0
1717853484423 3.67 0
1717853490656 3.61 0
1717853496891 3.69 0
1717853503239 3.73 0
1717853509531 3.66 0
1717853515736 3.63 0
1717853522004 3.67 0
1717853528781 3.64 0
1717853540314 3.64 0
1717853546636 3.7 0
1717853552911 3.68 0
1717853559150 3.66 0
1717853565420 3.68 0
1717853571715 3.68 0
1717853578656 3.67 0
1717853584961 3.66 0
1717853591305 3.68 0
1717853597623 3.66 0
1717853603883 3.66 0
1717853610183 3.65 0
1717853616387 3.63 0
1717853622635 3.67 0
1717853628906 3.67 0
1717853635624 3.67 0
1717853641848 3.65 0
1717853648151 3.67 0
1717853654416 3.7 0
1717853660679 3.69 0
1717853666946 3.64 0
1717853673114 3.61 0
1717853679303 3.63 0
1717853685595 3.71 0
1717853692443 3.69 0
1717853698599 3.62 0
1717853704936 3.66 0
1717853711095 3.61 0
1717853717337 3.66 0
1717853723514 3.64 0
1717853729717 3.67 0
1717853735934 3.62 0
1717853742555 3.61 0
1717853748774 3.64 0
1717853755017 3.64 0
1717853761238 3.68 0
1717853767442 3.63 0
1717853773648 3.67 0
1717853779869 3.62 0
1717853786074 3.64 0
1717853792238 3.65 0
1717853798830 3.61 0
1717853805052 3.68 0
1717853811216 3.63 0
1717853817425 3.63 0
1717853823634 3.64 0
1717853829757 3.59 0
1717853835954 3.67 0
1717853842110 3.61 0
1717853848362 3.67 0
1717853859882 3.63 0
1717853866120 3.61 0
1717853872294 3.64 0
1717853878584 3.67 0
1717853884840 3.67 0
1717853891015 3.6 0
1717853897206 3.64 0
1717853903683 3.88 0
1717853909963 3.67 0
1717853916211 3.67 0
1717853922381 3.64 0
1717853928594 3.64 0
1717853934853 3.67 0
1717853941002 3.62 0
1717853947216 3.65 0
1717853953475 3.68 0
1717853960072 3.62 0
1717853966438 3.72 0
1717853972638 3.67 0
1717853978890 3.66 0
1717853985150 3.69 0
1717853991298 3.6 0
1717853997502 3.68 0
1717854003773 3.67 0
1717854009919 3.59 0
1717854016652 3.64 0
1717854022835 3.62 0
1717854029043 3.67 0
1717854035271 3.64 0
1717854041459 3.6 0
1717854047666 3.63 0
1717854053874 3.66 0
1717854060049 3.63 0
1717854066501 3.92 0
1717854072724 3.66 0
1717854078922 3.62 0
1717854085118 3.65 0
1717854091367 3.7 0
1717854097507 3.61 0
1717854103680 3.61 0
1717854109907 3.64 0
1717854116207 3.69 0
1717854122901 3.67 0
1717854129185 3.73 0
1717854135541 3.66 0
1717854141849 3.66 0
1717854148030 3.62 0
1717854154259 3.63 0
1717854160437 3.62 0
1717854166625 3.65 0
1717854178343 3.62 0
1717854184531 3.65 0
1717854190715 3.61 0
1717854196925 3.62 0
1717854203080 3.62 0
1717854209246 3.63 0
1717854215476 3.66 0
1717854221667 3.62 0
1717854227897 3.67 0
1717854234507 3.64 0
1717854240678 3.63 0
1717854246931 3.63 0
1717854253157 3.64 0
1717854259395 3.65 0
1717854265687 3.69 0
1717854271933 3.68 0
1717854278216 3.7 0
1717854284867 3.64 0
1717854291078 3.63 0
1717854297352 3.66 0
1717854303557 3.63 0
1717854309841 3.73 0
1717854316019 3.62 0
1717854322266 3.68 0
1717854328552 3.67 0
1717854334725 3.61 0
1717854341363 3.64 0
1717854347596 3.66 0
1717854353810 3.66 0
1717854359978 3.63 0
1717854366204 3.67 0
1717854372393 3.65 0
1717854378587 3.62 0
1717854384799 3.66 0
1717854391064 3.7 0
1717854397708 3.66 0
1717854403937 3.67 0
1717854410154 3.68 0
1717854416355 3.66 0
1717854422614 3.64 0
1717854428821 3.64 0
1717854435008 3.63 0
1717854441444 3.7 0
1717854448341 3.61 0
1717854454608 3.67 0
1717854460852 3.64 0
1717854467162 3.68 0
1717854473430 3.65 0
1717854479660 3.66 0
1717854485907 3.65 0
1717854497227 3.66 0
1717854503518 3.71 0
1717854510324 3.63 0
1717854516616 3.71 0
1717854522953 3.69 0
1717854529229 3.68 0
1717854535432 3.65 0
1717854541634 3.65 0
1717854547773 3.6 0
1717854553939 3.62 0
1717854560719 3.61 0
1717854566875 3.61 0
1717854573127 3.67 0
1717854579317 3.63 0
1717854585563 3.66 0
1717854591758 3.65 0
1717854597912 3.61 0
1717854604174 3.68 0
1717854610666 3.91 0
1717854616902 3.62 0
1717854623119 3.64 0
1717854629320 3.62 0
1717854635534 3.62 0
1717854641778 3.67 0
1717854647938 3.62 0
1717854654144 3.64 0
1717854660376 3.69 0
1717854667061 3.65 0
1717854673247 3.6 0
1717854679447 3.65 0
1717854685715 3.67 0
1717854691975 3.67 0
1717854698224 3.67 0
1717854704444 3.68 0
1717854710598 3.61 0
1717854716848 3.68 0
1717854723544 3.71 0
1717854729772 3.66 0
1717854736071 3.69 0
1717854742304 3.67 0
1717854748534 3.65 0
1717854754715 3.63 0
1717854760941 3.67 0
1717854767148 3.65 0
1717854773752 3.61 0
1717854779953 3.66 0
1717854786186 3.66 0
1717854792350 3.61 0
1717854798607 3.65 0
1717854804831 3.65 0
1717854816126 3.69 0
1717854822336 3.65 0
1717854828633 3.69 0
1717854835361 3.65 0
1717854841653 3.65 0
1717854847895 3.68 0
1717854854142 3.65 0
1717854860346 3.64 0
1717854866541 3.6 0
1717854872744 3.65 0
1717854878928 3.61 0
1717854885594 3.65 0
1717854891807 3.61 0
1717854898027 3.65 0
1717854904227 3.66 0
1717854910396 3.58 0
1717854916594 3.64 0
1717854922717 3.58 0
1717854928939 3.65 0
1717854935502 3.62 0
1717854941706 3.66 0
1717854947978 3.68 0
1717854954247 3.65 0
1717854960428 3.62 0
1717854966686 3.68 0
1717854973065 3.69 0
1717854979290 3.66 0
1717854985537 3.66 0
1717854992301 3.7 0
1717854998510 3.67 0
1717855004691 3.63 0
1717855010859 3.62 0
1717855017168 3.69 0
1717855023406 3.67 0
1717855029679 3.67 0
1717855035885 3.63 0
1717855042447 3.92 0
1717855048693 3.65 0
1717855054938 3.64 0
1717855061215 3.65 0
1717855067594 3.63 0
1717855073867 3.64 0
1717855080127 3.64 0
1717855086347 3.63 0
1717855092590 3.66 0
1717855099342 3.67 0
1717855105607 3.64 0
1717855111835 3.6 0
1717855118103 3.63 0
1717855124367 3.67 0
1717855135745 3.63 0
1717855141988 3.63 0
1717855148229 3.62 0
1717855155132 3.61 0
1717855161593 3.7 0
1717855167853 3.67 0
1717855174078 3.64 0
1717855180326 3.65 0
1717855186663 3.73 0
1717855192914 3.64 0
1717855199212 3.7 0
1717855205982 3.66 0
1717855212250 3.65 0
1717855218523 3.7 0
1717855224805 3.67 0
1717855231057 3.64 0
1717855237252 3.61 0
1717855243507 3.63 0
1717855249990 3.77 0
1717855256725 3.65 0
1717855263005 3.66 0
1717855269357 3.72 0
1717855275635 3.66 0
1717855281859 3.63 0
1717855288160 3.66 0
1717855294403 3.67 0
1717855300652 3.66 0
1717855306928 3.64 0
1717855313583 3.62 0
1717855319828 3.67 0
1717855326121 3.64 0
1717855332363 3.65 0
1717855338655 3.69 0
1717855345015 3.67 0
1717855351448 3.65 0
1717855357694 3.62 0
1717855364330 4.03 0
1717855370628 3.69 0
1717855376909 3.68 0
1717855383153 3.66 0
1717855389448 3.61 0
1717855395662 3.62 0
1717855401967 3.69 0
1717855408215 3.66 0
1717855414489 3.62 0
1717855421215 3.61 0
1717855427449 3.65 0
1717855433648 3.62 0
1717855439856 3.62 0
1717855446047 3.59 0
1717855457414 3.63 0
1717855463610 3.62 0
1717855470003 3.84 0
1717855476241 3.63 0
1717855482447 3.64 0
1717855488672 3.62 0
1717855494935 3.65 0
1717855501192 3.63 0
1717855507366 3.62 0
1717855513568 3.63 0
1717855519854 3.67 0
1717855526511 3.62 0
1717855532795 3.64 0
1717855539056 3.63 0
1717855545312 3.65 0
1717855551550 3.64 0
1717855557815 3.66 0
1717855564118 3.7 0
1717855570350 3.64 0
1717855577018 3.66 0
1717855583294 3.66 0
1717855589562 3.68 0
1717855595830 3.71 0
1717855602142 3.68 0
1717855608422 3.68 0
1717855614715 3.66 0
1717855620911 3.61 0
1717855627132 3.65 0
1717855633829 3.65 0
1717855640175 3.64 0
1717855646458 3.68 0
1717855652833 3.72 0
1717855659148 3.68 0
1717855665417 3.68 0
1717855671690 3.62 0
1717855678002 3.7 0
1717855684459 3.88 0
1717855690673 3.63 0
1717855696951 3.68 0
1717855703211 3.63 0
1717855709474 3.68 0
1717855715753 3.68 0
1717855722061 3.65 0
1717855728332 3.66 0
1717855734731 3.7 0
1717855741462 3.66 0
1717855747723 3.65 0
1717855753983 3.66 0
1717855760288 3.72 0
1717855766567 3.61 0
1717855778099 3.7 0
1717855784351 3.62 0
1717855790629 3.7 0
1717855797276 3.65 0
1717855803528 3.63 0
1717855809809 3.66 0
1717855816119 3.63 0
1717855822375 3.66 0
1717855828661 3.66 0
1717855834898 3.63 0
1717855841134 3.62 0
1717855847811 3.65 0
1717855854048 3.66 0
1717855860325 3.68 0
1717855866545 3.64 0
1717855872873 3.69 0
1717855879068 3.62 0
1717855885389 3.67 0
1717855891646 3.67 0
1717855897948 3.72 0
1717855904760 3.68 0
1717855911163 3.67 0
1717855917425 3.62 0
1717855923709 3.62 0
1717855929984 3.66 0
1717855936355 3.68 0
1717855942639 3.64 0
1717855948879 3.66 0
1717855955597 3.67 0
1717855961913 3.69 0
1717855968279 3.66 0
1717855974574 3.67 0
1717855980868 3.67 0
1717855987130 3.66 0
1717855993455 3.69 0
1717855999721 3.63 0
1717856005978 3.6 0
1717856012754 3.65 0
1717856019121 3.7 0
1717856025413 3.64 0
1717856031675 3.64 0
1717856037949 3.68 0
1717856044260 3.65 0
1717856050541 3.64 0
1717856057012 3.66 0
1717856063794 3.69 0
1717856070063 3.67 0
1717856076353 3.63 0
1717856087670 3.63 0
1717856093897 3.64 0
1717856110262 3.65 0
1717856116596 3.67 0
1717856123315 3.66 0
1717856129493 3.6 0
1717856135713 3.64 0
1717856141952 3.6 0
1717856148355 3.63 0
1717856154594 3.62 0
1717856160855 3.64 0
1717856167080 3.63 0
1717856173611 3.93 0
1717856179823 3.63 0
1717856186047 3.64 0
1717856192268 3.64 0
1717856198613 3.76 0
1717856204835 3.64 0
1717856211020 3.61 0
1717856217203 3.6 0
1717856223447 3.66 0
1717856230111 3.66 0
1717856236374 3.65 0
1717856242695 3.68 0
1717856248964 3.66 0
1717856255192 3.65 0
1717856261456 3.65 0
1717856267734 3.64 0
1717856274002 3.7 0
1717856280520 3.91 0
1717856286831 3.63 0
1717856293074 3.63 0
1717856299338 3.67 0
1717856305582 3.62 0
1717856311840 3.67 0
1717856318150 3.7 0
1717856324441 3.7 0
1717856330706 3.63 0
1717856337350 3.63 0
1717856343552 3.64 0
1717856349946 3.75 0
1717856356240 3.64 0
1717856362532 3.67 0
1717856368750 3.62 0
1717856375049 3.65 0
1717856381318 3.65 0
1717856387759 3.86 0
1717856393978 3.64 0
1717856400260 3.65 0
1717856406538 3.63 0
1717856412880 3.66 0
1717856419132 3.64 0
1717856430508 3.68 0
1717856436783 3.66 0
1717856443373 4.0 0
1717856449659 3.65 0
1717856455874 3.63 0
1717856462212 3.67 0
1717856468519 3.7 0
1717856474775 3.66 0
1717856481092 3.73 0
1717856487357 3.62 0
1717856493652 3.66 0
1717856500411 3.67 0
1717856506621 3.64 0
1717856512821 3.67 0
1717856519061 3.68 0
1717856525274 3.65 0
1717856531450 3.6 0
1717856537704 3.66 0
1717856544028 3.69 0
1717856550841 3.65 0
1717856557137 3.69 0
1717856563382 3.67 0
1717856569748 3.66 0
1717856576039 3.67 0
1717856582302 3.66 0
1717856588550 3.63 0
1717856594853 3.68 0
1717856601135 3.67 0
1717856607798 3.65 0
1717856614092 3.69 0
1717856620411 3.64 0
1717856626653 3.64 0
1717856633051 3.76 0
1717856639261 3.59 0
1717856645561 3.65 0
1717856651791 3.64 0
1717856658381 3.61 0
1717856664627 3.64 0
1717856670933 3.66 0
1717856677222 3.63 0
1717856683493 3.65 0
1717856689780 3.68 0
1717856696051 3.65 0
1717856702343 3.64 0
1717856708825 3.87 0
1717856715083 3.65 0
1717856721403 3.69 0
1717856727693 3.65 0
1717856734002 3.67 0
1717856740289 3.65 0
1717856751629 3.65 0
1717856757870 3.63 0
1717856764483 3.65 0
1717856770790 3.66 0
1717856777021 3.63 0
1717856783340 3.66 0
1717856789788 3.66 0
1717856796038 3.65 0
1717856802366 3.7 0
1717856808587 3.63 0
1717856814851 3.67 0
1717856821551 3.63 0
1717856827819 3.68 0
1717856834086 3.64 0
1717856840366 3.68 0
1717856846643 3.65 0
1717856852906 3.68 0
1717856859196 3.66 0
1717856865442 3.63 0
1717856872211 3.66 0
1717856878454 3.64 0
1717856884722 3.64 0
1717856891004 3.64 0
1717856897215 3.61 0
1717856903467 3.62 0
1717856909770 3.72 0
1717856915992 3.61 0
1717856922229 3.64 0
1717856928935 3.62 0
1717856935205 3.67 0
1717856941431 3.64 0
1717856947667 3.67 0
1717856953872 3.62 0
1717856960121 3.66 0
1717856966346 3.61 0
1717856972618 3.68 0
1717856979286 3.61 0
1717856985512 3.61 0
1717856991777 3.64 0
1717856998035 3.65 0
1717857004257 3.65 0
1717857010531 3.66 0
1717857016771 3.64 0
1717857023017 3.63 0
1717857029337 3.62 0
1717857036074 3.67 0
1717857042341 3.62 0
1717857048575 3.61 0
1717857054848 3.66 0
1717857061173 3.67 0
1717857072588 3.65 0
1717857078859 3.67 0
1717857085144 3.65 0
1717857091817 3.64 0
1717857098137 3.73 0
1717857104406 3.62 0
1717857110696 3.6 0
1717857116959 3.65 0
1717857123207 3.63 0
1717857129637 3.68 0
1717857135850 3.63 0
1717857142558 3.66 0
1717857148835 3.66 0
1717857155116 3.66 0
1717857161376 3.65 0
1717857167603 3.64 0
1717857173842 3.62 0
1717857180111 3.62 0
1717857186380 3.66 0
1717857193063 3.66 0
1717857199287 3.63 0
1717857205580 3.7 0
1717857212019 3.79 0
1717857218249 3.63 0
1717857224533 3.67 0
1717857230861 3.67 0
1717857237064 3.62 0
1717857243297 3.64 0
1717857250034 3.65 0
1717857256308 3.65 0
1717857262684 3.73 0
1717857268972 3.68 0
1717857275233 3.64 0
1717857286755 3.67 0
1717857298066 3.59 0
1717857305007 3.62 0
1717857311224 3.63 0
1717857317479 3.65 0
1717857323730 3.61 0
1717857330023 3.62 0
1717857336338 3.69 0
1717857342818 3.67 0
1717857349233 3.74 0
1717857355490 3.65 0
1717857362362 3.62 0
1717857368762 3.68 0
1717857375067 3.67 0
1717857381374 3.65 0
1717857387679 3.67 0
1717857393999 3.68 0
1717857405559 3.67 0
1717857412323 3.63 0
1717857418746 3.73 0
1717857425224 3.75 0
1717857431535 3.65 0
1717857437777 3.6 0
1717857444259 3.73 0
1717857450524 3.66 0
1717857456886 3.68 0
1717857463273 3.72 0
1717857470061 3.66 0
1717857476431 3.69 0
1717857482744 3.63 0
1717857489081 3.67 0
1717857495449 3.68 0
1717857501786 3.67 0
1717857508180 3.66 0
1717857514492 3.65 0
1717857521109 3.61 0
1717857527435 3.66 0
1717857533799 3.7 0
1717857540101 3.62 0
1717857546337 3.61 0
1717857552621 3.69 0
1717857558856 3.65 0
1717857565228 3.72 0
1717857571466 3.63 0
1717857578201 3.62 0
1717857584438 3.67 0
1717857590688 3.66 0
1717857596984 3.66 0
1717857603211 3.64 0
1717857609489 3.66 0
1717857615742 3.61 0
1717857621966 3.63 0
1717857628197 3.66 0
1717857634855 3.63 0
1717857641025 3.6 0
1717857647315 3.66 0
1717857653585 3.65 0
1717857659850 3.64 0
1717857666129 3.62 0
1717857672375 3.64 0
1717857678648 3.69 0
1717857685388 3.63 0
1717857691635 3.64 0
1717857697914 3.64 0
1717857704114 3.61 0
1717857710402 3.65 0
1717857716670 3.66 0
1717857727918 3.62 0
1717857734212 3.68 0
1717857740875 3.64 0
1717857747122 3.66 0
1717857753468 3.68 0
1717857759797 3.64 0
1717857765982 3.58 0
1717857772232 3.64 0
1717857778466 3.65 0
1717857784723 3.67 0
1717857791025 3.64 0
1717857797763 3.64 0
1717857803982 3.61 0
1717857810256 3.7 0
1717857816513 3.66 0
1717857822749 3.65 0
1717857829016 3.66 0
1717857835246 3.63 0
1717857841523 3.65 0
1717857848215 3.66 0
1717857854513 3.64 0
1717857860794 3.6 0
1717857867070 3.63 0
1717857873307 3.64 0
1717857879587 3.63 0
1717857885851 3.63 0
1717857892067 3.62 0
1717857898785 3.65 0
1717857905053 3.66 0
1717857911334 3.65 0
1717857917634 3.68 0
1717857923839 3.61 0
1717857930112 3.64 0
1717857936387 3.63 0
1717857942648 3.63 0
1717857948921 3.66 0
1717857955583 3.6 0
1717857961816 3.64 0
1717857968049 3.62 0
1717857974270 3.61 0
1717857980539 3.6 0
1717857986778 3.63 0
1717857993021 3.64 0
1717857999379 3.66 0
1717858006115 3.68 0
1717858012386 3.65 0
1717858018704 3.67 0
1717858025001 3.66 0
1717858031263 3.63 0
1717858037500 3.64 0
1717858048924 3.66 0
1717858055113 3.59 0
1717858061739 3.63 0
1717858067982 3.65 0
1717858074239 3.65 0
1717858080527 3.65 0
1717858086791 3.62 0
1717858093108 3.7 0
1717858099419 3.64 0
1717858105776 3.65 0
1717858112055 3.64 0
1717858119053 3.63 0
1717858125339 3.61 0
1717858131802 3.7 0
1717858138228 3.67 0
1717858144581 3.64 0
1717858150896 3.64 0
1717858157210 3.64 0
1717858163534 3.61 0
1717858170336 3.63 0
1717858176669 3.66 0
1717858183066 3.68 0
1717858189865 3.65 0
1717858196241 3.69 0
1717858202585 3.63 0
1717858209029 3.64 0
1717858215393 3.64 0
1717858222004 3.96 0
1717858233469 3.6 0
1717858239840 3.65 0
1717858246051 3.6 0
1717858252273 3.6 0
1717858258739 3.69 0
1717858265059 3.63 0
1717858271501 3.68 0
1717858278169 3.65 0
1717858284516 3.65 0
1717858290810 3.65 0
1717858297224 3.68 0
1717858303560 3.67 0
1717858309849 3.64 0
1717858316159 3.64 0
1717858322427 3.62 0
1717858328670 3.63 0
1717858335384 3.62 0
1717858341652 3.64 0
1717858347946 3.62 0
1717858354283 3.66 0
1717858360623 3.64 0
1717858366895 3.63 0
1717858379795 3.62 0
1717858386508 3.66 0
1717858392818 3.67 0
1717858399131 3.64 0
1717858405442 3.67 0
1717858411735 3.64 0
1717858418025 3.67 0
1717858424269 3.64 0
1717858430590 3.67 0
1717858436937 3.67 0
1717858443660 3.61 0
1717858449943 3.65 0
1717858456248 3.59 0
1717858462587 3.68 0
1717858468809 3.61 0
1717858475033 3.58 0
1717858481292 3.62 0
1717858487574 3.61 0
1717858494441 3.72 0
1717858500768 3.68 0
1717858507192 3.74 0
1717858513494 3.64 0
1717858519841 3.67 0
1717858526235 3.71 0
1717858532572 3.65 0
1717858538877 3.65 0
1717858545618 3.65 0
1717858551897 3.6 0
1717858558176 3.62 0
1717858564447 3.61 0
1717858570727 3.64 0
1717858577027 3.64 0
1717858583330 3.65 0
1717858589694 3.68 0
1717858596439 3.63 0
1717858602723 3.63 0
1717858609070 3.66 0
1717858615353 3.65 0
1717858621650 3.61 0
1717858628053 3.65 0
1717858634363 3.67 0
1717858647242 3.63 0
1717858653933 3.62 0
1717858660226 3.63 0
1717858666486 3.64 0
1717858672789 3.62 0
1717858679146 3.68 0
1717858685502 3.66 0
1717858691769 3.62 0
1717858698034 3.6 0
1717858711732 3.66 0
1717858718073 3.66 0
1717858724449 3.67 0
1717858730762 3.63 0
1717858737054 3.61 0
1717858743351 3.65 0
1717858749604 3.6 0
1717858755856 3.63 0
1717858762137 3.62 0
1717858768924 3.66 0
1717858775249 3.67 0
1717858781554 3.62 0
1717858787828 3.62 0
1717858794157 3.64 0
1717858800401 3.61 0
1717858806645 3.61 0
1717858812869 3.59 0
1717858819734 3.7 0
1717858826013 3.62 0
1717858832277 3.6 0
1717858838569 3.62 0
1717858844883 3.64 0
1717858851184 3.65 0
1717858857568 3.7 0
1717858863946 3.69 0
1717858870672 3.63 0
1717858876978 3.6 0
1717858883220 3.59 0
1717858889529 3.63 0
1717858895927 3.73 0
1717858902227 3.66 0
1717858908488 3.6 0
1717858914844 3.64 0
1717858921579 3.63 0
1717858927889 3.65 0
1717858934336 3.64 0
1717858940655 3.63 0
1717858947111 3.7 0
1717858953436 3.64 0
1717858959718 3.63 0
1717858965965 3.6 0
1717858972303 3.66 0
1717858979051 3.62 0
1717858985340 3.62 0
1717858991646 3.66 0
1717858997967 3.63 0
1717859004271 3.66 0
1717859010676 3.65 0
1717859017132 3.73 0
1717859023417 3.64 0
1717859036948 3.6 0
1717859043262 3.63 0
1717859049597 3.64 0
1717859055884 3.63 0
1717859062160 3.63 0
1717859068405 3.62 0
1717859074693 3.62 0
1717859081022 3.7 0
1717859087785 3.64 0
1717859094123 3.65 0
1717859100411 3.65 0
1717859106681 3.65 0
1717859112927 3.61 0
1717859119255 3.66 0
1717859125559 3.66 0
1717859131891 3.65 0
1717859138611 3.66 0
1717859144920 3.64 0
1717859151285 3.67 0
1717859157646 3.68 0
1717859163932 3.63 0
1717859170248 3.64 0
1717859176639 3.68 0
1717859182921 3.6 0
1717859189742 3.66 0
1717859196048 3.63 0
1717859202558 3.73 0
1717859208884 3.65 0
1717859215170 3.66 0
1717859221451 3.65 0
1717859227782 3.69 0
1717859234100 3.66 0
1717859240891 3.66 0
1717859247183 3.63 0
1717859253446 3.62 0
1717859259745 3.62 0
1717859266027 3.59 0
1717859272342 3.63 0
1717859278637 3.62 0
1717859284882 3.62 0
1717859291570 3.64 0
1717859297943 3.64 0
1717859304253 3.64 0
1717859310568 3.68 0
1717859316970 3.66 0
1717859323411 3.79 0
1717859329717 3.62 0
1717859335989 3.6 0
1717859342633 3.93 0
1717859348909 3.61 0
