1714680844357 386.19 0
1714681017803 165.97 0
1714681276979 175.77 0
1714681534342 165.64 0
1714681796618 185.06 0
1714682033340 193.83 0
1714682278227 208.83 0
1714682518587 207.09 0
1714682772495 215.85 0
1714683022499 170.17 0
1714683255789 193.48 0
1714683498907 170.74 0
1714683744697 209.31 0
1714683994537 161.48 0
1714684236340 203.32 0
1714684471829 179.54 0
1714684726631 206.6 0
1714684985384 202.82 0
1714685213768 185.33 0
1714685464670 200.0 0
1714685712910 193.37 0
1714685973140 162.8 0
1714686210558 184.08 0
1714686474618 261.74 0
1714686702037 225.13 0
1714686969761 218.36 0
1714687201883 197.52 0
1714687464914 190.56 0
1714687720879 203.53 0
1714687977680 210.97 0
1714688240436 222.88 0
1714688488032 197.44 0
1714688755233 217.0 0
1714688993448 201.6 0
1714689253931 222.53 0
1714689512383 158.46 0
1714689770158 212.37 0
1714690001191 189.79 0
1714690255965 166.23 0
1714690533411 191.29 0
1714690790460 177.3 0
1714691040509 203.78 0
1714691313104 228.27 0
1714691521747 206.33 0
1714691783808 213.13 0
1714692050916 178.25 0
1714692293636 156.57 0
1714692541375 205.02 0
1714692808806 214.55 0
1714693036487 196.99 0
1714693291658 207.21 0
1714693546845 211.1 0
1714693818879 269.74 0
1714694068753 247.5 0
1714694304911 176.42 0
1714694555481 208.62 0
1714694829684 188.59 0
1714695080382 172.94 0
1714695356585 177.21 0
1714695607681 153.81 0
1714695858966 196.88 0
1714696106116 193.9 0
1714696375437 224.6 0
1714696618988 151.28 0
1714696862237 197.11 0
1714697110223 198.29 0
1714697373394 167.09 0
1714697626074 200.07 0
1714697881794 210.5 0
1714698104073 219.54 0
1714698349577 196.2 0
1714698604022 192.28 0
1714698854364 206.35 0
1714699133262 221.36 0
1714699387813 160.2 0
1714699659134 225.16 0
1714699908403 203.93 0
1714700177046 227.56 0
1714700436011 213.68 0
1714700680695 199.56 0
1714700922550 148.28 0
1714701178571 212.46 0
1714701428515 199.09 0
1714701683118 195.05 0
1714701928078 188.43 0
1714702155710 170.32 0
1714702410989 210.58 0
1714702660238 192.71 0
1714702911298 206.73 0
1714703167264 226.2 0
1714703423292 163.69 0
1714703648105 221.22 0
1714703901950 180.33 0
1714704163640 206.54 0
1714704418455 252.49 0
1714704666979 246.04 0
1714704947752 222.51 0
1714705187961 191.85 0
1714705451429 211.24 0
1714705678112 175.95 0
1714705939942 220.63 0
1714706195643 203.46 0
1714706467972 234.97 0
1714706711942 158.89 0
1714706980318 207.62 0
1714707235823 199.41 0
1714707491835 193.62 0
1714707738464 184.48 0
1714707981385 173.78 0
1714708237866 208.2 0
1714708480850 198.31 0
1714708719443 236.11 0
1714708969973 242.76 0
1714709221722 249.04 0
1714709477538 253.44 0
1714709708148 185.08 0
1714709956082 213.57 0
1714710180658 222.05 0
1714710431600 205.14 0
1714710673792 233.8 0
1714710911895 234.61 0
1714711168295 253.85 0
1714711429337 258.61 0
1714711683694 251.89 0
1714711905682 182.23 0
1714712165016 218.81 0
1714712420039 203.01 0
1714712671025 205.61 0
1714712930154 212.53 0
1714713172439 239.88 0
1714713404442 229.54 0
1714713670918 264.07 0
1714713899257 225.55 0
1714714166423 264.75 0
1714714411548 152.48 0
1714714677342 181.26 0
1714714917351 189.42 0
1714715157293 203.13 0
1714715422968 226.06 0
1714715692023 266.5 0
1714715922107 227.54 0
1714716157263 232.32 0
1714716398771 193.25 0
1714716660508 221.66 0
1714716921512 214.22 0
1714717154502 195.16 0
1714717412494 218.88 0
1714717667131 201.93 0
1714717955477 228.23 0
1714718203835 245.2 0
1714718445787 193.96 0
1714718694100 245.16 0
1714718971365 274.44 0
1714719206471 232.49 0
1714719448407 237.75 0
1714719702411 210.4 0
1714719944137 187.74 0
1714720205567 215.98 0
1714720431048 217.42 0
1714720692652 258.91 0
1714720943700 210.65 0
1714721195097 215.22 0
1714721439361 192.25 0
1714721688100 200.74 0
1714721933574 192.05 0
1714722193786 202.18 0
1714722429810 180.75 0
1714722703811 225.11 0
1714722954986 248.54 0
1714723203124 188.09 0
1714723437518 192.03 0
1714723702173 221.92 0
1714723938952 233.21 0
1714724194476 253.07 0
1714724447503 214.21 0
1714724676637 194.62 0
1714724952788 225.39 0
1714725213504 257.8 0
1714725459548 188.11 0
1714725690624 228.41 0
1714725947506 254.34 0
1714726176844 226.29 0
1714726445943 220.66 0
1714726693743 245.35 0
1714726942890 208.5 0
1714727186561 241.16 0
1714727438759 249.59 0
1714727686150 244.92 0
1714727968065 228.13 0
1714728200907 177.4 0
1714728446772 191.47 0
1714728695096 212.37 0
1714728949064 208.6 0
1714729212580 261.0 0
1714729444944 229.61 0
1714729702768 255.25 0
1714729929314 223.97 0
1714730165034 133.61 0
1714730422339 214.55 0
1714730672660 181.41 0
1714730943051 186.46 0
1714731206152 260.54 0
1714731444640 233.41 0
1714731687495 179.43 0
1714731939135 205.95 0
1714732185131 243.45 0
1714732446349 252.61 0
1714732705806 198.5 0
1714732963795 209.1 0
1714733193099 185.97 0
1714733445235 201.38 0
1714733717894 221.42 0
1714733983874 257.22 0
1714734235302 249.07 0
1714734493294 255.6 0
1714734726032 230.01 0
1714734986881 257.64 0
1714735232264 242.51 0
1714735465173 230.35 0
1714735698634 230.1 0
1714735952381 200.23 0
1714736212407 173.26 0
1714736441333 170.78 0
1714736707465 229.5 0
1714736971949 223.8 0
1714737221728 241.91 0
1714737481203 256.79 0
1714737713914 230.32 0
1714737955232 238.69 0
1714738202813 245.17 0
1714738455091 249.16 0
1714738707344 249.72 0
1714738970994 261.15 0
1714739202136 228.69 0
1714739467132 262.66 0
1714739720949 251.39 0
1714739976093 190.27 0
1714740234523 256.08 0
1714740470070 232.12 0
1714740697631 224.21 0
1714740948264 247.99 0
1714741188501 232.3 0
1714741435169 244.21 0
1714741696239 203.87 0
1714741944766 246.14 0
1714742202455 255.26 0
1714742437685 232.77 0
1714742682042 144.51 0
1714742950623 203.53 0
1714743189262 235.16 0
1714743447607 222.53 0
1714743689079 239.08 0
1714743952950 261.15 0
1714744196877 241.38 0
1714744438001 237.78 0
1714744689345 248.88 0
1714744927100 234.97 0
1714745175832 246.25 0
1714745442762 242.19 0
1714745683451 238.26 0
1714745914362 228.46 0
1714746165424 248.64 0
1714746418219 221.82 0
1714746660493 239.85 0
1714746914676 251.79 0
1714747173114 233.29 0
1714747404595 206.44 0
1714747644182 236.63 0
1714747878853 232.04 0
1714748107289 225.94 0
1714748377492 244.47 0
1714748631903 251.83 0
1714748878655 227.66 0
1714749102710 221.63 0
1714749354952 249.76 0
1714749592013 234.2 0
1714749836293 241.34 0
1714750108731 248.2 0
1714750359424 248.27 0
1714750622407 198.33 0
1714750878626 227.28 0
1714751154631 257.88 0
1714751379968 196.56 0
1714751642382 241.18 0
1714751916497 239.62 0
1714752148847 208.74 0
1714752405867 254.61 0
1714752658033 249.17 0
1714752910268 244.27 0
1714753137897 224.71 0
1714753375057 233.71 0
1714753644451 265.1 0
1714753898352 251.38 0
1714754156614 231.55 0
1714754407950 248.86 0
1714754653438 237.81 0
1714754900183 243.99 0
1714755125292 222.63 0
1714755373166 243.59 0
1714755643813 251.94 0
1714755890108 224.99 0
1714756142818 250.26 0
1714756387864 242.34 0
1714756633126 242.52 0
1714756888838 253.23 0
1714757138502 247.16 0
1714757390893 247.49 0
1714757663132 269.74 0
1714757892294 225.84 0
1714758162495 267.65 0
1714758419289 254.22 0
1714758660971 239.15 0
1714758887203 223.35 0
1714759138223 248.43 0
1714759386392 245.53 0
1714759638023 248.8 0
1714759874919 234.35 0
1714760110149 232.1 0
1714760361594 243.32 0
1714760588079 223.38 0
1714760826683 236.1 0
1714761063697 234.53 0
1714761337500 271.28 0
1714761557738 216.35 0
1714761808288 248.0 0
1714762039853 228.97 0
1714762283383 235.48 0
1714762540624 254.13 0
1714762775439 232.33 0
1714763025879 247.57 0
1714763291078 262.69 0
1714763541908 245.03 0
1714763791420 246.92 0
1714764060957 266.96 0
1714764312352 241.77 0
1714764565513 250.63 0
1714764808420 239.65 0
1714765068566 257.63 0
1714765302677 231.1 0
1714765558735 230.13 0
1714765811451 226.33 0
1714766056079 236.69 0
1714766299631 230.21 0
1714766538580 209.81 0
1714766812728 251.6 0
1714767070118 254.53 0
1714767315135 242.5 0
1714767560742 243.05 0
1714767791514 228.23 0
1714768038709 244.6 0
1714768319681 192.83 0
1714768581249 259.03 0
1714768815278 230.86 0
1714769070780 235.04 0
1714769317257 236.02 0
1714769578500 258.68 0
1714769838643 257.35 0
1714770086563 245.37 0
1714770323808 234.5 0
1714770581506 228.95 0
1714770817110 227.07 0
1714771069780 233.45 0
1714771304215 231.9 0
1714771547030 240.09 0
1714771778731 229.17 0
1714772056112 252.3 0
1714772303515 213.08 0
1714772556978 221.12 0
1714772790452 230.95 0
1714773036757 212.12 0
1714773276705 221.26 0
1714773544665 246.7 0
1714773789961 224.27 0
1714774040992 224.45 0
1714774292543 234.11 0
1714774554344 240.15 0
1714774802256 225.74 0
1714775027392 217.16 0
1714775292159 251.22 0
1714775516638 221.98 0
1714775768814 249.2 0
1714775997629 226.25 0
1714776241305 240.98 0
1714776490316 246.29 0
1714776740550 238.45 0
1714776975117 232.03 0
1714777230143 252.49 0
1714777463196 230.33 0
1714777712586 246.81 0
1714777953034 237.57 0
1714778207705 252.03 0
1714778459849 249.26 0
1714778690587 228.07 0
1714778955861 262.32 0
1714779200714 242.25 0
1714779449390 245.39 0
1714779689181 237.16 0
1714779952951 261.12 0
1714780192291 236.66 0
1714780455552 250.26 0
1714780693019 212.74 0
1714780927966 232.41 0
1714781167399 236.85 0
1714781400151 229.88 0
1714781664828 262.08 0
1714781923091 255.6 0
1714782139985 202.96 0
1714782408569 265.08 0
1714782686468 275.32 0
1714782922822 233.64 0
1714783165925 240.46 0
1714783448445 279.75 0
1714783681899 230.95 0
1714783922934 237.83 0
1714784175376 249.91 0
1714784427555 249.66 0
1714784659832 229.58 0
1714784907954 245.66 0
1714785172176 260.15 0
1714785413882 237.9 0
1714785675885 257.43 0
1714785908716 226.12 0
1714786169900 258.59 0
1714786408760 236.45 0
1714786631813 220.38 0
1714786861625 227.09 0
1714787126041 261.91 0
1714787389406 240.3 0
1714787636649 244.58 0
1714787880816 180.85 0
1714788127850 244.64 0
1714788368602 238.3 0
1714788617395 235.32 0
1714788875574 248.38 0
1714789106933 228.76 0
1714789359117 243.93 0
1714789597218 213.21 0
1714789833277 233.55 0
1714790078796 242.35 0
1714790307613 226.33 0
1714790571592 261.51 0
1714790792706 218.18 0
1714791041013 245.84 0
1714791325244 281.18 0
1714791575251 247.54 0
1714791820662 242.66 0
1714792070626 247.5 0
1714792326677 253.6 0
1714792590409 261.22 0
1714792844662 251.69 0
1714793077818 199.59 0
1714793310217 228.69 0
1714793579304 266.68 0
1714793825809 241.93 0
1714794066892 238.25 0
1714794327016 256.84 0
1714794556583 227.12 0
1714794802285 209.68 0
1714795036963 226.56 0
1714795283496 244.11 0
1714795535097 249.17 0
1714795770264 232.62 0
1714796015733 242.96 0
1714796249279 231.09 0
1714796506666 254.84 0
1714796750076 240.8 0
1714796971117 217.56 0
1714797228897 255.35 0
1714797481590 249.98 0
1714797728394 244.35 0
1714797987406 256.31 0
1714798220674 230.36 0
1714798456674 233.52 0
1714798722319 261.62 0
1714798969050 244.21 0
1714799208281 236.67 0
1714799437556 226.87 0
1714799703823 263.43 0
1714799956648 250.31 0
1714800199766 239.26 0
1714800435986 233.53 0
1714800663964 225.32 0
1714800907357 240.85 0
1714801177800 267.89 0
1714801412486 232.24 0
1714801670769 255.21 0
1714801928775 255.38 0
1714802159219 202.05 0
1714802419143 257.48 0
1714802661457 239.83 0
1714802906937 236.42 0
1714803163245 252.65 0
1714803413988 225.3 0
1714803639910 223.46 0
1714803896696 254.28 0
1714804155101 235.72 0
1714804396372 213.99 0
1714804645805 237.66 0
1714804903922 255.6 0
1714805161720 228.13 0
1714805416912 222.05 0
1714805665671 223.84 0
1714805922016 253.86 0
1714806164537 232.62 0
1714806396646 229.66 0
1714806632749 232.87 0
1714806865204 229.8 0
1714807120862 253.16 0
1714807357325 232.49 0
1714807601766 241.95 0
1714807841807 237.58 0
1714808103123 252.78 0
1714808345825 239.68 0
1714808575330 227.05 0
1714808834770 256.38 0
1714809062054 224.75 0
1714809299720 235.18 0
1714809549767 247.54 0
1714809780153 227.68 0
1714810047361 240.36 0
1714810296360 246.43 0
1714810529131 230.34 0
1714810776829 244.12 0
1714811031618 223.01 0
1714811282932 246.31 0
1714811525054 239.61 0
1714811771497 243.84 0
1714812009756 233.33 0
1714812258316 246.11 0
1714812513126 252.29 0
1714812755682 240.05 0
1714813002371 244.19 0
1714813253623 248.68 0
1714813504882 248.13 0
1714813764426 257.04 0
1714814011601 244.66 0
1714814247755 233.53 0
1714814487656 237.45 0
1714814736562 246.26 0
1714814966313 227.23 0
1714815218827 249.55 0
1714815457220 235.89 0
1714815708182 222.38 0
1714815963273 230.12 0
1714816222586 254.36 0
1714816464014 238.93 0
1714816704854 238.26 0
1714816951350 244.02 0
1714817209613 233.98 0
1714817458205 246.15 0
1714817714842 226.57 0
1714817947737 230.4 0
1714818201192 250.56 0
1714818440593 236.66 0
1714818669205 226.16 0
1714818920565 247.58 0
1714819148527 225.46 0
1714819401748 250.57 0
1714819636509 232.28 0
1714819886071 246.49 0
1714820144845 256.28 0
1714820373156 224.73 0
1714820595074 219.35 0
1714820845098 247.51 0
1714821091800 242.68 0
1714821327744 233.48 0
1714821552887 222.66 0
1714821801556 246.21 0
1714822045440 241.44 0
1714822306426 237.11 0
1714822550679 241.3 0
1714822781570 228.34 0
1714823008138 224.12 0
1714823241836 222.31 0
1714823485903 241.57 0
1714823718384 202.04 0
1714823979649 258.76 0
1714824230388 247.75 0
1714824463562 230.6 0
1714824709119 242.77 0
1714824947833 236.02 0
1714825196740 239.59 0
1714825430995 231.66 0
1714825679637 245.23 0
1714825912882 230.76 0
1714826170949 242.04 0
1714826412235 238.71 0
1714826659096 243.98 0
1714826916678 253.55 0
1714827168811 242.78 0
1714827395293 223.86 0
1714827645750 247.97 0
1714827911418 262.42 0
1714828157181 243.01 0
1714828397747 237.89 0
1714828624039 223.62 0
1714828863617 237.02 0
1714829103889 230.11 0
1714829340486 233.14 0
1714829587741 244.78 0
1714829856889 241.46 0
1714830103676 244.21 0
1714830358308 251.64 0
1714830591368 230.46 0
1714830840515 230.6 0
1714831111324 243.52 0
1714831360914 231.87 0
1714831601838 238.47 0
1714831857112 235.3 0
1714832090941 210.01 0
1714832332611 224.01 0
1714832591125 236.7 0
1714832831351 216.84 0
1714833100150 255.17 0
1714833340144 237.3 0
1714833603219 238.99 0
1714833863944 257.55 0
1714834127013 260.49 0
1714834374788 245.24 0
1714834617967 240.63 0
1714834853402 232.12 0
1714835087582 231.49 0
1714835328600 204.98 0
1714835569617 237.79 0
1714835824153 244.57 0
1714836064622 237.9 0
1714836300941 233.84 0
1714836554649 251.16 0
1714836797874 240.59 0
1714837034259 232.9 0
1714837281356 243.05 0
1714837523927 240.06 0
1714837774846 241.72 0
1714838019226 241.84 0
1714838251810 229.97 0
1714838501092 246.77 0
1714838747394 243.71 0
1714839010452 260.47 0
1714839245458 230.76 0
1714839491715 243.45 0
1714839736630 235.08 0
1714839976613 237.47 0
1714840208470 228.85 0
1714840476826 265.79 0
1714840707081 226.69 0
1714840945134 235.38 0
1714841202558 254.81 0
1714841465444 260.16 0
1714841709304 241.37 0
1714841953855 241.9 0
1714842203045 223.07 0
1714842451742 245.9 0
1714842699677 245.45 0
1714842955095 252.76 0
1714843204256 246.59 0
1714843456762 209.8 0
1714843699619 240.23 0
1714843960141 258.03 0
1714844205698 220.56 0
1714844449104 229.91 0
1714844717635 251.6 0
1714844956172 235.65 0
1714845202117 237.14 0
1714845447438 242.36 0
1714845685505 235.52 0
1714845926093 237.74 0
1714846167323 238.4 0
1714846407597 237.65 0
1714846648417 238.18 0
1714846889451 238.4 0
1714847150247 251.73 0
1714847406324 253.52 0
1714847660902 249.39 0
1714847904657 241.19 0
1714848155874 224.94 0
1714848397999 239.61 0
1714848641124 240.59 0
1714848877023 232.28 0
1714849116596 230.98 0
1714849356901 216.21 0
1714849627386 267.99 0
1714849864359 233.39 0
1714850114371 247.37 0
1714850354483 237.18 0
1714850606341 249.0 0
1714850829730 220.6 0
1714851087316 253.55 0
1714851339756 249.89 0
1714851582449 240.11 0
1714851811635 226.56 0
1714852077782 241.93 0
1714852331454 228.55 0
1714852571015 233.0 0
1714852823150 249.3 0
1714853080385 254.59 0
1714853319497 227.92 0
1714853578909 256.85 0
1714853820345 216.94 0
1714854066556 243.7 0
1714854333235 257.07 0
1714854596798 235.69 0
1714854835464 235.94 0
1714855057912 219.88 0
1714855314840 254.33 0
1714855561917 244.12 0
1714855828390 263.88 0
1714856047501 216.0 0
1714856268101 211.21 0
1714856503093 232.39 0
1714856757252 251.51 0
1714857003873 243.89 0
1714857267602 261.16 0
1714857525421 254.04 0
1714857744228 215.67 0
1714857990425 243.52 0
1714858225963 224.7 0
1714858479865 250.78 0
1714858745198 262.52 0
1714858997034 229.9 0
1714859241016 241.44 0
1714859478102 234.51 0
1714859727706 246.56 0
1714859964782 234.48 0
1714860188951 221.51 0
1714860449691 258.08 0
1714860701435 249.04 0
1714860944986 240.9 0
1714861177780 228.14 0
1714861424344 243.9 0
1714861679787 252.28 0
1714861919632 230.55 0
1714862161224 236.98 0
1714862403836 240.05 0
1714862663240 256.28 0
1714862884523 218.65 0
1714863139195 251.69 0
1714863396843 254.92 0
1714863642469 242.7 0
1714863909588 257.77 0
1714864152794 240.65 0
1714864401032 244.58 0
1714864646610 243.0 0
1714864917922 268.67 0
1714865165723 244.98 0
1714865395312 225.17 0
1714865635507 237.53 0
1714865876273 230.26 0
1714866143219 264.29 0
1714866394502 248.24 0
1714866627022 229.92 0
1714866874452 215.39 0
1714867126560 249.56 0
1714867357000 227.6 0
1714867605565 245.97 0
1714867844536 229.59 0
1714868066704 219.45 0
1714868313668 244.16 0
1714868562934 219.96 0
1714868818599 253.0 0
1714869081378 259.86 0
1714869318422 234.28 0
1714869562897 234.57 0
1714869814989 249.42 0
1714870074985 256.96 0
1714870309258 231.41 0
1714870561230 248.62 0
1714870805660 241.78 0
1714871049337 240.87 0
1714871302267 249.11 0
1714871534900 229.11 0
1714871787895 250.37 0
1714872014808 224.16 0
1714872252256 234.45 0
1714872481142 226.21 0
1714872739400 255.16 0
1714872971046 228.61 0
1714873205647 230.23 0
1714873441404 226.73 0
1714873694321 249.29 0
1714873942844 245.87 0
1714874178158 232.63 0
1714874451169 270.36 0
1714874673792 217.25 0
1714874919773 243.25 0
1714875164639 241.64 0
1714875397856 223.57 0
1714875640258 239.79 0
1714875892972 250.0 0
1714876152118 256.5 0
1714876393922 238.98 0
1714876636285 237.66 0
1714876878888 239.34 0
1714877120314 238.63 0
1714877371281 242.13 0
1714877638062 264.1 0
1714877878434 237.45 0
1714878131848 250.81 0
1714878361648 226.97 0
1714878613828 249.46 0
1714878843431 226.71 0
1714879102868 231.95 0
1714879360024 254.36 0
1714879596885 234.14 0
1714879846548 246.01 0
1714880110461 259.92 0
1714880359802 246.63 0
1714880608404 245.91 0
1714880850202 239.08 0
1714881106774 247.31 0
1714881351999 219.62 0
1714881601011 222.81 0
1714881867163 240.69 0
1714882133292 263.14 0
1714882382421 246.29 0
1714882618819 227.2 0
1714882875130 251.9 0
1714883125914 219.24 0
1714883389601 246.58 0
1714883627892 235.66 0
1714883900301 254.88 0
1714884144213 241.49 0
1714884375946 229.23 0
1714884633730 254.41 0
1714884889935 253.72 0
1714885142936 250.46 0
1714885395268 249.53 0
1714885633208 235.36 0
1714885870721 234.4 0
1714886122869 248.85 0
1714886379292 254.04 0
1714886589629 207.81 0
1714886830646 238.64 0
1714887084145 251.13 0
1714887339465 252.93 0
1714887607611 265.75 0
1714887856469 246.4 0
1714888124546 265.12 0
1714888376802 249.67 0
1714888621003 241.7 0
1714888872476 227.3 0
1714889138143 249.56 0
1714889388983 234.7 0
1714889620920 228.86 0
1714889850679 220.6 0
1714890105194 230.38 0
1714890358835 250.25 0
1714890611172 249.77 0
1714890841310 227.71 0
1714891080114 236.21 0
1714891328043 244.93 0
1714891604024 255.75 0
1714891838098 230.93 0
1714892099834 258.74 0
1714892337966 235.63 0
1714892596358 255.75 0
1714892849365 245.98 0
1714893112466 260.03 0
1714893358349 243.3 0
1714893603100 241.65 0
1714893868883 249.92 0
1714894128778 257.43 0
1714894373432 241.35 0
1714894607229 230.57 0
1714894873241 262.64 0
1714895109304 233.52 0
1714895368332 256.32 0
1714895612745 241.89 0
1714895842986 220.9 0
1714896105176 259.7 0
1714896357649 250.01 0
1714896589640 229.44 0
1714896829630 237.35 0
1714897092995 260.75 0
1714897353360 257.32 0
1714897605827 249.9 0
1714897838102 229.74 0
1714898091215 250.63 0
1714898330744 236.38 0
1714898582631 249.38 0
1714898833943 248.75 0
1714899086004 249.45 0
1714899339188 250.42 0
1714899563994 220.98 0
1714899825968 259.34 0
1714900068241 232.61 0
1714900317098 246.01 0
1714900574290 253.85 0
1714900823045 246.17 0
1714901068117 242.1 0
1714901326087 255.26 0
1714901571835 243.05 0
1714901824462 250.03 0
1714902075892 240.17 0
1714902321478 243.07 0
1714902564370 239.2 0
1714902821772 254.89 0
1714903059229 234.74 0
1714903315319 253.51 0
1714903559558 241.65 0
1714903816036 253.7 0
1714904064001 215.76 0
1714904324944 258.18 0
1714904579395 251.81 0
1714904831405 249.46 0
1714905055134 221.08 0
1714905310951 253.03 0
1714905558223 244.68 0
1714905829823 268.27 0
1714906067895 235.55 0
1714906319552 241.43 0
1714906564290 216.78 0
1714906798340 230.65 0
1714907044264 243.37 0
1714907286227 239.24 0
1714907561269 272.39 0
1714907794436 230.07 0
1714908066250 240.06 0
1714908302672 233.97 0
1714908558577 236.08 0
1714908800068 208.23 0
1714909056623 231.65 0
1714909300624 240.78 0
1714909562773 259.54 0
1714909803127 230.76 0
1714910043590 237.19 0
1714910310178 228.86 0
1714910562039 240.73 0
1714910807819 243.3 0
1714911076121 265.77 0
1714911341098 261.85 0
1714911573282 222.88 0
1714911838135 262.38 0
1714912088573 247.86 0
1714912341388 248.95 0
1714912573091 229.13 0
1714912828878 253.2 0
1714913071399 239.61 0
1714913327404 250.86 0
1714913559368 229.37 0
1714913802273 240.35 0
1714914048641 243.75 0
1714914279860 228.56 0
1714914536343 253.92 0
1714914788568 249.58 0
1714915038025 246.88 0
1714915287837 247.2 0
1714915529424 238.83 0
1714915774444 233.85 0
1714916021852 244.92 0
1714916273416 249.08 0
1714916523337 223.01 0
1714916781112 255.27 0
1714917031990 248.43 0
1714917291517 256.93 0
1714917533004 238.88 0
1714917780410 244.8 0
1714918028505 245.25 0
1714918281098 247.65 0
1714918514204 230.48 0
1714918765087 247.65 0
1714919017001 249.27 0
1714919271831 252.18 0
1714919528857 254.16 0
1714919764360 232.71 0
1714919999900 233.01 0
1714920251721 249.22 0
1714920497902 241.01 0
1714920731541 230.97 0
1714920970357 236.22 0
1714921221435 248.32 0
1714921472307 242.14 0
1714921701047 224.97 0
1714921961572 257.99 0
1714922202657 238.54 0
1714922451070 245.72 0
1714922713116 259.4 0
1714922961990 246.2 0
1714923193347 228.69 0
1714923438617 242.64 0
1714923688450 240.13 0
1714923943163 251.13 0
1714924200416 254.67 0
1714924420649 217.52 0
1714924672233 248.93 0
1714924927927 250.67 0
1714925162481 231.79 0
1714925406095 240.94 0
1714925667952 251.06 0
1714925915915 245.19 0
1714926146383 227.84 0
1714926387543 238.6 0
1714926648657 258.3 0
1714926885440 233.0 0
1714927133278 244.8 0
1714927398394 262.46 0
1714927666882 257.32 0
1714927922984 253.51 0
1714928172037 246.3 0
1714928407190 232.48 0
1714928648313 238.46 0
