1714680844321 0.0008728255968507418 0
1714681015682 0.02404910540197418 1
1714681276930 0.03974880886226786 2
1714681534297 0.04494168263692104 3
1714681796574 0.039360099986046476 4
1714682033118 0.041991705102422866 5
1714682278188 0.03726511385098781 6
1714682518527 0.04332672388794807 7
1714682772458 0.0449170769922937 8
1714683022464 0.04450806606989371 9
1714683255672 0.049335301254385025 10
1714683498868 0.0323028827029508 11
1714683744641 0.04696305045959344 12
1714683994504 0.041614830759367755 13
1714684236297 0.037174574728137615 14
1714684471783 0.04267653837171363 15
1714684726357 0.04765523964242112 16
1714684985345 0.03727361977655281 17
1714685213706 0.04190078177449677 18
1714685464623 0.048706109773671215 19
1714685712854 0.042973498745968036 20
1714685973087 0.07064940821585183 21
1714686210335 0.0359748309996978 22
1714686474441 0.04442098304303861 23
1714686701989 0.06653540796600375 24
1714686969710 0.06328965950548925 25
1714687201841 0.10912836563524668 26
1714687464640 0.0987658561562839 27
1714687720840 0.10745160620718865 28
1714687977640 0.08149863021295418 29
1714688240336 0.11740893911148559 30
1714688487987 0.1333166856325486 31
1714688754999 0.11832561977055103 32
1714688993400 0.13101209813076864 33
1714689253867 0.15107328425238453 34
1714689512333 0.096800186902164 35
1714689770096 0.13021299188756238 36
1714690001147 0.15358011900716412 37
1714690255910 0.15448697297940114 38
1714690533366 0.17926048979812173 39
1714690790409 0.17723912378335496 40
1714691040475 0.18334836612727698 41
1714691312101 0.12087562869336026 42
1714691521687 0.14849309588446272 43
1714691783757 0.16063111252887988 44
1714692050873 0.15409341816963534 45
1714692293602 0.2086510338193529 46
1714692541260 0.1627229569473638 47
1714692808768 0.22055459031869679 48
1714693036268 0.1921900818232826 49
1714693291602 0.16860456656141043 50
1714693546803 0.14465866178499276 51
1714693818841 0.13471035871191425 52
1714694068708 0.2175473391279169 53
1714694303867 0.20142559982080438 54
1714694555444 0.22571964401127775 55
1714694829638 0.23959554965736407 56
1714695080324 0.27065392609106376 57
1714695354917 0.22544778316259953 58
1714695607630 0.263155508117612 59
1714695858916 0.22458938358751898 60
1714696105532 0.20591851745129722 61
1714696375380 0.2919312225341224 62
1714696618945 0.22464307923300356 63
1714696860830 0.30263826238535274 64
1714697110191 0.27419379223637297 65
1714697373349 0.26064633699910844 66
1714697625535 0.35179096006942195 67
1714697881749 0.19964279710919536 68
1714698104037 0.31529793550487556 69
1714698349525 0.3477848170026501 70
1714698603980 0.280816559342976 71
1714698854057 0.310987128834697 72
1714699133194 0.32693986657814855 73
1714699387775 0.35311289599880646 74
1714699657283 0.2784474780758039 75
1714699908367 0.2895124654802707 76
1714700175893 0.30612684073811786 77
1714700435957 0.34960055201618795 78
1714700680666 0.418622844251275 79
1714700922509 0.322392449358917 80
1714701178266 0.33876502934738634 81
1714701428468 0.4061340157120186 82
1714701683020 0.3773349695350333 83
1714701928047 0.36383850289576 84
1714702155585 0.33015676099875507 85
1714702410949 0.4053584353935847 86
1714702660190 0.42014667383286153 87
1714702911257 0.3888885088212133 88
1714703167163 0.44949097727426784 89
1714703423248 0.3575689543464447 90
1714703646869 0.3702498760518866 91
1714703901910 0.4238321842038934 92
1714704163594 0.3506465122440987 93
1714704418396 0.3786726964847075 94
1714704666916 0.3817427628682106 95
1714704947691 0.41230180719695947 96
1714705186411 0.44456598711460127 97
1714705451394 0.4021768705769686 98
1714705678074 0.33574848759798537 99
1714705939905 0.44756382629649166 100
1714706195601 0.4073216002386879 101
1714706467926 0.5563169545361738 102
1714706711885 0.45268861197706306 103
1714706980273 0.4871147755419953 104
1714707235673 0.45140098219319935 105
1714707491795 0.4965008453560996 106
1714707737784 0.49018449850150986 107
1714707981335 0.47434824881539395 108
1714708237697 0.5170121489893413 109
1714708480808 0.42896473075901537 110
1714708719358 0.42819401267405527 111
1714708969939 0.45272455455944666 112
1714709221415 0.4318645146608907 113
1714709477493 0.5197395890386897 114
1714709708082 0.49699115241156266 115
1714709956024 0.4406017034217193 116
1714710180483 0.5174237818643916 117
1714710431558 0.4338105439105216 118
1714710673578 0.45260952346121336 119
1714710911853 0.39865784191206366 120
1714711168067 0.48766498743699443 121
1714711429276 0.48869670401535653 122
1714711683647 0.5038803020873306 123
1714711904222 0.4862429852469849 124
1714712164975 0.4979277099802117 125
1714712420003 0.5153753510822215 126
1714712670975 0.5160415880794399 127
1714712930114 0.43467751663779297 128
1714713172396 0.49630548481556447 129
1714713404399 0.47357029828696917 130
1714713670865 0.42899697752509136 131
1714713898881 0.5053845014517694 132
1714714166377 0.5649197013686441 133
1714714411507 0.5623850853762983 134
1714714677296 0.5152115269742835 135
1714714917306 0.5429448971555526 136
1714715157259 0.5305301212709905 137
1714715422940 0.45525444788085867 138
1714715691861 0.45418002306136385 139
1714715922053 0.5803815520200508 140
1714716157145 0.540644465765903 141
1714716398725 0.5175066067597601 142
1714716660433 0.576185980087422 143
1714716921477 0.514572348227944 144
1714717154465 0.548140123504861 145
1714717412443 0.5754360982854505 146
1714717666517 0.5331483424826599 147
1714717955432 0.3879330304327168 148
1714718203175 0.5690912772353546 149
1714718445746 0.5691330853332486 150
1714718693414 0.4891381729437283 151
1714718970990 0.5294335319731803 152
1714719206424 0.5472064345597328 153
1714719448365 0.5609607222083137 154
1714719702364 0.5348466735022624 155
1714719944090 0.5289565610523924 156
1714720204915 0.5150159535074645 157
1714720430993 0.5310699397895048 158
1714720692450 0.5639032546138012 159
1714720943648 0.6439531178271113 160
1714721195051 0.5992533864375105 161
1714721439322 0.5762697465318334 162
1714721688050 0.6501661654445564 163
1714721933525 0.6352678431353357 164
1714722193742 0.627798994446758 165
1714722429765 0.603200918995415 166
1714722703763 0.5759440412631052 167
1714722954945 0.6235295312271778 168
1714723203068 0.6051164221346375 169
1714723437460 0.5893310679316469 170
1714723702120 0.5506922086031262 171
1714723937808 0.5737147117035046 172
1714724194431 0.6407675069643319 173
1714724447463 0.6654292825688958 174
1714724676586 0.6222888999748879 175
1714724952746 0.5663525314701174 176
1714725212988 0.6280650682693001 177
1714725459502 0.5703433353598328 178
1714725690468 0.5979775558614548 179
1714725947463 0.5796461560173628 180
1714726176311 0.61817592446579 181
1714726445905 0.6003668780087011 182
1714726693700 0.6081881984247449 183
1714726942839 0.5651351004127876 184
1714727186512 0.520887017197667 185
1714727438717 0.6706732537223299 186
1714727686114 0.6341557870836382 187
1714727968015 0.6198582821149086 188
1714728200849 0.6599754512646857 189
1714728445200 0.6137799694177204 190
1714728695045 0.6498729879170859 191
1714728949019 0.5400739821775319 192
1714729212540 0.6618078741547113 193
1714729444760 0.6011865777108292 194
1714729702715 0.585651987796601 195
1714729929285 0.700308950424455 196
1714730164994 0.6649496871974644 197
1714730421911 0.6375014066490162 198
1714730672617 0.6609583267229912 199
1714730942991 0.6012474501210463 200
1714731206115 0.6263143420013985 201
1714731443619 0.6775694130514316 202
1714731687459 0.7222277765908809 203
1714731939096 0.6282779497554223 204
1714732185073 0.5974868535434672 205
1714732446309 0.7023213697643887 206
1714732705765 0.6476909605329464 207
1714732963628 0.6940230924322773 208
1714733193059 0.7008344384668058 209
1714733445188 0.6878325901143175 210
1714733717849 0.5995724332275704 211
1714733983178 0.6259420406482943 212
1714734235261 0.5832238782172215 213
1714734493252 0.6810872665099836 214
1714734725766 0.6835600885741648 215
1714734986827 0.6929136791020125 216
1714735231838 0.6182435066767843 217
1714735465132 0.7051853271831086 218
1714735698542 0.7087592065699052 219
1714735952328 0.7325678139251596 220
1714736212357 0.6967364698794325 221
1714736441281 0.6842685433775451 222
1714736707424 0.6769127330428785 223
1714736971046 0.6317663386003244 224
1714737221681 0.6545485319346145 225
1714737481104 0.672177579110856 226
1714737713859 0.6085688251335096 227
1714737955196 0.7245493514854116 228
1714738202778 0.6965933791309877 229
1714738454735 0.6451464937686306 230
1714738707305 0.6277855207652111 231
1714738970943 0.665943722728097 232
1714739202091 0.6426913154351184 233
1714739467095 0.5583643369136104 234
1714739720909 0.6939787259529998 235
1714739976033 0.7257920317522277 236
1714740234483 0.6998995122275254 237
1714740469011 0.6365334178048018 238
1714740697581 0.6518208607467709 239
1714740948037 0.7049704508274861 240
1714741188461 0.6465659273652231 241
1714741435125 0.6921108829214772 242
1714741695959 0.6413067073323232 243
1714741944725 0.6563544525089591 244
1714742202406 0.6948063253007198 245
1714742437628 0.7518163927922251 246
1714742681986 0.7008158616917691 247
1714742950572 0.6306798429680712 248
1714743188141 0.6645013916483501 249
1714743447578 0.6779081500678682 250
1714743689026 0.6257919571601639 251
1714743952591 0.6231962309151278 252
1714744196814 0.6710544809277329 253
1714744437159 0.7150877345362339 254
1714744689305 0.6798838756594787 255
1714744926680 0.7408304621984235 256
1714745175793 0.6958550393463211 257
1714745441920 0.6461833168092619 258
1714745683412 0.6540544534485667 259
1714745914318 0.7246598256896092 260
1714746165385 0.6937488208831211 261
1714746418182 0.6514113065313665 262
1714746660450 0.6837465512102835 263
1714746914621 0.714075423595337 264
1714747172488 0.6880608979201351 265
1714747404552 0.6319981838586333 266
1714747643603 0.6618243112278077 267
1714747878802 0.6665215325620281 268
1714748107250 0.7368424339550713 269
1714748377142 0.6847722630844539 270
1714748631852 0.7544529056096009 271
1714748878072 0.6218274249194711 272
1714749102670 0.6413656159038108 273
1714749354875 0.7318547637157914 274
1714749591975 0.731997195834708 275
1714749835743 0.7236039729291404 276
1714750108684 0.6550273667440899 277
1714750359384 0.7545186581221918 278
1714750622365 0.7297947577579333 279
1714750878576 0.7239578769317089 280
1714751154360 0.7118381654828089 281
1714751379916 0.7162688686457215 282
1714751642214 0.7626424807248816 283
1714751916432 0.7135676241910306 284
1714752148811 0.6577719062863108 285
1714752405335 0.7218904196701055 286
1714752657558 0.687196113510332 287
1714752910219 0.7203965685997004 288
1714753137438 0.6890535380612716 289
1714753375004 0.7257037303801612 290
1714753642624 0.7324130405430087 291
1714753898314 0.7453365021521187 292
1714754156547 0.6821113702695095 293
1714754407890 0.7264745177945241 294
1714754653395 0.7212767356975619 295
1714754899875 0.7116925478376224 296
1714755125252 0.7031923618237114 297
1714755371343 0.7688832080224169 298
1714755643765 0.6985007168364761 299
1714755889982 0.6019608800977634 300
1714756142783 0.7424581702987997 301
1714756387705 0.6976624686838655 302
1714756633086 0.704220337370332 303
1714756888795 0.6552346724527375 304
1714757138461 0.719116993310765 305
1714757389313 0.7263516705159652 306
1714757663086 0.7031615563946062 307
1714757891508 0.7347924295169521 308
1714758162450 0.6685966692285485 309
1714758419251 0.7060682083881592 310
1714758660930 0.7311523639512382 311
1714758886807 0.7593107133549251 312
1714759138181 0.7418715974384283 313
1714759386332 0.6561311571444386 314
1714759637721 0.73045967208374 315
1714759872449 0.7157824829375364 316
1714760109599 0.6582242984918346 317
1714760361543 0.7250392960144313 318
1714760587393 0.6942329248071791 319
1714760826640 0.7384707487095103 320
1714761063657 0.7189290143202078 321
1714761337466 0.7139375127936038 322
1714761556505 0.734822810479145 323
1714761808238 0.735993559078145 324
1714762039764 0.6797243566909369 325
1714762283331 0.6896067347954786 326
1714762539940 0.7124609378620511 327
1714762775399 0.6563263909145101 328
1714763025500 0.6945542452631224 329
1714763291042 0.718946198516289 330
1714763541006 0.6986992807397826 331
1714763791360 0.7585482867340738 332
1714764060910 0.7334374583930285 333
1714764311191 0.7176617759711257 334
1714764565458 0.6763554754598802 335
1714764807630 0.7224665486931753 336
1714765068525 0.7343598147471362 337
1714765302449 0.7564923877782271 338
1714765558690 0.7497649897608446 339
1714765810728 0.7132363039192828 340
1714766056031 0.7689539377952406 341
1714766299594 0.7406834974934208 342
1714766538326 0.7417164885542452 343
1714766812681 0.6435635564123058 344
1714767069726 0.70196864497713 345
1714767315100 0.6807787987717334 346
1714767560697 0.7544620806042384 347
1714767791460 0.709582222835488 348
1714768038647 0.7760069378555681 349
1714768319631 0.7126798040237191 350
1714768581205 0.7527256446482766 351
1714768814625 0.7683622928138868 352
1714769070746 0.7506188307077682 353
1714769317087 0.687380905457024 354
1714769578452 0.7280895590034331 355
1714769838338 0.7364245721656709 356
1714770086512 0.7109133131752938 357
1714770323606 0.784775054892739 358
1714770581470 0.7314641926789075 359
1714770817057 0.7609093772246663 360
1714771069671 0.718969553804331 361
1714771304181 0.7062082486613697 362
1714771546822 0.7641048069962734 363
1714771778702 0.7446650060865461 364
1714772054807 0.7484345268485325 365
1714772303465 0.7854713849425555 366
1714772556862 0.7262460811109538 367
1714772790408 0.760195451268289 368
1714773036704 0.7631654047357327 369
1714773276664 0.7554998864709358 370
1714773544335 0.7579467490112227 371
1714773789929 0.7536370708821037 372
1714774038666 0.7619498794806013 373
1714774292493 0.7847723203566688 374
1714774554296 0.7826587228151036 375
1714774802210 0.7249379552231953 376
1714775027353 0.7890399161701404 377
1714775291510 0.7124758748252343 378
1714775516598 0.7280630185763038 379
1714775768329 0.7563273738240055 380
1714775997582 0.8021675000893596 381
1714776241217 0.7034971804664643 382
1714776490262 0.7462642658244597 383
1714776739073 0.7601611272789083 384
1714776975077 0.7580831170838247 385
1714777230086 0.7207387611292478 386
1714777463010 0.7006469943688064 387
1714777712555 0.7678628314910712 388
1714777952720 0.7528592941320174 389
1714778207663 0.7480335136582024 390
1714778459499 0.7542642125692273 391
1714778690529 0.7194077559853514 392
1714778955829 0.7920475288995504 393
1714779200673 0.7423427159077816 394
1714779448843 0.7868581280693762 395
1714779689140 0.7357922969327184 396
1714779952877 0.6779643456341792 397
1714780192256 0.7370988451503245 398
1714780453086 0.6790079066214757 399
1714780692982 0.7743741256154639 400
1714780927917 0.7633593025306161 401
1714781167358 0.7456813966535322 402
1714781399887 0.7416927137104214 403
1714781664785 0.7504938746611984 404
1714781923049 0.7252697589281563 405
1714782139943 0.7658893521284437 406
1714782407618 0.7212437214217685 407
1714782686418 0.7705663590590675 408
1714782922670 0.776908810534119 409
1714783165884 0.751393860169986 410
1714783448111 0.7395111308062173 411
1714783681847 0.7436560474295197 412
1714783922126 0.7691481901676657 413
1714784175320 0.809722149980333 414
1714784427496 0.6688697317428852 415
1714784659516 0.77202339335883 416
1714784907912 0.7302471923308961 417
1714785170559 0.7436051204509221 418
1714785413830 0.733484031452853 419
1714785673831 0.7938599170619846 420
1714785908681 0.7609688884167929 421
1714786169710 0.7450839591509218 422
1714786408708 0.7554228869875725 423
1714786631767 0.7461514894488334 424
1714786861389 0.7897132017111228 425
1714787126000 0.779007394294445 426
1714787389210 0.7126462400636357 427
1714787636610 0.8020193779922999 428
1714787880223 0.7485245452515221 429
1714788127800 0.7594396757571201 430
1714788368543 0.8078024469857105 431
1714788617351 0.7992605948617897 432
1714788875538 0.7344408654480461 433
1714789106735 0.7800441377167541 434
1714789359076 0.7890251050084539 435
1714789596913 0.7567509628499887 436
1714789833224 0.7558034696222828 437
1714790078034 0.7716184584776726 438
1714790307576 0.7591348229397378 439
1714790571511 0.7415375040283969 440
1714790792667 0.7353383780970989 441
1714791040974 0.7623254981971695 442
1714791324624 0.7243567680048958 443
1714791575193 0.7731954381929306 444
1714791820309 0.7672372269085346 445
1714792070572 0.7581574783841573 446
1714792326618 0.7826785785590672 447
1714792590346 0.7640104630399631 448
1714792844573 0.7310585000695082 449
1714793077764 0.7710955691441309 450
1714793308899 0.6967538785348348 451
1714793579254 0.8022252316257704 452
1714793823878 0.719951377227195 453
1714794066845 0.7391605449242784 454
1714794326137 0.7458445196808258 455
1714794556533 0.8128417929020914 456
1714794802187 0.7881312131563641 457
1714795036921 0.7972487898576865 458
1714795283442 0.7106151027052233 459
1714795535051 0.7315942351424926 460
1714795770209 0.7911646119883327 461
1714796015670 0.7906659145690238 462
1714796249241 0.7482157052233634 463
1714796506634 0.7535851910200287 464
1714796750032 0.800161127763115 465
1714796970007 0.7533720492338498 466
1714797228850 0.7775783896412071 467
1714797481259 0.7070941358109414 468
1714797728359 0.7448404001374959 469
1714797987358 0.7598107638414724 470
1714798220210 0.7462079539565983 471
1714798456629 0.7706055868573058 472
1714798720791 0.7254944864910178 473
1714798968985 0.7914641972617421 474
1714799208238 0.7621651045156645 475
1714799437515 0.7604477410874914 476
1714799703352 0.6967048391883885 477
1714799956602 0.7877277769749945 478
1714800198599 0.7401746494390685 479
1714800435949 0.7201465934211628 480
1714800663811 0.7956435890109961 481
1714800907317 0.7672166520763881 482
1714801177691 0.7914275399563315 483
1714801412440 0.7792099280242902 484
1714801670135 0.7983200601509864 485
1714801928737 0.7802815347168248 486
1714802157618 0.7562711091367862 487
1714802419102 0.7532851620137345 488
1714802661413 0.778153796089864 489
1714802906724 0.7561289646648899 490
1714803163210 0.8105610260440488 491
1714803413894 0.758364889627594 492
1714803639866 0.7764631177452003 493
1714803896581 0.7916485178161995 494
1714804155056 0.7738525866946355 495
1714804396272 0.7460030099537724 496
1714804645746 0.7929735121212065 497
1714804903873 0.7748408668626013 498
1714805161682 0.7749525195020665 499
1714805416862 0.7878615007415806 500
1714805664371 0.7157665143935861 501
1714805921901 0.7302801321425085 502
1714806163741 0.7308493723993474 503
1714806396602 0.7797715509569528 504
1714806631957 0.7626983881007067 505
1714806865169 0.7890360099448736 506
1714807120815 0.7993519889703773 507
1714807356175 0.8143369490547351 508
1714807601724 0.7349062644101445 509
1714807841768 0.7590846564836509 510
1714808103083 0.7487718702453111 511
1714808345224 0.771440409336365 512
1714808575278 0.7576040636941404 513
1714808834176 0.7898406390870175 514
1714809062024 0.7789605873907784 515
1714809299671 0.7891219360949517 516
1714809549725 0.7894011075390668 517
1714809779929 0.7892481799495913 518
1714810047307 0.7046760443834893 519
1714810296305 0.7195960946913146 520
1714810529096 0.7600335822518182 521
1714810775747 0.796253188649717 522
1714811031564 0.8147844352067254 523
1714811280463 0.7625350276688432 524
1714811525015 0.783054613808611 525
1714811771381 0.7829161558857669 526
1714812009296 0.7798342637504402 527
1714812258280 0.7715361941823656 528
1714812513005 0.7710413794128036 529
1714812755628 0.7442035904383412 530
1714813002328 0.7639028890809971 531
1714813253580 0.7872560370598323 532
1714813504311 0.7279048337916224 533
1714813764381 0.7390278748850855 534
1714814011545 0.7862314029798176 535
1714814247619 0.7535557900111004 536
1714814487606 0.8270571811711679 537
1714814736369 0.7866142493294496 538
1714814966255 0.7704703096169746 539
1714815218320 0.7728185260595564 540
1714815457183 0.81602256598043 541
1714815708143 0.8064933017276207 542
1714815963146 0.7641085074289946 543
1714816222540 0.7544962876677694 544
1714816463930 0.8154174875353811 545
1714816704808 0.769879866898842 546
1714816951305 0.8250808705809793 547
1714817209548 0.7622398634537472 548
1714817458163 0.7018692289330049 549
1714817713702 0.7780288486015413 550
1714817947685 0.8070927022038129 551
1714818200679 0.7739398085704455 552
1714818440537 0.787495808889229 553
1714818669164 0.758732222763517 554
1714818919194 0.7712633909930694 555
1714819148487 0.7774875732605063 556
1714819401534 0.7996458206394651 557
1714819636458 0.8050535093085276 558
1714819885359 0.7708182410997467 559
1714820144796 0.7847967091169327 560
1714820372864 0.7425728496665555 561
1714820595033 0.7380496240640803 562
1714820845043 0.7440757344406439 563
1714821090312 0.7666862780998354 564
1714821327702 0.792878525040215 565
1714821552802 0.8175763686631509 566
1714821801526 0.7529684296557909 567
1714822045403 0.8335317115390006 568
1714822306356 0.7935214096749256 569
1714822550279 0.7340961328990708 570
1714822781523 0.7723172160894468 571
1714823008089 0.7960051725896277 572
1714823239728 0.8246986444777212 573
1714823485861 0.812518361345121 574
1714823717242 0.7733212592356141 575
1714823979589 0.7658418860283415 576
1714824229838 0.7793039517703485 577
1714824463518 0.7800015431310227 578
1714824708866 0.7770865137607499 579
1714824947789 0.7795072528801062 580
1714825196700 0.7704488584184408 581
1714825430938 0.7460071674764861 582
1714825678670 0.7796342267775265 583
1714825912852 0.8076215917597583 584
1714826170737 0.7889879005594079 585
1714826412179 0.7721112283306721 586
1714826658733 0.760787272402827 587
1714826916636 0.7362396961693232 588
1714827168663 0.7978680583388638 589
1714827395258 0.8049634863624757 590
1714827645707 0.7586405507637957 591
1714827910828 0.755525555299417 592
1714828157131 0.7651092998186217 593
1714828397707 0.7922808508642907 594
1714828623998 0.7938665725763087 595
1714828863581 0.7744398379360345 596
1714829103845 0.8230559239122284 597
1714829339471 0.7582482603716543 598
1714829587686 0.7921452263367951 599
1714829854682 0.8029121540800301 600
1714830103636 0.7744961167640975 601
1714830357890 0.8137201290339618 602
1714830591332 0.8025506989385403 603
1714830838970 0.8026721584561461 604
1714831111281 0.8215442349731662 605
1714831360587 0.7895141726208981 606
1714831601798 0.8100267291333982 607
1714831857010 0.8400556362909904 608
1714832090898 0.805048320278464 609
1714832332082 0.8129420506252909 610
1714832591080 0.8262663765557156 611
1714832830641 0.8029689018504472 612
1714833100105 0.7795855191857513 613
1714833339993 0.8253718153719051 614
1714833603176 0.7915157585952526 615
1714833863207 0.7898148409370194 616
1714834126961 0.7894897679778516 617
1714834374740 0.8176834374807633 618
1714834617937 0.7828828085906104 619
1714834853350 0.8235808304143646 620
1714835087415 0.822461359241071 621
1714835328555 0.7577707905886668 622
1714835568924 0.7449770293758824 623
1714835824096 0.8149759762888986 624
1714836064580 0.8258806676529357 625
1714836300901 0.7598549503874027 626
1714836554604 0.7870595067622835 627
1714836797759 0.7888557251696351 628
1714837034226 0.7998039042541054 629
1714837279855 0.8138571634393884 630
1714837523889 0.7573969113529702 631
1714837774742 0.7981737933515335 632
1714838019182 0.8061978064265315 633
1714838251687 0.7963221669334366 634
1714838501054 0.8252082445386301 635
1714838747356 0.8180181897631658 636
1714839010216 0.8187273819477078 637
1714839244016 0.7860156764898983 638
1714839491674 0.7778825764431688 639
1714839735981 0.8086056175597025 640
1714839976552 0.8073414337597257 641
1714840207910 0.7996682927999273 642
1714840476765 0.8147577573408081 643
1714840706170 0.78425231795526 644
1714840945085 0.7826684337875224 645
1714841202519 0.7944811862418361 646
1714841465287 0.805864052588263 647
1714841709267 0.8182205354166394 648
1714841953669 0.8007050910101242 649
1714842203002 0.7961722620699155 650
1714842451460 0.7730313938322619 651
1714842699620 0.8291177188997888 652
1714842954951 0.785683645521112 653
1714843204213 0.8373324373002178 654
1714843456717 0.7616223663580615 655
1714843699437 0.8205834065974937 656
1714843960091 0.8384994554755371 657
1714844205663 0.8111509421431544 658
1714844449019 0.8192561717021628 659
1714844717580 0.7988207023260032 660
1714844955808 0.7948513736935734 661
1714845202060 0.7689240601886935 662
1714845446915 0.7855629844567634 663
1714845685464 0.7858409621795417 664
1714845925721 0.772341119534114 665
1714846167295 0.8254005273164456 666
1714846407515 0.8057106420609431 667
1714846648367 0.8278777876317758 668
1714846889414 0.7904189927543298 669
1714847150194 0.7879097042299731 670
1714847406272 0.8240113641219595 671
1714847658441 0.8359915867546283 672
1714847904623 0.8259683563503102 673
1714848155846 0.7888057034202752 674
1714848397956 0.8032441960449677 675
1714848641081 0.7876079841772456 676
1714848875956 0.8216853977504568 677
1714849116544 0.8386837355121013 678
1714849356620 0.7685736366781242 679
1714849627333 0.8399998889588842 680
1714849863513 0.799617721962471 681
1714850114311 0.8094993092379787 682
1714850354445 0.7868339405234719 683
1714850606071 0.7962305518643401 684
1714850829692 0.8247625290653566 685
1714851085847 0.8125048195567868 686
1714851339702 0.8034868157830243 687
1714851582412 0.8153468868930916 688
1714851811595 0.8384370172865018 689
1714852077742 0.8186156089390378 690
1714852331349 0.7974574580202168 691
1714852570982 0.7813124014059966 692
1714852822882 0.8308943770746922 693
1714853076769 0.8361142087023578 694
1714853319397 0.7856615732558794 695
1714853578858 0.8400045099012767 696
1714853820301 0.7245219364676708 697
1714854066508 0.7904092882143716 698
1714854333193 0.8414400858241995 699
1714854596759 0.7962657331918445 700
1714854835419 0.8191820186495827 701
1714855057836 0.7996445038050503 702
1714855314792 0.8301410103536279 703
1714855561474 0.8221566484205943 704
1714855828342 0.7959771602908645 705
1714856047130 0.7766234464907555 706
1714856268058 0.7925591752868627 707
1714856503044 0.79603416848712 708
1714856757205 0.8219817884297486 709
1714857003773 0.8207474305073983 710
1714857267552 0.8069661603679106 711
1714857524336 0.8154026180459425 712
1714857744183 0.8268103711096975 713
1714857990382 0.7891413572660062 714
1714858225918 0.8250096850675459 715
1714858479228 0.8148876478028894 716
1714858745151 0.8392253335488007 717
1714858996665 0.7991543411192917 718
1714859240972 0.7928931231992533 719
1714859477882 0.8137581361690397 720
1714859727241 0.7834966726945309 721
1714859964722 0.7755616371292535 722
1714860188888 0.8416171607680812 723
1714860449645 0.7852608416494067 724
1714860701398 0.7672532264316723 725
1714860944939 0.8369378691276143 726
1714861176833 0.7706907974915743 727
1714861424304 0.8108939916346205 728
1714861679348 0.716110006785637 729
1714861919602 0.8126312722689621 730
1714862159190 0.770970526377856 731
1714862403792 0.8221491346442457 732
1714862662641 0.8519823405851387 733
1714862884489 0.8173684544189503 734
1714863138818 0.8029224879891491 735
1714863396809 0.7897161501071485 736
1714863642144 0.7960761814797876 737
1714863909547 0.8025454179361303 738
1714864152756 0.7900637877531469 739
1714864399885 0.8325285361612782 740
1714864646579 0.7851559030568033 741
1714864917881 0.8287579621897782 742
1714865165672 0.7949821673439181 743
1714865393516 0.805286039698674 744
1714865635460 0.8030728353172426 745
1714865876112 0.8234636091031141 746
1714866143183 0.8201970723815932 747
1714866394440 0.7815719517611224 748
1714866626986 0.8289839787168956 749
1714866874410 0.8118265590953846 750
1714867126510 0.8218704577015018 751
1714867356687 0.8267522761179114 752
1714867605514 0.8187792141038231 753
1714867844020 0.7807160091227886 754
1714868066649 0.8259040812563746 755
1714868313478 0.8361932571225749 756
1714868562899 0.780546987278925 757
1714868818545 0.7612748225090135 758
1714869081099 0.8240822618037756 759
1714869318375 0.8146443490437033 760
1714869561819 0.7768795031856579 761
1714869814939 0.7799570263184447 762
1714870074515 0.8154149013786544 763
1714870309207 0.8061427197622908 764
1714870560787 0.8162298654164082 765
1714870805618 0.8084838916720345 766
1714871049299 0.7393844134304314 767
1714871301135 0.8066492393762668 768
1714871534852 0.7871926416386358 769
1714871787849 0.8143844895038677 770
1714872014765 0.8087775775174608 771
1714872251877 0.8320010739136544 772
1714872481104 0.7474651564510401 773
1714872739011 0.7936347768962584 774
1714872970380 0.8425704383870962 775
1714873205610 0.8285218062434422 776
1714873441357 0.8409595444177058 777
1714873693281 0.8116568935640153 778
1714873942801 0.7954537475701463 779
1714874178113 0.810501081995439 780
1714874451089 0.8050461746235873 781
1714874672466 0.8046395051730034 782
1714874919726 0.7257591903912396 783
1714875164095 0.8192767866569455 784
1714875397808 0.8216402764491038 785
1714875640217 0.7487951304614641 786
1714875892870 0.8119846287253896 787
1714876152061 0.8178277374700375 788
1714876393788 0.8080837585295978 789
1714876636241 0.8151395550675276 790
1714876878144 0.7893324717242481 791
1714877120269 0.7714026706421317 792
1714877371173 0.7255410909713693 793
1714877638014 0.8257944136710783 794
1714877878175 0.7774115927726529 795
1714878131809 0.8136835657328911 796
1714878361611 0.8223705033117276 797
1714878613789 0.8118990177839708 798
1714878843310 0.8030880612556625 799
1714879102817 0.8116379592465925 800
1714879359809 0.7956798123837263 801
1714879596842 0.8275607855092081 802
1714879845503 0.8173011819495144 803
1714880110427 0.8323038241812075 804
1714880359750 0.8440208866591744 805
1714880608340 0.8203940514592559 806
1714880850159 0.8167711152860172 807
1714881106663 0.8463545774845554 808
1714881351952 0.8218757911704923 809
1714881600622 0.8264024435729888 810
1714881867070 0.8080399956670605 811
1714882132977 0.8138665984430417 812
1714882382380 0.8248382922493424 813
1714882618743 0.8181206850412265 814
1714882874176 0.8231579624210181 815
1714883125866 0.8347049335575522 816
1714883389560 0.817796586196528 817
1714883627858 0.8551078754711168 818
1714883899177 0.79041659217619 819
1714884144170 0.8061906248155873 820
1714884375904 0.8135989262146722 821
1714884632787 0.8036277109912067 822
1714884889889 0.8371348088897247 823
1714885142838 0.8428841197665765 824
1714885395218 0.8231715962211271 825
1714885633119 0.779668875352787 826
1714885870687 0.8146349447174241 827
1714886122037 0.8198715732912816 828
1714886379221 0.8265285517373939 829
1714886589537 0.8150964316927978 830
1714886830605 0.8502697946444564 831
1714887084104 0.8112817758312395 832
1714887339430 0.8192296015641515 833
1714887607575 0.804355965584279 834
1714887856432 0.8250130179245243 835
1714888124048 0.8156268874301801 836
1714888376764 0.8428226114922911 837
1714888620959 0.8569462672992624 838
1714888872448 0.8387525684733864 839
1714889137852 0.8394392002464024 840
1714889388921 0.8189404445225975 841
1714889620889 0.8075737972299322 842
1714889850600 0.869148268212366 843
1714890105147 0.8248150881983402 844
1714890357799 0.8225800605642316 845
1714890611131 0.8116303714912194 846
1714890841279 0.814848767627699 847
1714891080075 0.8294406857068386 848
1714891327583 0.8313951878089755 849
1714891603968 0.8540450179719078 850
1714891838045 0.8298427757418201 851
1714892099266 0.7847678505113903 852
1714892337921 0.7715922248950174 853
1714892596156 0.8072552974487964 854
1714892849308 0.8093843510845286 855
1714893111890 0.8045825816839198 856
1714893358308 0.7901881154811154 857
1714893602615 0.8288074186193507 858
1714893868845 0.8488068541193615 859
1714894128740 0.8310936564770132 860
1714894372568 0.8147821536458412 861
1714894607176 0.8531562080315969 862
1714894872329 0.7928014816181963 863
1714895109262 0.8515461836312141 864
1714895368182 0.7639668083438417 865
1714895612702 0.7815766371880961 866
1714895842953 0.7847957530551993 867
1714896105133 0.7602245292065732 868
1714896357598 0.8405273635226471 869
1714896589601 0.8427382784530709 870
1714896829594 0.804000782915229 871
1714897092954 0.8103698546993212 872
1714897352892 0.8457020563065798 873
1714897605770 0.7985362886958373 874
1714897838049 0.8368984467075233 875
1714898091176 0.8389771092768784 876
1714898330084 0.8597303280173375 877
1714898582591 0.8495117896698725 878
1714898833893 0.8506176169934807 879
1714899085959 0.8007980919115462 880
1714899339137 0.859213837787329 881
1714899563532 0.8344568890598004 882
1714899825929 0.7771326739714617 883
1714900068180 0.8448937155501386 884
1714900317049 0.8525337669861701 885
1714900573612 0.8280210196563568 886
1714900823010 0.7995615794345947 887
1714901067696 0.7987043320875956 888
1714901326051 0.814814161598597 889
1714901571769 0.8120168104712202 890
1714901824409 0.7897270735830239 891
1714902074879 0.7820878251178688 892
1714902321434 0.8319576674386046 893
1714902563180 0.814306259062318 894
1714902821727 0.8471700566938952 895
1714903059045 0.8536067853777853 896
1714903315280 0.8079541969241951 897
1714903559510 0.8671735648501051 898
1714903815994 0.8499356285149393 899
1714904063966 0.8026394439992348 900
1714904324710 0.8092772680387476 901
1714904579357 0.8474353730447365 902
1714904831351 0.8171578934940162 903
1714905055099 0.8118112586673488 904
1714905310749 0.8265353757475766 905
1714905558176 0.8208849583876655 906
1714905829111 0.8031029527950847 907
1714906067843 0.828256802769686 908
1714906319516 0.8615794646629591 909
1714906564233 0.8441101748525449 910
1714906797457 0.8182430042014806 911
1714907044214 0.8408735090407927 912
1714907286102 0.8196194194850275 913
1714907561214 0.8302516033920451 914
1714907793970 0.8538873228084548 915
1714908066203 0.8108612625619579 916
1714908302625 0.8499853138874328 917
1714908557444 0.838719631274341 918
1714908800023 0.8337683036374766 919
1714909056314 0.8066611466154469 920
1714909300589 0.8515225662385355 921
1714909562698 0.8295671028769983 922
1714909803087 0.8342602627097051 923
1714910042866 0.8599629836197992 924
1714910310125 0.8557508805042905 925
1714910562005 0.8297378379699408 926
1714910807774 0.7807114367898959 927
1714911076062 0.8489638218589206 928
1714911340424 0.8071557113329527 929
1714911573239 0.8262453153587058 930
1714911838067 0.8316063145635353 931
1714912088525 0.754221200078416 932
1714912340091 0.7932975094289622 933
1714912573053 0.8352612896615459 934
1714912828846 0.8569623417716344 935
1714913071053 0.8186264348495527 936
1714913327354 0.8037444240458098 937
1714913559245 0.8457994154988621 938
1714913802216 0.8438706725886291 939
1714914048583 0.8498101062177937 940
1714914279820 0.8368088043887172 941
1714914536274 0.8269595064736797 942
1714914788524 0.8068587478335122 943
1714915037977 0.8173560112432284 944
1714915287801 0.8465546740898854 945
1714915529378 0.8375061392836991 946
1714915774336 0.8080407493483822 947
1714916021814 0.823267921011698 948
1714916273360 0.8716961324911288 949
1714916523299 0.8072149019056328 950
1714916781055 0.8289640605578136 951
1714917031942 0.8543612398440453 952
1714917291365 0.8296090971420246 953
1714917532969 0.8478091678212184 954
1714917780298 0.8471750858059234 955
1714918028460 0.8480753679674261 956
1714918278640 0.8145320797729843 957
1714918514174 0.8413617607908083 958
1714918764394 0.8444071943207715 959
1714919016962 0.8043861700574905 960
1714919271727 0.8232645978357115 961
1714919528822 0.8367006223433985 962
1714919764323 0.7822175208453598 963
1714919999866 0.8417212504995495 964
1714920251613 0.8485587372064562 965
1714920497860 0.8212643735863498 966
1714920731507 0.8303872762476855 967
1714920970306 0.8586529524012482 968
1714921221278 0.8663710411728668 969
1714921472266 0.8262033821588181 970
1714921699765 0.8312503866787783 971
1714921961534 0.8181573122393222 972
1714922202612 0.8265645360924289 973
1714922451038 0.816759863142147 974
1714922713076 0.818815055520108 975
1714922961876 0.8297610774764751 976
1714923193296 0.7825919745069972 977
1714923438464 0.8452220840242866 978
1714923688415 0.8108121516178941 979
1714923942069 0.8111307430291199 980
1714924200370 0.8145500196829645 981
1714924420591 0.8607651411043834 982
1714924672104 0.8133648548325187 983
1714924927890 0.8263761489256526 984
1714925162429 0.8345886062877088 985
1714925406060 0.8441493081957508 986
1714925667813 0.8595954091832098 987
1714925915871 0.8232668313626583 988
1714926146282 0.8323770267607092 989
1714926387508 0.8370364809514508 990
1714926648496 0.8697125103013306 991
1714926885406 0.8229284247878612 992
1714927132869 0.8234853203748558 993
1714927398346 0.849718318159327 994
1714927665071 0.8274977298067356 995
1714927922940 0.8397230041275935 996
1714928171998 0.8224643685033105 997
1714928407083 0.8300380874613754 998
1714928648272 0.8176193266774857 999
