1715281613093 442.83 0
1715281785639 169.68 0
1715282069113 280.47 0
1715282322771 251.31 0
1715282574376 249.18 0
1715282861060 284.29 0
1715283133625 270.06 0
1715283369620 233.6 0
1715283645788 273.77 0
1715283910924 262.82 0
1715284177286 257.39 0
1715284439144 259.34 0
1715284713455 271.93 0
1715284975654 259.8 0
1715285201202 223.11 0
1715285466505 262.81 0
1715285733911 264.95 0
1715285982219 244.96 0
1715286237616 246.5 0
1715286510457 270.47 0
1715286790304 277.5 0
1715287032678 238.46 0
1715287291757 256.64 0
1715287538673 244.42 0
1715287813258 271.96 0
1715288073170 256.9 0
1715288313340 237.78 0
1715288589102 273.39 0
1715288860582 234.96 0
1715289106077 243.01 0
1715289374500 266.01 0
1715289614181 237.26 0
1715289867626 250.96 0
1715290124761 211.28 0
1715290384528 257.17 0
1715290638678 251.66 0
1715290907410 227.42 0
1715291163191 253.34 0
1715291425095 259.42 0
1715291666575 239.12 0
1715291935841 266.7 0
1715292185991 246.98 0
1715292423932 235.4 0
1715292686881 260.46 0
1715292923802 234.46 0
1715293202277 275.98 0
1715293437908 233.09 0
1715293708128 267.59 0
1715293962785 252.09 0
1715294203056 237.16 0
1715294485823 232.26 0
1715294754666 266.06 0
1715294986032 228.81 0
1715295260574 272.07 0
1715295534475 271.18 0
1715295779207 242.23 0
1715296031122 209.63 0
1715296309199 263.99 0
1715296552710 225.85 0
1715296834081 271.35 0
1715297075931 239.45 0
1715297345355 266.98 0
1715297593298 244.81 0
1715297849509 253.26 0
1715298099404 247.28 0
1715298381839 279.79 0
1715298612834 228.45 0
1715298911956 288.98 0
1715299191851 276.86 0
1715299437225 242.78 0
1715299695630 255.91 0
1715299946697 248.31 0
1715300214382 265.17 0
1715300454514 237.69 0
1715300732048 275.05 0
1715300983560 248.99 0
1715301250665 264.71 0
1715301505546 252.37 0
1715301777957 269.6 0
1715302054357 273.79 0
1715302298628 241.7 0
1715302553340 252.13 0
1715302821751 265.82 0
1715303073865 241.38 0
1715303351849 275.54 0
1715303619590 265.19 0
1715303880213 258.19 0
1715304146653 263.4 0
1715304403305 254.0 0
1715304650824 245.01 0
1715304902853 249.38 0
1715305165938 252.88 0
1715305418187 248.79 0
1715305666981 246.36 0
1715305936712 267.19 0
1715306169697 230.41 0
1715306435023 262.75 0
1715306709872 272.18 0
1715306949338 236.87 0
1715307203604 243.77 0
1715307457214 213.01 0
1715307721917 262.3 0
1715307994898 270.52 0
1715308246890 248.54 0
1715308492312 242.89 0
1715308734134 239.28 0
1715308982771 209.96 0
1715309263183 277.89 0
1715309516343 250.36 0
1715309754642 235.86 0
1715310028693 271.58 0
1715310253351 222.1 0
1715310526100 270.19 0
1715310823812 295.13 0
1715311082649 248.78 0
1715311317221 232.16 0
1715311589299 269.46 0
1715311839835 248.07 0
1715312089013 246.68 0
1715312369476 277.92 0
1715312624154 252.1 0
1715312897184 270.43 0
1715313164722 257.03 0
1715313415976 248.77 0
1715313700302 281.82 0
1715313936647 233.89 0
1715314197602 257.06 0
1715314451683 251.58 0
1715314694686 240.39 0
1715314935892 238.66 0
1715315197599 251.39 0
1715315455780 255.68 0
1715315714528 255.77 0
1715315965711 248.49 0
1715316234760 266.47 0
1715316473059 235.0 0
1715316736160 259.86 0
1715316980099 241.27 0
1715317249340 266.69 0
1715317497087 242.7 0
1715317743720 244.19 0
1715318014203 267.93 0
1715318276689 259.99 0
1715318541706 262.24 0
1715318794479 250.26 0
1715319049710 252.44 0
1715319312891 226.21 0
1715319582068 266.75 0
1715319854333 269.85 0
1715320130165 273.2 0
1715320421998 231.42 0
1715320687890 212.97 0
1715320927533 236.99 0
1715321179708 249.45 0
1715321446807 221.97 0
1715321728269 279.0 0
1715321985593 226.41 0
1715322230549 242.55 0
1715322498525 258.22 0
1715322760765 224.28 0
1715323036023 272.85 0
1715323316460 278.0 0
1715323579088 260.17 0
1715323835014 253.45 0
1715324102674 265.15 0
1715324349708 236.84 0
1715324626005 273.89 0
1715324870825 242.34 0
1715325128671 255.3 0
1715325412118 280.88 0
1715325677091 238.7 0
1715325933369 242.27 0
1715326224448 252.19 0
1715326467213 220.94 0
1715326725193 231.32 0
1715326986558 228.1 0
1715327273568 284.41 0
1715327526974 250.41 0
1715327780739 223.8 0
1715328076773 253.35 0
1715328360519 258.29 0
1715328594803 231.71 0
1715328869514 240.13 0
1715329140038 222.69 0
1715329401834 235.68 0
1715329687324 262.84 0
1715329943011 252.94 0
1715330216011 270.55 0
1715330465560 247.07 0
1715330729227 260.99 0
1715330959390 227.44 0
1715331217147 254.67 0
1715331496735 277.03 0
1715331757015 256.97 0
1715331999233 232.26 0
1715332279719 278.0 0
1715332541525 259.24 0
1715332787090 243.02 0
1715333043304 252.64 0
1715333306752 260.86 0
1715333572062 238.05 0
1715333830831 256.21 0
1715334098112 264.76 0
1715334378607 277.95 0
1715334626832 245.68 0
1715334887301 256.65 0
1715335135396 245.51 0
1715335395867 257.47 0
1715335655105 256.66 0
1715335913345 247.6 0
1715336194321 278.39 0
1715336446773 249.93 0
1715336695994 246.45 0
1715336940980 240.82 0
1715337226366 282.43 0
1715337504302 275.28 0
1715337762514 255.58 0
1715338047754 274.46 0
1715338307154 256.77 0
1715338551644 241.95 0
1715338825515 271.27 0
1715339079635 251.6 0
1715339332240 248.84 0
1715339604338 269.5 0
1715339885638 278.53 0
1715340169086 273.78 0
1715340431796 260.15 0
1715340672138 237.01 0
1715340928286 251.09 0
1715341188538 257.6 0
1715341463917 272.79 0
1715341700458 233.82 0
1715341990820 287.75 0
1715342217160 216.59 0
1715342490906 271.27 0
1715342774028 280.65 0
1715343033273 256.64 0
1715343287039 250.44 0
1715343533322 243.58 0
1715343811802 275.84 0
1715344064655 250.12 0
1715344326815 251.15 0
1715344587583 257.8 0
1715344822479 232.41 0
1715345081993 256.6 0
1715345348850 263.24 0
1715345602427 250.85 0
1715345883446 278.41 0
1715346139769 251.2 0
1715346383239 240.8 0
1715346674629 243.43 0
1715346937621 260.47 0
1715347223812 283.63 0
1715347501293 274.84 0
1715347738804 234.88 0
1715348001510 260.07 0
1715348302405 298.15 0
1715348546860 241.39 0
1715348803201 253.76 0
1715349039284 233.28 0
1715349285083 243.16 0
1715349556550 268.82 0
1715349825310 265.68 0
1715350073053 237.04 0
1715350333154 257.4 0
1715350575216 238.74 0
1715350844485 266.58 0
1715351087944 240.35 0
1715351357947 267.27 0
1715351626614 265.99 0
1715351879023 249.68 0
1715352132230 250.7 0
1715352379698 244.86 0
1715352654643 272.32 0
1715352898151 240.91 0
1715353157569 256.67 0
1715353389895 229.06 0
1715353677409 244.24 0
1715353921887 241.83 0
1715354169106 244.61 0
1715354439931 268.12 0
1715354690551 247.98 0
1715354963078 243.13 0
1715355249650 260.26 0
1715355499096 246.82 0
1715355749134 225.88 0
1715356010348 231.71 0
1715356264309 251.36 0
1715356528344 261.49 0
1715356780147 249.16 0
1715357063711 280.92 0
1715357292986 226.7 0
1715357550133 254.62 0
1715357818892 266.17 0
1715358091707 270.1 0
1715358346173 251.77 0
1715358589694 240.76 0
1715358857526 257.16 0
1715359120509 259.55 0
1715359361532 238.43 0
1715359638604 235.21 0
1715359920979 279.78 0
1715360157407 233.87 0
1715360423913 263.82 0
1715360682601 247.23 0
1715360971847 286.65 0
1715361201015 225.09 0
1715361463226 257.15 0
1715361748311 244.17 0
1715362004093 253.15 0
1715362264885 223.16 0
1715362535696 241.36 0
1715362808806 270.36 0
1715363056670 245.25 0
1715363320997 261.75 0
1715363600136 275.87 0
1715363838640 234.85 0
1715364094653 253.21 0
1715364354210 256.63 0
1715364601220 244.36 0
1715364863103 259.36 0
1715365143937 278.27 0
1715365416409 269.68 0
1715365670506 251.51 0
1715365976079 250.44 0
1715366243150 225.76 0
1715366497643 229.69 0
1715366735948 235.9 0
1715367022107 283.75 0
1715367275158 250.52 0
1715367539443 254.51 0
1715367815731 273.79 0
1715368080743 262.57 0
1715368341293 258.08 0
1715368602158 258.36 0
1715368862685 258.0 0
1715369145176 246.57 0
1715369418322 234.51 0
1715369697673 234.07 0
1715369941779 241.53 0
1715370204882 260.51 0
1715370457109 249.72 0
1715370718246 258.63 0
1715370958168 236.65 0
1715371241928 273.44 0
1715371472054 227.57 0
1715371749440 274.55 0
1715372003746 251.84 0
1715372277201 270.82 0
1715372550027 270.13 0
1715372787361 192.77 0
1715373072133 273.53 0
1715373328474 253.17 0
1715373596832 265.89 0
1715373843669 244.21 0
1715374123940 277.87 0
1715374366997 240.53 0
1715374616619 247.12 0
1715374869829 250.78 0
1715375150537 277.49 0
1715375385313 232.25 0
1715375624718 236.87 0
1715375911735 284.58 0
1715376167148 252.94 0
1715376430103 260.24 0
1715376699143 266.47 0
1715376951819 249.1 0
1715377223585 269.21 0
1715377459936 225.15 0
1715377711833 218.46 0
1715377964255 249.85 0
1715378226366 259.57 0
1715378481112 252.19 0
1715378736034 252.42 0
1715378995582 256.27 0
1715379252880 246.47 0
1715379516540 260.1 0
1715379754579 235.21 0
1715380018780 261.71 0
1715380275505 254.1 0
1715380519706 240.79 0
1715380775748 253.08 0
1715381034930 256.26 0
1715381290976 253.42 0
1715381545488 242.66 0
1715381775347 227.41 0
1715382033257 255.41 0
1715382319749 283.51 0
1715382566954 244.01 0
1715382840424 270.51 0
1715383124620 281.65 0
1715383382582 255.3 0
1715383647560 254.62 0
1715383898613 248.45 0
1715384164426 263.26 0
1715384431260 264.28 0
1715384687940 254.18 0
1715384938811 248.02 0
1715385212877 271.13 0
1715385468588 252.29 0
1715385729328 205.03 0
1715385988102 256.34 0
1715386207835 217.32 0
1715386480385 270.1 0
1715386727444 244.44 0
1715386951908 221.93 0
1715387212061 257.63 0
1715387482569 267.94 0
1715387759707 266.58 0
1715388005336 243.08 0
1715388243285 235.33 0
1715388502298 256.55 0
1715388766819 261.47 0
1715389030316 260.91 0
1715389279346 246.47 0
1715389508174 226.2 0
1715389777218 208.46 0
1715390058260 247.85 0
1715390313585 252.65 0
1715390583207 267.17 0
1715390850493 264.28 0
1715391094199 241.16 0
1715391337993 241.23 0
1715391610554 262.19 0
1715391858716 245.7 0
1715392123249 260.64 0
1715392392733 264.5 0
1715392631237 235.23 0
1715392918040 284.26 0
1715393174385 253.66 0
1715393438442 261.3 0
1715393696333 255.29 0
1715393947990 249.18 0
1715394194605 244.19 0
1715394446025 248.35 0
1715394704590 256.03 0
1715394935004 225.6 0
1715395183807 246.21 0
1715395442450 256.0 0
1715395713528 268.46 0
1715395957899 207.48 0
1715396238159 277.77 0
1715396486738 246.05 0
1715396742239 252.88 0
1715397029956 285.21 0
1715397283563 250.97 0
1715397573436 287.06 0
1715397822856 227.66 0
1715398101131 246.39 0
1715398364022 233.1 0
1715398609363 215.3 0
1715398897854 278.09 0
1715399147864 247.05 0
1715399400225 243.57 0
1715399643299 240.52 0
1715399923724 252.35 0
1715400178746 252.38 0
1715400439832 258.17 0
1715400699618 257.3 0
1715400978482 240.85 0
1715401242193 261.02 0
1715401501641 256.82 0
1715401772852 268.57 0
1715402034164 258.71 0
1715402312782 275.96 0
1715402572341 256.87 0
1715402820076 235.65 0
1715403062839 240.27 0
1715403355238 289.92 0
1715403605131 247.33 0
1715403892056 284.31 0
1715404141891 246.91 0
1715404392470 248.01 0
1715404633387 238.24 0
1715404893309 247.67 0
1715405164403 268.27 0
1715405425643 258.74 0
1715405696238 267.63 0
1715405939538 240.72 0
1715406195437 224.09 0
1715406472377 274.47 0
1715406724138 207.84 0
1715407009634 283.0 0
1715407260220 247.92 0
1715407511086 247.7 0
1715407809041 295.18 0
1715408043531 231.03 0
1715408322003 275.65 0
1715408585684 260.86 0
1715408867429 278.55 0
1715409116677 246.68 0
1715409375686 256.34 0
1715409630271 251.88 0
1715409903896 270.68 0
1715410166223 259.59 0
1715410416847 246.9 0
1715410675307 248.31 0
1715410934840 256.95 0
1715411195411 258.07 0
1715411426935 228.63 0
