1715281613018 0.769765211215261 500
1715281785597 0.7563256473133044 501
1715282069066 0.7779061337962947 502
1715282322743 0.741890514374829 503
1715282574226 0.7916131877587904 504
1715282861016 0.7793041646092222 505
1715283133475 0.7298196866013925 506
1715283369572 0.7687361870796264 507
1715283645686 0.7484396113468678 508
1715283910868 0.7570491609547186 509
1715284177190 0.789381151717212 510
1715284439097 0.7507938850809934 511
1715284713406 0.7884370486995013 512
1715284975598 0.730927470119239 513
1715285201165 0.8056746450455917 514
1715285466436 0.7464766745799575 515
1715285733602 0.7655482697140127 516
1715285981305 0.7412911450326758 517
1715286237581 0.726332443298105 518
1715286510400 0.8047886180334881 519
1715286790258 0.788280149301833 520
1715287032623 0.776706103138719 521
1715287291724 0.7872503668490143 522
1715287538614 0.7480602922982008 523
1715287813215 0.7853539905873339 524
1715288073095 0.7791383269613364 525
1715288312308 0.770380392309762 526
1715288589059 0.8038932427264939 527
1715288860542 0.7674081903610249 528
1715289106042 0.7761275701044075 529
1715289374450 0.747723483399385 530
1715289614131 0.7376226531235122 531
1715289867542 0.8379831836078444 532
1715290124716 0.7377615258220437 533
1715290384271 0.7746495842903742 534
1715290638618 0.80413710013399 535
1715290907201 0.7689550757570797 536
1715291163149 0.7097692517520117 537
1715291424961 0.7144472127565463 538
1715291666531 0.767469782814611 539
1715291935770 0.7192208680336569 540
1715292185646 0.7630952459816717 541
1715292423893 0.7849539662390157 542
1715292686831 0.8323082319975034 543
1715292923767 0.7532345470405681 544
1715293202196 0.7592249552105541 545
1715293437856 0.7549626754057289 546
1715293708030 0.7933486139608007 547
1715293962689 0.7846256096006665 548
1715294203008 0.7632529615196393 549
1715294485769 0.7705961857224524 550
1715294754353 0.7706537701505717 551
1715294985993 0.7831184302512051 552
1715295260474 0.7787303910382964 553
1715295534417 0.7650890036557549 554
1715295779118 0.8183557813194497 555
1715296031066 0.7872104669225543 556
1715296309022 0.8161207296550177 557
1715296552661 0.7482748990617663 558
1715296833646 0.7268373454309703 559
1715297075895 0.7716783865808278 560
1715297345228 0.7631962251392289 561
1715297593255 0.7478719117335609 562
1715297848936 0.7786668835186278 563
1715298099354 0.7247331500291075 564
1715298381451 0.7654725551535813 565
1715298612791 0.783397387326877 566
1715298911895 0.7344780989793629 567
1715299191790 0.783226732930451 568
1715299436807 0.7820728868129563 569
1715299695579 0.7993004813688953 570
1715299946528 0.7179823858181538 571
1715300214332 0.7731295330427076 572
1715300454469 0.7653884781086774 573
1715300732000 0.7878686770920756 574
1715300983461 0.7533012669010788 575
1715301250622 0.7737737229023333 576
1715301505431 0.7507372097106351 577
1715301777886 0.764792197414501 578
1715302054191 0.7753676069195757 579
1715302298576 0.737010957169273 580
1715302553227 0.7711637524136906 581
1715302821695 0.7960994167673505 582
1715303073742 0.7860029751731242 583
1715303351792 0.7308754031820099 584
1715303619499 0.7785169114661772 585
1715303879523 0.8055874956272232 586
1715304146538 0.7912083431215027 587
1715304403260 0.7994960226506046 588
1715304650777 0.8040650890729353 589
1715304902629 0.7537496457131658 590
1715305165889 0.7567231246123909 591
1715305417295 0.7700912739859971 592
1715305666938 0.744812970005856 593
1715305936606 0.7531027203377787 594
1715306169661 0.8116005770690724 595
1715306434437 0.8054906003238013 596
1715306709730 0.7366946054796542 597
1715306949303 0.7712527469567323 598
1715307203490 0.7649505730432808 599
1715307457179 0.8085934430457843 600
1715307721883 0.7961531321590166 601
1715307994861 0.7263046296517487 602
1715308246031 0.8279698243330667 603
1715308492273 0.7864947266626662 604
1715308734085 0.8015352195414064 605
1715308982714 0.7488311585893942 606
1715309263113 0.7776736914903943 607
1715309516301 0.7486817984044758 608
1715309754570 0.8086004329409399 609
1715310028628 0.7513332650594967 610
1715310253308 0.776366493349784 611
1715310526008 0.7965093144391088 612
1715310823771 0.7797416746864126 613
1715311082610 0.7495793995661185 614
1715311317161 0.7846746958306527 615
1715311589040 0.7559407917805795 616
1715311839783 0.7708014288052399 617
1715312088943 0.7790757253846972 618
1715312369430 0.7812820353994543 619
1715312624069 0.771175351722983 620
1715312897148 0.7348152468594864 621
1715313164657 0.805255882842466 622
1715313415935 0.7839534330433051 623
1715313700160 0.7955505309223482 624
1715313936570 0.7480905413162096 625
1715314196696 0.7948264538238778 626
1715314451642 0.8008958280457675 627
1715314694519 0.7566565084477314 628
1715314935851 0.7181494946927204 629
1715315197541 0.7492269540590956 630
1715315455744 0.787471524019213 631
1715315714033 0.8186131519829807 632
1715315965657 0.7911363262425208 633
1715316234720 0.7928257653164047 634
1715316472766 0.770819992128491 635
1715316736119 0.7799535843618508 636
1715316980061 0.7588683620326436 637
1715317249279 0.7691051802267338 638
1715317496559 0.7883643021017898 639
1715317743678 0.7878933900990029 640
1715318014117 0.7444974172672397 641
1715318276638 0.811304792295319 642
1715318541397 0.7781225763191748 643
1715318794434 0.8019915919997544 644
1715319049582 0.7904517318525337 645
1715319312850 0.72748637272741 646
1715319582006 0.7492884702113974 647
1715319854262 0.8351985333661928 648
1715320130058 0.8161703465550098 649
1715320421936 0.810568373084844 650
1715320687833 0.7678527182788496 651
1715320927489 0.7914908067502376 652
1715321179666 0.8280347617556726 653
1715321446756 0.7882761470782481 654
1715321728224 0.8064966092889843 655
1715321985513 0.7699492087389342 656
1715322230503 0.804167166851096 657
1715322498422 0.8009992688082694 658
1715322760720 0.7568263994580328 659
1715323035952 0.7778730507723911 660
1715323316420 0.7951972286035024 661
1715323579046 0.8139837157864924 662
1715323834968 0.7812736560247822 663
1715324102630 0.7714643445571279 664
1715324349668 0.7975988062130416 665
1715324625958 0.794546552132387 666
1715324870793 0.8029449412693151 667
1715325128607 0.795802476081592 668
1715325412065 0.8363166342153633 669
1715325677046 0.8040053916588306 670
1715325933320 0.8096259164032136 671
1715326224344 0.8039746507793792 672
1715326467169 0.8117140035810165 673
1715326725130 0.8285524954174932 674
1715326986523 0.7784898743454723 675
1715327273455 0.8184916832174233 676
1715327526922 0.8080935259183604 677
1715327780704 0.8177890582003174 678
1715328076729 0.8098262249819366 679
1715328360481 0.7809973646112081 680
1715328594745 0.8270547218932569 681
1715328869229 0.8159193499598962 682
1715329139985 0.8178239253923185 683
1715329401781 0.8382935744479678 684
1715329687277 0.7491337605005077 685
1715329942746 0.8032817117557498 686
1715330215975 0.8342028757691669 687
1715330465506 0.7480649494446703 688
1715330729065 0.780099685608604 689
1715330959347 0.7922549723630744 690
1715331217064 0.8002067157692335 691
1715331496697 0.8379776559992839 692
1715331756967 0.792441111618687 693
1715331999192 0.7909225942258028 694
1715332279645 0.764875232911846 695
1715332541463 0.8206127916401874 696
1715332787043 0.7952709860798742 697
1715333042245 0.8118766730744336 698
1715333306706 0.7283955966060754 699
1715333572005 0.8126799506022073 700
1715333830794 0.8118307784847327 701
1715334098048 0.8023899018009267 702
1715334378553 0.8282237671878752 703
1715334626761 0.8244290133047557 704
1715334887214 0.7516707176704448 705
1715335135350 0.7954473024938321 706
1715335395820 0.7968128688501686 707
1715335655063 0.7830710553220731 708
1715335913306 0.761725632157736 709
1715336194232 0.8109675543305704 710
1715336446727 0.8280658972045879 711
1715336695724 0.772206106392089 712
1715336940932 0.763642050316846 713
1715337225983 0.8167765781527979 714
1715337504245 0.7700368242015423 715
1715337762480 0.8186470304850902 716
1715338047655 0.8187355405991105 717
1715338307109 0.8298208310501132 718
1715338551586 0.8270455350502461 719
1715338825473 0.7822128543037984 720
1715339079589 0.8040420431228099 721
1715339332197 0.7950698417018377 722
1715339604289 0.7660357300995676 723
1715339885590 0.7873966947807187 724
1715340169004 0.7974917451323065 725
1715340431748 0.791627696087159 726
1715340671990 0.7972075988382161 727
1715340928239 0.7950017115487206 728
1715341188400 0.7665273950840354 729
1715341463863 0.7553659220160998 730
1715341700402 0.7974486393348033 731
1715341990771 0.7688410207489335 732
1715342217120 0.8189828364428328 733
1715342490858 0.7849717396304684 734
1715342773971 0.8114275582743574 735
1715343033168 0.8147762951306916 736
1715343286991 0.7834908259063937 737
1715343533273 0.8386719328653437 738
1715343811767 0.8179629850685944 739
1715344064601 0.802003816088724 740
1715344326768 0.8104203797291469 741
1715344587547 0.7757269347590193 742
1715344822415 0.7945088300453862 743
1715345081932 0.7570930129556317 744
1715345348801 0.8132025826739897 745
1715345602387 0.8135370854332461 746
1715345883383 0.8217376351961835 747
1715346139709 0.7877284532712179 748
1715346383198 0.7825500440658629 749
1715346674253 0.8297089870519062 750
1715346937582 0.7957173901932514 751
1715347223745 0.8380415937625464 752
1715347501256 0.8034944438494374 753
1715347738770 0.8217380441532012 754
1715348001391 0.8112897844631398 755
1715348302359 0.798427077606133 756
1715348546501 0.8142464654828598 757
1715348803136 0.8218849194641836 758
1715349039174 0.8185647583015071 759
1715349285047 0.8094884386286212 760
1715349556493 0.774060127876748 761
1715349825272 0.7995056772423211 762
1715350072928 0.7990475226046893 763
1715350333111 0.8155827854492915 764
1715350575143 0.7927557920852522 765
1715350844422 0.8073128871328209 766
1715351087906 0.8071451883569126 767
1715351357903 0.8281753821432379 768
1715351626572 0.8048497372005731 769
1715351878987 0.8212874125240163 770
1715352132186 0.7907630234417979 771
1715352379594 0.8049521319486441 772
1715352654606 0.7796261357740253 773
1715352898098 0.8444332791078374 774
1715353157521 0.8291127677980388 775
1715353389263 0.8143418340671467 776
1715353677355 0.794811978929578 777
1715353921839 0.7905834219389505 778
1715354169049 0.8132727581365448 779
1715354439766 0.818855057128418 780
1715354690501 0.8287736783083305 781
1715354963015 0.8207956883539342 782
1715355249503 0.810080205038245 783
1715355499055 0.8328604096132276 784
1715355749020 0.8250782494623026 785
1715356010299 0.7637225930809632 786
1715356264243 0.8229624288327781 787
1715356528288 0.784427812209281 788
1715356780036 0.8098653866190083 789
1715357063665 0.7816078448670927 790
1715357292932 0.8140842273631944 791
1715357550081 0.7938275962225643 792
1715357818840 0.8071974331236439 793
1715358091621 0.7906935321220446 794
1715358346129 0.8137892447396472 795
1715358589625 0.8024087282922636 796
1715358857466 0.8015757089164727 797
1715359119637 0.792153917725973 798
1715359361487 0.8023165923072074 799
1715359638246 0.8071305651464781 800
1715359920941 0.8196571102443647 801
1715360157365 0.8477949686518765 802
1715360423871 0.825099881702455 803
1715360682457 0.8188926459758484 804
1715360971785 0.8154022575895375 805
1715361200338 0.8198528598508336 806
1715361463188 0.8503816662252557 807
1715361748234 0.8122536199434687 808
1715362004036 0.8241915890140157 809
1715362264848 0.817903736420527 810
1715362535596 0.792855144835711 811
1715362808763 0.8144073269682159 812
1715363056590 0.8022779675054253 813
1715363320955 0.8215012975679185 814
1715363599715 0.8041430282410548 815
1715363838599 0.82537123512683 816
1715364094601 0.8124676973780409 817
1715364354171 0.8006917659613006 818
1715364601174 0.7984039793217856 819
1715364863029 0.8519618981835365 820
1715365143890 0.8176319819173516 821
1715365416324 0.8134166630489176 822
1715365670462 0.843638710134859 823
1715365975788 0.8214156765108472 824
1715366243113 0.8333946760357859 825
1715366497599 0.7891029410905517 826
1715366735911 0.7578523650423548 827
1715367022058 0.8048599160913968 828
1715367275121 0.8059449500481028 829
1715367539400 0.8242090637315871 830
1715367815532 0.8497832021668067 831
1715368080695 0.8323843106500455 832
1715368341254 0.8248099084202454 833
1715368602114 0.8333919802012979 834
1715368862648 0.8381355421216748 835
1715369145128 0.8257833398160824 836
1715369418279 0.8246035339664702 837
1715369697564 0.7767699066327035 838
1715369941733 0.8200128176427298 839
1715370204770 0.8154344443571631 840
1715370457049 0.8245144132885841 841
1715370718179 0.8297450599597032 842
1715370958116 0.8082237927184175 843
1715371241797 0.8356899101799655 844
1715371472002 0.8137519672057487 845
1715371749084 0.8321205638209549 846
1715372003706 0.7840746958190364 847
1715372277057 0.8382612277258584 848
1715372549955 0.830770877378095 849
1715372787313 0.7935265531313631 850
1715373072052 0.7965525719588136 851
1715373328418 0.8044935378850636 852
1715373596792 0.8507006175632592 853
1715373843457 0.8193971276904225 854
1715374123898 0.7959065716357413 855
1715374366943 0.8177422865085167 856
1715374616559 0.7902033217381988 857
1715374868344 0.8550469851148769 858
1715375149740 0.8185331267846322 859
1715375385265 0.7903360171462604 860
1715375624536 0.8339869925245798 861
1715375911677 0.8503637231898693 862
1715376167103 0.8210478902287479 863
1715376430036 0.8101701663637532 864
1715376699096 0.8180388851651273 865
1715376950729 0.8276232211752766 866
1715377223529 0.830826185027939 867
1715377459708 0.844245846690512 868
1715377711792 0.7700230159641587 869
1715377964096 0.8213019886429515 870
1715378226307 0.8070605438505726 871
1715378481076 0.7954210412852025 872
1715378736002 0.7661337553012795 873
1715378995525 0.8443794008392765 874
1715379252833 0.8102995163431389 875
1715379515570 0.8650397713585875 876
1715379754543 0.7644467320979981 877
1715380018730 0.8553325913549935 878
1715380275433 0.8132811122692168 879
1715380519472 0.8387553180182279 880
1715380775676 0.8439813079136335 881
1715381034887 0.8020217555568091 882
1715381290913 0.8056352438149723 883
1715381545436 0.823230963134898 884
1715381775302 0.801434931959319 885
1715382033213 0.7979350914507789 886
1715382319687 0.800888103151273 887
1715382566878 0.8465972986305069 888
1715382840071 0.7612791585708101 889
1715383124569 0.8033817451533994 890
1715383382531 0.7642178253437959 891
1715383647518 0.8059740959894791 892
1715383898574 0.8455040290678925 893
1715384164369 0.8366824350853491 894
1715384431141 0.7936946797452608 895
1715384687883 0.8394795386030895 896
1715384938440 0.8143594862207575 897
1715385212820 0.812324399580108 898
1715385467785 0.8194793684601716 899
1715385729272 0.7992705767572273 900
1715385987974 0.8114742132788336 901
1715386207799 0.8231830887673914 902
1715386480350 0.821776909098947 903
1715386727239 0.8144477729072136 904
1715386951869 0.8458037293745301 905
1715387212019 0.8220898058134056 906
1715387482513 0.8713104172230343 907
1715387759621 0.8084730074661565 908
1715388005287 0.7986976973365534 909
1715388243201 0.8439130317861756 910
1715388502259 0.8136809073170969 911
1715388766222 0.7793280430988385 912
1715389030276 0.8340201556396025 913
1715389279307 0.8465602091898046 914
1715389508144 0.8417905442085356 915
1715389777131 0.8327125507468358 916
1715390058203 0.8157247770627057 917
1715390313418 0.8138474924808949 918
1715390583167 0.8165674744262248 919
1715390850264 0.8348315412254811 920
1715391094164 0.7908426520746531 921
1715391337931 0.8110758531605392 922
1715391610492 0.8169882128279011 923
1715391858635 0.8192235393468065 924
1715392122678 0.8181325724965541 925
1715392392583 0.8360085858619708 926
1715392631186 0.825064453869902 927
1715392917990 0.8116344870566381 928
1715393174203 0.8557085798526791 929
1715393438381 0.8119443479222859 930
1715393696298 0.8153870356699201 931
1715393947943 0.8316168782198674 932
1715394194566 0.8212569884890699 933
1715394445937 0.7940027832715548 934
1715394704554 0.8440547609255017 935
1715394934926 0.8236878591630304 936
1715395183762 0.8192902210896266 937
1715395442337 0.8122310438065524 938
1715395713470 0.8555426087470256 939
1715395957856 0.81386705353404 940
1715396238101 0.8073184245143179 941
1715396486685 0.8194197040894602 942
1715396742086 0.8226071827403488 943
1715397029895 0.844109950097934 944
1715397283456 0.8080730204776333 945
1715397573381 0.8470091831940291 946
1715397822770 0.8287927432464338 947
1715398101076 0.8285008944653486 948
1715398363986 0.7977383737958055 949
1715398609312 0.824541961106599 950
1715398897793 0.808056976000383 951
1715399147273 0.8588318462885273 952
1715399400184 0.8095273808937311 953
1715399643178 0.8627831950173385 954
1715399923676 0.8227194004644726 955
1715400178680 0.8269728906797913 956
1715400439761 0.8294781063770243 957
1715400699560 0.8437775137197965 958
1715400978443 0.8170216032630704 959
1715401241957 0.8159457093529315 960
1715401501605 0.8083707378242438 961
1715401772689 0.8531639213532874 962
1715402034116 0.8191256620592899 963
1715402312656 0.8394215834702758 964
1715402572273 0.8215690943560351 965
1715402820027 0.8341388890776124 966
1715403062791 0.8204810251028841 967
1715403355183 0.783426647391968 968
1715403605075 0.8124634171310686 969
1715403891991 0.7855203219117711 970
1715404141725 0.8475381143560915 971
1715404392431 0.8244915040994861 972
1715404633344 0.8302396988415336 973
1715404893254 0.8275953243843751 974
1715405164294 0.8238016403117021 975
1715405425587 0.8503790283633428 976
1715405695812 0.8554655767753355 977
1715405939485 0.8469212079236325 978
1715406195359 0.826741095797709 979
1715406472340 0.8720458090367427 980
1715406724037 0.7763232787423949 981
1715407009582 0.8379024011764792 982
1715407260149 0.8145128426759882 983
1715407511028 0.8206424802212011 984
1715407808826 0.8468754967491853 985
1715408043480 0.8178425539698649 986
1715408321942 0.8243535683357446 987
1715408585629 0.8228200728456886 988
1715408867386 0.829864081292661 989
1715409116599 0.8353175808587955 990
1715409375638 0.8357916523815763 991
1715409630123 0.8382490836136575 992
1715409903864 0.8197170798587418 993
1715410166045 0.8320305020683914 994
1715410416792 0.842631907877572 995
1715410675265 0.8177115215741565 996
1715410934740 0.8327922048018259 997
1715411195359 0.8353182624472207 998
1715411426577 0.8418890141714905 999
