1712244362830 0.002 0
1712244452668 0.002 1
1712244513884 0.002 2
1712244581964 0.002 3
1712244643511 0.002 4
1712244710635 0.002 5
1712244777054 0.002 6
1712244843587 0.002 7
1712244910298 0.002 8
1712244971935 0.002 9
1712245038633 0.002 10
1712245100101 0.002 11
1712245161493 0.002 12
1712245222754 0.002 13
1712245283797 0.002 14
1712245350510 0.002 15
1712245406186 0.002 16
1712245467533 0.002 17
1712245523342 0.002 18
1712245590404 0.002 19
1712245652151 0.002 20
1712245713427 0.002 21
1712245774584 0.002 22
1712245835757 0.002 23
1712245902454 0.002 24
1712245963808 0.002 25
1712246025171 0.002 26
1712246092202 0.002 27
1712246147947 0.002 28
1712246214796 0.002 29
1712246276035 0.002 30
1712246338053 0.002 31
1712246399317 0.002 32
1712246461118 0.002 33
1712246527809 0.002 34
1712246589266 0.002 35
1712246650748 0.002 36
1712246712232 0.002 37
1712246768445 0.002 38
1712246824733 0.002 39
1712246891778 0.002 40
1712246953065 0.002 41
1712247019432 0.002 42
1712247085796 0.002 43
1712247152341 0.002 44
1712247208776 0.002 45
1712247270176 0.002 46
1712247326156 0.002 47
1712247382355 0.002 48
1712247438426 0.002 49
1712247501588 0.002 50
1712247557372 0.002 51
1712247618751 0.002 52
1712247679802 0.002 53
1712247745792 0.002 54
1712247806770 0.002 55
1712247867959 0.002 56
1712247929187 0.002 57
1712247985314 0.002 58
1712248051885 0.002 59
1712248112784 0.002 60
1712248179069 0.002 61
1712248234832 0.002 62
1712248290655 0.002 63
1712248346433 0.002 64
1712248402564 0.002 65
1712248458386 0.002 66
1712248514261 0.002 67
1712248570216 0.002 68
1712248626093 0.002 69
1712248682045 0.002 70
1712248738107 0.002 71
1712248794489 0.002 72
1712248850456 0.002 73
1712248906166 0.002 74
1712248962190 0.002 75
1712249023344 0.002 76
1712249084524 0.002 77
1712249140463 0.002 78
1712249207487 0.002 79
1712249263358 0.002 80
1712249319490 0.002 81
1712249375413 0.002 82
1712249431219 0.002 83
1712249487111 0.002 84
1712249548161 0.002 85
1712249603877 0.002 86
1712249665337 0.002 87
1712249731335 0.002 88
1712249797462 0.002 89
1712249858506 0.002 90
1712249914457 0.002 91
1712249970406 0.002 92
1712250026279 0.002 93
1712250082271 0.002 94
1712250138115 0.002 95
1712250199139 0.002 96
1712250254870 0.002 97
1712250310491 0.002 98
1712250371407 0.002 99
1712250438169 0.002 100
1712250493899 0.002 101
1712250549585 0.002 102
1712250605466 0.002 103
1712250661342 0.002 104
1712250717314 0.002 105
1712250773139 0.002 106
1712250828928 0.002 107
1712250885533 0.002 108
1712250941368 0.002 109
1712250997249 0.002 110
1712251053346 0.002 111
1712251109267 0.002 112
1712251171030 0.002 113
1712251226728 0.002 114
1712251283033 0.002 115
1712251344328 0.002 116
1712251405697 0.002 117
1712251461769 0.002 118
1712251517768 0.002 119
1712251584662 0.002 120
1712251646490 0.002 121
1712251707664 0.002 122
1712251769278 0.002 123
1712251831176 0.002 124
1712251887100 0.002 125
1712251942822 0.002 126
1712251998525 0.002 127
1712252054763 0.002 128
1712252110584 0.002 129
1712252166492 0.002 130
1712252222283 0.002 131
1712252278191 0.002 132
1712252334025 0.002 133
1712252395656 0.002 134
1712252457130 0.002 135
1712252518251 0.002 136
1712252579254 0.002 137
1712252634887 0.002 138
1712252690636 0.002 139
1712252751963 0.002 140
1712252807650 0.002 141
1712252863912 0.002 142
1712252919714 0.002 143
1712252981163 0.002 144
1712253036891 0.002 145
1712253092503 0.002 146
1712253148284 0.002 147
1712253204261 0.002 148
1712253260393 0.002 149
1712253321850 0.002 150
1712253377639 0.002 151
1712253433459 0.002 152
1712253489284 0.002 153
1712253545240 0.002 154
1712253601338 0.002 155
1712253657374 0.002 156
1712253713399 0.002 157
1712253769376 0.002 158
1712253825322 0.002 159
1712253886839 0.002 160
1712253948518 0.002 161
1712254004679 0.002 162
1712254060667 0.002 163
1712254116466 0.002 164
1712254172384 0.002 165
1712254228344 0.002 166
1712254284219 0.002 167
1712254340250 0.002 168
1712254396736 0.002 169
1712254458387 0.002 170
1712254514293 0.002 171
1712254575541 0.002 172
1712254636899 0.002 173
1712254692878 0.002 174
1712254749299 0.002 175
1712254805224 0.002 176
1712254861172 0.002 177
1712254917172 0.002 178
1712254973240 0.002 179
1712255029280 0.002 180
1712255085116 0.002 181
1712255141390 0.002 182
1712255197405 0.002 183
1712255258836 0.002 184
1712255320158 0.002 185
1712255376243 0.002 186
1712255432249 0.002 187
1712255488337 0.002 188
1712255550037 0.002 189
1712255605875 0.002 190
1712255661673 0.002 191
1712255717706 0.002 192
1712255773773 0.00199 193
1712255829970 0.00199 194
1712255886071 0.00199 195
1712255942486 0.00199 196
1712255998543 0.00199 197
1712256054541 0.00199 198
1712256110460 0.00199 199
1712256171776 0.00199 200
1712256227611 0.00199 201
1712256283487 0.00199 202
1712256339837 0.00199 203
1712256401511 0.00199 204
1712256457462 0.00199 205
1712256513252 0.00199 206
1712256569101 0.00199 207
1712256624808 0.00199 208
1712256680627 0.00199 209
1712256736862 0.00199 210
1712256792893 0.00199 211
1712256848703 0.00199 212
1712256904762 0.00199 213
1712256960684 0.00199 214
1712257027519 0.00199 215
1712257088642 0.00199 216
1712257145056 0.00199 217
1712257206594 0.00199 218
1712257262472 0.00199 219
1712257318342 0.00199 220
1712257374370 0.00199 221
1712257430119 0.00199 222
1712257485952 0.00199 223
1712257542130 0.00199 224
1712257598040 0.00199 225
1712257653885 0.00199 226
1712257709826 0.00199 227
1712257765639 0.00199 228
1712257821445 0.00199 229
1712257877208 0.00199 230
1712257933395 0.00199 231
1712257989243 0.00199 232
1712258045185 0.00199 233
1712258101021 0.00199 234
1712258156885 0.00199 235
1712258212644 0.00199 236
1712258268462 0.00199 237
1712258324374 0.00199 238
1712258386043 0.00199 239
1712258441749 0.00199 240
1712258497604 0.00199 241
1712258553533 0.00199 242
1712258609301 0.00199 243
1712258665099 0.00199 244
1712258720896 0.00199 245
1712258777206 0.00199 246
1712258833049 0.00199 247
1712258889049 0.00199 248
1712258945066 0.00199 249
1712259006570 0.00199 250
1712259062443 0.00199 251
1712259118139 0.00199 252
1712259174177 0.00199 253
1712259229886 0.00199 254
1712259285616 0.00199 255
1712259341454 0.00199 256
1712259397375 0.00199 257
1712259453214 0.00199 258
1712259509220 0.00199 259
1712259565689 0.00199 260
1712259621745 0.00199 261
1712259677634 0.00199 262
1712259744376 0.00199 263
1712259805572 0.00199 264
1712259866948 0.00199 265
1712259928515 0.00199 266
1712259990613 0.00199 267
1712260046730 0.00199 268
1712260102571 0.00199 269
1712260158571 0.00199 270
1712260214468 0.00199 271
1712260270345 0.00199 272
1712260326334 0.00199 273
1712260382232 0.00199 274
1712260438272 0.00199 275
1712260494319 0.00199 276
1712260550229 0.00199 277
1712260611434 0.00199 278
1712260672700 0.00199 279
1712260728412 0.00199 280
1712260789740 0.00199 281
1712260850987 0.00199 282
1712260912008 0.00199 283
1712260967802 0.00199 284
1712261023664 0.00199 285
1712261079608 0.00199 286
1712261135452 0.00199 287
1712261191711 0.00199 288
1712261247770 0.00199 289
1712261303680 0.00199 290
1712261365025 0.00199 291
1712261426434 0.00199 292
1712261482244 0.00199 293
1712261538808 0.00199 294
1712261594754 0.00199 295
1712261650912 0.00199 296
1712261706960 0.00199 297
1712261763070 0.00199 298
1712261818985 0.00199 299
