1707745867283 14.26 0
1707745873909 3.31 0
1707745880654 3.31 0
1707745887315 3.31 0
1707745894039 3.31 0
1707745898037 3.31 0
1707745901884 3.31 0
1707745908519 3.31 0
1707745915257 3.31 0
1707745921978 3.3 0
1707745928641 3.34 0
1707745935435 3.31 0
1707745939282 3.31 0
1707745946028 3.31 0
1707745952747 3.31 0
1707745959602 3.31 0
1707745966353 3.31 0
1707745970218 3.3 0
1707745976864 3.31 0
1707745980733 3.31 0
1707745987356 3.3 0
1707745994238 3.31 0
1707746000999 3.31 0
1707746007626 3.31 0
1707746014458 3.31 0
1707746021201 3.32 0
1707746025050 3.31 0
1707746029020 3.31 0
1707746035756 3.31 0
1707746042515 3.31 0
1707746046364 3.31 0
1707746052997 3.31 0
1707746059773 3.32 0
1707746063738 3.31 0
1707746070502 3.31 0
1707746077083 3.31 0
1707746080941 3.31 0
1707746084794 3.3 0
1707746091518 3.31 0
1707746098332 3.31 0
1707746105147 3.31 0
1707746111956 3.31 0
1707746118608 3.31 0
1707746122444 3.31 0
1707746129125 3.35 0
1707746135863 3.31 0
1707746142580 3.31 0
1707746146419 3.31 0
1707746150256 3.31 0
1707746154101 3.31 0
1707746161010 3.31 0
1707746164983 3.31 0
1707746168834 3.31 0
1707746172681 3.31 0
1707746179313 3.31 0
1707746183157 3.31 0
1707746189847 3.31 0
1707746193698 3.31 0
1707746200643 3.31 0
1707746204504 3.31 0
1707746208366 3.31 0
1707746212227 3.31 0
1707746216092 3.31 0
1707746219952 3.31 0
1707746223812 3.31 0
1707746227798 3.31 0
1707746234772 3.31 0
1707746238612 3.3 0
1707746242484 3.31 0
1707746249066 3.31 0
1707746255834 3.31 0
1707746262706 3.31 0
1707746266566 3.31 0
1707746273325 3.32 0
1707746277196 3.31 0
1707746281061 3.31 0
1707746284932 3.31 0
1707746291796 3.31 0
1707746295666 3.31 0
1707746299541 3.31 0
1707746303415 3.31 0
1707746310347 3.31 0
1707746314227 3.31 0
1707746320996 3.31 0
1707746324974 3.31 0
1707746331675 3.31 0
1707746338326 3.31 0
1707746345093 3.31 0
1707746351945 3.32 0
1707746358644 3.31 0
1707746365548 3.31 0
1707746372393 3.31 0
1707746378971 3.31 0
1707746382822 3.31 0
1707746386668 3.31 0
1707746390511 3.31 0
1707746394487 3.31 0
1707746401246 3.31 0
1707746405106 3.31 0
1707746408955 3.31 0
1707746415724 3.32 0
1707746419572 3.31 0
1707746423479 3.37 0
1707746430348 3.31 0
1707746436952 3.31 0
1707746440808 3.31 0
1707746447417 3.31 0
1707746454229 3.35 0
1707746458088 3.31 0
1707746461944 3.31 0
1707746465797 3.31 0
1707746469652 3.31 0
1707746473504 3.31 0
1707746477379 3.31 0
1707746481246 3.32 0
1707746485162 3.37 0
1707746489030 3.31 0
1707746492896 3.31 0
1707746496755 3.31 0
1707746500622 3.31 0
1707746504481 3.31 0
1707746508339 3.31 0
1707746512210 3.31 0
1707746516136 3.37 0
1707746520009 3.31 0
1707746523879 3.32 0
1707746530716 3.31 0
1707746534587 3.31 0
1707746538456 3.31 0
1707746542326 3.31 0
1707746546186 3.31 0
1707746550178 3.31 0
1707746554040 3.31 0
1707746557904 3.31 0
1707746561765 3.31 0
1707746565642 3.31 0
1707746569518 3.31 0
1707746573392 3.31 0
1707746577268 3.31 0
1707746581285 3.31 0
1707746585155 3.31 0
1707746589030 3.31 0
1707746592906 3.31 0
1707746599533 3.31 0
1707746606277 3.31 0
1707746613136 3.31 0
1707746619870 3.31 0
1707746623751 3.31 0
1707746627620 3.31 0
1707746631498 3.31 0
1707746638128 3.31 0
1707746642054 3.36 0
1707746648704 3.31 0
1707746655534 3.32 0
1707746662296 3.31 0
1707746669014 3.31 0
1707746672928 3.34 0
1707746676819 3.31 0
1707746680710 3.32 0
1707746684593 3.31 0
1707746688478 3.31 0
1707746692356 3.31 0
1707746699059 3.31 0
1707746705986 3.31 0
1707746709858 3.31 0
1707746716608 3.31 0
1707746723409 3.31 0
1707746730285 3.31 0
1707746737166 3.31 0
1707746743954 3.32 0
1707746750751 3.31 0
1707746757414 3.31 0
1707746761281 3.3 0
1707746768062 3.31 0
1707746774864 3.31 0
1707746781653 3.31 0
1707746788369 3.32 0
1707746795266 3.31 0
1707746802282 3.31 0
1707746806150 3.31 0
1707746810023 3.31 0
1707746813893 3.31 0
1707746817758 3.31 0
1707746821622 3.31 0
1707746825490 3.31 0
1707746829495 3.31 0
1707746833368 3.31 0
1707746837259 3.31 0
1707746841134 3.31 0
1707746844996 3.31 0
1707746851743 3.31 0
1707746858412 3.31 0
1707746865378 3.31 0
1707746872157 3.31 0
1707746876048 3.31 0
1707746882833 3.31 0
1707746889574 3.31 0
1707746896514 3.31 0
1707746903321 3.31 0
1707746910001 3.32 0
1707746916863 3.31 0
1707746923698 3.31 0
1707746927578 3.31 0
1707746934404 3.32 0
1707746938284 3.31 0
1707746942157 3.31 0
1707746945995 3.31 0
1707746949841 3.31 0
1707746953814 3.31 0
1707746960661 3.31 0
1707746964508 3.31 0
1707746971256 3.31 0
1707746977880 3.31 0
1707746984720 3.36 0
1707746991512 3.31 0
1707746998175 3.31 0
1707747002027 3.31 0
1707747005878 3.31 0
1707747009725 3.31 0
1707747013572 3.31 0
1707747017578 3.31 0
1707747021419 3.31 0
1707747025270 3.32 0
1707747029121 3.31 0
1707747032968 3.31 0
1707747036824 3.31 0
1707747043571 3.31 0
1707747050357 3.32 0
1707747057119 3.31 0
1707747063923 3.31 0
1707747070658 3.31 0
1707747077457 3.31 0
1707747081420 3.31 0
1707747085264 3.31 0
1707747092014 3.31 0
1707747098621 3.31 0
1707747105779 3.32 0
1707747109659 3.31 0
1707747113633 3.31 0
1707747117488 3.31 0
1707747124455 3.32 0
1707747131098 3.31 0
1707747137760 3.31 0
1707747144485 3.33 0
1707747151337 3.32 0
1707747155200 3.31 0
1707747159060 3.31 0
1707747162928 3.31 0
1707747166790 3.31 0
1707747170650 3.31 0
1707747180414 3.32 0
1707747187261 3.31 0
1707747191122 3.31 0
1707747194984 3.31 0
1707747201759 3.31 0
1707747205736 3.31 0
1707747209598 3.31 0
1707747213463 3.31 0
1707747217327 3.31 0
1707747224183 3.31 0
1707747230959 3.31 0
1707747234824 3.31 0
1707747238815 3.31 0
1707747242676 3.31 0
1707747246555 3.31 0
1707747250423 3.32 0
1707747254293 3.31 0
1707747258155 3.31 0
1707747264896 3.32 0
1707747271925 3.31 0
1707747278574 3.32 0
1707747285394 3.32 0
1707747292228 3.32 0
1707747296110 3.31 0
1707747300100 3.31 0
1707747306907 3.32 0
1707747313543 3.31 0
1707747317433 3.31 0
1707747321287 3.31 0
1707747325143 3.31 0
1707747329060 3.37 0
1707747335905 3.31 0
1707747339756 3.31 0
1707747343609 3.31 0
1707747347499 3.31 0
1707747354327 3.31 0
1707747358206 3.31 0
1707747362205 3.31 0
1707747366071 3.31 0
1707747369937 3.31 0
1707747373819 3.32 0
1707747377694 3.32 0
1707747381636 3.33 0
1707747385568 3.34 0
1707747389482 3.31 0
1707747393425 3.39 0
1707747397310 3.31 0
1707747401175 3.31 0
1707747405038 3.31 0
1707747408915 3.31 0
1707747415577 3.31 0
1707747419440 3.31 0
1707747423310 3.31 0
1707747430034 3.31 0
1707747436826 3.32 0
1707747440692 3.31 0
1707747444566 3.31 0
1707747448431 3.31 0
1707747452301 3.31 0
1707747456225 3.37 0
1707747460091 3.31 0
1707747463955 3.31 0
1707747470561 3.31 0
1707747477403 3.32 0
1707747481268 3.31 0
1707747488124 3.31 0
1707747494940 3.31 0
1707747501730 3.31 0
1707747508432 3.31 0
1707747515338 3.31 0
1707747519323 3.31 0
1707747523188 3.31 0
1707747527053 3.31 0
1707747530916 3.31 0
1707747534780 3.31 0
1707747538645 3.31 0
1707747542515 3.32 0
1707747546373 3.31 0
1707747550314 3.39 0
1707747554184 3.31 0
1707747558049 3.31 0
1707747561914 3.31 0
1707747565782 3.31 0
1707747569644 3.31 0
1707747573516 3.31 0
1707747577393 3.31 0
1707747581402 3.31 0
1707747585272 3.31 0
1707747589149 3.31 0
1707747593021 3.31 0
1707747596902 3.31 0
1707747600783 3.31 0
1707747605218 3.87 0
1707747609693 3.91 0
1707747613649 3.39 0
1707747618302 4.07 0
1707747622176 3.31 0
1707747626056 3.31 0
1707747630054 3.43 0
1707747634633 4.01 0
1707747641382 3.31 0
1707747645331 3.37 0
1707747649195 3.31 0
1707747653070 3.31 0
1707747656947 3.31 0
1707747660820 3.31 0
1707747664704 3.31 0
1707747668584 3.31 0
1707747675733 3.32 0
1707747682520 3.32 0
1707747689158 3.32 0
1707747696126 3.31 0
1707747702939 3.31 0
1707747706932 3.31 0
1707747710810 3.31 0
1707747714683 3.31 0
1707747718555 3.31 0
1707747722424 3.3 0
1707747726297 3.31 0
1707747730165 3.31 0
1707747734036 3.31 0
1707747737978 3.38 0
1707747741847 3.31 0
1707747748484 3.31 0
1707747755273 3.31 0
1707747759146 3.3 0
1707747763017 3.31 0
1707747766889 3.31 0
1707747770884 3.31 0
1707747774755 3.31 0
1707747778626 3.31 0
1707747782500 3.31 0
1707747786382 3.31 0
1707747790260 3.31 0
1707747797067 3.32 0
1707747804142 3.31 0
1707747810832 3.31 0
1707747817646 3.31 0
1707747821535 3.31 0
1707747825419 3.31 0
1707747829298 3.31 0
1707747836404 3.31 0
1707747843336 3.31 0
1707747847221 3.31 0
1707747851104 3.31 0
1707747854980 3.31 0
1707747861834 3.31 0
1707747868495 3.31 0
1707747872379 3.31 0
1707747876256 3.31 0
1707747883106 3.31 0
1707747886986 3.31 0
1707747893988 3.31 0
1707747897864 3.31 0
1707747901749 3.31 0
1707747905635 3.31 0
1707747909513 3.31 0
1707747913397 3.31 0
1707747920191 3.35 0
1707747924071 3.31 0
1707747927953 3.31 0
1707747931803 3.31 0
1707747935654 3.31 0
1707747942419 3.31 0
1707747946270 3.31 0
1707747950114 3.31 0
1707747954098 3.31 0
1707747957955 3.31 0
1707747961804 3.31 0
1707747965656 3.31 0
1707747969514 3.31 0
1707747973365 3.31 0
1707747977225 3.31 0
1707747981076 3.31 0
1707747984927 3.31 0
1707747988917 3.31 0
1707747992770 3.31 0
1707747996624 3.31 0
1707748000477 3.31 0
1707748004325 3.31 0
1707748008183 3.31 0
1707748012029 3.31 0
1707748015880 3.31 0
1707748019871 3.31 0
1707748023728 3.31 0
1707748027605 3.31 0
1707748031452 3.31 0
1707748035311 3.31 0
1707748039170 3.3 0
1707748043015 3.31 0
1707748047060 3.49 0
1707748050909 3.31 0
1707748054915 3.31 0
1707748058763 3.31 0
1707748062614 3.31 0
1707748066469 3.31 0
1707748073243 3.31 0
1707748079854 3.32 0
1707748086899 3.31 0
1707748093573 3.31 0
1707748100238 3.31 0
1707748104090 3.3 0
1707748107942 3.31 0
1707748111794 3.31 0
1707748115763 3.31 0
1707748119613 3.31 0
1707748126662 3.31 0
1707748133454 3.31 0
1707748137299 3.31 0
1707748141148 3.31 0
1707748144994 3.31 0
1707748148973 3.31 0
1707748152826 3.31 0
1707748156678 3.31 0
1707748160535 3.31 0
1707748164391 3.31 0
1707748168247 3.31 0
1707748172102 3.31 0
1707748175959 3.31 0
1707748179873 3.37 0
1707748183728 3.31 0
1707748187599 3.31 0
1707748191457 3.31 0
1707748195308 3.31 0
1707748199161 3.31 0
1707748203014 3.31 0
1707748206870 3.31 0
1707748210732 3.31 0
1707748214732 3.31 0
1707748218591 3.31 0
1707748222987 3.85 0
1707748228715 5.18 0
1707748232582 3.31 0
1707748236626 3.49 0
1707748240496 3.31 0
1707748244359 3.31 0
1707748248910 4.0 0
1707748252772 3.31 0
1707748256630 3.3 0
1707748260872 3.69 0
1707748266750 5.33 0
1707748270619 3.31 0
1707748274484 3.31 0
1707748281103 3.31 0
1707748285110 3.31 0
1707748291922 3.31 0
1707748298678 3.31 0
1707748302542 3.31 0
1707748309216 3.31 0
1707748313074 3.3 0
1707748322784 3.31 0
1707748326640 3.3 0
1707748330499 3.31 0
1707748334365 3.32 0
1707748338244 3.31 0
1707748344983 3.31 0
1707748348967 3.31 0
1707748352824 3.31 0
1707748359488 3.31 0
1707748366248 3.32 0
1707748373021 3.31 0
1707748377009 3.31 0
1707748383790 3.32 0
1707748387656 3.31 0
1707748391515 3.31 0
1707748395383 3.31 0
1707748399260 3.31 0
1707748403128 3.31 0
1707748406984 3.31 0
1707748410982 3.31 0
1707748414849 3.31 0
1707748418717 3.31 0
1707748422585 3.31 0
1707748426447 3.31 0
1707748430306 3.31 0
1707748434165 3.31 0
1707748438028 3.31 0
1707748441963 3.38 0
1707748448780 3.31 0
1707748452650 3.31 0
1707748456513 3.31 0
1707748460381 3.31 0
1707748464255 3.31 0
1707748468122 3.31 0
1707748471993 3.31 0
1707748475990 3.31 0
1707748479856 3.31 0
1707748483722 3.31 0
1707748490436 3.31 0
1707748494304 3.31 0
1707748498309 3.45 0
1707748502180 3.31 0
1707748506178 3.31 0
1707748510045 3.31 0
1707748513914 3.31 0
1707748517806 3.31 0
1707748521677 3.31 0
1707748525548 3.31 0
1707748529420 3.31 0
1707748533363 3.39 0
1707748540199 3.31 0
1707748544750 4.0 0
1707748548608 3.3 0
1707748553095 3.93 0
1707748557471 3.81 0
1707748561900 3.87 0
1707748565768 3.31 0
1707748570272 3.95 0
1707748577428 3.31 0
1707748584181 3.32 0
1707748588049 3.31 0
1707748591912 3.31 0
1707748598718 3.31 0
1707748605721 3.31 0
1707748612452 3.31 0
1707748616316 3.31 0
1707748623154 3.31 0
1707748627016 3.31 0
1707748630884 3.31 0
1707748634750 3.31 0
1707748638747 3.31 0
1707748642608 3.31 0
1707748646476 3.31 0
1707748650351 3.31 0
1707748654222 3.31 0
1707748658095 3.31 0
1707748661962 3.31 0
1707748665836 3.31 0
1707748669848 3.31 0
1707748673720 3.31 0
1707748677595 3.31 0
1707748681474 3.31 0
1707748685343 3.31 0
1707748689216 3.31 0
1707748693085 3.31 0
1707748696959 3.31 0
1707748700973 3.31 0
1707748704847 3.31 0
1707748708730 3.31 0
1707748712604 3.31 0
1707748716481 3.31 0
1707748720352 3.31 0
1707748724220 3.31 0
1707748728556 3.77 0
1707748735566 3.31 0
1707748742447 3.31 0
1707748746322 3.31 0
1707748753162 3.31 0
1707748757041 3.31 0
1707748760916 3.31 0
1707748767844 3.31 0
1707748774636 3.31 0
1707748778499 3.3 0
1707748785293 3.31 0
1707748789157 3.31 0
1707748793027 3.31 0
1707748797013 3.31 0
1707748800879 3.31 0
1707748804751 3.31 0
1707748811490 3.31 0
1707748818249 3.31 0
1707748822116 3.31 0
1707748825985 3.31 0
1707748829985 3.31 0
1707748833852 3.31 0
1707748837715 3.3 0
1707748841585 3.31 0
1707748845454 3.31 0
1707748849318 3.31 0
1707748853192 3.31 0
1707748857066 3.31 0
1707748861067 3.3 0
1707748864934 3.31 0
1707748868807 3.31 0
1707748872672 3.3 0
1707748879548 3.32 0
1707748886399 3.31 0
1707748893272 3.31 0
1707748899913 3.31 0
1707748906791 3.32 0
1707748910656 3.31 0
1707748914519 3.31 0
1707748921389 3.31 0
1707748928242 3.31 0
1707748935061 3.31 0
1707748941775 3.31 0
1707748948530 3.31 0
1707748952509 3.3 0
1707748959304 3.31 0
1707748966126 3.31 0
1707748972918 3.32 0
1707748976787 3.31 0
1707748980652 3.31 0
1707748984653 3.31 0
1707748988520 3.31 0
1707748992386 3.31 0
1707748996251 3.31 0
1707749000122 3.31 0
1707749003984 3.31 0
1707749007855 3.31 0
1707749014710 3.36 0
1707749018568 3.3 0
1707749022433 3.31 0
1707749026294 3.31 0
1707749030160 3.31 0
1707749034027 3.31 0
1707749037888 3.31 0
1707749041748 3.31 0
1707749045750 3.31 0
1707749049621 3.31 0
1707749053496 3.31 0
1707749057364 3.31 0
1707749061237 3.31 0
1707749065109 3.31 0
1707749068972 3.31 0
1707749072843 3.31 0
1707749076704 3.31 0
1707749080717 3.31 0
1707749084598 3.31 0
1707749088475 3.31 0
1707749092356 3.31 0
1707749096238 3.31 0
1707749100117 3.31 0
1707749103996 3.31 0
1707749108014 3.31 0
1707749111895 3.31 0
1707749115778 3.32 0
1707749119656 3.31 0
1707749123534 3.31 0
1707749127410 3.31 0
1707749131293 3.31 0
1707749135170 3.31 0
1707749139736 4.0 0
1707749143610 3.3 0
1707749148778 4.57 0
1707749152902 3.55 0
1707749156774 3.31 0
1707749161844 4.5 0
1707749166282 3.87 0
1707749170174 3.31 0
1707749174526 3.65 0
1707749179566 4.47 0
1707749184796 4.66 0
1707749188679 3.31 0
1707749193420 4.17 0
1707749197294 3.3 0
1707749201180 3.31 0
1707749205064 3.31 0
1707749209083 3.31 0
1707749212961 3.31 0
1707749219829 3.31 0
1707749223704 3.31 0
1707749227582 3.31 0
1707749234386 3.32 0
1707749238261 3.31 0
1707749242274 3.31 0
1707749246161 3.31 0
1707749250039 3.31 0
1707749253918 3.31 0
1707749260595 3.32 0
1707749264472 3.31 0
1707749271398 3.31 0
1707749278298 3.31 0
1707749285174 3.31 0
1707749291904 3.31 0
1707749295778 3.31 0
1707749299650 3.31 0
1707749303655 3.31 0
1707749307533 3.31 0
1707749311414 3.31 0
1707749315297 3.31 0
1707749319179 3.31 0
1707749323080 3.31 0
1707749326959 3.31 0
1707749333930 3.31 0
1707749340644 3.31 0
1707749344523 3.31 0
1707749348398 3.31 0
1707749355142 3.31 0
1707749359019 3.31 0
1707749362901 3.31 0
1707749366920 3.31 0
1707749370804 3.31 0
1707749374685 3.31 0
1707749378566 3.31 0
1707749382446 3.31 0
1707749386331 3.31 0
1707749390207 3.3 0
1707749394082 3.31 0
1707749398101 3.31 0
1707749401982 3.31 0
1707749405864 3.31 0
1707749409748 3.31 0
1707749413637 3.31 0
1707749417523 3.31 0
1707749421411 3.31 0
1707749425283 3.31 0
1707749429299 3.31 0
1707749433175 3.31 0
1707749437052 3.31 0
1707749444017 3.31 0
1707749447911 3.31 0
1707749451789 3.31 0
1707749455669 3.31 0
1707749459674 3.31 0
1707749463557 3.31 0
1707749467437 3.31 0
1707749471324 3.31 0
1707749475210 3.31 0
1707749479098 3.31 0
1707749482981 3.31 0
1707749486866 3.31 0
1707749490826 3.38 0
1707749494716 3.31 0
1707749498606 3.31 0
1707749502492 3.31 0
1707749506383 3.31 0
1707749510271 3.31 0
1707749514163 3.31 0
1707749518055 3.31 0
1707749522084 3.31 0
1707749525976 3.31 0
1707749529870 3.31 0
1707749533762 3.31 0
1707749540491 3.31 0
1707749544384 3.31 0
1707749548276 3.31 0
1707749552293 3.3 0
1707749556176 3.3 0
1707749560067 3.31 0
1707749563951 3.3 0
1707749567850 3.31 0
1707749571730 3.31 0
1707749575612 3.31 0
1707749579501 3.31 0
1707749586438 3.31 0
1707749593299 3.31 0
1707749600183 3.31 0
1707749607002 3.31 0
1707749610887 3.31 0
1707749614894 3.31 0
1707749621652 3.31 0
1707749625541 3.31 0
1707749632280 3.31 0
1707749639295 3.31 0
1707749643300 3.31 0
1707749650122 3.31 0
1707749653992 3.3 0
1707749657897 3.31 0
1707749661768 3.3 0
1707749668624 3.31 0
1707749672509 3.31 0
1707749676528 3.31 0
1707749680416 3.3 0
1707749684306 3.31 0
1707749688197 3.31 0
1707749692086 3.31 0
1707749695970 3.31 0
1707749699858 3.31 0
1707749703886 3.31 0
1707749707768 3.31 0
1707749711656 3.31 0
1707749715543 3.31 0
1707749719431 3.31 0
1707749726302 3.31 0
1707749733064 3.37 0
1707749736956 3.31 0
1707749740838 3.3 0
1707749744722 3.31 0
1707749748611 3.31 0
1707749752463 3.31 0
1707749756312 3.31 0
1707749760169 3.31 0
1707749764156 3.31 0
1707749768011 3.31 0
1707749771870 3.31 0
1707749775724 3.31 0
1707749779580 3.31 0
1707749783436 3.31 0
1707749787291 3.31 0
1707749791156 3.31 0
1707749795015 3.31 0
1707749799015 3.31 0
1707749802871 3.31 0
1707749806725 3.31 0
1707749810582 3.31 0
1707749814436 3.31 0
1707749818296 3.31 0
1707749822151 3.31 0
1707749826010 3.31 0
1707749830455 3.9 0
1707749834310 3.31 0
1707749838180 3.31 0
1707749842041 3.31 0
1707749845917 3.31 0
1707749850926 4.46 0
1707749855669 4.19 0
1707749861392 5.17 0
1707749868322 3.31 0
1707749872180 3.31 0
1707749879040 3.31 0
1707749882905 3.31 0
1707749889670 3.32 0
1707749896535 3.31 0
1707749903465 3.31 0
1707749910179 3.31 0
1707749916918 3.31 0
1707749920779 3.31 0
1707749924644 3.31 0
1707749928535 3.34 0
1707749932398 3.31 0
1707749936254 3.3 0
1707749940113 3.31 0
1707749943972 3.31 0
1707749947835 3.31 0
1707749951688 3.3 0
1707749955543 3.31 0
1707749959402 3.31 0
1707749963392 3.3 0
1707749967254 3.31 0
1707749971122 3.31 0
1707749974983 3.31 0
1707749978839 3.31 0
1707749982695 3.31 0
1707749986553 3.31 0
1707749990415 3.31 0
1707749994263 3.3 0
1707749998274 3.31 0
1707750002129 3.31 0
1707750005984 3.31 0
1707750009842 3.31 0
1707750013709 3.31 0
1707750017570 3.31 0
1707750021435 3.31 0
1707750025301 3.32 0
1707750029295 3.31 0
1707750033157 3.31 0
1707750037010 3.31 0
1707750040872 3.31 0
1707750045054 3.63 0
1707750048923 3.31 0
1707750052793 3.31 0
1707750056650 3.31 0
1707750060652 3.31 0
1707750064519 3.31 0
1707750068385 3.31 0
1707750072252 3.31 0
1707750076105 3.31 0
1707750079964 3.31 0
1707750083832 3.31 0
1707750090764 3.31 0
1707750094769 3.31 0
1707750098624 3.31 0
1707750102485 3.31 0
1707750106351 3.31 0
1707750110214 3.31 0
1707750114074 3.31 0
1707750117945 3.31 0
1707750121809 3.31 0
1707750125676 3.31 0
1707750130782 4.41 0
1707750134652 3.31 0
1707750138504 3.31 0
1707750142379 3.31 0
1707750146244 3.31 0
1707750150107 3.31 0
1707750153968 3.31 0
1707750158394 3.87 0
1707750162399 3.31 0
1707750167618 4.66 0
1707750171479 3.31 0
1707750175341 3.31 0
1707750179203 3.31 0
1707750183064 3.31 0
1707750186927 3.31 0
1707750190797 3.31 0
1707750194837 3.49 0
1707750200074 4.53 0
1707750204056 3.43 0
1707750209247 4.64 0
1707750216028 3.31 0
1707750222730 3.32 0
1707750226586 3.31 0
1707750230504 3.37 0
1707750234366 3.31 0
1707750238230 3.31 0
1707750242092 3.31 0
1707750245948 3.31 0
1707750249807 3.31 0
1707750253667 3.31 0
1707750257530 3.31 0
1707750261388 3.31 0
1707750265380 3.31 0
1707750269981 4.03 0
1707750273842 3.31 0
1707750277696 3.31 0
1707750283186 4.94 0
1707750287046 3.31 0
1707750291779 4.19 0
1707750295646 3.31 0
1707750302493 3.32 0
1707750306346 3.31 0
1707750310206 3.31 0
1707750314071 3.31 0
1707750317951 3.31 0
1707750321815 3.31 0
1707750325683 3.31 0
1707750329554 3.31 0
1707750333578 3.31 0
1707750337444 3.3 0
1707750341319 3.31 0
1707750345196 3.31 0
1707750349070 3.31 0
1707750353472 3.84 0
1707750357357 3.31 0
1707750361412 3.49 0
1707750365424 3.31 0
1707750371006 5.02 0
1707750374954 3.39 0
1707750379027 3.51 0
1707750383806 4.21 0
1707750388458 4.09 0
1707750393413 4.39 0
1707750397293 3.31 0
1707750401166 3.31 0
1707750405193 3.31 0
1707750409061 3.3 0
1707750412956 3.33 0
1707750417632 4.11 0
1707750421510 3.31 0
1707750425389 3.31 0
1707750429263 3.31 0
1707750433279 3.45 0
1707750437301 3.32 0
1707750441168 3.3 0
1707750445917 4.19 0
1707750449792 3.31 0
1707750453661 3.31 0
1707750457672 3.45 0
1707750461543 3.31 0
1707750466118 4.01 0
1707750470278 3.6 0
1707750474148 3.31 0
1707750478228 3.51 0
1707750483306 4.52 0
1707750487172 3.31 0
1707750491042 3.31 0
1707750497830 3.31 0
1707750501701 3.31 0
1707750508777 3.31 0
1707750515563 3.31 0
1707750522227 3.32 0
1707750529127 3.31 0
1707750532994 3.31 0
1707750536983 3.31 0
1707750540864 3.31 0
1707750544729 3.31 0
1707750548591 3.31 0
1707750552462 3.31 0
1707750556329 3.31 0
1707750560197 3.31 0
1707750564073 3.31 0
1707750567997 3.37 0
1707750571870 3.31 0
1707750575740 3.31 0
1707750579611 3.31 0
1707750583476 3.31 0
1707750587338 3.31 0
1707750591208 3.31 0
1707750595075 3.31 0
1707750598998 3.37 0
1707750602866 3.31 0
1707750606731 3.3 0
1707750610607 3.31 0
1707750614479 3.31 0
1707750618359 3.31 0
1707750622227 3.31 0
1707750626106 3.31 0
1707750630052 3.37 0
1707750633922 3.31 0
1707750637799 3.31 0
1707750641665 3.31 0
1707750645540 3.31 0
1707750649411 3.31 0
1707750653285 3.31 0
1707750657154 3.31 0
1707750661079 3.36 0
1707750664952 3.31 0
1707750668825 3.31 0
1707750672692 3.31 0
1707750676562 3.31 0
1707750680431 3.31 0
1707750684662 3.67 0
1707750688944 3.72 0
1707750695052 5.55 0
1707750698923 3.31 0
1707750702791 3.31 0
1707750707271 3.91 0
1707750711142 3.31 0
1707750715013 3.31 0
1707750721718 3.31 0
1707750725578 3.31 0
1707750729582 3.31 0
1707750733454 3.31 0
1707750737327 3.31 0
1707750741195 3.3 0
1707750745062 3.31 0
1707750748932 3.31 0
1707750752806 3.31 0
1707750756681 3.31 0
1707750760693 3.31 0
1707750764566 3.31 0
1707750768436 3.31 0
1707750772305 3.31 0
1707750776178 3.31 0
1707750780048 3.31 0
1707750783917 3.31 0
1707750787782 3.3 0
1707750791656 3.31 0
1707750795670 3.31 0
1707750799547 3.31 0
1707750803419 3.31 0
1707750807297 3.31 0
1707750811178 3.31 0
1707750815051 3.31 0
1707750818932 3.31 0
1707750822804 3.31 0
1707750826817 3.31 0
1707750830695 3.31 0
1707750834974 3.71 0
1707750840515 4.98 0
1707750844926 3.85 0
1707750848800 3.31 0
1707750852672 3.31 0
1707750856550 3.31 0
1707750861005 3.89 0
1707750865022 3.45 0
1707750868902 3.31 0
1707750872776 3.31 0
1707750876651 3.31 0
1707750880529 3.31 0
1707750884392 3.31 0
1707750888669 3.69 0
1707750892607 3.37 0
1707750897365 4.19 0
1707750901237 3.31 0
1707750905110 3.31 0
1707750911846 3.32 0
1707750918577 3.31 0
1707750922457 3.31 0
1707750932334 3.31 0
1707750936204 3.31 0
1707750940078 3.31 0
1707750943942 3.31 0
1707750947833 3.31 0
1707750951713 3.32 0
1707750955585 3.31 0
1707750959578 3.31 0
1707750963448 3.31 0
1707750967321 3.31 0
1707750971200 3.31 0
1707750975076 3.31 0
1707750978948 3.31 0
1707750982821 3.31 0
1707750986698 3.31 0
1707750990631 3.37 0
1707750994503 3.31 0
1707750998380 3.31 0
1707751002254 3.31 0
1707751006130 3.31 0
1707751010143 3.45 0
1707751015913 5.2 0
1707751019793 3.31 0
1707751024596 4.23 0
1707751028477 3.31 0
1707751032348 3.31 0
1707751036228 3.31 0
1707751040098 3.3 0
1707751043968 3.31 0
1707751047883 3.35 0
1707751052594 4.16 0
1707751056531 3.37 0
1707751060409 3.31 0
1707751064285 3.31 0
1707751068190 3.31 0
1707751072062 3.3 0
1707751075943 3.31 0
1707751079817 3.31 0
1707751083689 3.31 0
1707751087710 3.46 0
1707751092407 4.13 0
1707751096282 3.31 0
1707751100161 3.31 0
1707751104033 3.31 0
1707751107912 3.31 0
1707751113364 4.88 0
1707751117249 3.31 0
1707751121471 3.51 0
1707751126882 4.83 0
1707751131085 3.63 0
1707751137949 3.31 0
1707751141845 3.31 0
1707751145730 3.31 0
1707751152425 3.31 0
1707751159441 3.32 0
1707751166353 3.31 0
1707751170230 3.31 0
1707751174109 3.31 0
1707751177988 3.31 0
1707751181877 3.31 0
1707751185761 3.31 0
1707751189776 3.31 0
1707751193654 3.31 0
1707751197535 3.31 0
1707751201421 3.31 0
1707751205301 3.31 0
1707751209188 3.31 0
1707751213070 3.31 0
1707751216951 3.31 0
1707751220905 3.38 0
1707751224795 3.32 0
1707751228671 3.31 0
1707751232552 3.31 0
1707751236433 3.31 0
1707751240318 3.31 0
1707751244203 3.31 0
1707751248095 3.31 0
1707751255093 3.31 0
1707751258980 3.31 0
1707751262860 3.31 0
1707751266741 3.31 0
1707751270627 3.31 0
1707751274515 3.31 0
1707751278418 3.31 0
1707751282307 3.31 0
1707751286332 3.31 0
1707751293053 3.31 0
1707751299993 3.31 0
1707751303881 3.31 0
1707751307761 3.31 0
1707751311641 3.31 0
1707751318549 3.31 0
1707751322431 3.31 0
1707751326309 3.31 0
1707751330189 3.31 0
1707751337008 3.32 0
1707751343732 3.31 0
1707751347741 3.31 0
1707751351625 3.31 0
1707751355508 3.31 0
1707751362227 3.31 0
1707751369093 3.31 0
1707751372978 3.31 0
1707751376915 3.36 0
1707751380798 3.31 0
1707751384680 3.31 0
1707751388564 3.3 0
1707751392450 3.31 0
1707751396332 3.31 0
1707751400215 3.31 0
1707751404087 3.31 0
1707751408101 3.31 0
1707751411984 3.31 0
1707751415869 3.31 0
1707751419758 3.31 0
1707751423642 3.31 0
1707751427529 3.31 0
1707751431408 3.31 0
1707751435288 3.31 0
1707751439315 3.31 0
1707751443203 3.31 0
1707751447085 3.31 0
1707751452153 4.49 0
1707751456046 3.31 0
1707751459940 3.31 0
1707751463826 3.31 0
1707751469077 4.68 0
1707751474303 4.65 0
1707751478188 3.31 0
1707751484900 3.31 0
1707751488782 3.31 0
1707751495591 3.31 0
1707751499476 3.31 0
1707751503366 3.32 0
1707751507378 3.31 0
1707751511261 3.31 0
1707751515151 3.31 0
1707751519035 3.31 0
1707751522918 3.31 0
1707751526803 3.31 0
1707751530684 3.31 0
1707751534568 3.31 0
1707751538594 3.31 0
1707751542473 3.31 0
1707751546359 3.31 0
1707751550754 3.81 0
1707751554645 3.31 0
1707751558530 3.31 0
1707751563356 4.25 0
1707751567643 3.71 0
1707751574570 3.31 0
1707751578476 3.31 0
1707751582363 3.31 0
1707751586252 3.31 0
1707751590136 3.31 0
1707751594022 3.31 0
1707751598311 3.71 0
1707751602202 3.31 0
1707751606218 3.31 0
1707751610107 3.31 0
1707751613998 3.31 0
1707751617894 3.3 0
1707751621779 3.31 0
1707751625666 3.31 0
1707751629558 3.31 0
1707751633588 3.31 0
1707751637469 3.31 0
1707751641357 3.31 0
1707751645244 3.31 0
1707751649136 3.31 0
1707751653026 3.31 0
1707751657188 3.59 0
1707751661820 4.05 0
1707751665776 3.38 0
1707751669654 3.31 0
1707751673679 3.45 0
1707751677890 3.63 0
1707751681778 3.31 0
1707751685659 3.31 0
1707751689548 3.31 0
1707751694601 4.48 0
1707751698591 3.39 0
1707751702482 3.31 0
1707751707250 4.2 0
1707751712351 4.52 0
1707751716422 3.49 0
1707751720985 3.99 0
1707751725092 3.53 0
1707751728978 3.31 0
1707751732996 3.31 0
1707751736887 3.31 0
1707751740778 3.31 0
1707751744671 3.31 0
1707751748560 3.31 0
1707751752448 3.31 0
1707751756340 3.31 0
1707751760930 4.01 0
1707751765071 3.56 0
1707751769059 3.41 0
1707751773413 3.77 0
1707751780584 3.31 0
1707751784473 3.31 0
1707751788375 3.31 0
1707751792257 3.31 0
1707751796221 3.37 0
1707751800109 3.31 0
1707751803998 3.31 0
1707751807885 3.31 0
1707751811774 3.31 0
1707751815667 3.31 0
1707751819551 3.31 0
1707751823429 3.3 0
1707751827892 3.75 0
1707751831777 3.31 0
1707751838634 3.31 0
1707751842527 3.31 0
1707751846419 3.31 0
1707751850303 3.31 0
1707751854193 3.31 0
1707751858084 3.31 0
1707751862126 3.31 0
1707751866008 3.31 0
1707751869910 3.31 0
1707751873806 3.31 0
1707751877693 3.31 0
1707751881580 3.31 0
1707751885474 3.31 0
1707751889438 3.38 0
1707751893329 3.31 0
1707751897219 3.31 0
1707751901103 3.31 0
1707751904988 3.31 0
1707751908888 3.31 0
1707751912789 3.31 0
1707751916687 3.31 0
1707751920720 3.31 0
1707751924618 3.31 0
1707751928525 3.31 0
1707751932467 3.35 0
1707751937194 4.13 0
1707751941096 3.31 0
1707751944997 3.31 0
1707751948890 3.31 0
1707751952925 3.31 0
1707751956841 3.31 0
1707751960731 3.31 0
1707751965504 4.18 0
1707751969784 3.69 0
1707751973691 3.31 0
1707751977585 3.31 0
1707751984398 3.39 0
1707751988291 3.31 0
1707751992180 3.31 0
1707751996074 3.31 0
1707751999974 3.31 0
1707752003867 3.31 0
1707752010850 3.31 0
1707752017834 3.31 0
1707752021728 3.31 0
1707752025621 3.31 0
1707752032627 3.31 0
1707752036532 3.32 0
1707752043230 3.31 0
1707752050237 3.31 0
1707752057086 3.31 0
1707752063870 3.31 0
1707752067763 3.3 0
1707752071662 3.31 0
1707752075553 3.31 0
1707752079564 3.3 0
1707752083454 3.31 0
1707752087353 3.31 0
1707752091252 3.31 0
1707752095152 3.31 0
1707752099050 3.31 0
1707752102945 3.31 0
1707752106842 3.31 0
1707752110872 3.31 0
1707752114775 3.31 0
1707752118680 3.31 0
1707752122572 3.31 0
1707752126469 3.31 0
1707752130371 3.31 0
1707752134264 3.31 0
1707752138158 3.31 0
1707752142202 3.31 0
1707752146099 3.31 0
1707752149998 3.31 0
1707752153897 3.31 0
1707752157793 3.31 0
1707752161692 3.31 0
1707752165593 3.31 0
1707752169483 3.31 0
1707752173518 3.31 0
1707752177416 3.31 0
1707752181306 3.31 0
1707752185729 3.83 0
1707752189684 3.37 0
1707752193983 3.71 0
1707752198028 3.46 0
1707752204778 3.39 0
1707752208681 3.31 0
1707752212576 3.31 0
1707752216478 3.31 0
1707752220379 3.31 0
1707752224278 3.31 0
1707752228171 3.31 0
1707752232067 3.31 0
1707752236026 3.38 0
1707752240480 3.87 0
1707752244821 3.75 0
1707752249163 3.75 0
1707752253062 3.31 0
1707752256955 3.31 0
1707752260860 3.31 0
1707752264762 3.31 0
1707752268818 3.31 0
1707752272714 3.31 0
1707752276618 3.31 0
1707752280511 3.31 0
1707752286362 5.26 0
1707752290266 3.31 0
1707752294170 3.31 0
1707752298069 3.31 0
1707752302125 3.31 0
1707752306015 3.31 0
1707752311020 4.42 0
1707752314916 3.31 0
1707752318816 3.31 0
1707752322708 3.31 0
1707752326606 3.31 0
1707752330504 3.31 0
1707752334564 3.31 0
1707752340146 5.0 0
1707752344043 3.31 0
1707752347954 3.31 0
1707752351854 3.31 0
1707752355749 3.31 0
1707752359651 3.31 0
1707752363553 3.31 0
1707752367670 3.37 0
1707752371691 3.43 0
1707752378581 6.3 0
1707752382474 3.31 0
1707752386478 3.41 0
1707752390379 3.31 0
1707752395905 4.94 0
1707752399998 3.49 0
1707752404595 3.87 0
1707752408491 3.31 0
1707752415235 3.32 0
1707752419136 3.31 0
1707752423042 3.31 0
1707752427038 3.41 0
1707752433487 5.86 0
1707752437528 3.31 0
1707752441432 3.31 0
1707752445334 3.31 0
1707752449242 3.31 0
1707752453140 3.31 0
1707752457043 3.31 0
1707752462051 4.42 0
1707752465961 3.31 0
1707752470002 3.31 0
1707752473902 3.31 0
1707752477805 3.31 0
1707752481703 3.31 0
1707752485617 3.31 0
1707752489517 3.31 0
1707752493417 3.31 0
1707752497326 3.31 0
1707752501372 3.31 0
1707752505273 3.31 0
1707752509174 3.31 0
1707752514622 4.86 0
1707752518667 3.45 0
1707752523292 4.03 0
1707752528798 4.92 0
1707752532694 3.31 0
1707752536735 3.31 0
1707752540695 3.37 0
1707752544597 3.31 0
1707752548498 3.31 0
1707752552390 3.3 0
1707752556486 3.51 0
1707752561958 4.88 0
1707752568395 5.84 0
1707752572445 3.31 0
1707752577312 4.28 0
1707752581211 3.31 0
1707752585208 3.41 0
1707752590879 5.08 0
1707752594780 3.31 0
1707752598699 3.31 0
1707752602604 3.31 0
1707752606661 3.31 0
1707752610563 3.31 0
1707752614469 3.31 0
1707752618678 3.62 0
1707752622839 3.57 0
1707752629713 3.31 0
1707752633613 3.31 0
1707752637645 3.31 0
1707752641546 3.31 0
1707752645451 3.31 0
1707752649351 3.31 0
1707752653253 3.31 0
1707752657165 3.31 0
1707752661064 3.31 0
1707752664959 3.31 0
1707752669006 3.31 0
1707752673660 4.06 0
1707752677568 3.32 0
1707752681474 3.31 0
1707752685372 3.31 0
1707752689755 3.79 0
1707752693666 3.31 0
1707752697582 3.31 0
1707752701623 3.31 0
1707752705528 3.31 0
1707752709429 3.31 0
1707752713337 3.31 0
1707752717246 3.31 0
1707752721141 3.31 0
1707752725048 3.31 0
1707752728958 3.31 0
1707752733020 3.31 0
1707752736930 3.31 0
1707752740840 3.31 0
1707752745043 3.6 0
1707752748964 3.31 0
1707752752869 3.31 0
1707752756783 3.31 0
1707752760702 3.31 0
1707752764757 3.31 0
1707752768668 3.31 0
1707752772582 3.31 0
1707752776694 3.51 0
1707752780610 3.31 0
1707752784521 3.31 0
1707752788434 3.31 0
1707752792346 3.31 0
1707752796915 3.81 0
1707752800827 3.31 0
1707752805414 3.98 0
1707752809324 3.31 0
1707752813236 3.31 0
1707752817368 3.53 0
1707752821278 3.31 0
1707752825182 3.3 0
1707752832270 3.32 0
1707752836179 3.31 0
1707752840099 3.31 0
1707752844014 3.31 0
1707752847929 3.31 0
1707752851831 3.31 0
1707752855747 3.31 0
1707752859804 3.31 0
1707752863717 3.31 0
1707752867629 3.31 0
1707752871541 3.31 0
1707752875450 3.31 0
1707752879358 3.31 0
1707752886246 3.31 0
1707752893263 3.32 0
1707752900196 3.31 0
1707752904105 3.31 0
1707752908015 3.31 0
1707752911927 3.31 0
1707752915838 3.31 0
1707752919891 3.31 0
1707752923806 3.32 0
1707752927719 3.31 0
1707752931623 3.31 0
1707752935528 3.31 0
1707752939440 3.31 0
1707752943347 3.31 0
1707752947256 3.31 0
1707752951305 3.31 0
1707752955219 3.31 0
1707752959124 3.31 0
1707752963034 3.31 0
1707752966950 3.31 0
1707752970867 3.31 0
1707752974782 3.31 0
1707752978695 3.31 0
1707752982743 3.31 0
1707752986659 3.31 0
1707752990569 3.31 0
1707752994484 3.31 0
1707752998394 3.31 0
1707753002304 3.31 0
1707753006221 3.31 0
1707753010146 3.31 0
1707753014187 3.31 0
1707753018424 3.64 0
1707753022338 3.31 0
1707753026246 3.31 0
1707753030166 3.31 0
1707753034075 3.31 0
1707753044046 3.32 0
1707753050871 3.31 0
1707753054786 3.31 0
1707753058698 3.31 0
1707753065466 3.31 0
1707753069376 3.31 0
1707753073418 3.31 0
1707753077330 3.31 0
1707753084164 3.31 0
1707753088070 3.31 0
1707753094889 3.31 0
1707753098797 3.31 0
1707753102834 3.31 0
1707753106746 3.31 0
1707753110652 3.3 0
1707753114565 3.31 0
1707753118467 3.31 0
1707753122373 3.31 0
1707753126275 3.31 0
1707753130188 3.32 0
1707753134250 3.31 0
1707753138163 3.31 0
1707753142083 3.31 0
1707753145999 3.31 0
1707753149912 3.31 0
1707753153817 3.31 0
1707753157716 3.3 0
1707753161629 3.31 0
1707753165679 3.31 0
1707753169598 3.31 0
1707753173516 3.31 0
1707753177423 3.31 0
1707753181337 3.31 0
1707753185248 3.31 0
1707753189161 3.31 0
1707753193071 3.31 0
1707753197122 3.31 0
1707753201033 3.31 0
1707753204925 3.31 0
1707753208819 3.31 0
1707753212717 3.31 0
1707753216613 3.31 0
1707753220687 3.49 0
1707753224584 3.31 0
1707753228633 3.31 0
1707753233175 3.95 0
1707753237074 3.31 0
1707753240979 3.31 0
1707753244876 3.31 0
1707753249258 3.8 0
1707753256025 3.31 0
1707753259984 3.37 0
1707753263887 3.32 0
1707753267787 3.31 0
1707753271677 3.31 0
1707753275561 3.3 0
1707753279456 3.31 0
1707753283348 3.31 0
1707753287402 3.47 0
1707753291443 3.31 0
1707753295917 3.89 0
1707753299997 3.49 0
1707753303994 3.41 0
1707753307890 3.31 0
1707753311795 3.31 0
1707753315694 3.31 0
1707753319742 3.47 0
1707753324300 3.83 0
1707753329749 4.86 0
1707753333659 3.31 0
1707753337585 3.33 0
1707753342487 4.31 0
1707753347971 4.89 0
1707753351867 3.31 0
1707753355767 3.31 0
1707753359807 3.31 0
1707753364191 3.79 0
1707753368172 3.39 0
1707753372072 3.31 0
1707753375977 3.31 0
1707753380299 3.73 0
1707753386009 5.12 0
1707753389918 3.31 0
1707753393961 3.31 0
1707753397863 3.31 0
1707753401770 3.31 0
1707753406262 3.9 0
1707753410165 3.31 0
1707753414631 3.87 0
1707753418800 3.57 0
1707753422766 3.37 0
1707753426817 3.31 0
1707753430720 3.31 0
1707753434625 3.31 0
1707753438642 3.41 0
1707753442907 3.67 0
1707753447107 3.59 0
1707753451009 3.31 0
1707753454914 3.31 0
1707753458959 3.31 0
1707753465763 3.31 0
1707753469670 3.31 0
1707753473568 3.31 0
1707753477470 3.31 0
1707753481385 3.32 0
1707753485288 3.31 0
1707753489259 3.38 0
1707753493157 3.3 0
1707753497058 3.31 0
1707753500990 3.33 0
1707753504897 3.31 0
1707753508802 3.31 0
1707753512708 3.31 0
1707753516615 3.31 0
1707753520654 3.31 0
1707753526122 4.88 0
1707753530031 3.31 0
1707753533935 3.31 0
1707753537839 3.31 0
1707753541747 3.31 0
1707753545849 3.51 0
1707753550100 3.66 0
1707753554149 3.31 0
1707753559121 4.37 0
1707753563732 4.01 0
1707753568684 4.36 0
1707753572590 3.31 0
1707753576756 3.57 0
1707753580664 3.31 0
1707753585556 4.3 0
1707753589598 3.31 0
1707753594223 4.03 0
1707753599270 4.45 0
1707753603180 3.31 0
1707753607082 3.31 0
1707753610983 3.31 0
1707753615530 3.95 0
1707753619701 3.57 0
1707753623765 3.32 0
1707753627679 3.31 0
1707753631585 3.31 0
1707753635492 3.31 0
1707753639404 3.31 0
1707753643311 3.31 0
1707753647210 3.31 0
1707753651107 3.3 0
1707753656609 4.76 0
1707753660518 3.31 0
1707753664422 3.31 0
1707753668428 3.41 0
1707753675163 3.32 0
1707753679073 3.31 0
1707753682976 3.31 0
1707753687024 3.31 0
1707753690926 3.3 0
1707753694833 3.31 0
1707753698740 3.31 0
1707753702652 3.31 0
1707753706565 3.31 0
1707753710472 3.31 0
1707753714372 3.31 0
1707753718415 3.31 0
1707753722329 3.31 0
1707753726236 3.31 0
1707753730141 3.31 0
1707753734050 3.31 0
1707753737950 3.31 0
1707753742061 3.51 0
1707753746690 4.03 0
1707753750955 3.53 0
1707753756692 5.14 0
1707753760596 3.31 0
1707753764505 3.31 0
1707753768435 3.31 0
1707753772336 3.31 0
1707753776537 3.59 0
1707753781936 4.8 0
1707753786507 3.83 0
1707753790791 3.69 0
1707753794694 3.31 0
1707753799164 3.85 0
1707753803078 3.31 0
1707753806994 3.31 0
1707753810900 3.31 0
1707753814811 3.31 0
1707753818860 3.31 0
1707753822774 3.31 0
1707753826676 3.31 0
1707753831741 4.47 0
1707753836449 4.11 0
1707753841595 4.55 0
1707753845501 3.31 0
1707753849605 3.51 0
1707753854442 4.11 0
1707753860338 5.3 0
1707753864247 3.31 0
1707753868353 3.5 0
1707753872251 3.31 0
1707753876165 3.31 0
1707753880594 3.83 0
1707753887559 3.32 0
1707753891464 3.31 0
1707753895376 3.31 0
1707753899281 3.31 0
1707753903186 3.31 0
1707753907099 3.31 0
1707753911004 3.31 0
1707753914906 3.31 0
1707753919005 3.32 0
1707753922919 3.31 0
1707753926828 3.31 0
1707753930733 3.31 0
1707753935626 4.29 0
1707753940214 3.99 0
1707753944121 3.31 0
1707753948033 3.31 0
1707753954918 3.31 0
1707753958818 3.31 0
1707753962731 3.31 0
1707753966638 3.31 0
1707753970541 3.31 0
1707753974446 3.31 0
1707753978348 3.31 0
1707753982323 3.37 0
1707753986231 3.31 0
1707753990133 3.31 0
1707753994039 3.31 0
1707753997945 3.31 0
1707754001854 3.31 0
1707754005754 3.31 0
1707754009657 3.31 0
1707754014166 3.77 0
1707754018079 3.31 0
1707754024180 5.51 0
1707754028091 3.31 0
1707754031999 3.31 0
1707754035907 3.31 0
1707754039816 3.31 0
1707754043880 3.47 0
1707754049586 4.96 0
1707754053508 3.32 0
1707754060486 3.31 0
1707754064390 3.31 0
1707754068307 3.31 0
1707754072212 3.31 0
1707754076124 3.31 0
1707754080165 3.31 0
1707754084073 3.31 0
1707754087982 3.31 0
1707754091890 3.31 0
1707754098789 3.31 0
1707754102697 3.31 0
1707754106608 3.31 0
1707754110568 3.37 0
1707754114470 3.31 0
1707754118374 3.31 0
1707754122277 3.31 0
1707754126179 3.31 0
1707754130083 3.31 0
1707754133992 3.31 0
1707754137904 3.31 0
1707754141948 3.31 0
1707754145856 3.31 0
1707754149765 3.31 0
1707754153681 3.31 0
1707754157596 3.31 0
1707754161503 3.31 0
1707754165411 3.31 0
1707754169320 3.31 0
1707754173366 3.31 0
1707754177270 3.31 0
1707754181180 3.31 0
1707754185089 3.31 0
1707754189020 3.31 0
1707754192936 3.31 0
1707754196845 3.31 0
1707754200752 3.31 0
1707754204796 3.31 0
1707754208704 3.31 0
1707754212996 3.69 0
1707754217726 4.13 0
1707754221650 3.33 0
1707754225731 3.48 0
1707754229632 3.31 0
1707754233544 3.31 0
1707754237586 3.31 0
1707754241615 3.43 0
1707754246202 3.99 0
1707754250110 3.31 0
1707754254012 3.31 0
1707754257919 3.31 0
1707754261832 3.31 0
1707754265986 3.55 0
1707754270456 3.73 0
1707754274846 3.79 0
1707754279673 4.22 0
1707754283599 3.31 0
1707754287522 3.31 0
1707754291432 3.31 0
1707754295342 3.31 0
1707754302342 3.38 0
1707754306249 3.31 0
1707754310155 3.31 0
1707754314064 3.31 0
1707754317976 3.31 0
1707754321884 3.31 0
1707754325800 3.31 0
1707754329716 3.31 0
1707754333771 3.31 0
1707754337694 3.31 0
1707754341612 3.31 0
1707754345533 3.31 0
1707754349441 3.3 0
1707754353368 3.31 0
1707754357280 3.31 0
1707754361206 3.31 0
1707754365269 3.31 0
1707754369183 3.31 0
1707754373099 3.31 0
1707754377017 3.31 0
1707754380935 3.31 0
1707754384847 3.31 0
1707754389432 3.97 0
1707754396325 3.31 0
1707754403264 3.31 0
1707754410300 3.31 0
1707754417064 3.31 0
1707754424138 3.31 0
1707754431117 3.31 0
1707754435031 3.31 0
1707754438948 3.31 0
1707754442873 3.31 0
1707754446784 3.31 0
1707754450699 3.31 0
1707754454742 3.31 0
1707754458670 3.31 0
1707754462589 3.31 0
1707754466508 3.31 0
1707754470433 3.31 0
1707754474344 3.31 0
1707754478257 3.31 0
1707754482174 3.31 0
1707754486240 3.31 0
1707754490158 3.31 0
1707754494078 3.31 0
1707754497995 3.31 0
1707754501908 3.31 0
1707754505827 3.31 0
1707754509740 3.31 0
1707754513652 3.31 0
1707754520724 3.32 0
1707754524636 3.31 0
1707754528555 3.31 0
1707754532473 3.31 0
1707754539510 3.31 0
1707754543428 3.32 0
1707754547397 3.36 0
1707754551324 3.31 0
1707754555241 3.32 0
1707754562125 3.32 0
1707754569016 3.31 0
1707754575807 3.31 0
1707754579841 3.31 0
1707754586659 3.31 0
1707754590580 3.31 0
1707754594498 3.31 0
1707754598412 3.31 0
1707754602327 3.31 0
1707754606245 3.31 0
1707754610287 3.3 0
1707754614203 3.31 0
1707754618121 3.31 0
1707754622038 3.31 0
1707754625953 3.31 0
1707754629871 3.32 0
1707754633794 3.31 0
1707754637850 3.31 0
1707754641768 3.31 0
1707754645682 3.31 0
1707754649597 3.31 0
1707754653512 3.31 0
1707754657434 3.31 0
1707754661348 3.31 0
1707754665268 3.31 0
1707754669344 3.31 0
1707754673260 3.31 0
1707754677182 3.31 0
1707754681101 3.31 0
1707754685023 3.31 0
1707754688939 3.31 0
1707754692867 3.31 0
1707754696787 3.31 0
1707754700857 3.31 0
1707754704772 3.31 0
1707754708684 3.31 0
1707754712603 3.31 0
1707754716522 3.31 0
1707754720435 3.31 0
1707754724351 3.31 0
1707754728262 3.31 0
