1707745853016 0.001 0
1707745870598 0.001 1
1707745877340 0.001 2
1707745884000 0.001 3
1707745890724 0.001 4
1707745894721 0.001 5
1707745898571 0.001 6
1707745905206 0.001 7
1707745911945 0.001 8
1707745918671 0.001 9
1707745925299 0.001 10
1707745932123 0.001 11
1707745935974 0.001 12
1707745942715 0.001 13
1707745949437 0.001 14
1707745956284 0.001 15
1707745963036 0.001 16
1707745966912 0.001 17
1707745973551 0.001 18
1707745977419 0.001 19
1707745984049 0.001 20
1707745990926 0.001 21
1707745997687 0.001 22
1707746004312 0.001 23
1707746011146 0.001 24
1707746017882 0.001 25
1707746021736 0.001 26
1707746025708 0.001 27
1707746032441 0.001 28
1707746039200 0.001 29
1707746043054 0.001 30
1707746049687 0.001 31
1707746056455 0.001 32
1707746060429 0.001 33
1707746067191 0.001 34
1707746073766 0.001 35
1707746077631 0.001 36
1707746081487 0.001 37
1707746088208 0.001 38
1707746095019 0.001 39
1707746101835 0.001 40
1707746108644 0.001 41
1707746115296 0.001 42
1707746119132 0.001 43
1707746125769 0.001 44
1707746132551 0.001 45
1707746139269 0.001 46
1707746143107 0.001 47
1707746146943 0.001 48
1707746150789 0.001 49
1707746157694 0.001 50
1707746161670 0.001 51
1707746165525 0.001 52
1707746169371 0.001 53
1707746176001 0.001 54
1707746179847 0.001 55
1707746186535 0.001 56
1707746190383 0.001 57
1707746197329 0.001 58
1707746201191 0.001 59
1707746205051 0.001 60
1707746208914 0.001 61
1707746212777 0.001 62
1707746216638 0.001 63
1707746220497 0.001 64
1707746224488 0.001 65
1707746231459 0.001 66
1707746235305 0.001 67
1707746239171 0.001 68
1707746245755 0.001 69
1707746252519 0.001 70
1707746259392 0.001 71
1707746263257 0.001 72
1707746270006 0.001 73
1707746273885 0.001 74
1707746277750 0.001 75
1707746281620 0.001 76
1707746288482 0.001 77
1707746292356 0.001 78
1707746296228 0.001 79
1707746300102 0.001 80
1707746307032 0.001 81
1707746310910 0.001 82
1707746317682 0.001 83
1707746321659 0.001 84
1707746328359 0.001 85
1707746335010 0.001 86
1707746341776 0.001 87
1707746348626 0.001 88
1707746355329 0.001 89
1707746362233 0.001 90
1707746369079 0.001 91
1707746375655 0.001 92
1707746379507 0.001 93
1707746383352 0.001 94
1707746387199 0.001 95
1707746391174 0.001 96
1707746397936 0.001 97
1707746401792 0.001 98
1707746405645 0.001 99
1707746412402 0.001 100
1707746416261 0.001 101
1707746420110 0.001 102
1707746427034 0.001 103
1707746433637 0.001 104
1707746437495 0.001 105
1707746444104 0.001 106
1707746450875 0.001 107
1707746454775 0.001 108
1707746458632 0.001 109
1707746462482 0.001 110
1707746466337 0.001 111
1707746470191 0.001 112
1707746474065 0.001 113
1707746477926 0.001 114
1707746481788 0.001 115
1707746485717 0.001 116
1707746489580 0.001 117
1707746493444 0.001 118
1707746497309 0.001 119
1707746501169 0.001 120
1707746505025 0.001 121
1707746508896 0.001 122
1707746512762 0.001 123
1707746516691 0.001 124
1707746520559 0.001 125
1707746527400 0.001 126
1707746531272 0.001 127
1707746535140 0.001 128
1707746539012 0.001 129
1707746542873 0.001 130
1707746546862 0.001 131
1707746550729 0.001 132
1707746554590 0.001 133
1707746558452 0.001 134
1707746562327 0.001 135
1707746566200 0.001 136
1707746570077 0.001 137
1707746573954 0.001 138
1707746577974 0.001 139
1707746581843 0.001 140
1707746585718 0.001 141
1707746589590 0.001 142
1707746596219 0.001 143
1707746602966 0.001 144
1707746609820 0.001 145
1707746616552 0.001 146
1707746620438 0.001 147
1707746624311 0.001 148
1707746628183 0.001 149
1707746634813 0.001 150
1707746638689 0.001 151
1707746645391 0.001 152
1707746652212 0.001 153
1707746658980 0.001 154
1707746665701 0.001 155
1707746669580 0.001 156
1707746673505 0.001 157
1707746677392 0.001 158
1707746681281 0.001 159
1707746685164 0.001 160
1707746689040 0.001 161
1707746695742 0.001 162
1707746702669 0.001 163
1707746706547 0.001 164
1707746713294 0.001 165
1707746720092 0.001 166
1707746726975 0.001 167
1707746733851 0.001 168
1707746740631 0.001 169
1707746747438 0.001 170
1707746754097 0.001 171
1707746757975 0.001 172
1707746764746 0.001 173
1707746771548 0.001 174
1707746778340 0.001 175
1707746785051 0.001 176
1707746791955 0.001 177
1707746798970 0.001 178
1707746802839 0.001 179
1707746806708 0.001 180
1707746810585 0.001 181
1707746814444 0.001 182
1707746818308 0.001 183
1707746822178 0.001 184
1707746826179 0.001 185
1707746830054 0.001 186
1707746833942 0.001 187
1707746837818 0.001 188
1707746841685 0.001 189
1707746848427 0.001 190
1707746855095 0.001 191
1707746862063 0.001 192
1707746868841 0.001 193
1707746872733 0.001 194
1707746879520 0.001 195
1707746886257 0.001 196
1707746893197 0.001 197
1707746900007 0.001 198
1707746906681 0.001 199
1707746913544 0.001 200
1707746920381 0.001 201
1707746924269 0.001 202
1707746931084 0.001 203
1707746934970 0.001 204
1707746938849 0.001 205
1707746942687 0.001 206
1707746946530 0.001 207
1707746950499 0.001 208
1707746957350 0.001 209
1707746961194 0.001 210
1707746967940 0.001 211
1707746974563 0.001 212
1707746981360 0.001 213
1707746988198 0.001 214
1707746994861 0.001 215
1707746998710 0.001 216
1707747002564 0.001 217
1707747006415 0.001 218
1707747010262 0.001 219
1707747014261 0.001 220
1707747018109 0.001 221
1707747021951 0.001 222
1707747025803 0.001 223
1707747029653 0.001 224
1707747033506 0.001 225
1707747040254 0.001 226
1707747047036 0.001 227
1707747053804 0.001 228
1707747060610 0.001 229
1707747067340 0.001 230
1707747074143 0.001 231
1707747078107 0.001 232
1707747081951 0.001 233
1707747088698 0.001 234
1707747095308 0.001 235
1707747102458 0.001 236
1707747106349 0.001 237
1707747110322 0.001 238
1707747114174 0.001 239
1707747121134 0.001 240
1707747127789 0.001 241
1707747134443 0.001 242
1707747141155 0.001 243
1707747148015 0.001 244
1707747151884 0.001 245
1707747155746 0.001 246
1707747159613 0.001 247
1707747163478 0.001 248
1707747167335 0.001 249
1707747177090 0.001 250
1707747183944 0.001 251
1707747187806 0.001 252
1707747191668 0.001 253
1707747198444 0.001 254
1707747202428 0.001 255
1707747206282 0.001 256
1707747210147 0.001 257
1707747214014 0.001 258
1707747220868 0.001 259
1707747227642 0.001 260
1707747231512 0.001 261
1707747235502 0.001 262
1707747239360 0.001 263
1707747243246 0.001 264
1707747247103 0.001 265
1707747250978 0.001 266
1707747254839 0.001 267
1707747261578 0.001 268
1707747268612 0.001 269
1707747275255 0.001 270
1707747282072 0.001 271
1707747288907 0.001 272
1707747292792 0.001 273
1707747296785 0.001 274
1707747303588 0.001 275
1707747310227 0.001 276
1707747314117 0.001 277
1707747317971 0.001 278
1707747321826 0.001 279
1707747325689 0.001 280
1707747332588 0.001 281
1707747336443 0.001 282
1707747340295 0.001 283
1707747344187 0.001 284
1707747351009 0.001 285
1707747354891 0.001 286
1707747358887 0.001 287
1707747362754 0.001 288
1707747366625 0.001 289
1707747370498 0.001 290
1707747374370 0.001 291
1707747378302 0.001 292
1707747382223 0.001 293
1707747386166 0.001 294
1707747390037 0.001 295
1707747393997 0.001 296
1707747397860 0.001 297
1707747401726 0.001 298
1707747405597 0.001 299
1707747412264 0.001 300
1707747416129 0.001 301
1707747419996 0.001 302
1707747426716 0.001 303
1707747433506 0.001 304
1707747437377 0.001 305
1707747441251 0.001 306
1707747445115 0.001 307
1707747448984 0.001 308
1707747452856 0.001 309
1707747456781 0.001 310
1707747460640 0.001 311
1707747467244 0.001 312
1707747474084 0.001 313
1707747477953 0.001 314
1707747484808 0.001 315
1707747491623 0.001 316
1707747498417 0.001 317
1707747505117 0.001 318
1707747512025 0.001 319
1707747516010 0.001 320
1707747519878 0.001 321
1707747523740 0.001 322
1707747527605 0.001 323
1707747531470 0.001 324
1707747535332 0.001 325
1707747539196 0.001 326
1707747543064 0.001 327
1707747546918 0.001 328
1707747550869 0.001 329
1707747554736 0.001 330
1707747558600 0.001 331
1707747562469 0.001 332
1707747566333 0.001 333
1707747570198 0.001 334
1707747574078 0.001 335
1707747578087 0.001 336
1707747581960 0.001 337
1707747585834 0.001 338
1707747589710 0.001 339
1707747593588 0.001 340
1707747597468 0.001 341
1707747601347 0.001 342
1707747605778 0.001 343
1707747610253 0.001 344
1707747614227 0.001 345
1707747618866 0.001 346
1707747622740 0.001 347
1707747626621 0.001 348
1707747630620 0.001 349
1707747638066 0.001 350
1707747641954 0.001 351
1707747645886 0.001 352
1707747649758 0.001 353
1707747653634 0.001 354
1707747657508 0.001 355
1707747661388 0.001 356
1707747665271 0.001 357
1707747672412 0.001 358
1707747679202 0.001 359
1707747685831 0.001 360
1707747692810 0.001 361
1707747699623 0.001 362
1707747703622 0.001 363
1707747707497 0.001 364
1707747711375 0.001 365
1707747715246 0.001 366
1707747719116 0.001 367
1707747722986 0.001 368
1707747726855 0.001 369
1707747730724 0.001 370
1707747734598 0.001 371
1707747738533 0.001 372
1707747745169 0.001 373
1707747751955 0.001 374
1707747755838 0.001 375
1707747759704 0.001 376
1707747763578 0.001 377
1707747767573 0.001 378
1707747771446 0.001 379
1707747775316 0.001 380
1707747779187 0.001 381
1707747783068 0.001 382
1707747786948 0.001 383
1707747793749 0.001 384
1707747800829 0.001 385
1707747807521 0.001 386
1707747814330 0.001 387
1707747818218 0.001 388
1707747822102 0.001 389
1707747825989 0.001 390
1707747833092 0.001 391
1707747840023 0.001 392
1707747843905 0.001 393
1707747847793 0.001 394
1707747851665 0.001 395
1707747858518 0.001 396
1707747865177 0.001 397
1707747869068 0.001 398
1707747872946 0.001 399
1707747879790 0.001 400
1707747883675 0.001 401
1707747890674 0.001 402
1707747894554 0.001 403
1707747898433 0.001 404
1707747902319 0.001 405
1707747906204 0.001 406
1707747910081 0.001 407
1707747916836 0.001 408
1707747920757 0.001 409
1707747924640 0.001 410
1707747928487 0.001 411
1707747932340 0.001 412
1707747939108 0.001 413
1707747942955 0.001 414
1707747946801 0.001 415
1707747950781 0.001 416
1707747954643 0.001 417
1707747958492 0.001 418
1707747962344 0.001 419
1707747966197 0.001 420
1707747970051 0.001 421
1707747973911 0.001 422
1707747977761 0.001 423
1707747981611 0.001 424
1707747985607 0.001 425
1707747989458 0.001 426
1707747993311 0.001 427
1707747997163 0.001 428
1707748001011 0.001 429
1707748004869 0.001 430
1707748008715 0.001 431
1707748012566 0.001 432
1707748016557 0.001 433
1707748020412 0.001 434
1707748024288 0.001 435
1707748028142 0.001 436
1707748031997 0.001 437
1707748035862 0.001 438
1707748039707 0.001 439
1707748043562 0.001 440
1707748047597 0.001 441
1707748051603 0.001 442
1707748055453 0.001 443
1707748059300 0.001 444
1707748063157 0.001 445
1707748069925 0.001 446
1707748076533 0.001 447
1707748083583 0.001 448
1707748090257 0.001 449
1707748096926 0.001 450
1707748100783 0.001 451
1707748104630 0.001 452
1707748108482 0.001 453
1707748112451 0.001 454
1707748116302 0.001 455
1707748123346 0.001 456
1707748130140 0.001 457
1707748133990 0.001 458
1707748137839 0.001 459
1707748141683 0.001 460
1707748145663 0.001 461
1707748149512 0.001 462
1707748153364 0.001 463
1707748157219 0.001 464
1707748161078 0.001 465
1707748164935 0.001 466
1707748168791 0.001 467
1707748172645 0.001 468
1707748176498 0.001 469
1707748180413 0.001 470
1707748184288 0.001 471
1707748188142 0.001 472
1707748191994 0.001 473
1707748195851 0.001 474
1707748199702 0.001 475
1707748203554 0.001 476
1707748207419 0.001 477
1707748211416 0.001 478
1707748215283 0.001 479
1707748219135 0.001 480
1707748223534 0.001 481
1707748229269 0.001 482
1707748233129 0.001 483
1707748237182 0.001 484
1707748241048 0.001 485
1707748244908 0.001 486
1707748249460 0.001 487
1707748253323 0.001 488
1707748257178 0.001 489
1707748261420 0.001 490
1707748267304 0.001 491
1707748271170 0.001 492
1707748277789 0.001 493
1707748281794 0.001 494
1707748288606 0.001 495
1707748295365 0.001 496
1707748299229 0.001 497
1707748305903 0.001 498
1707748309767 0.001 499
1707748319471 0.001 500
1707748323335 0.001 501
1707748327190 0.001 502
1707748331047 0.001 503
1707748334929 0.001 504
1707748341667 0.001 505
1707748345657 0.001 506
1707748349514 0.001 507
1707748356173 0.001 508
1707748362930 0.001 509
1707748369711 0.001 510
1707748373701 0.001 511
1707748380472 0.001 512
1707748384347 0.001 513
1707748388204 0.001 514
1707748392072 0.001 515
1707748395945 0.001 516
1707748399816 0.001 517
1707748403675 0.001 518
1707748407665 0.001 519
1707748411534 0.001 520
1707748415402 0.001 521
1707748419275 0.001 522
1707748423131 0.001 523
1707748426993 0.001 524
1707748430857 0.001 525
1707748434717 0.001 526
1707748438576 0.001 527
1707748445470 0.001 528
1707748449332 0.001 529
1707748453202 0.001 530
1707748457070 0.001 531
1707748460941 0.001 532
1707748464808 0.001 533
1707748468679 0.001 534
1707748472678 0.001 535
1707748476544 0.001 536
1707748480406 0.001 537
1707748487124 0.001 538
1707748490989 0.001 539
1707748494856 0.001 540
1707748498868 0.001 541
1707748502864 0.001 542
1707748506735 0.001 543
1707748510599 0.001 544
1707748514492 0.001 545
1707748518362 0.001 546
1707748522234 0.001 547
1707748526109 0.001 548
1707748529972 0.001 549
1707748536885 0.001 550
1707748540752 0.001 551
1707748545301 0.001 552
1707748549160 0.001 553
1707748553654 0.001 554
1707748558026 0.001 555
1707748562457 0.001 556
1707748566318 0.001 557
1707748574112 0.001 558
1707748580861 0.001 559
1707748584738 0.001 560
1707748588599 0.001 561
1707748595401 0.001 562
1707748602407 0.001 563
1707748609138 0.001 564
1707748613005 0.001 565
1707748619839 0.001 566
1707748623703 0.001 567
1707748627572 0.001 568
1707748631436 0.001 569
1707748635433 0.001 570
1707748639296 0.001 571
1707748643164 0.001 572
1707748647037 0.001 573
1707748650910 0.001 574
1707748654783 0.001 575
1707748658653 0.001 576
1707748662521 0.001 577
1707748666534 0.001 578
1707748670406 0.001 579
1707748674281 0.001 580
1707748678162 0.001 581
1707748682033 0.001 582
1707748685902 0.001 583
1707748689772 0.001 584
1707748693642 0.001 585
1707748697655 0.001 586
1707748701535 0.001 587
1707748705414 0.001 588
1707748709292 0.001 589
1707748713167 0.001 590
1707748717043 0.001 591
1707748720912 0.001 592
1707748724782 0.001 593
1707748732249 0.001 594
1707748739131 0.001 595
1707748743008 0.001 596
1707748749846 0.001 597
1707748753725 0.001 598
1707748757600 0.001 599
1707748764530 0.001 600
1707748771328 0.001 601
1707748775192 0.001 602
1707748781976 0.001 603
1707748785848 0.001 604
1707748789716 0.001 605
1707748793702 0.001 606
1707748797571 0.001 607
1707748801437 0.001 608
1707748808177 0.001 609
1707748814940 0.001 610
1707748818805 0.001 611
1707748822676 0.001 612
1707748826676 0.001 613
1707748830542 0.001 614
1707748834407 0.001 615
1707748838274 0.001 616
1707748842143 0.001 617
1707748846008 0.001 618
1707748849879 0.001 619
1707748853753 0.001 620
1707748857759 0.001 621
1707748861621 0.001 622
1707748865494 0.001 623
1707748869365 0.001 624
1707748876230 0.001 625
1707748883082 0.001 626
1707748889961 0.001 627
1707748896598 0.001 628
1707748903472 0.001 629
1707748907347 0.001 630
1707748911210 0.001 631
1707748918074 0.001 632
1707748924928 0.001 633
1707748931749 0.001 634
1707748938460 0.001 635
1707748945217 0.001 636
1707748949204 0.001 637
1707748955992 0.001 638
1707748962810 0.001 639
1707748969597 0.001 640
1707748973476 0.001 641
1707748977342 0.001 642
1707748981344 0.001 643
1707748985206 0.001 644
1707748989074 0.001 645
1707748992942 0.001 646
1707748996806 0.001 647
1707749000674 0.001 648
1707749004541 0.001 649
1707749011349 0.001 650
1707749015260 0.001 651
1707749019122 0.001 652
1707749022985 0.001 653
1707749026848 0.001 654
1707749030717 0.001 655
1707749034576 0.001 656
1707749038438 0.001 657
1707749042438 0.001 658
1707749046306 0.001 659
1707749050180 0.001 660
1707749054053 0.001 661
1707749057920 0.001 662
1707749061794 0.001 663
1707749065659 0.001 664
1707749069531 0.001 665
1707749073395 0.001 666
1707749077403 0.001 667
1707749081284 0.001 668
1707749085159 0.001 669
1707749089042 0.001 670
1707749092923 0.001 671
1707749096806 0.001 672
1707749100678 0.001 673
1707749104698 0.001 674
1707749108582 0.001 675
1707749112459 0.001 676
1707749116345 0.001 677
1707749120222 0.001 678
1707749124097 0.001 679
1707749127980 0.001 680
1707749131855 0.001 681
1707749135731 0.001 682
1707749140303 0.001 683
1707749144203 0.001 684
1707749149350 0.001 685
1707749153462 0.001 686
1707749157343 0.001 687
1707749162408 0.001 688
1707749166856 0.001 689
1707749170871 0.001 690
1707749175090 0.001 691
1707749180129 0.001 692
1707749185364 0.001 693
1707749189246 0.001 694
1707749193988 0.001 695
1707749197864 0.001 696
1707749201749 0.001 697
1707749205767 0.001 698
1707749209649 0.001 699
1707749216513 0.001 700
1707749220394 0.001 701
1707749224270 0.001 702
1707749231063 0.001 703
1707749234949 0.001 704
1707749238965 0.001 705
1707749242846 0.001 706
1707749246727 0.001 707
1707749250606 0.001 708
1707749257276 0.001 709
1707749261159 0.001 710
1707749268081 0.001 711
1707749274986 0.001 712
1707749281857 0.001 713
1707749288592 0.001 714
1707749292467 0.001 715
1707749296340 0.001 716
1707749300345 0.001 717
1707749304219 0.001 718
1707749308104 0.001 719
1707749311983 0.001 720
1707749315865 0.001 721
1707749319765 0.001 722
1707749323645 0.001 723
1707749330615 0.001 724
1707749337331 0.001 725
1707749341214 0.001 726
1707749345087 0.001 727
1707749351828 0.001 728
1707749355711 0.001 729
1707749359590 0.001 730
1707749363611 0.001 731
1707749367489 0.001 732
1707749371373 0.001 733
1707749375255 0.001 734
1707749379132 0.001 735
1707749383018 0.001 736
1707749386898 0.001 737
1707749390771 0.001 738
1707749394787 0.001 739
1707749398668 0.001 740
1707749402548 0.001 741
1707749406434 0.001 742
1707749410321 0.001 743
1707749414211 0.001 744
1707749418094 0.001 745
1707749421973 0.001 746
1707749425988 0.001 747
1707749429864 0.001 748
1707749433739 0.001 749
1707749440703 0.001 750
1707749444601 0.001 751
1707749448478 0.001 752
1707749452357 0.001 753
1707749456361 0.001 754
1707749460245 0.001 755
1707749464123 0.001 756
1707749468009 0.001 757
1707749471895 0.001 758
1707749475783 0.001 759
1707749479665 0.001 760
1707749483552 0.001 761
1707749487438 0.001 762
1707749491405 0.001 763
1707749495294 0.001 764
1707749499182 0.001 765
1707749503067 0.001 766
1707749506958 0.001 767
1707749510851 0.001 768
1707749514742 0.001 769
1707749518773 0.001 770
1707749522662 0.001 771
1707749526553 0.001 772
1707749530448 0.001 773
1707749537173 0.001 774
1707749541072 0.001 775
1707749544961 0.001 776
1707749548986 0.001 777
1707749552869 0.001 778
1707749556750 0.001 779
1707749560643 0.001 780
1707749564541 0.001 781
1707749568420 0.001 782
1707749572304 0.001 783
1707749576192 0.001 784
1707749583125 0.001 785
1707749589982 0.001 786
1707749596867 0.001 787
1707749603688 0.001 788
1707749607575 0.001 789
1707749611583 0.001 790
1707749618338 0.001 791
1707749622230 0.001 792
1707749628967 0.001 793
1707749635981 0.001 794
1707749639987 0.001 795
1707749646807 0.001 796
1707749650686 0.001 797
1707749654586 0.001 798
1707749658460 0.001 799
1707749665310 0.001 800
1707749669202 0.001 801
1707749673218 0.001 802
1707749677108 0.001 803
1707749680988 0.001 804
1707749684883 0.001 805
1707749688773 0.001 806
1707749692660 0.001 807
1707749696546 0.001 808
1707749700574 0.001 809
1707749704457 0.001 810
1707749708343 0.001 811
1707749712232 0.001 812
1707749716120 0.001 813
1707749722986 0.001 814
1707749729691 0.001 815
1707749733645 0.001 816
1707749737529 0.001 817
1707749741412 0.001 818
1707749745299 0.001 819
1707749749153 0.001 820
1707749753002 0.001 821
1707749756859 0.001 822
1707749760844 0.001 823
1707749764702 0.001 824
1707749768556 0.001 825
1707749772415 0.001 826
1707749776271 0.001 827
1707749780124 0.001 828
1707749783978 0.001 829
1707749787842 0.001 830
1707749791703 0.001 831
1707749795704 0.001 832
1707749799562 0.001 833
1707749803415 0.001 834
1707749807270 0.001 835
1707749811125 0.001 836
1707749814983 0.001 837
1707749818843 0.001 838
1707749822698 0.001 839
1707749826556 0.001 840
1707749830998 0.001 841
1707749834869 0.001 842
1707749838731 0.001 843
1707749842605 0.001 844
1707749846467 0.001 845
1707749851472 0.001 846
1707749856215 0.001 847
1707749865007 0.001 848
1707749868869 0.001 849
1707749875726 0.001 850
1707749879590 0.001 851
1707749886347 0.001 852
1707749893222 0.001 853
1707749900150 0.001 854
1707749906869 0.001 855
1707749913608 0.001 856
1707749917469 0.001 857
1707749921327 0.001 858
1707749925189 0.001 859
1707749929088 0.001 860
1707749932947 0.001 861
1707749936803 0.001 862
1707749940661 0.001 863
1707749944524 0.001 864
1707749948380 0.001 865
1707749952233 0.001 866
1707749956093 0.001 867
1707749960084 0.001 868
1707749963944 0.001 869
1707749967812 0.001 870
1707749971670 0.001 871
1707749975529 0.001 872
1707749979383 0.001 873
1707749983241 0.001 874
1707749987100 0.001 875
1707749990956 0.001 876
1707749994963 0.001 877
1707749998820 0.001 878
1707750002674 0.001 879
1707750006528 0.001 880
1707750010393 0.001 881
1707750014256 0.001 882
1707750018118 0.001 883
1707750021981 0.001 884
1707750025982 0.001 885
1707750029845 0.001 886
1707750033701 0.001 887
1707750037563 0.001 888
1707750041419 0.001 889
1707750045608 0.001 890
1707750049479 0.001 891
1707750053340 0.001 892
1707750057335 0.001 893
1707750061202 0.001 894
1707750065071 0.001 895
1707750068939 0.001 896
1707750072797 0.001 897
1707750076653 0.001 898
1707750080517 0.001 899
1707750087452 0.001 900
1707750091459 0.001 901
1707750095315 0.001 902
1707750099174 0.001 903
1707750103037 0.001 904
1707750106904 0.001 905
1707750110762 0.001 906
1707750114631 0.001 907
1707750118497 0.001 908
1707750122362 0.001 909
1707750126367 0.001 910
1707750131335 0.001 911
1707750135195 0.001 912
1707750139062 0.001 913
1707750142933 0.001 914
1707750146792 0.001 915
1707750150658 0.001 916
1707750154519 0.001 917
1707750159085 0.001 918
1707750162951 0.001 919
1707750168167 0.001 920
1707750172030 0.001 921
1707750175889 0.001 922
1707750179753 0.001 923
1707750183617 0.001 924
1707750187486 0.001 925
1707750191346 0.001 926
1707750195537 0.001 927
1707750200623 0.001 928
1707750204602 0.001 929
1707750212716 0.001 930
1707750219412 0.001 931
1707750223273 0.001 932
1707750227133 0.001 933
1707750231052 0.001 934
1707750234919 0.001 935
1707750238776 0.001 936
1707750242640 0.001 937
1707750246498 0.001 938
1707750250350 0.001 939
1707750254218 0.001 940
1707750258079 0.001 941
1707750262069 0.001 942
1707750265946 0.001 943
1707750270531 0.001 944
1707750274388 0.001 945
1707750278248 0.001 946
1707750283737 0.001 947
1707750287588 0.001 948
1707750292333 0.001 949
1707750299174 0.001 950
1707750303035 0.001 951
1707750306895 0.001 952
1707750310761 0.001 953
1707750314642 0.001 954
1707750318506 0.001 955
1707750322372 0.001 956
1707750326242 0.001 957
1707750330265 0.001 958
1707750334136 0.001 959
1707750338008 0.001 960
1707750341885 0.001 961
1707750345760 0.001 962
1707750349631 0.001 963
1707750354043 0.001 964
1707750357919 0.001 965
1707750362114 0.001 966
1707750365984 0.001 967
1707750371561 0.001 968
1707750375516 0.001 969
1707750379590 0.001 970
1707750384366 0.001 971
1707750389018 0.001 972
1707750393982 0.001 973
1707750397853 0.001 974
1707750401878 0.001 975
1707750405753 0.001 976
1707750409619 0.001 977
1707750413517 0.001 978
1707750418198 0.001 979
1707750422072 0.001 980
1707750425954 0.001 981
1707750429823 0.001 982
1707750433980 0.001 983
1707750437861 0.001 984
1707750441724 0.001 985
1707750446479 0.001 986
1707750450348 0.001 987
1707750454220 0.001 988
1707750458234 0.001 989
1707750462101 0.001 990
1707750466677 0.001 991
1707750470835 0.001 992
1707750474715 0.001 993
1707750478788 0.001 994
1707750483862 0.001 995
1707750487729 0.001 996
1707750494515 0.001 997
1707750498386 0.001 998
1707750505462 0.001 999
1707750512248 0.001 1000
1707750518909 0.001 1001
1707750525816 0.001 1002
1707750529681 0.001 1003
1707750533672 0.001 1004
1707750537546 0.001 1005
1707750541419 0.001 1006
1707750545284 0.001 1007
1707750549147 0.001 1008
1707750553018 0.001 1009
1707750556884 0.001 1010
1707750560759 0.001 1011
1707750564622 0.001 1012
1707750568558 0.001 1013
1707750572431 0.001 1014
1707750576298 0.001 1015
1707750580166 0.001 1016
1707750584027 0.001 1017
1707750587899 0.001 1018
1707750591763 0.001 1019
1707750595627 0.001 1020
1707750599556 0.001 1021
1707750603424 0.001 1022
1707750607292 0.001 1023
1707750611164 0.001 1024
1707750615047 0.001 1025
1707750618913 0.001 1026
1707750622790 0.001 1027
1707750626679 0.001 1028
1707750630610 0.001 1029
1707750634485 0.001 1030
1707750638351 0.001 1031
1707750642229 0.001 1032
1707750646097 0.001 1033
1707750649972 0.001 1034
1707750653843 0.001 1035
1707750657713 0.001 1036
1707750661642 0.001 1037
1707750665511 0.001 1038
1707750669383 0.001 1039
1707750673250 0.001 1040
1707750677121 0.001 1041
1707750680987 0.001 1042
1707750685225 0.001 1043
1707750689499 0.001 1044
1707750695614 0.001 1045
1707750699482 0.001 1046
1707750703355 0.001 1047
1707750707830 0.001 1048
1707750711701 0.001 1049
1707750718402 0.001 1050
1707750722269 0.001 1051
1707750726272 0.001 1052
1707750730139 0.001 1053
1707750734015 0.001 1054
1707750737888 0.001 1055
1707750741752 0.001 1056
1707750745619 0.001 1057
1707750749490 0.001 1058
1707750753370 0.001 1059
1707750757379 0.001 1060
1707750761254 0.001 1061
1707750765125 0.001 1062
1707750768994 0.001 1063
1707750772863 0.001 1064
1707750776737 0.001 1065
1707750780606 0.001 1066
1707750784474 0.001 1067
1707750788345 0.001 1068
1707750792358 0.001 1069
1707750796235 0.001 1070
1707750800108 0.001 1071
1707750803981 0.001 1072
1707750807865 0.001 1073
1707750811740 0.001 1074
1707750815616 0.001 1075
1707750819494 0.001 1076
1707750823507 0.001 1077
1707750827381 0.001 1078
1707750831256 0.001 1079
1707750835534 0.001 1080
1707750841072 0.001 1081
1707750845488 0.001 1082
1707750849360 0.001 1083
1707750853235 0.001 1084
1707750857110 0.001 1085
1707750861571 0.001 1086
1707750865588 0.001 1087
1707750869467 0.001 1088
1707750873335 0.001 1089
1707750877217 0.001 1090
1707750881081 0.001 1091
1707750884973 0.001 1092
1707750889232 0.001 1093
1707750893169 0.001 1094
1707750897923 0.001 1095
1707750901799 0.001 1096
1707750908526 0.001 1097
1707750915262 0.001 1098
1707750919142 0.001 1099
1707750929020 0.001 1100
1707750932895 0.001 1101
1707750936766 0.001 1102
1707750940633 0.001 1103
1707750944515 0.001 1104
1707750948395 0.001 1105
1707750952275 0.001 1106
1707750956268 0.001 1107
1707750960138 0.001 1108
1707750964007 0.001 1109
1707750967884 0.001 1110
1707750971762 0.001 1111
1707750975636 0.001 1112
1707750979506 0.001 1113
1707750983388 0.001 1114
1707750987258 0.001 1115
1707750991193 0.001 1116
1707750995069 0.001 1117
1707750998943 0.001 1118
1707751002814 0.001 1119
1707751006694 0.001 1120
1707751010711 0.001 1121
1707751016483 0.001 1122
1707751020360 0.001 1123
1707751025163 0.001 1124
1707751029035 0.001 1125
1707751032910 0.001 1126
1707751036791 0.001 1127
1707751040658 0.001 1128
1707751044532 0.001 1129
1707751048436 0.001 1130
1707751053156 0.001 1131
1707751057100 0.001 1132
1707751060975 0.001 1133
1707751064879 0.001 1134
1707751068754 0.001 1135
1707751072631 0.001 1136
1707751076507 0.001 1137
1707751080378 0.001 1138
1707751084251 0.001 1139
1707751088272 0.001 1140
1707751092969 0.001 1141
1707751096850 0.001 1142
1707751100721 0.001 1143
1707751104603 0.001 1144
1707751108484 0.001 1145
1707751113939 0.001 1146
1707751117961 0.001 1147
1707751122044 0.001 1148
1707751127452 0.001 1149
1707751134637 0.001 1150
1707751138530 0.001 1151
1707751142417 0.001 1152
1707751149111 0.001 1153
1707751156121 0.001 1154
1707751163042 0.001 1155
1707751166922 0.001 1156
1707751170798 0.001 1157
1707751174676 0.001 1158
1707751178564 0.001 1159
1707751182445 0.001 1160
1707751186463 0.001 1161
1707751190342 0.001 1162
1707751194224 0.001 1163
1707751198103 0.001 1164
1707751201991 0.001 1165
1707751205876 0.001 1166
1707751209759 0.001 1167
1707751213641 0.001 1168
1707751217521 0.001 1169
1707751221475 0.001 1170
1707751225361 0.001 1171
1707751229241 0.001 1172
1707751233123 0.001 1173
1707751237005 0.001 1174
1707751240889 0.001 1175
1707751244783 0.001 1176
1707751251776 0.001 1177
1707751255666 0.001 1178
1707751259547 0.001 1179
1707751263432 0.001 1180
1707751267315 0.001 1181
1707751271201 0.001 1182
1707751275106 0.001 1183
1707751278993 0.001 1184
1707751283017 0.001 1185
1707751289736 0.001 1186
1707751296675 0.001 1187
1707751300569 0.001 1188
1707751304449 0.001 1189
1707751308332 0.001 1190
1707751315235 0.001 1191
1707751319121 0.001 1192
1707751323000 0.001 1193
1707751326879 0.001 1194
1707751333688 0.001 1195
1707751340414 0.001 1196
1707751344433 0.001 1197
1707751348312 0.001 1198
1707751352198 0.001 1199
1707751358914 0.001 1200
1707751365780 0.001 1201
1707751369669 0.001 1202
1707751373550 0.001 1203
1707751377487 0.001 1204
1707751381369 0.001 1205
1707751385256 0.001 1206
1707751389142 0.001 1207
1707751393022 0.001 1208
1707751396903 0.001 1209
1707751400778 0.001 1210
1707751404788 0.001 1211
1707751408674 0.001 1212
1707751412556 0.001 1213
1707751416443 0.001 1214
1707751420332 0.001 1215
1707751424213 0.001 1216
1707751428099 0.001 1217
1707751431978 0.001 1218
1707751436001 0.001 1219
1707751439892 0.001 1220
1707751443774 0.001 1221
1707751447658 0.001 1222
1707751452735 0.001 1223
1707751456623 0.001 1224
1707751460514 0.001 1225
1707751464397 0.001 1226
1707751469651 0.001 1227
1707751474878 0.001 1228
1707751481588 0.001 1229
1707751485472 0.001 1230
1707751492275 0.001 1231
1707751496164 0.001 1232
1707751500047 0.001 1233
1707751504066 0.001 1234
1707751507949 0.001 1235
1707751511834 0.001 1236
1707751515725 0.001 1237
1707751519609 0.001 1238
1707751523492 0.001 1239
1707751527370 0.001 1240
1707751531258 0.001 1241
1707751535283 0.001 1242
1707751539163 0.001 1243
1707751543047 0.001 1244
1707751546936 0.001 1245
1707751551332 0.001 1246
1707751555218 0.001 1247
1707751559101 0.001 1248
1707751563930 0.001 1249
1707751571255 0.001 1250
1707751575165 0.001 1251
1707751579050 0.001 1252
1707751582940 0.001 1253
1707751586827 0.001 1254
1707751590710 0.001 1255
1707751594596 0.001 1256
1707751598890 0.001 1257
1707751602906 0.001 1258
1707751606796 0.001 1259
1707751610683 0.001 1260
1707751614584 0.001 1261
1707751618468 0.001 1262
1707751622358 0.001 1263
1707751626246 0.001 1264
1707751630270 0.001 1265
1707751634157 0.001 1266
1707751638045 0.001 1267
1707751641935 0.001 1268
1707751645821 0.001 1269
1707751649712 0.001 1270
1707751653595 0.001 1271
1707751657764 0.001 1272
1707751662397 0.001 1273
1707751666346 0.001 1274
1707751670228 0.001 1275
1707751674255 0.001 1276
1707751678464 0.001 1277
1707751682350 0.001 1278
1707751686234 0.001 1279
1707751690122 0.001 1280
1707751695198 0.001 1281
1707751699164 0.001 1282
1707751703050 0.001 1283
1707751707829 0.001 1284
1707751712927 0.001 1285
1707751716994 0.001 1286
1707751721560 0.001 1287
1707751725665 0.001 1288
1707751729682 0.001 1289
1707751733574 0.001 1290
1707751737465 0.001 1291
1707751741362 0.001 1292
1707751745250 0.001 1293
1707751749139 0.001 1294
1707751753026 0.001 1295
1707751756915 0.001 1296
1707751761505 0.001 1297
1707751765650 0.001 1298
1707751769637 0.001 1299
1707751777269 0.001 1300
1707751781162 0.001 1301
1707751785063 0.001 1302
1707751788946 0.001 1303
1707751792845 0.001 1304
1707751796797 0.001 1305
1707751800686 0.001 1306
1707751804574 0.001 1307
1707751808462 0.001 1308
1707751812356 0.001 1309
1707751816238 0.001 1310
1707751820122 0.001 1311
1707751824139 0.001 1312
1707751828465 0.001 1313
1707751835317 0.001 1314
1707751839216 0.001 1315
1707751843105 0.001 1316
1707751846992 0.001 1317
1707751850881 0.001 1318
1707751854770 0.001 1319
1707751858811 0.001 1320
1707751862696 0.001 1321
1707751866594 0.001 1322
1707751870491 0.001 1323
1707751874384 0.001 1324
1707751878264 0.001 1325
1707751882159 0.001 1326
1707751886055 0.001 1327
1707751890016 0.001 1328
1707751893904 0.001 1329
1707751897793 0.001 1330
1707751901677 0.001 1331
1707751905578 0.001 1332
1707751909473 0.001 1333
1707751913373 0.001 1334
1707751917405 0.001 1335
1707751921307 0.001 1336
1707751925213 0.001 1337
1707751929112 0.001 1338
1707751933056 0.001 1339
1707751937783 0.001 1340
1707751941681 0.001 1341
1707751945581 0.001 1342
1707751949608 0.001 1343
1707751953527 0.001 1344
1707751957422 0.001 1345
1707751961320 0.001 1346
1707751966090 0.001 1347
1707751970376 0.001 1348
1707751974272 0.001 1349
1707751981001 0.001 1350
1707751984981 0.001 1351
1707751988871 0.001 1352
1707751992764 0.001 1353
1707751996664 0.001 1354
1707752000559 0.001 1355
1707752007536 0.001 1356
1707752014524 0.001 1357
1707752018416 0.001 1358
1707752022310 0.001 1359
1707752029316 0.001 1360
1707752033213 0.001 1361
1707752039913 0.001 1362
1707752046925 0.001 1363
1707752053777 0.001 1364
1707752060560 0.001 1365
1707752064455 0.001 1366
1707752068347 0.001 1367
1707752072245 0.001 1368
1707752076257 0.001 1369
1707752080145 0.001 1370
1707752084043 0.001 1371
1707752087938 0.001 1372
1707752091836 0.001 1373
1707752095735 0.001 1374
1707752099631 0.001 1375
1707752103527 0.001 1376
1707752107559 0.001 1377
1707752111461 0.001 1378
1707752115369 0.001 1379
1707752119263 0.001 1380
1707752123156 0.001 1381
1707752127057 0.001 1382
1707752130954 0.001 1383
1707752134847 0.001 1384
1707752138887 0.001 1385
1707752142785 0.001 1386
1707752146689 0.001 1387
1707752150584 0.001 1388
1707752154483 0.001 1389
1707752158383 0.001 1390
1707752162280 0.001 1391
1707752166174 0.001 1392
1707752170204 0.001 1393
1707752174102 0.001 1394
1707752177995 0.001 1395
1707752181892 0.001 1396
1707752186309 0.001 1397
1707752190271 0.001 1398
1707752194560 0.001 1399
1707752201385 0.001 1400
1707752205371 0.001 1401
1707752209265 0.001 1402
1707752213169 0.001 1403
1707752217063 0.001 1404
1707752220966 0.001 1405
1707752224860 0.001 1406
1707752228756 0.001 1407
1707752232648 0.001 1408
1707752236608 0.001 1409
1707752241067 0.001 1410
1707752245410 0.001 1411
1707752249753 0.001 1412
1707752253646 0.001 1413
1707752257546 0.001 1414
1707752261450 0.001 1415
1707752265505 0.001 1416
1707752269402 0.001 1417
1707752273305 0.001 1418
1707752277201 0.001 1419
1707752281098 0.001 1420
1707752286953 0.001 1421
1707752290857 0.001 1422
1707752294755 0.001 1423
1707752298812 0.001 1424
1707752302703 0.001 1425
1707752306601 0.001 1426
1707752311606 0.001 1427
1707752315504 0.001 1428
1707752319398 0.001 1429
1707752323291 0.001 1430
1707752327191 0.001 1431
1707752331255 0.001 1432
1707752335148 0.001 1433
1707752340734 0.001 1434
1707752344643 0.001 1435
1707752348543 0.001 1436
1707752352436 0.001 1437
1707752356337 0.001 1438
1707752360243 0.001 1439
1707752364295 0.001 1440
1707752368258 0.001 1441
1707752372274 0.001 1442
1707752379164 0.001 1443
1707752383063 0.001 1444
1707752387066 0.001 1445
1707752390964 0.001 1446
1707752396500 0.001 1447
1707752400723 0.001 1448
1707752405180 0.001 1449
1707752411916 0.001 1450
1707752415825 0.001 1451
1707752419728 0.001 1452
1707752423627 0.001 1453
1707752427622 0.001 1454
1707752434212 0.001 1455
1707752438119 0.001 1456
1707752442019 0.001 1457
1707752445931 0.001 1458
1707752449829 0.001 1459
1707752453733 0.001 1460
1707752457630 0.001 1461
1707752462644 0.001 1462
1707752466688 0.001 1463
1707752470591 0.001 1464
1707752474491 0.001 1465
1707752478393 0.001 1466
1707752482305 0.001 1467
1707752486205 0.001 1468
1707752490106 0.001 1469
1707752494010 0.001 1470
1707752498057 0.001 1471
1707752501962 0.001 1472
1707752505862 0.001 1473
1707752509763 0.001 1474
1707752515216 0.001 1475
1707752519256 0.001 1476
1707752523877 0.001 1477
1707752529386 0.001 1478
1707752533424 0.001 1479
1707752537326 0.001 1480
1707752541282 0.001 1481
1707752545186 0.001 1482
1707752549082 0.001 1483
1707752552976 0.001 1484
1707752557076 0.001 1485
1707752562548 0.001 1486
1707752569137 0.001 1487
1707752573030 0.001 1488
1707752577901 0.001 1489
1707752581798 0.001 1490
1707752585797 0.001 1491
1707752591468 0.001 1492
1707752595389 0.001 1493
1707752599294 0.001 1494
1707752603350 0.001 1495
1707752607248 0.001 1496
1707752611161 0.001 1497
1707752615058 0.001 1498
1707752619267 0.001 1499
1707752626396 0.001 1500
1707752630302 0.001 1501
1707752634335 0.001 1502
1707752638235 0.001 1503
1707752642135 0.001 1504
1707752646040 0.001 1505
1707752649940 0.001 1506
1707752653855 0.001 1507
1707752657754 0.001 1508
1707752661649 0.001 1509
1707752665694 0.001 1510
1707752669601 0.001 1511
1707752674250 0.001 1512
1707752678160 0.001 1513
1707752682062 0.001 1514
1707752685960 0.001 1515
1707752690353 0.001 1516
1707752694267 0.001 1517
1707752698312 0.001 1518
1707752702214 0.001 1519
1707752706116 0.001 1520
1707752710026 0.001 1521
1707752713933 0.001 1522
1707752717829 0.001 1523
1707752721738 0.001 1524
1707752725646 0.001 1525
1707752729707 0.001 1526
1707752733617 0.001 1527
1707752737531 0.001 1528
1707752741437 0.001 1529
1707752745650 0.001 1530
1707752749558 0.001 1531
1707752753469 0.001 1532
1707752757390 0.001 1533
1707752761445 0.001 1534
1707752765356 0.001 1535
1707752769270 0.001 1536
1707752773181 0.001 1537
1707752777296 0.001 1538
1707752781208 0.001 1539
1707752785124 0.001 1540
1707752789032 0.001 1541
1707752793099 0.001 1542
1707752797518 0.001 1543
1707752801433 0.001 1544
1707752806012 0.001 1545
1707752809925 0.001 1546
1707752813832 0.001 1547
1707752817966 0.001 1548
1707752821875 0.001 1549
1707752828952 0.001 1550
1707752832868 0.001 1551
1707752836784 0.001 1552
1707752840699 0.001 1553
1707752844619 0.001 1554
1707752848519 0.001 1555
1707752852431 0.001 1556
1707752856492 0.001 1557
1707752860403 0.001 1558
1707752864314 0.001 1559
1707752868229 0.001 1560
1707752872138 0.001 1561
1707752876046 0.001 1562
1707752882930 0.001 1563
1707752889944 0.001 1564
1707752896883 0.001 1565
1707752900792 0.001 1566
1707752904700 0.001 1567
1707752908612 0.001 1568
1707752912521 0.001 1569
1707752916577 0.001 1570
1707752920488 0.001 1571
1707752924404 0.001 1572
1707752928314 0.001 1573
1707752932213 0.001 1574
1707752936128 0.001 1575
1707752940037 0.001 1576
1707752943943 0.001 1577
1707752947993 0.001 1578
1707752951903 0.001 1579
1707752955813 0.001 1580
1707752959721 0.001 1581
1707752963636 0.001 1582
1707752967552 0.001 1583
1707752971467 0.001 1584
1707752975381 0.001 1585
1707752979433 0.001 1586
1707752983343 0.001 1587
1707752987255 0.001 1588
1707752991170 0.001 1589
1707752995086 0.001 1590
1707752998992 0.001 1591
1707753002904 0.001 1592
1707753006830 0.001 1593
1707753010878 0.001 1594
1707753014784 0.001 1595
1707753019024 0.001 1596
1707753022937 0.001 1597
1707753026851 0.001 1598
1707753030765 0.001 1599
1707753040724 0.001 1600
1707753047556 0.001 1601
1707753051472 0.001 1602
1707753055385 0.001 1603
1707753062153 0.001 1604
1707753066063 0.001 1605
1707753070106 0.001 1606
1707753074017 0.001 1607
1707753080853 0.001 1608
1707753084756 0.001 1609
1707753091580 0.001 1610
1707753095488 0.001 1611
1707753099520 0.001 1612
1707753103431 0.001 1613
1707753107345 0.001 1614
1707753111251 0.001 1615
1707753115153 0.001 1616
1707753119064 0.001 1617
1707753122965 0.001 1618
1707753126869 0.001 1619
1707753130932 0.001 1620
1707753134850 0.001 1621
1707753138769 0.001 1622
1707753142683 0.001 1623
1707753146596 0.001 1624
1707753150507 0.001 1625
1707753154408 0.001 1626
1707753158312 0.001 1627
1707753162361 0.001 1628
1707753166285 0.001 1629
1707753170203 0.001 1630
1707753174111 0.001 1631
1707753178024 0.001 1632
1707753181935 0.001 1633
1707753185850 0.001 1634
1707753189759 0.001 1635
1707753193809 0.001 1636
1707753197723 0.001 1637
1707753201615 0.001 1638
1707753205508 0.001 1639
1707753209399 0.001 1640
1707753213301 0.001 1641
1707753217195 0.001 1642
1707753221267 0.001 1643
1707753225323 0.001 1644
1707753229220 0.001 1645
1707753233764 0.001 1646
1707753237665 0.001 1647
1707753241563 0.001 1648
1707753245459 0.001 1649
1707753252709 0.001 1650
1707753256606 0.001 1651
1707753260568 0.001 1652
1707753264473 0.001 1653
1707753268369 0.001 1654
1707753272255 0.001 1655
1707753276144 0.001 1656
1707753280038 0.001 1657
1707753283928 0.001 1658
1707753288131 0.001 1659
1707753292023 0.001 1660
1707753296500 0.001 1661
1707753300581 0.001 1662
1707753304575 0.001 1663
1707753308477 0.001 1664
1707753312380 0.001 1665
1707753316271 0.001 1666
1707753320467 0.001 1667
1707753324888 0.001 1668
1707753330343 0.001 1669
1707753334248 0.001 1670
1707753338170 0.001 1671
1707753343073 0.001 1672
1707753348554 0.001 1673
1707753352458 0.001 1674
1707753356498 0.001 1675
1707753360396 0.001 1676
1707753364780 0.001 1677
1707753368762 0.001 1678
1707753372666 0.001 1679
1707753376567 0.001 1680
1707753380886 0.001 1681
1707753386605 0.001 1682
1707753390649 0.001 1683
1707753394550 0.001 1684
1707753398457 0.001 1685
1707753402363 0.001 1686
1707753406852 0.001 1687
1707753410756 0.001 1688
1707753415228 0.001 1689
1707753419393 0.001 1690
1707753423502 0.001 1691
1707753427408 0.001 1692
1707753431313 0.001 1693
1707753435230 0.001 1694
1707753439237 0.001 1695
1707753443510 0.001 1696
1707753447699 0.001 1697
1707753451604 0.001 1698
1707753455647 0.001 1699
1707753462446 0.001 1700
1707753466357 0.001 1701
1707753470259 0.001 1702
1707753474156 0.001 1703
1707753478066 0.001 1704
1707753481979 0.001 1705
1707753485878 0.001 1706
1707753489850 0.001 1707
1707753493745 0.001 1708
1707753497660 0.001 1709
1707753501586 0.001 1710
1707753505492 0.001 1711
1707753509396 0.001 1712
1707753513305 0.001 1713
1707753517342 0.001 1714
1707753521243 0.001 1715
1707753526717 0.001 1716
1707753530622 0.001 1717
1707753534526 0.001 1718
1707753538437 0.001 1719
1707753542337 0.001 1720
1707753546440 0.001 1721
1707753550835 0.001 1722
1707753554747 0.001 1723
1707753559716 0.001 1724
1707753564323 0.001 1725
1707753569277 0.001 1726
1707753573185 0.001 1727
1707753577355 0.001 1728
1707753581256 0.001 1729
1707753586288 0.001 1730
1707753590185 0.001 1731
1707753594814 0.001 1732
1707753599864 0.001 1733
1707753603766 0.001 1734
1707753607671 0.001 1735
1707753611573 0.001 1736
1707753616125 0.001 1737
1707753620446 0.001 1738
1707753624370 0.001 1739
1707753628272 0.001 1740
1707753632180 0.001 1741
1707753636089 0.001 1742
1707753639996 0.001 1743
1707753643900 0.001 1744
1707753647799 0.001 1745
1707753651850 0.001 1746
1707753657203 0.001 1747
1707753661110 0.001 1748
1707753665015 0.001 1749
1707753671843 0.001 1750
1707753675757 0.001 1751
1707753679665 0.001 1752
1707753683714 0.001 1753
1707753687618 0.001 1754
1707753691523 0.001 1755
1707753695430 0.001 1756
1707753699339 0.001 1757
1707753703249 0.001 1758
1707753707160 0.001 1759
1707753711061 0.001 1760
1707753715107 0.001 1761
1707753719014 0.001 1762
1707753722919 0.001 1763
1707753726825 0.001 1764
1707753730737 0.001 1765
1707753734639 0.001 1766
1707753738546 0.001 1767
1707753742655 0.001 1768
1707753747421 0.001 1769
1707753751548 0.001 1770
1707753757285 0.001 1771
1707753761191 0.001 1772
1707753765126 0.001 1773
1707753769027 0.001 1774
1707753772947 0.001 1775
1707753777134 0.001 1776
1707753782669 0.001 1777
1707753787099 0.001 1778
1707753791385 0.001 1779
1707753795307 0.001 1780
1707753799768 0.001 1781
1707753803682 0.001 1782
1707753807586 0.001 1783
1707753811499 0.001 1784
1707753815548 0.001 1785
1707753819458 0.001 1786
1707753823366 0.001 1787
1707753827264 0.001 1788
1707753832334 0.001 1789
1707753837040 0.001 1790
1707753842190 0.001 1791
1707753846093 0.001 1792
1707753850328 0.001 1793
1707753855034 0.001 1794
1707753860936 0.001 1795
1707753864854 0.001 1796
1707753868941 0.001 1797
1707753872851 0.001 1798
1707753876760 0.001 1799
1707753884239 0.001 1800
1707753888151 0.001 1801
1707753892060 0.001 1802
1707753895971 0.001 1803
1707753899874 0.001 1804
1707753903787 0.001 1805
1707753907694 0.001 1806
1707753911596 0.001 1807
1707753915684 0.001 1808
1707753919607 0.001 1809
1707753923517 0.001 1810
1707753927422 0.001 1811
1707753931331 0.001 1812
1707753936218 0.001 1813
1707753940812 0.001 1814
1707753944717 0.001 1815
1707753951602 0.001 1816
1707753955508 0.001 1817
1707753959421 0.001 1818
1707753963327 0.001 1819
1707753967230 0.001 1820
1707753971134 0.001 1821
1707753975035 0.001 1822
1707753978948 0.001 1823
1707753982923 0.001 1824
1707753986824 0.001 1825
1707753990727 0.001 1826
1707753994634 0.001 1827
1707753998543 0.001 1828
1707754002444 0.001 1829
1707754006343 0.001 1830
1707754010390 0.001 1831
1707754014767 0.001 1832
1707754018671 0.001 1833
1707754024779 0.001 1834
1707754028685 0.001 1835
1707754032594 0.001 1836
1707754036504 0.001 1837
1707754040410 0.001 1838
1707754044625 0.001 1839
1707754050190 0.001 1840
1707754057170 0.001 1841
1707754061078 0.001 1842
1707754064992 0.001 1843
1707754068900 0.001 1844
1707754072811 0.001 1845
1707754076851 0.001 1846
1707754080761 0.001 1847
1707754084667 0.001 1848
1707754088578 0.001 1849
1707754095471 0.001 1850
1707754099386 0.001 1851
1707754103293 0.001 1852
1707754107199 0.001 1853
1707754111158 0.001 1854
1707754115062 0.001 1855
1707754118967 0.001 1856
1707754122870 0.001 1857
1707754126768 0.001 1858
1707754130676 0.001 1859
1707754134590 0.001 1860
1707754138634 0.001 1861
1707754142542 0.001 1862
1707754146451 0.001 1863
1707754150363 0.001 1864
1707754154278 0.001 1865
1707754158191 0.001 1866
1707754162100 0.001 1867
1707754166005 0.001 1868
1707754170055 0.001 1869
1707754173959 0.001 1870
1707754177865 0.001 1871
1707754181778 0.001 1872
1707754185705 0.001 1873
1707754189625 0.001 1874
1707754193534 0.001 1875
1707754197439 0.001 1876
1707754201484 0.001 1877
1707754205395 0.001 1878
1707754209303 0.001 1879
1707754213590 0.001 1880
1707754218320 0.001 1881
1707754222249 0.001 1882
1707754226323 0.001 1883
1707754230227 0.001 1884
1707754234276 0.001 1885
1707754238184 0.001 1886
1707754242209 0.001 1887
1707754246796 0.001 1888
1707754250702 0.001 1889
1707754254609 0.001 1890
1707754258519 0.001 1891
1707754262434 0.001 1892
1707754266723 0.001 1893
1707754271049 0.001 1894
1707754275453 0.001 1895
1707754280285 0.001 1896
1707754284205 0.001 1897
1707754288119 0.001 1898
1707754292028 0.001 1899
1707754298961 0.001 1900
1707754302937 0.001 1901
1707754306845 0.001 1902
1707754310752 0.001 1903
1707754314664 0.001 1904
1707754318572 0.001 1905
1707754322490 0.001 1906
1707754326402 0.001 1907
1707754330456 0.001 1908
1707754334379 0.001 1909
1707754338299 0.001 1910
1707754342217 0.001 1911
1707754346133 0.001 1912
1707754350051 0.001 1913
1707754353967 0.001 1914
1707754357895 0.001 1915
1707754361955 0.001 1916
1707754365870 0.001 1917
1707754369788 0.001 1918
1707754373706 0.001 1919
1707754377624 0.001 1920
1707754381536 0.001 1921
1707754385458 0.001 1922
1707754393009 0.001 1923
1707754399946 0.001 1924
1707754406985 0.001 1925
1707754413754 0.001 1926
1707754420828 0.001 1927
1707754427804 0.001 1928
1707754431720 0.001 1929
1707754435636 0.001 1930
1707754439560 0.001 1931
1707754443473 0.001 1932
1707754447387 0.001 1933
1707754451432 0.001 1934
1707754455358 0.001 1935
1707754459274 0.001 1936
1707754463195 0.001 1937
1707754467123 0.001 1938
1707754471033 0.001 1939
1707754474947 0.001 1940
1707754478860 0.001 1941
1707754482929 0.001 1942
1707754486843 0.001 1943
1707754490764 0.001 1944
1707754494681 0.001 1945
1707754498598 0.001 1946
1707754502511 0.001 1947
1707754506429 0.001 1948
1707754510342 0.001 1949
1707754517406 0.001 1950
1707754521325 0.001 1951
1707754525243 0.001 1952
1707754529160 0.001 1953
1707754536200 0.001 1954
1707754540110 0.001 1955
1707754544031 0.001 1956
1707754548008 0.001 1957
1707754551923 0.001 1958
1707754558805 0.001 1959
1707754565704 0.001 1960
1707754572490 0.001 1961
1707754576529 0.001 1962
1707754583345 0.001 1963
1707754587269 0.001 1964
1707754591184 0.001 1965
1707754595102 0.001 1966
1707754599012 0.001 1967
1707754602933 0.001 1968
1707754606980 0.001 1969
1707754610892 0.001 1970
1707754614804 0.001 1971
1707754618724 0.001 1972
1707754622643 0.001 1973
1707754626551 0.001 1974
1707754630480 0.001 1975
1707754634537 0.001 1976
1707754638456 0.001 1977
1707754642369 0.001 1978
1707754646283 0.001 1979
1707754650199 0.001 1980
1707754654120 0.001 1981
1707754658036 0.001 1982
1707754661958 0.001 1983
1707754666029 0.001 1984
1707754669946 0.001 1985
1707754673869 0.001 1986
1707754677784 0.001 1987
1707754681709 0.001 1988
1707754685627 0.001 1989
1707754689552 0.001 1990
1707754693471 0.001 1991
1707754697544 0.001 1992
1707754701461 0.001 1993
1707754705373 0.001 1994
1707754709288 0.001 1995
1707754713208 0.001 1996
1707754717121 0.001 1997
1707754721038 0.001 1998
1707754724953 0.001 1999
