1707000340981 24.49 0
1707000355122 10.15 0
1707000365816 10.14 0
1707000378054 11.64 0
1707000391719 13.08 0
1707000406005 10.45 0
1707000419097 12.53 0
1707000434052 14.38 0
1707000452675 18.04 0
1707000464471 11.09 0
1707000478869 13.83 0
1707000495055 15.63 0
1707000511377 15.75 0
1707000527483 15.53 0
1707000540360 12.3 0
1707000555016 14.07 0
1707000570923 15.32 0
1707000585053 10.17 0
1707000599265 10.17 0
1707000615357 15.51 0
1707000630192 10.89 0
1707000644369 10.17 0
1707000659604 11.23 0
1707000673823 10.17 0
1707000685479 11.09 0
1707000697961 11.9 0
1707000712075 10.17 0
1707000726187 10.16 0
1707000742508 12.35 0
1707000757457 14.37 0
1707000771707 10.17 0
1707000785689 10.16 0
1707000799607 10.17 0
1707000813728 10.18 0
1707000828007 10.18 0
1707000842194 10.17 0
1707000856104 10.17 0
1707000870051 10.18 0
1707000884206 10.18 0
1707000898360 10.17 0
1707000912700 10.22 0
1707000923478 10.19 0
1707000934440 10.4 0
1707000949809 14.8 0
1707000965471 15.1 0
1707000980721 11.05 0
1707000995545 10.98 0
1707001010739 14.63 0
1707001025047 13.61 0
1707001037071 11.45 0
1707001050769 12.71 0
1707001066655 15.31 0
1707001082032 11.48 0
1707001098352 15.74 0
1707001112507 10.18 0
1707001126378 10.17 0
1707001140458 10.17 0
1707001154573 10.18 0
1707001166545 11.4 0
1707001181630 11.28 0
1707001195811 10.17 0
1707001209902 10.18 0
1707001224051 10.19 0
1707001238369 10.17 0
1707001252444 10.18 0
1707001266547 10.18 0
1707001280712 10.18 0
1707001294877 10.17 0
1707001305645 10.18 0
1707001319764 10.17 0
1707001333874 10.17 0
1707001348099 10.18 0
1707001362245 10.17 0
1707001376249 10.18 0
1707001390453 10.17 0
1707001404564 10.17 0
1707001418893 10.18 0
1707001433129 10.18 0
1707001447257 10.18 0
1707001460372 12.52 0
1707001474035 13.07 0
1707001488234 10.18 0
1707001502474 10.18 0
1707001516488 10.18 0
1707001530520 10.18 0
1707001544845 10.17 0
1707001559058 10.18 0
1707001573403 10.19 0
1707001587489 10.17 0
1707001601597 10.18 0
1707001615571 10.19 0
1707001629854 10.18 0
1707001643928 10.23 0
1707001658149 10.18 0
1707001672213 10.17 0
1707001686324 10.17 0
1707001700485 10.17 0
1707001711233 10.18 0
1707001725430 10.18 0
1707001739546 10.18 0
1707001757101 10.17 0
1707001771196 10.17 0
1707001785409 10.18 0
1707001796266 10.17 0
1707001810415 10.18 0
1707001824667 10.18 0
1707001835411 10.17 0
1707001849612 10.18 0
1707001863776 10.18 0
1707001877889 10.18 0
1707001891942 10.18 0
1707001906688 14.17 0
1707001924170 16.91 0
1707001938768 14.02 0
1707001954967 12.28 0
1707001967819 12.28 0
1707001981196 12.67 0
1707001995290 10.18 0
1707002009508 10.17 0
1707002020251 10.17 0
1707002034349 10.17 0
1707002045800 10.87 0
1707002060451 10.47 0
1707002074549 10.17 0
1707002088771 10.18 0
1707002102870 10.18 0
1707002115093 11.64 0
1707002133689 18.01 0
1707002147752 13.48 0
1707002161898 10.18 0
1707002176010 10.17 0
1707002190193 10.18 0
1707002204422 10.17 0
1707002218592 10.19 0
1707002229471 10.18 0
1707002243645 10.17 0
1707002257761 10.18 0
1707002271872 10.18 0
1707002285942 10.18 0
1707002300199 10.17 0
1707002314504 10.18 0
1707002328648 10.18 0
1707002339418 10.17 0
1707002351557 11.54 0
1707002365730 10.17 0
1707002382220 12.32 0
1707002396540 10.38 0
1707002411310 10.83 0
1707002425400 10.16 0
1707002439522 10.17 0
1707002456874 10.17 0
1707002471067 10.18 0
1707002485224 10.18 0
1707002499461 10.18 0
1707002513702 10.17 0
1707002527802 10.18 0
1707002541958 10.18 0
1707002556122 10.19 0
1707002570274 10.18 0
1707002584646 10.19 0
1707002598720 10.17 0
1707002612783 10.18 0
1707002626878 10.19 0
1707002641136 10.19 0
1707002652057 10.2 0
1707002662806 10.18 0
1707002678102 14.72 0
1707002690882 12.2 0
1707002705037 10.18 0
1707002719336 10.18 0
1707002733430 10.24 0
1707002747521 10.18 0
1707002758295 10.18 0
1707002769061 10.18 0
1707002780753 11.1 0
1707002794498 13.15 0
1707002809500 14.41 0
1707002824309 14.21 0
1707002837508 12.46 0
1707002850485 12.38 0
1707002863595 12.51 0
1707002880060 15.87 0
1707002892534 11.88 0
1707002906745 10.18 0
1707002921029 10.17 0
1707002933967 12.21 0
1707002948773 14.21 0
1707002963523 14.15 0
1707002977677 13.55 0
1707002991945 10.17 0
1707003004433 11.9 0
1707003018518 10.17 0
1707003032618 10.17 0
1707003043372 10.16 0
1707003057456 10.17 0
1707003068231 10.17 0
1707003082476 13.64 0
1707003098229 15.16 0
1707003112395 10.23 0
1707003126645 10.18 0
1707003144136 10.18 0
1707003158329 10.18 0
1707003172450 10.17 0
1707003186702 10.17 0
1707003200795 10.18 0
1707003214949 10.18 0
1707003228388 12.89 0
1707003242166 13.22 0
1707003257864 15.15 0
1707003271485 13.07 0
1707003287613 12.02 0
1707003303721 12.23 0
1707003315992 11.72 0
1707003330300 13.75 0
1707003345068 14.21 0
1707003360159 14.53 0
1707003375813 15.1 0
1707003390201 13.83 0
1707003404376 13.62 0
1707003417450 12.52 0
1707003431565 10.17 0
1707003444817 12.7 0
1707003462349 16.97 0
1707003476615 13.71 0
1707003492389 15.21 0
1707003506637 13.69 0
1707003518438 11.24 0
1707003533485 14.49 0
1707003547642 13.6 0
1707003560541 12.35 0
1707003578478 17.38 0
1707003590106 11.07 0
1707003601049 10.39 0
1707003613264 11.66 0
1707003625149 11.33 0
1707003639855 14.15 0
1707003652998 12.59 0
1707003670394 16.84 0
1707003685938 14.98 0
1707003699372 12.88 0
1707003712016 12.08 0
1707003724885 12.3 0
1707003737110 11.66 0
1707003752502 14.82 0
1707003765053 11.98 0
1707003777821 12.2 0
1707003791997 10.17 0
1707003806246 10.18 0
1707003818752 11.94 0
1707003830445 11.12 0
1707003845126 10.89 0
1707003859741 14.04 0
1707003873488 13.18 0
1707003892133 18.07 0
1707003906346 10.17 0
1707003920850 10.18 0
1707003935044 10.18 0
1707003947088 11.48 0
1707003963507 12.46 0
1707003979827 12.26 0
1707003993964 10.17 0
1707004008224 10.17 0
1707004018968 10.17 0
1707004033960 14.43 0
1707004046681 12.15 0
1707004062688 15.43 0
1707004076378 13.13 0
1707004089554 12.6 0
1707004103548 10.17 0
1707004116641 12.37 0
1707004129858 12.65 0
1707004142017 11.59 0
1707004156361 13.78 0
1707004171344 14.41 0
1707004185369 10.16 0
1707004199403 10.17 0
1707004213569 10.18 0
1707004227708 10.17 0
1707004241823 10.18 0
1707004255949 10.18 0
1707004269147 12.63 0
1707004283370 10.17 0
1707004295094 11.15 0
1707004308906 13.24 0
1707004322980 10.17 0
1707004337173 10.17 0
1707004351449 10.18 0
1707004362924 10.89 0
1707004376166 12.66 0
1707004390302 13.56 0
1707004404900 14.01 0
1707004418707 13.22 0
1707004431776 12.48 0
1707004444479 12.12 0
1707004459449 14.39 0
1707004473336 13.31 0
1707004486424 12.35 0
1707004500352 10.17 0
1707004511173 10.24 0
1707004525314 10.18 0
1707004542723 10.17 0
1707004556978 10.17 0
1707004567722 10.17 0
1707004581853 10.17 0
1707004596064 10.17 0
1707004608806 12.17 0
1707004621116 11.73 0
1707004635622 13.92 0
1707004649059 12.72 0
1707004663409 13.78 0
1707004677419 13.43 0
1707004693006 15.01 0
1707004707931 14.35 0
1707004723167 14.67 0
1707004740510 16.77 0
1707004754509 10.17 0
1707004767539 12.3 0
1707004783930 15.81 0
1707004798664 14.15 0
1707004813322 14.08 0
1707004828453 14.56 0
1707004842869 13.85 0
1707004857739 14.29 0
1707004871600 13.29 0
1707004882745 10.57 0
1707004897085 10.18 0
1707004909133 11.47 0
1707004923269 10.17 0
1707004937405 10.16 0
1707004953435 12.05 0
1707004968777 11.15 0
1707004983575 14.22 0
1707004999128 14.98 0
1707005010939 11.23 0
1707005024408 12.89 0
1707005041406 16.4 0
1707005053240 11.24 0
1707005066662 12.84 0
1707005082882 15.63 0
1707005096776 13.31 0
1707005110952 13.59 0
1707005126671 15.14 0
1707005142085 14.83 0
1707005157103 14.43 0
1707005172338 14.65 0
1707005186460 13.54 0
1707005198225 11.17 0
1707005212097 13.14 0
1707005228606 15.92 0
1707005242701 13.51 0
1707005257041 10.17 0
1707005272745 15.12 0
1707005287610 14.27 0
1707005299796 11.59 0
1707005317258 16.88 0
1707005330343 12.34 0
1707005345736 14.8 0
1707005360586 14.26 0
1707005375946 14.77 0
1707005390504 13.97 0
1707005404197 13.1 0
1707005418129 13.34 0
1707005430331 11.62 0
1707005444269 13.35 0
1707005458031 13.01 0
1707005472555 13.93 0
1707005487635 14.5 0
1707005500363 12.14 0
1707005512891 11.94 0
1707005528417 14.93 0
1707005543327 14.32 0
1707005557494 13.58 0
1707005571984 13.74 0
1707005586920 14.35 0
1707005599428 11.92 0
1707005614090 14.06 0
1707005628243 13.57 0
1707005642538 13.7 0
1707005656627 13.5 0
1707005668240 11.03 0
1707005681828 13.0 0
1707005694215 11.63 0
1707005708321 13.51 0
1707005722587 13.67 0
1707005737824 11.24 0
1707005749229 10.81 0
1707005766551 16.73 0
1707005780832 10.34 0
1707005796527 14.94 0
1707005810623 10.18 0
1707005824548 13.32 0
1707005840098 14.95 0
1707005854711 14.01 0
1707005870183 14.87 0
1707005884111 13.32 0
1707005895883 11.17 0
1707005911812 15.16 0
1707005926079 13.67 0
1707005940628 13.95 0
1707005952400 11.17 0
1707005966471 10.17 0
1707005981479 14.41 0
1707005994878 12.8 0
1707006007272 11.64 0
1707006024154 13.05 0
1707006036308 11.55 0
1707006050797 13.88 0
1707006062399 11.0 0
1707006076555 10.23 0
1707006090818 10.18 0
1707006106779 15.36 0
1707006121654 14.31 0
1707006137835 15.61 0
1707006151942 10.18 0
1707006162680 10.16 0
1707006177196 10.59 0
1707006191746 13.97 0
1707006206725 11.0 0
1707006220344 13.05 0
1707006234569 10.17 0
1707006248990 13.85 0
1707006263963 14.39 0
1707006278135 10.18 0
1707006292377 10.18 0
1707006306445 10.18 0
1707006320599 10.18 0
1707006331357 10.18 0
1707006342106 10.17 0
1707006356219 10.18 0
1707006369098 12.17 0
1707006381927 12.25 0
1707006398256 15.76 0
1707006411973 13.14 0
1707006427125 14.57 0
1707006441003 13.3 0
1707006452201 10.63 0
1707006466410 13.63 0
1707006477495 10.51 0
1707006491444 13.21 0
1707006506892 14.87 0
1707006523467 16.0 0
1707006534643 10.61 0
1707006552602 17.39 0
1707006565808 12.62 0
1707006580688 14.31 0
1707006594953 13.68 0
1707006608885 13.36 0
1707006623180 13.56 0
1707006634891 11.14 0
1707006648577 13.11 0
1707006662689 10.17 0
1707006673451 10.19 0
1707006687852 13.82 0
1707006702733 14.3 0
1707006715967 12.66 0
1707006727742 11.04 0
1707006743908 15.59 0
1707006756348 11.86 0
1707006767936 11.01 0
1707006779179 10.66 0
1707006794769 15.01 0
1707006809096 13.75 0
1707006822337 12.67 0
1707006835432 12.52 0
1707006850092 13.93 0
1707006863017 12.35 0
1707006875417 11.82 0
1707006889355 13.36 0
1707006904795 14.86 0
1707006918760 13.37 0
1707006932098 12.76 0
1707006945720 13.05 0
1707006959512 13.22 0
1707006972965 12.71 0
1707006987286 10.39 0
1707007002825 14.97 0
1707007015502 12.1 0
1707007030053 13.97 0
1707007041309 10.67 0
1707007057122 11.74 0
1707007073921 12.67 0
1707007089262 11.46 0
1707007103387 10.18 0
1707007116496 12.53 0
1707007132969 15.88 0
1707007143727 10.17 0
1707007158127 13.81 0
1707007172225 13.36 0
1707007185530 12.71 0
1707007202492 16.37 0
1707007214335 11.26 0
1707007230535 12.26 0
1707007244787 10.17 0
1707007259016 10.23 0
1707007269782 10.18 0
1707007283952 10.17 0
1707007298043 10.17 0
1707007308798 10.17 0
1707007319562 10.17 0
1707007333628 10.22 0
1707007351137 10.17 0
1707007365367 10.17 0
1707007376132 10.17 0
1707007390377 10.17 0
1707007403906 12.94 0
1707007418901 14.28 0
1707007433406 13.91 0
1707007450197 16.21 0
1707007463677 12.9 0
1707007476730 12.46 0
1707007489279 11.95 0
1707007501819 11.95 0
1707007516252 13.85 0
1707007533218 12.77 0
1707007547461 10.3 0
1707007562782 11.34 0
1707007576968 10.17 0
1707007591121 10.18 0
1707007601879 10.17 0
1707007613839 11.24 0
1707007628902 14.47 0
1707007641955 12.46 0
1707007657230 14.69 0
1707007669488 11.67 0
1707007684032 13.96 0
1707007697445 12.82 0
1707007712016 13.98 0
1707007725839 13.24 0
1707007740471 13.89 0
1707007758155 17.1 0
1707007772011 13.27 0
1707007785906 13.31 0
1707007800186 10.17 0
1707007811678 10.9 0
1707007827314 15.05 0
1707007841331 13.43 0
1707007855615 10.17 0
1707007869860 10.17 0
1707007882788 12.33 0
1707007894899 11.52 0
1707007906622 11.13 0
1707007919949 12.74 0
1707007935451 14.92 0
1707007947858 11.82 0
1707007962232 13.79 0
1707007975252 12.44 0
1707007989408 13.57 0
1707008001327 11.33 0
1707008015881 13.97 0
1707008027262 10.79 0
1707008042620 11.2 0
1707008058672 15.46 0
1707008073918 14.66 0
1707008086459 11.94 0
1707008100112 13.06 0
1707008116491 15.79 0
1707008132109 15.03 0
1707008145796 13.1 0
1707008161075 14.69 0
1707008175526 13.69 0
1707008189984 13.87 0
1707008201246 10.67 0
1707008212812 10.97 0
1707008226287 12.88 0
1707008237824 10.95 0
1707008249032 10.61 0
1707008262645 13.02 0
1707008279163 15.93 0
1707008292817 13.05 0
1707008304889 11.48 0
1707008317023 11.54 0
1707008331462 13.84 0
1707008346379 10.92 0
1707008360593 10.17 0
1707008372319 11.13 0
1707008385972 13.06 0
1707008398631 12.06 0
1707008412074 12.85 0
1707008426125 13.45 0
1707008441704 14.98 0
1707008455904 10.17 0
1707008470254 10.17 0
1707008481031 10.17 0
1707008491814 10.18 0
1707008506287 13.87 0
1707008521882 15.0 0
1707008534802 12.32 0
1707008552808 17.41 0
1707008566661 13.25 0
1707008578971 11.71 0
1707008590633 10.9 0
1707008605385 14.16 0
1707008620095 14.1 0
1707008636251 15.56 0
1707008650897 14.05 0
1707008663317 11.82 0
1707008679553 15.64 0
1707008692986 12.83 0
1707008709197 12.03 0
1707008723319 10.17 0
1707008740912 10.18 0
1707008751692 10.18 0
1707008764271 11.98 0
1707008777192 12.32 0
1707008790754 12.82 0
1707008803700 12.35 0
1707008816022 11.73 0
1707008830435 13.81 0
1707008845544 14.51 0
1707008856903 10.77 0
1707008873500 15.99 0
1707008887685 13.59 0
1707008901139 12.7 0
1707008912730 10.98 0
1707008926859 13.52 0
1707008942362 14.9 0
1707008956806 13.84 0
1707008971542 14.13 0
1707008983312 11.17 0
1707008997306 13.39 0
1707009011934 10.39 0
1707009026147 13.61 0
1707009038031 11.28 0
1707009050396 11.77 0
1707009064430 13.43 0
1707009076741 11.71 0
1707009092446 15.11 0
1707009105823 12.78 0
1707009119781 13.35 0
1707009133514 12.97 0
1707009147728 10.18 0
1707009162366 10.56 0
1707009175092 12.13 0
1707009190171 11.17 0
1707009204387 10.18 0
1707009218574 10.17 0
1707009233528 14.35 0
1707009247603 13.47 0
1707009261788 10.17 0
1707009276069 10.18 0
1707009290349 10.18 0
1707009301119 10.17 0
1707009311889 10.17 0
1707009327670 15.18 0
1707009340324 12.06 0
1707009354639 13.72 0
1707009367997 12.75 0
1707009382697 14.1 0
1707009397238 13.78 0
1707009412605 14.77 0
1707009426840 10.17 0
1707009442035 14.59 0
1707009454069 11.43 0
1707009467507 12.84 0
1707009482581 14.47 0
1707009494961 11.78 0
1707009508293 12.57 0
1707009521911 13.02 0
1707009536182 10.17 0
1707009553495 13.41 0
1707009568539 10.97 0
1707009580008 10.87 0
1707009595910 15.15 0
1707009611381 11.51 0
1707009626078 14.09 0
1707009639847 10.17 0
1707009653938 10.17 0
1707009667285 12.74 0
1707009678216 10.18 0
1707009692493 13.67 0
1707009706272 13.16 0
1707009718286 11.4 0
1707009734204 15.31 0
1707009747157 12.34 0
1707009758860 11.08 0
1707009773771 14.29 0
1707009785783 11.24 0
1707009798413 12.02 0
1707009814517 15.49 0
1707009827798 12.67 0
1707009839883 11.47 0
1707009853253 12.75 0
1707009867326 13.46 0
1707009883367 15.43 0
1707009898466 14.49 0
1707009912509 13.43 0
1707009924240 11.12 0
1707009935026 10.17 0
1707009947883 12.25 0
1707009961628 13.13 0
1707009976549 14.31 0
1707009990851 13.69 0
1707010003162 11.7 0
1707010016594 12.82 0
1707010033511 16.31 0
1707010048287 14.17 0
1707010061200 12.3 0
1707010076557 14.74 0
1707010092256 15.08 0
1707010104929 12.06 0
1707010119336 10.17 0
1707010133303 13.35 0
1707010144512 10.59 0
1707010156615 11.48 0
1707010173962 16.72 0
1707010187415 12.84 0
1707010201072 13.04 0
1707010214610 12.92 0
1707010227887 12.5 0
1707010243537 15.04 0
1707010257129 12.97 0
1707010271193 10.17 0
1707010287169 12.04 0
1707010301326 10.17 0
1707010315608 10.18 0
1707010326385 10.17 0
1707010340953 13.95 0
1707010352226 10.65 0
1707010367611 14.77 0
1707010380961 12.73 0
1707010394701 13.12 0
1707010412538 17.22 0
1707010427003 13.69 0
1707010441446 13.83 0
1707010452975 10.92 0
1707010468619 15.03 0
1707010482541 13.3 0
1707010497373 14.23 0
1707010512534 14.55 0
1707010525037 11.89 0
1707010543865 18.06 0
1707010557167 12.68 0
1707010570961 13.18 0
1707010586150 14.58 0
1707010600599 13.84 0
1707010614906 13.7 0
1707010626105 10.58 0
1707010641047 14.33 0
1707010655423 13.76 0
1707010673509 17.31 0
1707010685907 11.78 0
1707010699533 13.01 0
1707010715382 15.23 0
1707010732418 16.42 0
1707010747059 14.02 0
1707010760543 12.86 0
1707010774605 13.46 0
1707010788734 13.52 0
1707010805284 15.94 0
1707010820377 14.47 0
1707010835830 11.46 0
1707010849561 13.11 0
1707010865557 15.39 0
1707010882614 16.45 0
1707010897834 14.6 0
1707010910789 12.2 0
1707010928135 16.72 0
1707010942147 13.39 0
1707010956675 13.91 0
1707010972626 15.34 0
1707010985309 12.07 0
1707011000837 14.92 0
1707011017106 15.65 0
1707011029217 11.49 0
1707011042184 12.34 0
1707011058098 15.3 0
1707011068885 10.17 0
1707011082234 12.72 0
1707011095604 12.74 0
1707011108823 12.6 0
1707011124283 14.83 0
1707011139277 14.38 0
1707011155149 15.25 0
1707011167917 12.14 0
1707011182920 14.38 0
1707011196408 12.87 0
1707011210257 13.23 0
1707011222888 12.0 0
1707011235808 12.28 0
1707011249345 12.92 0
1707011262295 12.17 0
1707011277617 14.7 0
1707011289191 10.95 0
1707011301440 11.62 0
1707011312758 10.7 0
1707011325933 12.55 0
1707011340958 14.41 0
1707011355405 13.82 0
1707011368330 12.15 0
1707011381328 12.37 0
1707011396939 14.99 0
1707011410987 13.42 0
1707011426115 14.5 0
1707011438710 11.97 0
1707011453986 14.65 0
1707011468123 13.51 0
1707011484115 15.37 0
1707011497647 12.91 0
1707011513836 15.56 0
1707011527179 12.72 0
1707011542640 11.57 0
1707011556783 13.51 0
1707011571253 13.84 0
1707011584400 12.52 0
1707011599044 13.87 0
1707011610528 10.85 0
1707011623729 12.58 0
1707011637869 13.52 0
1707011652060 10.18 0
1707011666234 10.17 0
1707011680557 10.18 0
1707011694783 10.18 0
1707011708959 10.18 0
1707011723190 10.18 0
1707011733993 10.17 0
1707011744987 10.37 0
1707011760296 11.01 0
1707011775007 14.09 0
1707011788075 12.44 0
1707011803725 15.03 0
1707011815587 11.26 0
1707011830934 14.76 0
1707011843382 11.86 0
1707011857738 13.76 0
1707011871181 12.85 0
1707011885085 13.31 0
1707011898780 13.11 0
1707011912468 13.1 0
1707011924940 11.88 0
1707011941960 16.42 0
1707011953797 11.25 0
1707011969010 14.62 0
1707011981255 11.65 0
1707011993871 11.87 0
1707012005140 10.67 0
1707012018462 12.72 0
1707012033103 14.05 0
1707012047543 13.84 0
1707012061517 13.38 0
1707012072568 10.45 0
1707012085863 12.7 0
1707012100390 13.92 0
1707012115466 14.32 0
1707012129519 13.44 0
1707012145135 15.01 0
1707012157269 11.53 0
1707012168310 10.43 0
1707012179563 10.65 0
1707012191925 11.76 0
1707012206934 14.4 0
1707012221284 10.18 0
1707012234702 12.8 0
1707012247742 12.43 0
1707012262425 14.08 0
1707012274115 11.08 0
1707012286443 11.71 0
1707012301192 14.14 0
1707012316046 10.77 0
1707012330564 10.18 0
1707012342602 11.42 0
1707012358772 15.58 0
1707012373144 13.77 0
1707012385093 11.36 0
1707012400413 14.72 0
1707012414954 13.95 0
1707012428193 12.64 0
1707012441787 13.0 0
1707012453239 10.67 0
1707012466343 12.5 0
1707012478829 11.88 0
1707012491274 11.84 0
1707012505515 13.63 0
1707012518363 12.25 0
1707012533462 14.49 0
1707012546404 12.34 0
1707012560615 13.6 0
1707012576269 14.9 0
1707012587294 10.42 0
1707012599764 11.86 0
1707012613534 13.16 0
1707012628037 13.89 0
1707012645530 13.57 0
1707012659939 10.17 0
1707012674353 10.17 0
1707012688546 10.18 0
1707012699325 10.17 0
1707012714419 14.49 0
1707012725204 10.18 0
1707012739350 13.54 0
1707012752547 12.59 0
1707012764914 11.76 0
1707012780278 14.75 0
1707012791796 10.91 0
1707012806576 14.17 0
1707012820662 13.48 0
1707012833629 12.36 0
1707012846363 12.13 0
1707012861037 14.06 0
1707012876020 14.37 0
1707012886898 10.27 0
1707012901969 10.86 0
1707012914524 11.94 0
1707012927767 12.64 0
1707012940394 12.02 0
1707012954359 13.35 0
1707012967160 12.2 0
1707012979399 11.63 0
1707012993665 10.17 0
1707013004640 10.37 0
1707013016885 11.64 0
1707013031118 13.63 0
1707013045831 14.1 0
1707013058283 11.83 0
1707013070383 11.49 0
1707013086061 15.07 0
1707013099507 12.84 0
1707013114701 14.59 0
1707013129127 13.82 0
1707013142958 13.22 0
1707013157087 13.53 0
1707013173338 15.65 0
1707013187209 13.26 0
1707013200507 12.69 0
1707013216385 15.27 0
1707013229472 12.48 0
1707013243764 13.69 0
1707013255942 11.57 0
1707013266720 10.17 0
1707013280448 13.12 0
1707013293876 12.82 0
1707013305002 10.52 0
1707013317489 11.88 0
1707013328747 10.65 0
1707013343899 14.54 0
1707013356588 12.08 0
1707013368788 11.6 0
1707013383200 13.81 0
1707013393999 10.17 0
1707013408570 13.96 0
1707013422331 13.15 0
1707013436519 13.58 0
1707013451782 14.65 0
1707013464663 12.12 0
1707013480112 14.84 0
1707013492098 11.37 0
1707013505507 12.8 0
1707013521595 15.48 0
1707013534073 11.87 0
1707013547261 12.57 0
1707013561218 13.35 0
1707013576842 11.34 0
1707013590277 12.82 0
1707013602607 11.72 0
1707013617224 14.01 0
1707013632587 14.75 0
1707013646089 12.88 0
1707013661417 14.71 0
1707013679070 17.03 0
1707013693999 14.3 0
1707013705814 11.02 0
1707013717568 11.12 0
1707013735790 17.6 0
1707013747946 11.54 0
1707013765385 16.82 0
1707013778356 12.35 0
1707013795634 16.66 0
1707013808482 12.23 0
1707013821327 12.22 0
1707013836829 14.72 0
1707013848795 11.34 0
1707013861118 11.7 0
1707013875215 13.48 0
1707013889687 13.85 0
1707013904028 13.72 0
1707013916646 12.0 0
1707013929848 12.58 0
1707013944214 13.74 0
1707013957653 12.82 0
1707013972006 13.73 0
1707013985574 12.95 0
1707013999678 13.48 0
1707014013573 13.27 0
1707014027753 13.56 0
1707014042421 14.04 0
1707014057317 14.27 0
1707014072311 14.22 0
1707014086671 10.18 0
1707014103613 16.32 0
1707014119617 15.27 0
1707014134346 14.11 0
1707014148537 13.56 0
1707014162927 13.77 0
1707014176464 12.92 0
1707014191977 14.74 0
1707014204539 11.94 0
1707014218958 13.8 0
1707014230653 11.07 0
1707014241445 10.17 0
1707014256656 11.15 0
1707014270908 10.18 0
