1707000316486 0.003 0
1707000344972 0.003 1
1707000355677 0.00299 2
1707000366412 0.00299 3
1707000378639 0.00299 4
1707000395556 0.00299 5
1707000406565 0.00298 6
1707000419671 0.00298 7
1707000434629 0.00298 8
1707000453373 0.00298 9
1707000465036 0.00297 10
1707000479426 0.00297 11
1707000495621 0.00297 12
1707000511948 0.00296 13
1707000528052 0.00296 14
1707000540945 0.00296 15
1707000555597 0.00296 16
1707000574884 0.00295 17
1707000589096 0.00295 18
1707000599842 0.00295 19
1707000619300 0.00295 20
1707000634195 0.00294 21
1707000648367 0.00294 22
1707000663649 0.00294 23
1707000674383 0.00294 24
1707000686060 0.00293 25
1707000701903 0.00293 26
1707000716024 0.00293 27
1707000730152 0.00292 28
1707000743081 0.00292 29
1707000761537 0.00292 30
1707000775529 0.00292 31
1707000789429 0.00291 32
1707000803546 0.00291 33
1707000817828 0.00291 34
1707000832018 0.00291 35
1707000845932 0.0029 36
1707000859872 0.0029 37
1707000874021 0.0029 38
1707000888183 0.00289 39
1707000902478 0.00289 40
1707000913287 0.00289 41
1707000924040 0.00289 42
1707000935009 0.00288 43
1707000950373 0.00288 44
1707000969663 0.00288 45
1707000984567 0.00288 46
1707000996106 0.00287 47
1707001011430 0.00287 48
1707001025614 0.00287 49
1707001038051 0.00286 50
1707001051343 0.00286 51
1707001070552 0.00286 52
1707001082606 0.00286 53
1707001102328 0.00285 54
1707001116206 0.00285 55
1707001130286 0.00285 56
1707001144386 0.00285 57
1707001155142 0.00284 58
1707001170349 0.00284 59
1707001185633 0.00284 60
1707001199724 0.00283 61
1707001213860 0.00283 62
1707001228198 0.00283 63
1707001242259 0.00283 64
1707001256368 0.00282 65
1707001270526 0.00282 66
1707001284700 0.00282 67
1707001295465 0.00282 68
1707001309592 0.00281 69
1707001323700 0.00281 70
1707001337919 0.00281 71
1707001352075 0.0028 72
1707001366064 0.0028 73
1707001380284 0.0028 74
1707001394391 0.0028 75
1707001408714 0.00279 76
1707001422944 0.00279 77
1707001437072 0.00279 78
1707001447853 0.00279 79
1707001460964 0.00278 80
1707001478054 0.00278 81
1707001492295 0.00278 82
1707001506302 0.00277 83
1707001520334 0.00277 84
1707001534675 0.00277 85
1707001548878 0.00277 86
1707001563209 0.00276 87
1707001577313 0.00276 88
1707001591419 0.00276 89
1707001605381 0.00276 90
1707001619670 0.00275 91
1707001633691 0.00275 92
1707001647968 0.00275 93
1707001662040 0.00274 94
1707001676148 0.00274 95
1707001690310 0.00274 96
1707001701053 0.00274 97
1707001715249 0.00273 98
1707001729362 0.00273 99
1707001746928 0.00273 100
1707001761024 0.00273 101
1707001775226 0.00272 102
1707001786095 0.00272 103
1707001800233 0.00272 104
1707001814481 0.00271 105
1707001825238 0.00271 106
1707001839432 0.00271 107
1707001853595 0.00271 108
1707001867707 0.0027 109
1707001881760 0.0027 110
1707001892515 0.0027 111
1707001907252 0.0027 112
1707001924743 0.00269 113
1707001942685 0.00269 114
1707001955532 0.00269 115
1707001968525 0.00268 116
1707001985107 0.00268 117
1707001999337 0.00268 118
1707002010082 0.00268 119
1707002024177 0.00267 120
1707002034923 0.00267 121
1707002049977 0.00267 122
1707002064377 0.00267 123
1707002078588 0.00266 124
1707002092690 0.00266 125
1707002103453 0.00266 126
1707002115676 0.00265 127
1707002134269 0.00265 128
1707002151718 0.00265 129
1707002165833 0.00265 130
1707002180009 0.00264 131
1707002194248 0.00264 132
1707002208403 0.00264 133
1707002219284 0.00264 134
1707002233467 0.00263 135
1707002247580 0.00263 136
1707002261685 0.00263 137
1707002275760 0.00262 138
1707002290022 0.00262 139
1707002304322 0.00262 140
1707002318466 0.00262 141
1707002329245 0.00261 142
1707002340016 0.00261 143
1707002355557 0.00261 144
1707002369894 0.00261 145
1707002386155 0.0026 146
1707002400473 0.0026 147
1707002415232 0.0026 148
1707002429351 0.00259 149
1707002446700 0.00259 150
1707002460886 0.00259 151
1707002475044 0.00259 152
1707002489275 0.00258 153
1707002503526 0.00258 154
1707002517615 0.00258 155
1707002531777 0.00258 156
1707002545933 0.00257 157
1707002560096 0.00257 158
1707002574454 0.00257 159
1707002588544 0.00256 160
1707002602600 0.00256 161
1707002616685 0.00256 162
1707002630942 0.00256 163
1707002641859 0.00255 164
1707002652626 0.00255 165
1707002663380 0.00255 166
1707002678683 0.00255 167
1707002694856 0.00254 168
1707002709155 0.00254 169
1707002723185 0.00254 170
1707002737336 0.00253 171
1707002748113 0.00253 172
1707002758883 0.00253 173
1707002769651 0.00253 174
1707002781348 0.00252 175
1707002795089 0.00252 176
1707002810093 0.00252 177
1707002825040 0.00251 178
1707002838105 0.00251 179
1707002851082 0.00251 180
1707002864192 0.00251 181
1707002880656 0.0025 182
1707002896567 0.0025 183
1707002910852 0.0025 184
1707002921758 0.0025 185
1707002934561 0.00249 186
1707002949375 0.00249 187
1707002964120 0.00249 188
1707002981768 0.00248 189
1707002992534 0.00248 190
1707003008345 0.00248 191
1707003022440 0.00248 192
1707003033204 0.00247 193
1707003047279 0.00247 194
1707003058055 0.00247 195
1707003068832 0.00247 196
1707003083069 0.00246 197
1707003102160 0.00246 198
1707003116464 0.00246 199
1707003133954 0.00245 200
1707003148142 0.00245 201
1707003162273 0.00245 202
1707003176525 0.00245 203
1707003190615 0.00244 204
1707003204766 0.00244 205
1707003215500 0.00244 206
1707003228937 0.00243 207
1707003242712 0.00243 208
1707003258413 0.00243 209
1707003275595 0.00243 210
1707003291492 0.00242 211
1707003304274 0.00242 212
1707003316552 0.00242 213
1707003330855 0.00242 214
1707003345625 0.00241 215
1707003360711 0.00241 216
1707003376370 0.00241 217
1707003390753 0.0024 218
1707003404929 0.0024 219
1707003421392 0.0024 220
1707003432115 0.0024 221
1707003445372 0.00239 222
1707003462902 0.00239 223
1707003477178 0.00239 224
1707003492946 0.00239 225
1707003507196 0.00238 226
1707003518997 0.00238 227
1707003534039 0.00238 228
1707003548192 0.00237 229
1707003561094 0.00237 230
1707003579032 0.00237 231
1707003590658 0.00237 232
1707003601603 0.00236 233
1707003613819 0.00236 234
1707003625705 0.00236 235
1707003640408 0.00235 236
1707003653554 0.00235 237
1707003670950 0.00235 238
1707003686490 0.00235 239
1707003699935 0.00234 240
1707003712582 0.00234 241
1707003725444 0.00234 242
1707003737676 0.00234 243
1707003753066 0.00233 244
1707003765616 0.00233 245
1707003781821 0.00233 246
1707003796065 0.00232 247
1707003806812 0.00232 248
1707003819318 0.00232 249
1707003834226 0.00232 250
1707003845694 0.00231 251
1707003860304 0.00231 252
1707003874056 0.00231 253
1707003896172 0.0023 254
1707003910670 0.0023 255
1707003924862 0.0023 256
1707003935606 0.0023 257
1707003951042 0.00229 258
1707003967562 0.00229 259
1707003983788 0.00229 260
1707003998046 0.00229 261
1707004008791 0.00228 262
1707004019532 0.00228 263
1707004034526 0.00228 264
1707004047254 0.00227 265
1707004063248 0.00227 266
1707004076951 0.00227 267
1707004093378 0.00227 268
1707004104266 0.00226 269
1707004117211 0.00226 270
1707004130425 0.00226 271
1707004142580 0.00225 272
1707004156931 0.00225 273
1707004175204 0.00225 274
1707004189225 0.00225 275
1707004203390 0.00224 276
1707004217530 0.00224 277
1707004231642 0.00224 278
1707004245767 0.00223 279
1707004256518 0.00223 280
1707004273192 0.00223 281
1707004283938 0.00223 282
1707004295659 0.00222 283
1707004312802 0.00222 284
1707004327003 0.00222 285
1707004341268 0.00222 286
1707004352028 0.00221 287
1707004363501 0.00221 288
1707004376743 0.00221 289
1707004390884 0.0022 290
1707004405481 0.0022 291
1707004419290 0.0022 292
1707004432358 0.0022 293
1707004445059 0.00219 294
1707004460025 0.00219 295
1707004474068 0.00219 296
1707004490178 0.00218 297
1707004500930 0.00218 298
1707004515134 0.00218 299
1707004532546 0.00218 300
1707004546801 0.00217 301
1707004557545 0.00217 302
1707004571679 0.00217 303
1707004585888 0.00217 304
1707004596635 0.00216 305
1707004609380 0.00216 306
1707004621696 0.00216 307
1707004636339 0.00215 308
1707004649630 0.00215 309
1707004663985 0.00215 310
1707004677991 0.00215 311
1707004693578 0.00214 312
1707004708499 0.00214 313
1707004723736 0.00214 314
1707004744338 0.00213 315
1707004755232 0.00213 316
1707004768119 0.00213 317
1707004784509 0.00213 318
1707004799242 0.00212 319
1707004813893 0.00212 320
1707004829021 0.00212 321
1707004843442 0.00211 322
1707004858309 0.00211 323
1707004872172 0.00211 324
1707004886901 0.00211 325
1707004897658 0.0021 326
1707004913097 0.0021 327
1707004927241 0.0021 328
1707004941384 0.00209 329
1707004957621 0.00209 330
1707004969349 0.00209 331
1707004984149 0.00209 332
1707004999702 0.00208 333
1707005011517 0.00208 334
1707005025003 0.00208 335
1707005041993 0.00208 336
1707005053820 0.00207 337
1707005067249 0.00207 338
1707005083465 0.00207 339
1707005097356 0.00206 340
1707005111528 0.00206 341
1707005127253 0.00206 342
1707005142670 0.00206 343
1707005157684 0.00205 344
1707005172915 0.00205 345
1707005187048 0.00205 346
1707005198957 0.00204 347
1707005212686 0.00204 348
1707005229191 0.00204 349
1707005246869 0.00204 350
1707005257626 0.00203 351
1707005273334 0.00203 352
1707005288198 0.00203 353
1707005300377 0.00202 354
1707005317996 0.00202 355
1707005330933 0.00202 356
1707005346323 0.00202 357
1707005361175 0.00201 358
1707005376534 0.00201 359
1707005391094 0.00201 360
1707005404783 0.002 361
1707005418712 0.002 362
1707005430919 0.002 363
1707005445019 0.002 364
1707005458621 0.00199 365
1707005473137 0.00199 366
1707005488219 0.00199 367
1707005500948 0.00199 368
1707005513479 0.00198 369
1707005529008 0.00198 370
1707005543908 0.00198 371
1707005558242 0.00197 372
1707005572570 0.00197 373
1707005587506 0.00197 374
1707005600024 0.00197 375
1707005614675 0.00196 376
1707005628834 0.00196 377
1707005643124 0.00196 378
1707005657211 0.00195 379
1707005668828 0.00195 380
1707005682584 0.00195 381
1707005694812 0.00195 382
1707005708914 0.00194 383
1707005726584 0.00194 384
1707005738418 0.00194 385
1707005749822 0.00193 386
1707005770491 0.00193 387
1707005781580 0.00193 388
1707005800442 0.00193 389
1707005811224 0.00192 390
1707005825147 0.00192 391
1707005840698 0.00192 392
1707005855308 0.00191 393
1707005870791 0.00191 394
1707005884714 0.00191 395
1707005896645 0.00191 396
1707005912410 0.0019 397
1707005926676 0.0019 398
1707005941225 0.0019 399
1707005956299 0.00189 400
1707005967065 0.00189 401
1707005982079 0.00189 402
1707005995629 0.00189 403
1707006011103 0.00188 404
1707006024752 0.00188 405
1707006036912 0.00188 406
1707006051399 0.00187 407
1707006066320 0.00187 408
1707006080639 0.00187 409
1707006091415 0.00187 410
1707006107346 0.00186 411
1707006122219 0.00186 412
1707006141762 0.00186 413
1707006152514 0.00185 414
1707006166598 0.00185 415
1707006177770 0.00185 416
1707006195722 0.00185 417
1707006207294 0.00184 418
1707006224398 0.00184 419
1707006235136 0.00184 420
1707006249565 0.00183 421
1707006267951 0.00183 422
1707006282193 0.00183 423
1707006296264 0.00183 424
1707006310417 0.00182 425
1707006321170 0.00182 426
1707006331930 0.00182 427
1707006346036 0.00181 428
1707006356927 0.00181 429
1707006369677 0.00181 430
1707006382496 0.00181 431
1707006398826 0.0018 432
1707006412547 0.0018 433
1707006427698 0.0018 434
1707006441572 0.00179 435
1707006452775 0.00179 436
1707006466978 0.00179 437
1707006478226 0.00179 438
1707006492021 0.00178 439
1707006507461 0.00178 440
1707006524030 0.00178 441
1707006535210 0.00177 442
1707006553181 0.00177 443
1707006566375 0.00177 444
1707006581267 0.00177 445
1707006595521 0.00176 446
1707006609619 0.00176 447
1707006623748 0.00176 448
1707006635460 0.00175 449
1707006652519 0.00175 450
1707006663255 0.00175 451
1707006674025 0.00175 452
1707006688431 0.00174 453
1707006703304 0.00174 454
1707006716701 0.00174 455
1707006728318 0.00173 456
1707006744483 0.00173 457
1707006756920 0.00173 458
1707006768520 0.00173 459
1707006779751 0.00172 460
1707006795341 0.00172 461
1707006809668 0.00172 462
1707006822904 0.00171 463
1707006836162 0.00171 464
1707006850663 0.00171 465
1707006863594 0.00171 466
1707006875989 0.0017 467
1707006889927 0.0017 468
1707006905384 0.0017 469
1707006919335 0.00169 470
1707006932668 0.00169 471
1707006946288 0.00169 472
1707006960252 0.00169 473
1707006976888 0.00168 474
1707006987852 0.00168 475
1707007003397 0.00168 476
1707007016079 0.00167 477
1707007030638 0.00167 478
1707007045379 0.00167 479
1707007061247 0.00167 480
1707007077801 0.00166 481
1707007093209 0.00166 482
1707007103966 0.00166 483
1707007117083 0.00165 484
1707007133552 0.00165 485
1707007144310 0.00165 486
1707007158857 0.00165 487
1707007172813 0.00164 488
1707007186117 0.00164 489
1707007203070 0.00164 490
1707007218268 0.00163 491
1707007234615 0.00163 492
1707007248781 0.00163 493
1707007259602 0.00163 494
1707007273777 0.00162 495
1707007287873 0.00162 496
1707007298627 0.00162 497
1707007309387 0.00161 498
1707007323409 0.00161 499
1707007340965 0.00161 500
1707007355189 0.0016 501
1707007365957 0.0016 502
1707007380208 0.0016 503
1707007390959 0.0016 504
1707007404617 0.00159 505
1707007419493 0.00159 506
1707007433988 0.00159 507
1707007450777 0.00158 508
1707007464264 0.00158 509
1707007477324 0.00158 510
1707007489864 0.00158 511
1707007502403 0.00157 512
1707007520442 0.00157 513
1707007537162 0.00157 514
1707007551442 0.00156 515
1707007566791 0.00156 516
1707007580939 0.00156 517
1707007591703 0.00156 518
1707007602598 0.00155 519
1707007614426 0.00155 520
1707007629489 0.00155 521
1707007642534 0.00154 522
1707007657814 0.00154 523
1707007670067 0.00154 524
1707007684621 0.00154 525
1707007698035 0.00153 526
1707007712595 0.00153 527
1707007726581 0.00153 528
1707007741050 0.00152 529
1707007758742 0.00152 530
1707007772590 0.00152 531
1707007790014 0.00151 532
1707007800772 0.00151 533
1707007812262 0.00151 534
1707007827902 0.00151 535
1707007845443 0.0015 536
1707007859686 0.0015 537
1707007870453 0.0015 538
1707007883374 0.00149 539
1707007895487 0.00149 540
1707007907210 0.00149 541
1707007920530 0.00149 542
1707007936038 0.00148 543
1707007948443 0.00148 544
1707007962813 0.00148 545
1707007975837 0.00147 546
1707007989993 0.00147 547
1707008001908 0.00147 548
1707008016468 0.00147 549
1707008031417 0.00146 550
1707008043213 0.00146 551
1707008059258 0.00146 552
1707008074515 0.00145 553
1707008087046 0.00145 554
1707008100694 0.00145 555
1707008117073 0.00144 556
1707008132696 0.00144 557
1707008146382 0.00144 558
1707008161835 0.00144 559
1707008176111 0.00143 560
1707008190575 0.00143 561
1707008201839 0.00143 562
1707008213401 0.00142 563
1707008226875 0.00142 564
1707008238416 0.00142 565
1707008249619 0.00142 566
1707008263228 0.00141 567
1707008279762 0.00141 568
1707008293407 0.00141 569
1707008305478 0.0014 570
1707008317614 0.0014 571
1707008335454 0.0014 572
1707008350417 0.00139 573
1707008361189 0.00139 574
1707008372910 0.00139 575
1707008386566 0.00139 576
1707008399226 0.00138 577
1707008412675 0.00138 578
1707008426720 0.00138 579
1707008445731 0.00137 580
1707008460078 0.00137 581
1707008470853 0.00137 582
1707008481633 0.00137 583
1707008492418 0.00136 584
1707008506882 0.00136 585
1707008522477 0.00136 586
1707008535396 0.00135 587
1707008553405 0.00135 588
1707008567255 0.00135 589
1707008579733 0.00134 590
1707008591226 0.00134 591
1707008605987 0.00134 592
1707008620689 0.00134 593
1707008636844 0.00133 594
1707008651497 0.00133 595
1707008663911 0.00133 596
1707008680148 0.00132 597
1707008697164 0.00132 598
1707008713142 0.00132 599
1707008730733 0.00132 600
1707008741514 0.00131 601
1707008752290 0.00131 602
1707008764868 0.00131 603
1707008777927 0.0013 604
1707008791352 0.0013 605
1707008804291 0.0013 606
1707008816619 0.00129 607
1707008831034 0.00129 608
1707008846134 0.00129 609
1707008857505 0.00129 610
1707008874095 0.00128 611
1707008888432 0.00128 612
1707008901743 0.00128 613
1707008913332 0.00127 614
1707008927454 0.00127 615
1707008942959 0.00127 616
1707008957406 0.00126 617
1707008972143 0.00126 618
1707008983913 0.00126 619
1707009001537 0.00126 620
1707009012535 0.00125 621
1707009026744 0.00125 622
1707009038627 0.00125 623
1707009050997 0.00124 624
1707009065032 0.00124 625
1707009077335 0.00124 626
1707009093041 0.00123 627
1707009106424 0.00123 628
1707009120543 0.00123 629
1707009137549 0.00123 630
1707009151804 0.00122 631
1707009162956 0.00122 632
1707009178999 0.00122 633
1707009194202 0.00121 634
1707009208396 0.00121 635
1707009219174 0.00121 636
1707009234127 0.00121 637
1707009251612 0.0012 638
1707009265888 0.0012 639
1707009280170 0.0012 640
1707009290950 0.00119 641
1707009301716 0.00119 642
1707009312490 0.00119 643
1707009328263 0.00118 644
1707009340916 0.00118 645
1707009355239 0.00118 646
1707009368595 0.00118 647
1707009383456 0.00117 648
1707009397835 0.00117 649
1707009416665 0.00117 650
1707009427443 0.00116 651
1707009442635 0.00116 652
1707009454662 0.00116 653
1707009468111 0.00115 654
1707009483181 0.00115 655
1707009495720 0.00115 656
1707009508888 0.00115 657
1707009526012 0.00114 658
1707009540078 0.00114 659
1707009557571 0.00114 660
1707009569139 0.00113 661
1707009580753 0.00113 662
1707009599867 0.00113 663
1707009611987 0.00112 664
1707009629675 0.00112 665
1707009643768 0.00112 666
1707009654541 0.00112 667
1707009668035 0.00111 668
1707009678823 0.00111 669
1707009693104 0.00111 670
1707009706886 0.0011 671
1707009718895 0.0011 672
1707009734817 0.0011 673
1707009747774 0.00109 674
1707009759474 0.00109 675
1707009774543 0.00109 676
1707009786388 0.00108 677
1707009799024 0.00108 678
1707009815129 0.00108 679
1707009828413 0.00108 680
1707009840496 0.00107 681
1707009853862 0.00107 682
1707009867936 0.00107 683
1707009883974 0.00106 684
1707009899076 0.00106 685
1707009913119 0.00106 686
1707009924853 0.00105 687
1707009935635 0.00105 688
1707009948498 0.00105 689
1707009962234 0.00105 690
1707009977163 0.00104 691
1707009991464 0.00104 692
1707010003773 0.00104 693
1707010017200 0.00103 694
1707010034118 0.00103 695
1707010048895 0.00103 696
1707010061815 0.00102 697
1707010077169 0.00102 698
1707010092868 0.00102 699
1707010109160 0.00102 700
1707010119954 0.00101 701
1707010133922 0.00101 702
1707010145130 0.00101 703
1707010157236 0.001 704
1707010174577 0.001 705
1707010188029 0.001 706
1707010201687 0.00099 707
1707010215382 0.00099 708
1707010228498 0.00099 709
1707010244156 0.00098 710
1707010261021 0.00098 711
1707010275129 0.00098 712
1707010291149 0.00098 713
1707010305424 0.00097 714
1707010316214 0.00097 715
1707010327000 0.00097 716
1707010341573 0.00096 717
1707010352841 0.00096 718
1707010368225 0.00096 719
1707010381578 0.00095 720
1707010395310 0.00095 721
1707010413308 0.00095 722
1707010427609 0.00094 723
1707010442050 0.00094 724
1707010453586 0.00094 725
1707010469241 0.00094 726
1707010483144 0.00093 727
1707010497982 0.00093 728
1707010513144 0.00093 729
1707010525803 0.00092 730
1707010544482 0.00092 731
1707010557779 0.00092 732
1707010571567 0.00091 733
1707010586760 0.00091 734
1707010601204 0.00091 735
1707010615517 0.0009 736
1707010626715 0.0009 737
1707010641663 0.0009 738
1707010656196 0.0009 739
1707010674121 0.00089 740
1707010686523 0.00089 741
1707010700152 0.00089 742
1707010715995 0.00088 743
1707010733033 0.00088 744
1707010747678 0.00088 745
1707010761147 0.00087 746
1707010775215 0.00087 747
1707010789342 0.00087 748
1707010805900 0.00086 749
1707010824369 0.00086 750
1707010836444 0.00086 751
1707010850166 0.00086 752
1707010866165 0.00085 753
1707010883228 0.00085 754
1707010898586 0.00085 755
1707010911407 0.00084 756
1707010928753 0.00084 757
1707010942761 0.00084 758
1707010957282 0.00083 759
1707010973233 0.00083 760
1707010985914 0.00083 761
1707011001448 0.00082 762
1707011017721 0.00082 763
1707011029839 0.00082 764
1707011042798 0.00081 765
1707011058713 0.00081 766
1707011069506 0.00081 767
1707011082856 0.00081 768
1707011096223 0.0008 769
1707011109446 0.0008 770
1707011124898 0.0008 771
1707011139895 0.00079 772
1707011155770 0.00079 773
1707011168532 0.00079 774
1707011183539 0.00078 775
1707011197023 0.00078 776
1707011210880 0.00078 777
1707011223526 0.00077 778
1707011236426 0.00077 779
1707011250127 0.00077 780
1707011262916 0.00076 781
1707011278238 0.00076 782
1707011289815 0.00076 783
1707011302058 0.00076 784
1707011313377 0.00075 785
1707011326548 0.00075 786
1707011341580 0.00075 787
1707011356179 0.00074 788
1707011368954 0.00074 789
1707011381949 0.00074 790
1707011397559 0.00073 791
1707011411612 0.00073 792
1707011426736 0.00073 793
1707011439330 0.00072 794
1707011454613 0.00072 795
1707011468740 0.00072 796
1707011484737 0.00071 797
1707011498275 0.00071 798
1707011514453 0.00071 799
1707011531068 0.0007 800
1707011543271 0.0007 801
1707011557406 0.0007 802
1707011571880 0.0007 803
1707011585167 0.00069 804
1707011599679 0.00069 805
1707011611147 0.00069 806
1707011624348 0.00068 807
1707011641879 0.00068 808
1707011656060 0.00068 809
1707011670371 0.00067 810
1707011684596 0.00067 811
1707011698775 0.00067 812
1707011713006 0.00066 813
1707011723815 0.00066 814
1707011734613 0.00066 815
1707011749279 0.00065 816
1707011760919 0.00065 817
1707011775628 0.00065 818
1707011788697 0.00064 819
1707011804319 0.00064 820
1707011816175 0.00064 821
1707011831522 0.00063 822
1707011843974 0.00063 823
1707011858331 0.00063 824
1707011871771 0.00062 825
1707011885668 0.00062 826
1707011899367 0.00062 827
1707011913057 0.00062 828
1707011925534 0.00061 829
1707011942544 0.00061 830
1707011954387 0.00061 831
1707011969600 0.0006 832
1707011982000 0.0006 833
1707011994464 0.0006 834
1707012005738 0.00059 835
1707012019050 0.00059 836
1707012033702 0.00059 837
1707012048131 0.00058 838
1707012062112 0.00058 839
1707012073160 0.00058 840
1707012086467 0.00057 841
1707012101147 0.00057 842
1707012116075 0.00057 843
1707012130117 0.00056 844
1707012145735 0.00056 845
1707012157876 0.00056 846
1707012168909 0.00055 847
1707012180167 0.00055 848
1707012192530 0.00055 849
1707012211103 0.00054 850
1707012221897 0.00054 851
1707012235306 0.00054 852
1707012248346 0.00053 853
1707012263031 0.00053 854
1707012274726 0.00053 855
1707012287043 0.00052 856
1707012305268 0.00052 857
1707012320383 0.00052 858
1707012331175 0.00051 859
1707012343193 0.00051 860
1707012359373 0.00051 861
1707012373733 0.0005 862
1707012385687 0.0005 863
1707012401003 0.0005 864
1707012415548 0.00049 865
1707012428785 0.00049 866
1707012442561 0.00049 867
1707012453839 0.00048 868
1707012466944 0.00048 869
1707012479427 0.00048 870
1707012491882 0.00047 871
1707012506114 0.00047 872
1707012518965 0.00047 873
1707012534061 0.00047 874
1707012547008 0.00046 875
1707012561369 0.00046 876
1707012576872 0.00046 877
1707012587904 0.00045 878
1707012600371 0.00045 879
1707012614140 0.00045 880
1707012631960 0.00044 881
1707012649764 0.00044 882
1707012664177 0.00043 883
1707012678364 0.00043 884
1707012689148 0.00043 885
1707012699922 0.00042 886
1707012715022 0.00042 887
1707012725809 0.00042 888
1707012739958 0.00041 889
1707012753148 0.00041 890
1707012765520 0.00041 891
1707012780879 0.0004 892
1707012792398 0.0004 893
1707012807178 0.0004 894
1707012821266 0.00039 895
1707012834233 0.00039 896
1707012846972 0.00039 897
1707012861643 0.00038 898
1707012876626 0.00038 899
1707012891102 0.00038 900
1707012902580 0.00037 901
1707012915125 0.00037 902
1707012928371 0.00037 903
1707012941004 0.00036 904
1707012954960 0.00036 905
1707012967767 0.00036 906
1707012983490 0.00035 907
1707012994271 0.00035 908
1707013005244 0.00035 909
1707013017490 0.00034 910
1707013031725 0.00034 911
1707013046446 0.00034 912
1707013058886 0.00033 913
1707013070985 0.00033 914
1707013086664 0.00033 915
1707013100109 0.00032 916
1707013115303 0.00032 917
1707013129732 0.00032 918
1707013143557 0.00031 919
1707013157688 0.00031 920
1707013173943 0.00031 921
1707013187809 0.0003 922
1707013201116 0.0003 923
1707013216988 0.0003 924
1707013230075 0.00029 925
1707013244364 0.00029 926
1707013256550 0.00028 927
1707013267328 0.00028 928
1707013281049 0.00028 929
1707013294484 0.00027 930
1707013305608 0.00027 931
1707013318092 0.00027 932
1707013329355 0.00026 933
1707013344504 0.00026 934
1707013357190 0.00026 935
1707013369390 0.00025 936
1707013383823 0.00025 937
1707013394606 0.00025 938
1707013409173 0.00024 939
1707013422936 0.00024 940
1707013437129 0.00023 941
1707013452536 0.00023 942
1707013465269 0.00023 943
1707013480720 0.00022 944
1707013492700 0.00022 945
1707013506115 0.00022 946
1707013522197 0.00021 947
1707013534683 0.00021 948
1707013547867 0.00021 949
1707013565495 0.0002 950
1707013577458 0.0002 951
1707013590885 0.0002 952
1707013603214 0.00019 953
1707013617838 0.00019 954
1707013633209 0.00018 955
1707013646703 0.00018 956
1707013662034 0.00018 957
1707013679694 0.00017 958
1707013694786 0.00017 959
1707013706442 0.00017 960
1707013718190 0.00016 961
1707013736406 0.00016 962
1707013748563 0.00015 963
1707013765998 0.00015 964
1707013778971 0.00015 965
1707013796252 0.00014 966
1707013809106 0.00014 967
1707013822105 0.00014 968
1707013837451 0.00013 969
1707013849417 0.00013 970
1707013861735 0.00012 971
1707013875834 0.00012 972
1707013890303 0.00012 973
1707013904646 0.00011 974
1707013917268 0.00011 975
1707013930468 0.0001 976
1707013944831 0.0001 977
1707013958276 0.0001 978
1707013972625 9e-05 979
1707013986191 9e-05 980
1707014000304 8e-05 981
1707014014194 8e-05 982
1707014028374 8e-05 983
1707014043042 7e-05 984
1707014058089 7e-05 985
1707014076489 6e-05 986
1707014087287 6e-05 987
1707014104339 6e-05 988
1707014120235 5e-05 989
1707014134974 5e-05 990
1707014149150 4e-05 991
1707014163540 4e-05 992
1707014177235 3e-05 993
1707014192599 3e-05 994
1707014205154 3e-05 995
1707014219578 2e-05 996
1707014231276 2e-05 997
1707014245502 1e-05 998
1707014260727 1e-05 999
