1716418436198 1033.36 0
1716419229840 788.81 0
1716420025094 757.66 0
1716420847439 805.03 0
1716421688728 828.24 0
1716422482564 766.42 0
1716423309068 785.92 0
1716424123509 789.84 0
1716424892814 744.27 0
1716425711299 802.14 0
1716426537452 796.39 0
1716427363056 806.03 0
1716428189051 823.37 0
1716428995692 789.28 0
1716429825792 805.44 0
1716430620757 790.18 0
1716431399548 749.55 0
1716432230683 827.38 0
1716433023519 765.0 0
1716433842384 790.74 0
1716434638711 790.41 0
1716435484204 795.58 0
1716436323103 828.89 0
1716437136663 780.63 0
1716437897562 733.67 0
1716438707667 805.05 0
1716439512396 793.77 0
1716440316967 802.18 0
1716441134816 815.17 0
1716441916001 777.82 0
1716442727427 808.31 0
1716443474213 741.95 0
1716444303079 824.0 0
1716445093865 787.76 0
1716445860722 764.12 0
1716446662610 797.81 0
1716447480560 814.83 0
