1716417401567 0.002 0
1716418441021 0.002 1
1716419266028 0.002 2
1716420042326 0.002 3
1716420860470 0.00199 4
1716421716096 0.00199 5
1716422520839 0.00199 6
1716423333517 0.00199 7
1716424148310 0.00199 8
1716424908257 0.00199 9
1716425740572 0.00198 10
1716426555913 0.00198 11
1716427365331 0.00198 12
1716428205503 0.00198 13
1716429020302 0.00198 14
1716429828242 0.00197 15
1716430647508 0.00197 16
1716431403197 0.00197 17
1716432258256 0.00197 18
1716433049696 0.00197 19
1716433847012 0.00197 20
1716434688614 0.00196 21
1716435493299 0.00196 22
1716436353637 0.00196 23
1716437162472 0.00196 24
1716437900298 0.00196 25
1716438717820 0.00195 26
1716439514742 0.00195 27
1716440319629 0.00195 28
1716441137179 0.00195 29
1716441918508 0.00195 30
1716442729838 0.00195 31
1716443478871 0.00194 32
1716444305631 0.00194 33
1716445096587 0.00194 34
1716445863888 0.00194 35
1716446665098 0.00194 36
1716447484649 0.00194 37
