1711219592519 0.023008000831826 0
1711219604572 0.03649300708647319 1
1711219616689 0.029890129592693934 2
1711219628723 0.023053339668283577 3
1711219632066 0.036916976196453385 4
1711219644009 0.035728466944003064 5
1711219655607 0.04710110861326071 6
1711219666915 0.0148083826117982 7
1711219670384 0.03201803815523087 8
1711219673735 0.04857850790498759 9
1711219685610 0.020126417210666898 10
1711219688970 0.035285066978974995 11
1711219692306 0.031543054719976475 12
1711219695652 0.02387850380105601 13
1711219698999 0.020555268916496706 14
1711219702356 0.03756609488032773 15
1711219705739 0.016311321490818133 16
1711219709104 0.046874243557377536 17
1711219712459 0.035193563252205934 18
1711219723611 0.03793560730139052 19
1711219734812 0.0370518052485719 20
1711219746137 0.016277386655867195 21
1711219749469 0.022727053641275766 22
1711219752929 0.020534447447995655 23
1711219756266 0.033910652782824145 24
1711219759610 0.03824026373341013 25
1711219762957 0.052130136788359135 26
1711219773967 0.025080479484312447 27
1711219777311 0.029701200971208777 28
1711219780660 0.0494617092459447 29
1711219791866 0.028519967570566237 30
1711219795224 0.04982119435303423 31
1711219806654 0.03353098840556322 32
1711219810001 0.018537670918689655 33
1711219813362 0.033040750285406956 34
1711219816724 0.028968585944332305 35
1711219820084 0.022928338220097766 36
1711219823444 0.03776059501198465 37
1711219826799 0.04501534046396264 38
1711219830156 0.03675660311212158 39
1711219833550 0.0490941469921793 40
1711219845132 0.0437531034488864 41
1711219856614 0.00698167135763353 42
1711219859950 0.03952930030172755 43
1711219863295 0.05837315452766604 44
1711219875071 0.03568098302874238 45
1711219878405 0.05032044491327014 46
1711219889828 0.04189107162089573 47
1711219902024 0.050142859019508115 48
1711219914357 0.045821646709245614 49
1711219927105 0.01575305759361524 50
1711219930447 0.052397113217882776 51
1711219933776 0.05132192963516819 52
1711219945897 0.015479359409005385 53
1711219949360 0.04197147790254771 54
1711219952729 0.051678951569892766 55
1711219956133 0.02929325986223487 56
1711219959569 0.06629492289167453 57
1711219971625 0.05368885398893131 58
1711219983763 0.04410645228800828 59
1711219995824 0.04633248708696637 60
1711220007298 0.04728859439226556 61
1711220019483 0.05000861914730292 62
1711220031588 0.02673794909075466 63
1711220034928 0.049966989776600496 64
1711220038271 0.05746207912251321 65
1711220050243 0.04885400136167599 66
1711220061919 0.040463011328899665 67
1711220065412 0.043961471830186546 68
1711220068781 0.05279817020464368 69
1711220081196 0.050913950359604006 70
1711220093267 0.06701380882887056 71
1711220104969 0.019502273621529044 72
1711220108325 0.020174136304074133 73
1711220111682 0.04683064886159579 74
1711220115061 0.05816633843872455 75
1711220118428 0.03767305962020851 76
1711220121785 0.04410002370142009 77
1711220125150 0.054407077112564574 78
1711220128521 0.03262648087716754 79
1711220131886 0.039775946232114015 80
1711220135246 0.06693615718642489 81
1711220138610 0.04372562741696367 82
1711220141944 0.06173292602032808 83
1711220145306 0.050031389186920024 84
1711220148645 0.055050262458994144 85
1711220160431 0.02448900977898766 86
1711220163782 0.021353096026262435 87
1711220167116 0.039795168569644754 88
1711220170461 0.06789826268979214 89
1711220173804 0.019481861591498444 90
1711220177143 0.03987704347783711 91
1711220180483 0.05988589036138892 92
1711220183882 0.0631661152370603 93
1711220187375 0.05234175798446461 94
1711220190720 0.06008735012294299 95
1711220194058 0.043599386015159815 96
1711220197406 0.03515655552855517 97
1711220200759 0.05337332728993801 98
1711220204109 0.05254301066415002 99
1711220216104 0.05387526325654565 100
1711220228193 0.05096816579887742 101
1711220239995 0.007493375789828898 102
1711220243351 0.06027492745677462 103
1711220246711 0.04808900814106347 104
1711220250064 0.05108473301790131 105
1711220253425 0.04937871240007603 106
1711220256777 0.06877244846933216 107
1711220268208 0.040225404623962985 108
1711220271560 0.034308982054902765 109
1711220275062 0.03036131970278105 110
1711220278413 0.0545057325527764 111
1711220281769 0.04877439575971031 112
1711220285122 0.06441475538584045 113
1711220288485 0.06279740174805966 114
1711220299734 0.05643793780349603 115
1711220311127 0.059763164614799566 116
1711220322489 0.06587040575133332 117
1711220333855 0.05689235546117765 118
1711220345483 0.09256956896533551 119
1711220356679 0.06913201897148219 120
1711220367888 0.06611842404950155 121
1711220379309 0.06733463604071246 122
1711220390566 0.048971654537232054 123
1711220393919 0.07711976966899689 124
1711220405886 0.10870995374520301 125
1711220417810 0.09700463186128164 126
1711220429741 0.06127786047677121 127
1711220433097 0.06553535286111747 128
1711220436459 0.06378939474528302 129
1711220439847 0.055078154925856736 130
1711220443200 0.03882134807054094 131
1711220446561 0.05237304891991472 132
1711220449916 0.07733509417983285 133
1711220453264 0.05412195132602287 134
1711220456631 0.09279664977298092 135
1711220459989 0.07445984741256716 136
1711220463356 0.07080236655870396 137
1711220466710 0.05275192874100357 138
1711220470109 0.052200683006606595 139
1711220473468 0.05606451790591294 140
1711220476832 0.053358867354659716 141
1711220480195 0.03363426416729179 142
1711220483556 0.07606429822873505 143
1711220486924 0.07603059075719913 144
1711220490287 0.09421950846439656 145
1711220493655 0.08157175643437846 146
1711220497015 0.10913942607741166 147
1711220509213 0.09668833870922192 148
1711220521235 0.07885039205938976 149
1711220541927 0.0995119975249698 150
1711220553976 0.10087743435161663 151
1711220565220 0.09329633487127481 152
1711220576850 0.09885476416543026 153
1711220588028 0.1056208148327802 154
1711220599393 0.08940497292634474 155
1711220610594 0.0775409376695262 156
1711220613959 0.09629992748393076 157
1711220625212 0.07352492945920867 158
1711220628709 0.09445104770777733 159
1711220632084 0.08716587923422212 160
1711220635460 0.11189884136645731 161
1711220646649 0.07420945721108695 162
1711220650017 0.1191519634058745 163
1711220661217 0.12691894049207855 164
1711220672666 0.09241830026608935 165
1711220676153 0.10491273550017985 166
1711220687508 0.10728278762046702 167
1711220699022 0.071973653300057 168
1711220702388 0.08684118026310667 169
1711220705755 0.08783729195289615 170
1711220709116 0.09585626574676802 171
1711220712478 0.11382583315491808 172
1711220715842 0.06954494001986075 173
1711220719347 0.11207955926009308 174
1711220722713 0.09542309860488658 175
1711220726078 0.11985523033663908 176
1711220737518 0.1322926542484921 177
1711220749317 0.10794803852702645 178
1711220761349 0.1209934954869259 179
1711220773516 0.1265409886633106 180
1711220785407 0.13065248535240565 181
1711220797473 0.036448038703116165 182
1711220800828 0.09693002842470201 183
1711220804189 0.13310554407426542 184
1711220807558 0.08190726352552608 185
1711220810924 0.1343123439998652 186
1711220814281 0.1307315466213899 187
1711220817769 0.12321456243092249 188
1711220829096 0.14882837299044824 189
1711220840837 0.15290133685174537 190
1711220852162 0.16656607416176472 191
1711220863378 0.15137834701691133 192
1711220874722 0.10736398242884117 193
1711220878101 0.17558932166140312 194
1711220889206 0.13652138244665418 195
1711220900416 0.17659347236046147 196
1711220911825 0.1326276492983435 197
1711220915197 0.143749968807894 198
1711220926593 0.1406293829818468 199
1711220946881 0.15097395182978296 200
1711220958762 0.16157692509375748 201
1711220970791 0.11740538264706579 202
1711220974154 0.1336685949264767 203
1711220977520 0.1756238238667686 204
1711220989553 0.18693505234431063 205
1711221001488 0.1626951263070464 206
1711221013501 0.15240862003765437 207
1711221025516 0.162031832540757 208
1711221037581 0.17451571317311435 209
1711221048957 0.13779939690089682 210
1711221052302 0.1969791482386931 211
1711221063649 0.15661297034510518 212
1711221074984 0.07460063025734703 213
1711221078334 0.15519981814444206 214
1711221081679 0.1332749976031734 215
1711221085023 0.15346392796983996 216
1711221088372 0.14201960018235676 217
1711221091853 0.16418596348808695 218
1711221095202 0.17175207374168167 219
1711221098553 0.15490817041204152 220
1711221101904 0.1467460569549227 221
1711221105246 0.15212363008403057 222
1711221108590 0.11400811590004653 223
1711221111941 0.1808739027863246 224
1711221115293 0.1719071158812338 225
1711221118639 0.18518328944890636 226
1711221129890 0.1571861933682093 227
1711221141145 0.16944392227077304 228
1711221152308 0.15290035884790304 229
1711221155658 0.1689053932191462 230
1711221166851 0.15588917177154857 231
1711221170188 0.11079093727469908 232
1711221173537 0.10680871797162166 233
1711221177019 0.13853966129945267 234
1711221180368 0.15444366348656258 235
1711221183715 0.1321727930115609 236
1711221187063 0.156446649631487 237
1711221190410 0.15968737588786322 238
1711221193763 0.2047409476862995 239
1711221197111 0.15075955287031123 240
1711221200458 0.16105479696581387 241
1711221203801 0.16850356148757878 242
1711221207291 0.2189439322607263 243
1711221219073 0.19206190587267102 244
1711221231053 0.1964524198870938 245
1711221243053 0.19307498477267482 246
1711221255109 0.10610633241696059 247
1711221258458 0.22918793554260902 248
1711221261801 0.19851382694292777 249
1711221282510 0.17682602277293807 250
1711221294456 0.18893343446933789 251
1711221306469 0.09244927958126008 252
1711221309818 0.169033951719991 253
1711221313170 0.20303750220830466 254
1711221316513 0.14926766477966463 255
1711221319985 0.20406415077477208 256
1711221323330 0.16328539607388878 257
1711221326676 0.18675039165004986 258
1711221330024 0.24118517358498065 259
1711221341453 0.18292675868028827 260
1711221353716 0.22349440779632165 261
1711221365897 0.19193615835750058 262
1711221377872 0.2488065139916341 263
1711221389411 0.24244474722038145 264
1711221401481 0.17253976612780983 265
1711221404838 0.1052491462609541 266
1711221408192 0.13065872582933544 267
1711221411540 0.19009942666489663 268
1711221414894 0.20076805035838013 269
1711221418377 0.1901810147986181 270
1711221421732 0.2653985700681443 271
1711221425089 0.18451681800898492 272
1711221428435 0.2067687614003385 273
1711221431790 0.24494083568151476 274
1711221443940 0.17509646994289602 275
1711221447291 0.20533784340667788 276
1711221450635 0.15967140936466387 277
1711221453981 0.18155483458088403 278
1711221457499 0.23462850521151968 279
1711221460847 0.20395201933099338 280
1711221464190 0.24429780847665758 281
1711221476005 0.19851090440915334 282
1711221479365 0.22290170047808575 283
1711221491099 0.23911022570178836 284
1711221503231 0.1613415234316619 285
1711221506715 0.21363641451694035 286
1711221510080 0.11303032055327088 287
1711221513438 0.26301443789823786 288
1711221516804 0.1839475884577939 289
1711221520163 0.25484835574517556 290
1711221523524 0.2795659734101271 291
1711221535539 0.25683097377723973 292
1711221547034 0.22191310457840424 293
1711221559047 0.21089470462987417 294
1711221562406 0.2669805832906442 295
1711221574647 0.2552523710646969 296
1711221586956 0.22633427644134418 297
1711221598242 0.2471081461209953 298
1711221610418 0.2755397842416783 299
1711221631142 0.11077909052000924 300
1711221634498 0.23531505799658176 301
1711221637857 0.23680171501299307 302
1711221641210 0.2364092625881536 303
1711221644564 0.28839050016868534 304
1711221647920 0.22219563977890394 305
1711221651284 0.2772659077041015 306
1711221662744 0.25172384486454036 307
1711221673793 0.23299048524549593 308
1711221677153 0.2856267527905288 309
1711221688677 0.19032309765567537 310
1711221692033 0.2253963737331238 311
1711221695393 0.2713646565077845 312
1711221698756 0.24073468699290201 313
1711221702241 0.24154089239681403 314
1711221705601 0.16093933089186313 315
1711221708972 0.26065404087790467 316
1711221712337 0.17979495998684494 317
1711221715695 0.2735478171159454 318
1711221719059 0.27095942516400434 319
1711221722418 0.13788021296422429 320
1711221725770 0.23133846089834562 321
1711221729131 0.22152656785571745 322
1711221732555 0.28803942761825074 323
1711221735905 0.2902060261544646 324
1711221739274 0.19254225149771223 325
1711221742635 0.2573209810734033 326
1711221745991 0.2182764366348695 327
1711221749346 0.2429782276853415 328
1711221752710 0.2530200582873938 329
1711221756070 0.20172211572866094 330
1711221759432 0.2738981959930362 331
1711221762790 0.26650243929522655 332
1711221766290 0.2806126337819772 333
1711221777757 0.28757121162329924 334
1711221789060 0.20877646669388034 335
1711221792429 0.30407183323987386 336
1711221804255 0.1730831230288132 337
1711221807617 0.24736117217127068 338
1711221811018 0.302480373778088 339
1711221814391 0.18882062740605854 340
1711221817765 0.2403598699547545 341
1711221821132 0.27002873854351256 342
1711221824509 0.27280807962859205 343
1711221827886 0.25843835423290407 344
1711221831252 0.21232804273435607 345
1711221834619 0.2234846883900382 346
1711221837988 0.25301873448043305 347
1711221841388 0.2777758318168578 348
1711221844770 0.29174387197794566 349
1711221863883 0.2062013486769026 350
1711221867253 0.31575940212188885 351
1711221878502 0.3138606178326017 352
1711221889892 0.2728503951685503 353
1711221901979 0.26065267010128623 354
1711221905351 0.2982381815061205 355
1711221917570 0.29590616274532777 356
1711221929625 0.2969540129330042 357
1711221941497 0.27611359709398686 358
1711221953714 0.319087406377974 359
1711221965819 0.27473200486218635 360
1711221969194 0.23412625656372746 361
1711221972569 0.31947313186802856 362
1711221984683 0.36001048193598295 363
1711221996481 0.36916760543984556 364
1711222008155 0.21853226322416835 365
1711222011521 0.17852313875717973 366
1711222014889 0.32061377660685914 367
1711222018257 0.27631780307127973 368
1711222021629 0.2903636473369908 369
1711222024996 0.1970283190647746 370
1711222028368 0.29213648680656823 371
1711222031740 0.26148369416953166 372
1711222035101 0.2791647343375722 373
1711222038499 0.3217227898693894 374
1711222041867 0.20848528722867574 375
1711222045235 0.28640129470443465 376
1711222048604 0.30245986409264813 377
1711222051977 0.35356292945171636 378
1711222055355 0.3827123861887689 379
1711222066415 0.20780448493811324 380
1711222069797 0.2968160388207711 381
1711222073186 0.31082299621485493 382
1711222076703 0.3944399094041786 383
1711222088340 0.3151150874564045 384
1711222099525 0.3362095403372891 385
1711222110853 0.3177194989017123 386
1711222122859 0.29006654156130257 387
1711222126366 0.33047027890754543 388
1711222138371 0.3738120799693364 389
1711222150289 0.2682750086881965 390
1711222153667 0.26578441555724386 391
1711222157059 0.3236805818023344 392
1711222160441 0.30804450303390163 393
1711222163820 0.3398721972445426 394
1711222167202 0.31670978431920765 395
1711222170720 0.3459414766475578 396
1711222182778 0.2524535220745148 397
1711222186160 0.4010171018298859 398
1711222198278 0.36881702256596127 399
1711222219195 0.3805918852403653 400
1711222231107 0.3172872916493982 401
1711222234481 0.34782187754636673 402
1711222245977 0.43942089372529136 403
1711222257493 0.4209830727285539 404
1711222269026 0.3285012733315307 405
1711222272396 0.34595201905091477 406
1711222275796 0.3447443414592391 407
1711222279175 0.31787991089169143 408
1711222282552 0.35808802031476855 409
1711222285922 0.2977751034616712 410
1711222289262 0.33838604288823293 411
1711222292610 0.32233506229416276 412
1711222295951 0.3389494325787305 413
1711222299256 0.3366587961785796 414
1711222302606 0.33970915741213087 415
1711222305949 0.3532855429746418 416
1711222309432 0.40762509908795075 417
1711222312775 0.34592866329274 418
1711222316113 0.4353074347954206 419
1711222327629 0.3466899426988124 420
1711222330967 0.21541343586738193 421
1711222334314 0.3932761359455061 422
1711222337656 0.4104691844736225 423
1711222341004 0.3804446908583807 424
1711222344361 0.34206385814820595 425
1711222347840 0.32974605752927777 426
1711222351185 0.3443451252349906 427
1711222354529 0.23903843325666654 428
1711222357876 0.3231179282518789 429
1711222361225 0.3904663422221622 430
1711222364567 0.21043737069152751 431
1711222367924 0.3646477610964102 432
1711222371258 0.3756244071084523 433
1711222374604 0.34284321953477065 434
1711222378091 0.36418942571132723 435
1711222381437 0.34301127596064684 436
1711222384786 0.43260120860423174 437
1711222388130 0.3231318745048195 438
1711222391479 0.32979724958126444 439
1711222394821 0.40004520648258696 440
1711222398171 0.3009593338295974 441
1711222401518 0.3100132485752427 442
1711222404869 0.2936080299773466 443
1711222408219 0.30722073332247685 444
1711222411633 0.3808079078148463 445
1711222414975 0.37481918619568433 446
1711222418318 0.5031978074610624 447
1711222429531 0.28323531384044254 448
1711222432876 0.36273384052530616 449
1711222444098 0.37901576302104023 450
1711222447441 0.2594292016846403 451
1711222450783 0.3976692341124376 452
1711222454156 0.3312013772046761 453
1711222457507 0.33602213934899566 454
1711222460854 0.41264746426825977 455
1711222464204 0.3575818035788181 456
1711222467554 0.315041068287775 457
1711222470895 0.37970321219927067 458
1711222474234 0.39844738467299623 459
1711222477582 0.433365365917021 460
1711222488782 0.4508161056682158 461
1711222499981 0.36888900555529897 462
1711222503332 0.35215162458556887 463
1711222506681 0.3391073359767974 464
1711222510017 0.44721022355740564 465
1711222521330 0.33791167787944415 466
1711222524672 0.3631333758209869 467
1711222528020 0.3571584830261538 468
1711222531369 0.3700848784601255 469
1711222534749 0.3141422649802055 470
1711222538100 0.30164604883642876 471
1711222541449 0.4635152689012454 472
1711222544799 0.45556998450730507 473
1711222556496 0.34979511962138293 474
1711222559846 0.38703514069026307 475
1711222563193 0.3776715235844309 476
1711222566536 0.4453918348900769 477
1711222578646 0.35024657764251593 478
1711222582004 0.4329653969715747 479
1711222594199 0.4147355687961637 480
1711222606150 0.3622274477765838 481
1711222609507 0.31774087631695075 482
1711222612872 0.3572773883056517 483
1711222616228 0.43605110747588643 484
1711222619585 0.35664521440685193 485
1711222622996 0.4063101704166713 486
1711222626359 0.4288956887433475 487
1711222629717 0.3004477556323414 488
1711222633075 0.3742185126609771 489
1711222636435 0.363533548029415 490
1711222639792 0.3196961654696333 491
1711222643151 0.4039881505245337 492
1711222646510 0.4730526914722594 493
1711222649866 0.414236788375306 494
1711222653234 0.4555689654845297 495
1711222665296 0.3647491649734042 496
1711222668650 0.410878750365824 497
1711222672005 0.44871699426476436 498
1711222684098 0.47412832708751596 499
1711222705043 0.45069415939440505 500
1711222716717 0.3487670487810731 501
1711222720078 0.4884605724926879 502
1711222731397 0.3910256557551849 503
1711222734763 0.41804492006553823 504
1711222738124 0.4253831271475899 505
1711222741481 0.366872700905509 506
1711222744833 0.47463093782255705 507
1711222756011 0.3971033932970548 508
1711222759503 0.4209422712768604 509
1711222762856 0.41818676428833945 510
1711222766216 0.4021237239446351 511
1711222769584 0.4191744038485571 512
1711222772950 0.41454944531856763 513
1711222776315 0.48012856676423316 514
1711222788087 0.4464009756570601 515
1711222799479 0.4170208371883124 516
1711222802971 0.4480278476021299 517
1711222814328 0.4241297444939324 518
1711222817691 0.3551675921970687 519
1711222821060 0.24385345095520497 520
1711222824413 0.3862712690824128 521
1711222827780 0.38256007728827596 522
1711222831137 0.35126137829693516 523
1711222834493 0.36281667571664944 524
1711222837996 0.4209444230786427 525
1711222841355 0.4186702387301592 526
1711222844716 0.40571018908140805 527
1711222848076 0.36903292950819433 528
1711222851441 0.2528260747245516 529
1711222854799 0.41523823978372554 530
1711222858153 0.42343806813397333 531
1711222861510 0.45351086976956745 532
1711222864869 0.26575154553363406 533
1711222868225 0.4524365670808154 534
1711222871736 0.4824408641028194 535
1711222875090 0.3701234276056434 536
1711222878454 0.39719983909255174 537
1711222881822 0.338289879630435 538
1711222885180 0.3774392099502206 539
1711222888541 0.4664988234444335 540
1711222891902 0.2755444713264931 541
1711222895255 0.4038775005053399 542
1711222898608 0.29723005755533266 543
1711222902078 0.3559248860425503 544
1711222905437 0.4639568003531834 545
1711222908805 0.5026800733729764 546
1711222912167 0.3927579097359164 547
1711222915526 0.428552542958885 548
1711222918894 0.3650822934224197 549
1711222930801 0.4146115091487751 550
1711222934170 0.4365452294800924 551
1711222937532 0.43570078872545537 552
1711222941047 0.3749793856894001 553
1711222944412 0.3782070958476863 554
1711222947778 0.4575040194915959 555
1711222951153 0.3610625658413069 556
1711222954516 0.4224207146287859 557
1711222957881 0.42589411263451116 558
1711222961243 0.3393491934851585 559
1711222964608 0.3521272077316009 560
1711222967979 0.4358379925089315 561
1711222971483 0.4266846225381484 562
1711222974848 0.4183020687659455 563
1711222978210 0.41916019687121053 564
1711222981578 0.40963294412871704 565
1711222984946 0.5861135563964074 566
1711222988307 0.4692832720862453 567
1711223000346 0.42549803404093656 568
1711223003725 0.36538713260484096 569
1711223007090 0.4954402524952427 570
1711223019311 0.4448513762095701 571
1711223031593 0.4859882952977654 572
1711223043755 0.3986318721059903 573
1711223047127 0.48931484666970443 574
1711223058757 0.46227771594018985 575
1711223070089 0.5251337880986499 576
1711223082095 0.46092740974401497 577
1711223094169 0.4966101758454147 578
1711223105967 0.515368147396404 579
1711223117278 0.4020093134962738 580
1711223120647 0.5828528928208869 581
1711223132275 0.5103648526113492 582
1711223143660 0.5157606531552044 583
1711223154677 0.4675253222395811 584
1711223158038 0.5010911196998975 585
1711223169664 0.5260323183618991 586
1711223180762 0.5212541031890299 587
1711223192166 0.3694429223766174 588
1711223195527 0.478523044571637 589
1711223198884 0.46697391421237244 590
1711223202250 0.4276941470023848 591
1711223205605 0.43799814376887414 592
1711223208966 0.5273857233278593 593
1711223212328 0.3513143096284748 594
1711223215687 0.41731462301639816 595
1711223219190 0.47149751744446255 596
1711223222563 0.4235373475396159 597
1711223225926 0.37346879857608467 598
1711223229294 0.44366341044070495 599
1711223240930 0.40369145143489593 600
1711223244295 0.48089455629482336 601
1711223247670 0.5208114660960793 602
1711223251036 0.40358221181959725 603
1711223254399 0.4620878544440708 604
1711223257907 0.5108802155809427 605
1711223261276 0.555116246041065 606
1711223264640 0.45249428117612983 607
1711223268006 0.4035219610448124 608
1711223271370 0.4511994257522826 609
1711223274729 0.4259465875964068 610
1711223278093 0.23620553394972738 611
1711223281459 0.3497000200442271 612
1711223284883 0.43362937164084286 613
1711223288247 0.35682597684342005 614
1711223291611 0.39246359182951307 615
1711223294985 0.4373588891733382 616
1711223298358 0.345819886100443 617
1711223301724 0.43584071029742905 618
1711223305089 0.384598106875789 619
1711223308460 0.45596883399189736 620
1711223311834 0.5445754108025663 621
1711223315203 0.5305724032567739 622
1711223318709 0.4650378630309876 623
1711223322084 0.4552815785072673 624
1711223325451 0.47421291622658407 625
1711223328827 0.4741167349671627 626
1711223332201 0.45934719271500674 627
1711223335566 0.45530990208052297 628
1711223338935 0.5240235406598391 629
1711223342305 0.4988418716716464 630
1711223345676 0.4943560455659085 631
1711223349177 0.3318251530894424 632
1711223352539 0.46062151794693257 633
1711223355912 0.41192947083611947 634
1711223359287 0.46552461512143795 635
1711223362657 0.49883435744625476 636
1711223366020 0.5081620690261108 637
1711223369389 0.5160979521572212 638
1711223372754 0.4624953990951384 639
1711223376118 0.28607657459871133 640
1711223379629 0.5468075541313556 641
1711223382998 0.37324038652253083 642
1711223386366 0.5134144609757824 643
1711223389737 0.5586965926695859 644
1711223393113 0.47326648077811934 645
1711223396487 0.44507212998106194 646
1711223399852 0.47901716107596715 647
1711223403218 0.44554987165956655 648
1711223406574 0.5550445508569593 649
1711223417747 0.42693284673120924 650
1711223421120 0.48424566880959063 651
1711223424486 0.5628598149761364 652
1711223427853 0.504391731651517 653
1711223431227 0.42955369435153246 654
1711223434604 0.52936653671677 655
1711223437967 0.5102931361586455 656
1711223441330 0.4645980085516474 657
1711223444697 0.46306351508839216 658
1711223448130 0.4885164984464309 659
1711223451497 0.40099510436743846 660
1711223454874 0.5928908107109022 661
1711223458247 0.49510217198739065 662
1711223461611 0.5586456129546191 663
1711223473416 0.5093013285601412 664
1711223485527 0.5437034517240911 665
1711223497601 0.5449522663842962 666
1711223509662 0.45363639263612343 667
1711223513043 0.4639145383938846 668
1711223516432 0.42306823513157205 669
1711223519806 0.43984645085953533 670
1711223523188 0.4679941963380783 671
1711223526568 0.5066904704489281 672
1711223529950 0.6015221524236846 673
1711223533320 0.5725100657171003 674
1711223536846 0.5057579062454953 675
1711223540229 0.6129826462429145 676
1711223552220 0.5580368292062509 677
1711223564354 0.5739517961676488 678
1711223576476 0.5603703104427114 679
1711223588658 0.547770922099853 680
1711223600302 0.5785537431593416 681
1711223611736 0.6037032851816909 682
1711223623025 0.5254103501672993 683
1711223626399 0.44057667939880496 684
1711223629771 0.38651304827008137 685
1711223633149 0.47401127848601343 686
1711223636525 0.5361595614887333 687
1711223640030 0.5399910639974713 688
1711223643415 0.5393738859928566 689
1711223646793 0.41864764123095 690
1711223650173 0.4085675807494743 691
1711223653546 0.42400376040709487 692
1711223656922 0.5467233207126548 693
1711223660302 0.467416032240827 694
1711223663676 0.5369298221313289 695
1711223667055 0.5251172589863956 696
1711223670570 0.49476162132372664 697
1711223673952 0.5012329081209285 698
1711223677328 0.5465456403274103 699
1711223688355 0.5317752721276219 700
1711223691730 0.44179138646166005 701
1711223695100 0.5640582941237546 702
1711223698471 0.4650651088660098 703
1711223701847 0.5532110870805289 704
1711223705359 0.46632005753499317 705
1711223708738 0.5338693308265504 706
1711223712116 0.5558946372738325 707
1711223715493 0.5833708051504606 708
1711223718869 0.5218629163077223 709
1711223722246 0.5304694819174822 710
1711223725617 0.5701438870532778 711
1711223728997 0.4933380809896214 712
1711223732373 0.49941375887343986 713
1711223735889 0.6225154961327963 714
1711223739270 0.6085596947884933 715
1711223742655 0.5212580052476048 716
1711223746034 0.531027143352135 717
1711223749411 0.45444562792841603 718
1711223752789 0.56945345101327 719
1711223756165 0.4961034763626347 720
1711223759540 0.5281574192858348 721
1711223762922 0.507805775712146 722
1711223766448 0.5453776115690617 723
1711223769822 0.5363406325215088 724
1711223773202 0.5738129800144899 725
1711223776582 0.5865570312464644 726
1711223779952 0.49025388604585957 727
1711223783325 0.5462717839525038 728
1711223786700 0.491618807752385 729
1711223790075 0.486313156000518 730
1711223793454 0.5663620766474486 731
1711223796975 0.500818615229177 732
1711223800350 0.3046497505102888 733
1711223803739 0.4649451556841602 734
1711223807124 0.4290611027153513 735
1711223810506 0.5855162060214041 736
1711223813885 0.43531818077588613 737
1711223817265 0.6140901070153887 738
1711223820647 0.5606421633137553 739
1711223824024 0.5397769907764343 740
1711223827449 0.6705887023904814 741
1711223830825 0.6040195257415616 742
1711223834205 0.6545088096309144 743
1711223845478 0.5906053877776245 744
1711223856733 0.44095210409872 745
1711223860130 0.4843152924822759 746
1711223863507 0.5146334343673756 747
1711223866895 0.5617556363188334 748
1711223870410 0.39323211811935177 749
1711223881466 0.4782325121965275 750
1711223884844 0.55413518500809 751
1711223888229 0.4794353794186861 752
1711223891608 0.5447485377022603 753
1711223894994 0.5047134454851607 754
1711223898381 0.6009796182373333 755
1711223901751 0.6019081225648151 756
1711223905267 0.4608392075042795 757
1711223908652 0.5981172756280536 758
1711223912030 0.5188004469206219 759
1711223915408 0.45505935412747545 760
1711223918796 0.5332762670563105 761
1711223922172 0.5217901252702869 762
1711223925559 0.5597884503661285 763
1711223928938 0.5941752841511785 764
1711223932330 0.5436629723863619 765
1711223935858 0.5520068511080625 766
1711223939250 0.5424436625683149 767
1711223942640 0.6400679948897819 768
1711223946025 0.5986803966586307 769
1711223949422 0.5888798431754585 770
1711223960832 0.50236681214304 771
1711223964224 0.6189218542138613 772
1711223976258 0.5139421367726202 773
1711223979647 0.6431864443721947 774
1711223991748 0.6093470482640873 775
1711224003668 0.5475897561842618 776
1711224007055 0.40397554516870177 777
1711224010443 0.5464635905272912 778
1711224013837 0.4899829763771614 779
1711224017265 0.49726365855743115 780
1711224020656 0.5392875095454144 781
1711224024040 0.5659533853771154 782
1711224027429 0.5961756255856743 783
1711224030824 0.6297213221697763 784
1711224034213 0.540261570131551 785
1711224037603 0.63130069528797 786
1711224040991 0.6230420274922447 787
1711224053111 0.5822397735663238 788
1711224065155 0.5646562283074963 789
1711224068551 0.5895829300784903 790
1711224080907 0.6558280279822475 791
1711224092940 0.582177045612495 792
1711224105138 0.5396007730714003 793
1711224108568 0.556435496128885 794
1711224111959 0.5977361974546349 795
1711224115348 0.5042091030030419 796
1711224118745 0.6505708278073025 797
1711224122130 0.6331006050738595 798
1711224134191 0.5683181801655073 799
1711224145797 0.5229989241635532 800
1711224149180 0.5751532342746436 801
1711224152699 0.4978318467578932 802
1711224156097 0.5813484979145493 803
1711224159501 0.5874495949509048 804
1711224162889 0.5908410151384043 805
1711224166280 0.5859405809532169 806
1711224169670 0.6273472536529651 807
1711224173065 0.5585013740324072 808
1711224176453 0.47576827744278233 809
1711224179893 0.5994368312435029 810
1711224183295 0.6629977911861447 811
1711224186682 0.5730625065861202 812
1711224190074 0.6494691600851632 813
1711224201255 0.5847686023147829 814
1711224204642 0.6356656037944973 815
1711224215967 0.6139600113202488 816
1711224227482 0.62493478777943 817
1711224239157 0.6322147015521906 818
1711224251157 0.6355400855723867 819
1711224263193 0.6424080272585854 820
1711224275211 0.6927625824985874 821
1711224287272 0.6410086893538754 822
1711224299456 0.5748628686582878 823
1711224302816 0.6195945126909947 824
1711224306173 0.5054927965211901 825
1711224309536 0.6192280278490998 826
1711224312897 0.6175211871697448 827
1711224316252 0.5543548539713805 828
1711224319610 0.5899811562830114 829
1711224322971 0.580682037902486 830
1711224326476 0.6439101851081231 831
1711224329830 0.5500108780689783 832
1711224333190 0.6109787719453516 833
1711224336552 0.4859454344322168 834
1711224339906 0.49263555285698957 835
1711224343267 0.39611892253791026 836
1711224346623 0.5053135331790625 837
1711224349979 0.5547188161187857 838
1711224353337 0.5991358892844324 839
1711224356746 0.5630701197710011 840
1711224360115 0.3937884443535922 841
1711224363481 0.6129342354014585 842
1711224366836 0.5859360383576985 843
1711224370196 0.580654402316276 844
1711224373559 0.666439637064779 845
1711224376914 0.5581869192968573 846
1711224380274 0.566629665760499 847
1711224383637 0.5588872073007265 848
1711224386997 0.5542754327455207 849
1711224399122 0.6205445915354354 850
1711224402486 0.6107094510993143 851
1711224405838 0.6222968212135277 852
1711224409200 0.6012971868492587 853
1711224412558 0.5387061958314978 854
1711224415921 0.6820444925113651 855
1711224419280 0.6459574596085319 856
1711224422633 0.6374763394786142 857
1711224425992 0.696826019422917 858
1711224429495 0.5815698671530256 859
1711224432870 0.6737733891133934 860
1711224436233 0.5274133459095391 861
1711224439587 0.6303195324087387 862
1711224442949 0.6046239907597027 863
1711224446309 0.6484146131508476 864
1711224449664 0.6160980842974167 865
1711224453030 0.6286374299310307 866
1711224456387 0.5331906314812104 867
1711224459799 0.6261934856751542 868
1711224463159 0.6065564965355003 869
1711224466517 0.5976847881376307 870
1711224469883 0.6049766471199398 871
1711224473237 0.5330000959408498 872
1711224476593 0.6662857736966471 873
1711224479953 0.5978403806864542 874
1711224483320 0.5160066173245499 875
1711224486679 0.640551316450012 876
1711224490030 0.5463359780287568 877
1711224493534 0.5924348695973897 878
1711224496893 0.6337448971789864 879
1711224500257 0.6907153461714114 880
1711224503619 0.640297619741359 881
1711224506982 0.566037894122783 882
1711224510343 0.4600837081660859 883
1711224513705 0.5996643913870373 884
1711224517066 0.6173460102865188 885
1711224520430 0.5701067450546233 886
1711224523939 0.600786726429543 887
1711224527301 0.6853209959886859 888
1711224530659 0.6680833765811122 889
1711224534017 0.5809346482101547 890
1711224537379 0.5832969490517086 891
1711224540742 0.5818970966928112 892
1711224544101 0.58769043484891 893
1711224547455 0.6031985770886912 894
1711224550814 0.5684539674009976 895
1711224554178 0.5586421595397042 896
1711224557687 0.6420532099340209 897
1711224561040 0.6593197253919801 898
1711224564399 0.6905351902063486 899
1711224576556 0.6533810097577335 900
1711224579919 0.5947656097929488 901
1711224583269 0.6348830330978952 902
1711224586625 0.5642441971196795 903
1711224589986 0.5899076560416203 904
1711224593347 0.5756202397096157 905
1711224596851 0.5729841417568594 906
1711224600216 0.617136850174261 907
1711224603575 0.586170240152255 908
1711224606942 0.6569169732460782 909
1711224610312 0.5844064655551835 910
1711224613684 0.640970706530314 911
1711224617039 0.6688519543517716 912
1711224620396 0.6617569684235532 913
1711224632438 0.5243349883579149 914
1711224635951 0.6746268013585207 915
1711224639322 0.650011374225049 916
1711224650837 0.5422500644813758 917
1711224654198 0.6808169967824335 918
1711224657564 0.5810772234108446 919
1711224660934 0.6568090130702267 920
1711224664299 0.6476371339094983 921
1711224675727 0.6771564503182451 922
1711224687275 0.5691691863995986 923
1711224690638 0.5938237552744264 924
1711224693998 0.5738364131804123 925
1711224697359 0.6380934669735621 926
1711224700717 0.5899618705042292 927
1711224704073 0.5798618009716695 928
1711224707442 0.6726710093681431 929
1711224710805 0.6618898132286846 930
1711224714158 0.5661053119179799 931
1711224717666 0.5712928698211299 932
1711224721027 0.6740020061616339 933
1711224724381 0.6173593397781609 934
1711224727743 0.6593441835142547 935
1711224731099 0.6930031110049246 936
1711224742489 0.6389430302591242 937
1711224754014 0.6141927066044237 938
1711224757373 0.6923171594500992 939
1711224768661 0.6603257780045166 940
1711224780034 0.6412961521853161 941
1711224791430 0.5757792709502175 942
1711224794788 0.6942962062243179 943
1711224806260 0.6360913788767698 944
1711224809619 0.6743691993355105 945
1711224821153 0.5911070305913142 946
1711224824513 0.5957565949090019 947
1711224827878 0.6771174030531998 948
1711224831237 0.6357823480416862 949
1711224842437 0.6002998554499647 950
1711224845793 0.5903427139599383 951
1711224849155 0.6586890546174353 952
1711224852517 0.6092579954758064 953
1711224856026 0.5822265191670651 954
1711224859405 0.6493556804114413 955
1711224862777 0.6697585899636305 956
1711224866153 0.6673827277272812 957
1711224869523 0.5793995494469908 958
1711224872894 0.6447031468820595 959
1711224876262 0.45339115227706706 960
1711224879629 0.6290143107439217 961
1711224882998 0.5055398998619304 962
1711224886372 0.6812999674090785 963
1711224889890 0.5856897603788069 964
1711224893262 0.5609121688313121 965
1711224896636 0.5671651265731307 966
1711224900008 0.5476998435655572 967
1711224903382 0.6060879770327655 968
1711224906756 0.6195133938274002 969
1711224910130 0.5461582232473566 970
1711224913501 0.6140132057443529 971
1711224916879 0.6478811830794291 972
1711224920395 0.5032922565252238 973
1711224923769 0.5555852861571554 974
1711224927138 0.6302689197493928 975
1711224930522 0.608928464211757 976
1711224933906 0.6508670541108769 977
1711224937278 0.6041182300388659 978
1711224940653 0.5845453374545355 979
1711224944027 0.5661536112819269 980
1711224947401 0.6797287643343771 981
1711224950916 0.6224444823623041 982
1711224954290 0.5750099479589311 983
1711224957668 0.5887311433944094 984
1711224961051 0.6593908828347897 985
1711224964428 0.3981667517052655 986
1711224967789 0.6117521667665016 987
1711224971165 0.52008289803904 988
1711224974543 0.6263964425083893 989
1711224977911 0.6524982624544463 990
1711224981336 0.5158678423193052 991
1711224984707 0.649462918029895 992
1711224988080 0.5534789624152515 993
1711224991462 0.6406887635297818 994
1711224994828 0.686692426156957 995
1711224998171 0.5237260834748296 996
1711225001546 0.6408432864088515 997
1711225004925 0.45012948480816556 998
1711225008301 0.5814698319504694 999
