1716886447417 0.002 0
1716886934514 0.002 1
1716887167440 0.002 2
1716887466137 0.002 3
1716887723627 0.00199 4
1716888008008 0.00199 5
1716888280591 0.00199 6
1716888571720 0.00199 7
1716888828087 0.00199 8
1716889070921 0.00199 9
1716889307215 0.00198 10
1716889621549 0.00198 11
1716889869294 0.00198 12
1716890144332 0.00198 13
1716890410094 0.00198 14
1716890670799 0.00197 15
1716890931241 0.00197 16
1716891214969 0.00197 17
1716891515907 0.00197 18
1716891746969 0.00197 19
1716892037658 0.00197 20
1716892288982 0.00196 21
1716892546974 0.00196 22
1716892841823 0.00196 23
1716893108147 0.00196 24
1716893395867 0.00196 25
1716893657988 0.00195 26
1716893886112 0.00195 27
1716894207845 0.00195 28
1716894453737 0.00195 29
1716894701615 0.00195 30
1716895010529 0.00195 31
1716895268731 0.00194 32
1716895497912 0.00194 33
1716895773700 0.00194 34
1716896070541 0.00194 35
1716896310740 0.00194 36
1716896573403 0.00194 37
1716896844480 0.00193 38
1716897102693 0.00193 39
1716897399137 0.00193 40
1716897665616 0.00193 41
1716897903787 0.00193 42
1716898199575 0.00192 43
1716898431722 0.00192 44
1716898732996 0.00192 45
1716898988194 0.00192 46
1716899302725 0.00192 47
1716899598139 0.00192 48
1716899859843 0.00191 49
1716900120493 0.00191 50
1716900352190 0.00191 51
1716900618479 0.00191 52
1716900930959 0.00191 53
1716901186484 0.0019 54
1716901430819 0.0019 55
1716901718247 0.0019 56
1716901960112 0.0019 57
1716902220274 0.0019 58
1716902513398 0.0019 59
1716902749674 0.00189 60
1716902987073 0.00189 61
1716903268355 0.00189 62
1716903564072 0.00189 63
1716903801260 0.00189 64
1716904099993 0.00188 65
1716904347735 0.00188 66
1716904630327 0.00188 67
1716904849577 0.00188 68
1716905139232 0.00188 69
1716905381346 0.00188 70
1716905658108 0.00187 71
1716905903183 0.00187 72
1716906217348 0.00187 73
1716906489692 0.00187 74
1716906726456 0.00187 75
1716907013533 0.00186 76
1716907288792 0.00186 77
1716907555911 0.00186 78
1716907774631 0.00186 79
1716908085481 0.00186 80
1716908357452 0.00186 81
1716908631590 0.00185 82
1716908900510 0.00185 83
1716909192481 0.00185 84
1716909438681 0.00185 85
1716909685452 0.00185 86
1716909982818 0.00184 87
1716910254717 0.00184 88
1716910526788 0.00184 89
1716910791639 0.00184 90
1716911053703 0.00184 91
1716911322028 0.00184 92
1716911566478 0.00183 93
1716911825493 0.00183 94
1716912118786 0.00183 95
1716912421795 0.00183 96
1716912656082 0.00183 97
1716912946653 0.00182 98
1716913160963 0.00182 99
1716913436246 0.00182 100
1716913668613 0.00182 101
1716913923507 0.00182 102
1716914171637 0.00182 103
1716914452333 0.00181 104
1716914775703 0.00181 105
1716914989453 0.00181 106
1716915232931 0.00181 107
1716915489920 0.00181 108
1716915769489 0.0018 109
1716916019756 0.0018 110
1716916279670 0.0018 111
1716916578233 0.0018 112
1716916842519 0.0018 113
1716917075377 0.0018 114
1716917313151 0.00179 115
1716917603046 0.00179 116
1716917852901 0.00179 117
1716918094120 0.00179 118
1716918376029 0.00179 119
1716918688978 0.00178 120
1716918933076 0.00178 121
1716919190849 0.00178 122
1716919465201 0.00178 123
1716919708985 0.00178 124
1716920018255 0.00178 125
1716920290444 0.00177 126
1716920529376 0.00177 127
1716920799184 0.00177 128
1716921058931 0.00177 129
1716921359488 0.00177 130
1716921632593 0.00176 131
1716921924223 0.00176 132
1716922165018 0.00176 133
1716922409043 0.00176 134
1716922636671 0.00176 135
1716922922094 0.00176 136
1716923192644 0.00175 137
1716923425649 0.00175 138
1716923691214 0.00175 139
1716924010978 0.00175 140
1716924247493 0.00175 141
1716924557340 0.00174 142
1716924812884 0.00174 143
1716925074974 0.00174 144
1716925334886 0.00174 145
1716925624628 0.00174 146
1716925860888 0.00174 147
1716926091351 0.00173 148
1716926347066 0.00173 149
1716926627209 0.00173 150
1716926908261 0.00173 151
1716927160190 0.00173 152
1716927474498 0.00172 153
1716927716955 0.00172 154
1716927987424 0.00172 155
1716928240012 0.00172 156
1716928512909 0.00172 157
1716928789406 0.00172 158
1716929050159 0.00171 159
1716929295695 0.00171 160
1716929547986 0.00171 161
1716929843101 0.00171 162
1716930111371 0.00171 163
1716930354324 0.0017 164
1716930607057 0.0017 165
1716930913122 0.0017 166
1716931155240 0.0017 167
1716931463177 0.0017 168
1716931741185 0.00169 169
1716932058827 0.00169 170
1716932281415 0.00169 171
1716932528665 0.00169 172
1716932775081 0.00169 173
1716933044895 0.00169 174
1716933321372 0.00168 175
1716933580607 0.00168 176
1716933819986 0.00168 177
1716934054151 0.00168 178
1716934338355 0.00168 179
1716934584778 0.00167 180
1716934841129 0.00167 181
1716935079781 0.00167 182
1716935340933 0.00167 183
1716935587043 0.00167 184
1716935862709 0.00167 185
1716936115541 0.00166 186
1716936369826 0.00166 187
1716936676576 0.00166 188
1716936911498 0.00166 189
1716937155849 0.00166 190
1716937407964 0.00165 191
1716937741369 0.00165 192
1716937996986 0.00165 193
1716938233139 0.00165 194
1716938520306 0.00165 195
1716938738491 0.00165 196
1716939037523 0.00164 197
1716939301071 0.00164 198
1716939586523 0.00164 199
1716939840713 0.00164 200
1716940102906 0.00164 201
1716940426572 0.00163 202
1716940644365 0.00163 203
1716940975475 0.00163 204
1716941212267 0.00163 205
1716941455177 0.00163 206
1716941697111 0.00163 207
1716941932574 0.00162 208
1716942246977 0.00162 209
1716942516461 0.00162 210
1716942730011 0.00162 211
1716943016062 0.00162 212
1716943241073 0.00161 213
1716943540204 0.00161 214
1716943793991 0.00161 215
1716944061733 0.00161 216
1716944315571 0.00161 217
1716944614113 0.0016 218
1716944881137 0.0016 219
1716945129873 0.0016 220
1716945404706 0.0016 221
1716945679573 0.0016 222
1716945975875 0.0016 223
1716946240989 0.00159 224
1716946474655 0.00159 225
1716946720232 0.00159 226
1716946994370 0.00159 227
1716947244967 0.00159 228
1716947484489 0.00158 229
1716947765895 0.00158 230
1716948046945 0.00158 231
1716948345876 0.00158 232
1716948623485 0.00158 233
1716948840778 0.00158 234
1716949097559 0.00157 235
1716949373615 0.00157 236
1716949639070 0.00157 237
1716949882067 0.00157 238
1716950224046 0.00157 239
1716950460527 0.00156 240
1716950729071 0.00156 241
1716951002403 0.00156 242
1716951250241 0.00156 243
1716951491211 0.00156 244
1716951776452 0.00155 245
1716952081278 0.00155 246
1716952326849 0.00155 247
1716952582608 0.00155 248
1716952880511 0.00155 249
1716953129143 0.00155 250
1716953407549 0.00154 251
1716953672270 0.00154 252
1716953931146 0.00154 253
1716954169582 0.00154 254
1716954463103 0.00154 255
1716954688220 0.00153 256
1716955024762 0.00153 257
1716955254478 0.00153 258
1716955495843 0.00153 259
1716955802618 0.00153 260
1716956050628 0.00153 261
1716956310916 0.00152 262
1716956622116 0.00152 263
1716956860531 0.00152 264
1716957199991 0.00152 265
1716957401466 0.00152 266
1716957686256 0.00151 267
1716957937663 0.00151 268
1716958253377 0.00151 269
1716958513592 0.00151 270
1716958770400 0.00151 271
1716959050156 0.0015 272
1716959332005 0.0015 273
1716959606633 0.0015 274
1716959865657 0.0015 275
1716960109591 0.0015 276
1716960408418 0.0015 277
1716960711172 0.00149 278
1716960926808 0.00149 279
1716961181461 0.00149 280
1716961448133 0.00149 281
1716961742473 0.00149 282
1716961997952 0.00148 283
1716962262993 0.00148 284
1716962509030 0.00148 285
1716962810834 0.00148 286
1716963047729 0.00148 287
1716963289673 0.00148 288
1716963553412 0.00147 289
1716963828360 0.00147 290
1716964071259 0.00147 291
1716964352283 0.00147 292
1716964625495 0.00147 293
1716964926302 0.00146 294
1716965166216 0.00146 295
1716965444626 0.00146 296
1716965685696 0.00146 297
1716965971806 0.00146 298
1716966224774 0.00145 299
1716966548916 0.00145 300
1716966767115 0.00145 301
1716967068538 0.00145 302
1716967305290 0.00145 303
1716967611654 0.00145 304
1716967844440 0.00144 305
1716968159424 0.00144 306
1716968396695 0.00144 307
1716968652587 0.00144 308
1716968913264 0.00144 309
1716969177371 0.00143 310
1716969488583 0.00143 311
1716969747002 0.00143 312
1716970017761 0.00143 313
1716970251633 0.00143 314
1716970534995 0.00142 315
1716970811183 0.00142 316
1716971032863 0.00142 317
1716971331928 0.00142 318
1716971595258 0.00142 319
1716971904637 0.00142 320
1716972103520 0.00141 321
1716972399594 0.00141 322
1716972678391 0.00141 323
1716972931663 0.00141 324
1716973179999 0.00141 325
1716973446615 0.0014 326
1716973752580 0.0014 327
1716973959679 0.0014 328
1716974235277 0.0014 329
1716974505306 0.0014 330
1716974782077 0.00139 331
1716975080054 0.00139 332
1716975307821 0.00139 333
1716975571893 0.00139 334
1716975838301 0.00139 335
1716976077998 0.00139 336
1716976358176 0.00138 337
1716976648745 0.00138 338
1716976893377 0.00138 339
1716977138233 0.00138 340
1716977429844 0.00138 341
1716977676027 0.00137 342
1716977992909 0.00137 343
1716978237692 0.00137 344
1716978505329 0.00137 345
1716978798344 0.00137 346
1716979090590 0.00136 347
1716979315692 0.00136 348
1716979628855 0.00136 349
1716979872539 0.00136 350
1716980125040 0.00136 351
1716980371945 0.00136 352
1716980651024 0.00135 353
1716980933149 0.00135 354
1716981166546 0.00135 355
1716981481741 0.00135 356
1716981720512 0.00135 357
1716981954199 0.00134 358
1716982268954 0.00134 359
1716982535122 0.00134 360
1716982772139 0.00134 361
1716983031563 0.00134 362
1716983327698 0.00133 363
1716983571378 0.00133 364
1716983833458 0.00133 365
1716984093160 0.00133 366
1716984348461 0.00133 367
1716984603094 0.00133 368
1716984920713 0.00132 369
1716985159504 0.00132 370
1716985433852 0.00132 371
1716985685346 0.00132 372
1716985941693 0.00132 373
1716986202234 0.00131 374
1716986448952 0.00131 375
1716986762018 0.00131 376
1716987013343 0.00131 377
1716987257223 0.00131 378
1716987572052 0.0013 379
1716987785339 0.0013 380
1716988043226 0.0013 381
1716988323336 0.0013 382
1716988563521 0.0013 383
1716988787209 0.0013 384
1716989110691 0.00129 385
1716989355971 0.00129 386
1716989620108 0.00129 387
1716989869061 0.00129 388
1716990192813 0.00129 389
1716990451762 0.00128 390
1716990700488 0.00128 391
1716990993068 0.00128 392
1716991240940 0.00128 393
1716991507112 0.00128 394
1716991781677 0.00127 395
1716992082539 0.00127 396
1716992330959 0.00127 397
1716992608845 0.00127 398
1716992898823 0.00127 399
1716993178217 0.00126 400
1716993395052 0.00126 401
1716993672491 0.00126 402
1716993927489 0.00126 403
1716994199798 0.00126 404
1716994442014 0.00126 405
1716994705803 0.00125 406
1716994952168 0.00125 407
1716995206285 0.00125 408
1716995495981 0.00125 409
1716995760622 0.00125 410
1716996023521 0.00124 411
1716996303849 0.00124 412
1716996551180 0.00124 413
1716996825570 0.00124 414
1716997064795 0.00124 415
1716997335837 0.00123 416
1716997604608 0.00123 417
1716997979897 0.00123 418
1716998185906 0.00123 419
1716998460618 0.00123 420
1716998696286 0.00122 421
1716998906466 0.00122 422
1716999219929 0.00122 423
1716999446723 0.00122 424
1716999726461 0.00122 425
1716999979402 0.00122 426
1717000229996 0.00121 427
1717000531329 0.00121 428
1717000774957 0.00121 429
1717001029601 0.00121 430
1717001326276 0.00121 431
1717001579222 0.0012 432
1717001854565 0.0012 433
1717002100421 0.0012 434
1717002394133 0.0012 435
1717002649185 0.0012 436
1717002907463 0.00119 437
1717003189188 0.00119 438
1717003461668 0.00119 439
1717003732576 0.00119 440
1717004026067 0.00119 441
1717004245283 0.00118 442
1717004521463 0.00118 443
1717004788950 0.00118 444
1717005023683 0.00118 445
1717005291523 0.00118 446
1717005569917 0.00118 447
1717005836564 0.00117 448
1717006077189 0.00117 449
1717006412063 0.00117 450
1717006623906 0.00117 451
1717006895415 0.00117 452
1717007154589 0.00116 453
1717007405767 0.00116 454
1717007644755 0.00116 455
1717007945597 0.00116 456
1717008170977 0.00116 457
1717008481558 0.00115 458
1717008709157 0.00115 459
1717009001685 0.00115 460
1717009249121 0.00115 461
1717009509704 0.00115 462
1717009738396 0.00114 463
1717010029444 0.00114 464
1717010264565 0.00114 465
1717010505929 0.00114 466
1717010788174 0.00114 467
1717011049832 0.00114 468
1717011297809 0.00113 469
1717011590355 0.00113 470
1717011822352 0.00113 471
1717012104048 0.00113 472
1717012325699 0.00113 473
1717012578054 0.00112 474
1717012866260 0.00112 475
1717013119643 0.00112 476
1717013380050 0.00112 477
1717013640287 0.00112 478
1717013909088 0.00111 479
1717014165788 0.00111 480
1717014409021 0.00111 481
1717014713491 0.00111 482
1717014925921 0.00111 483
1717015188535 0.0011 484
1717015481106 0.0011 485
1717015762742 0.0011 486
1717016014376 0.0011 487
1717016336857 0.0011 488
1717016585619 0.00109 489
1717016822547 0.00109 490
1717017138032 0.00109 491
1717017437530 0.00109 492
1717017659423 0.00109 493
1717017900182 0.00109 494
1717018159230 0.00108 495
1717018451106 0.00108 496
1717018715713 0.00108 497
1717018974089 0.00108 498
1717019263157 0.00108 499
1717019595800 0.00107 500
1717019814602 0.00107 501
1717020049934 0.00107 502
1717020313239 0.00107 503
1717020565439 0.00107 504
1717020829752 0.00106 505
1717021128750 0.00106 506
1717021406831 0.00106 507
1717021647378 0.00106 508
1717021903583 0.00106 509
1717022150827 0.00105 510
1717022415260 0.00105 511
1717022694883 0.00105 512
1717022931964 0.00105 513
1717023237411 0.00105 514
1717023488556 0.00104 515
1717023744707 0.00104 516
1717024000905 0.00104 517
1717024252060 0.00104 518
1717024500700 0.00104 519
1717024747065 0.00104 520
1717025045075 0.00103 521
1717025296116 0.00103 522
1717025538840 0.00103 523
1717025801529 0.00103 524
1717026073153 0.00103 525
1717026327433 0.00102 526
1717026619838 0.00102 527
1717026862369 0.00102 528
1717027113362 0.00102 529
1717027432105 0.00102 530
1717027656216 0.00101 531
1717027923048 0.00101 532
1717028180771 0.00101 533
1717028446071 0.00101 534
1717028690501 0.00101 535
1717028959312 0.001 536
1717029235174 0.001 537
1717029489466 0.001 538
1717029744855 0.001 539
1717030014598 0.001 540
1717030288945 0.00099 541
1717030549475 0.00099 542
1717030807578 0.00099 543
1717031107757 0.00099 544
1717031360769 0.00099 545
1717031613464 0.00098 546
1717031890896 0.00098 547
1717032136384 0.00098 548
1717032405665 0.00098 549
1717032763508 0.00098 550
1717032941207 0.00097 551
1717033275573 0.00097 552
1717033508369 0.00097 553
1717033717738 0.00097 554
1717034022207 0.00097 555
1717034230851 0.00097 556
1717034498662 0.00096 557
1717034798990 0.00096 558
1717035047153 0.00096 559
1717035286369 0.00096 560
1717035537217 0.00096 561
1717035855145 0.00095 562
1717036092626 0.00095 563
1717036365061 0.00095 564
1717036626376 0.00095 565
1717036879264 0.00095 566
1717037158744 0.00094 567
1717037421541 0.00094 568
1717037672885 0.00094 569
1717038016103 0.00094 570
1717038256412 0.00094 571
1717038482756 0.00093 572
1717038742413 0.00093 573
1717038999558 0.00093 574
1717039323231 0.00093 575
1717039557061 0.00093 576
1717039794947 0.00092 577
1717040101491 0.00092 578
1717040347629 0.00092 579
1717040638492 0.00092 580
1717040900263 0.00092 581
1717041154056 0.00091 582
1717041444610 0.00091 583
1717041719450 0.00091 584
1717041976112 0.00091 585
1717042236687 0.00091 586
1717042496793 0.0009 587
1717042765181 0.0009 588
1717043025952 0.0009 589
1717043317868 0.0009 590
1717043555336 0.0009 591
1717043825080 0.00089 592
1717044126059 0.00089 593
1717044378218 0.00089 594
1717044605654 0.00089 595
1717044868844 0.00089 596
1717045104464 0.00088 597
1717045374670 0.00088 598
1717045680379 0.00088 599
1717045934620 0.00088 600
1717046206195 0.00088 601
1717046444461 0.00087 602
1717046703326 0.00087 603
1717046969236 0.00087 604
1717047236044 0.00087 605
1717047479044 0.00087 606
1717047749752 0.00086 607
1717048000432 0.00086 608
1717048254113 0.00086 609
1717048585302 0.00086 610
1717048841097 0.00086 611
1717049098465 0.00086 612
1717049334600 0.00085 613
1717049582751 0.00085 614
1717049870173 0.00085 615
1717050104146 0.00085 616
1717050432326 0.00085 617
1717050666339 0.00084 618
1717050968932 0.00084 619
1717051190185 0.00084 620
1717051456464 0.00084 621
1717051698027 0.00084 622
1717052015728 0.00083 623
1717052261961 0.00083 624
1717052548461 0.00083 625
1717052812180 0.00083 626
1717053089205 0.00083 627
1717053346596 0.00082 628
1717053635660 0.00082 629
1717053868537 0.00082 630
1717054119708 0.00082 631
1717054397484 0.00082 632
1717054653520 0.00081 633
1717054917664 0.00081 634
1717055195350 0.00081 635
1717055444381 0.00081 636
1717055728755 0.00081 637
1717056018920 0.0008 638
1717056253983 0.0008 639
1717056540645 0.0008 640
1717056788577 0.0008 641
1717057038546 0.0008 642
1717057269896 0.00079 643
1717057538731 0.00079 644
1717057818397 0.00079 645
1717058060614 0.00079 646
1717058350084 0.00079 647
1717058602769 0.00078 648
1717058873637 0.00078 649
1717059173788 0.00078 650
1717059389263 0.00078 651
1717059674612 0.00078 652
1717059936077 0.00077 653
1717060205885 0.00077 654
1717060501053 0.00077 655
1717060749059 0.00077 656
1717061024075 0.00077 657
1717061278178 0.00076 658
1717061531156 0.00076 659
1717061815110 0.00076 660
1717062057969 0.00076 661
1717062313799 0.00076 662
1717062576835 0.00075 663
1717062859527 0.00075 664
1717063084534 0.00075 665
1717063366814 0.00075 666
1717063627242 0.00075 667
1717063913320 0.00074 668
1717064156783 0.00074 669
1717064395093 0.00074 670
1717064699127 0.00074 671
1717064933904 0.00074 672
1717065211894 0.00073 673
1717065503026 0.00073 674
1717065723744 0.00073 675
1717066010463 0.00073 676
1717066256651 0.00073 677
1717066556613 0.00072 678
1717066796749 0.00072 679
1717067056698 0.00072 680
1717067382824 0.00072 681
1717067613060 0.00072 682
1717067893864 0.00071 683
1717068167428 0.00071 684
1717068454683 0.00071 685
1717068724187 0.00071 686
1717068987882 0.00071 687
1717069261071 0.0007 688
1717069494298 0.0007 689
1717069820481 0.0007 690
1717070071111 0.0007 691
1717070337586 0.0007 692
1717070586860 0.00069 693
1717070862965 0.00069 694
1717071116019 0.00069 695
1717071390450 0.00069 696
1717071644914 0.00068 697
1717071929560 0.00068 698
1717072164109 0.00068 699
1717072446087 0.00068 700
1717072684820 0.00068 701
1717072943813 0.00067 702
1717073167890 0.00067 703
1717073436625 0.00067 704
1717073750520 0.00067 705
1717074043401 0.00067 706
1717074282476 0.00066 707
1717074601409 0.00066 708
1717074841987 0.00066 709
1717075089231 0.00066 710
1717075388541 0.00066 711
1717075630283 0.00065 712
1717075893341 0.00065 713
1717076196073 0.00065 714
1717076447452 0.00065 715
1717076690800 0.00065 716
1717076948997 0.00064 717
1717077207575 0.00064 718
1717077495303 0.00064 719
1717077750718 0.00064 720
1717078019974 0.00064 721
1717078250279 0.00063 722
1717078517069 0.00063 723
1717078793438 0.00063 724
1717079033148 0.00063 725
1717079318005 0.00063 726
1717079565310 0.00062 727
1717079856686 0.00062 728
1717080093457 0.00062 729
1717080351442 0.00062 730
1717080638529 0.00062 731
1717080872548 0.00061 732
1717081140456 0.00061 733
1717081377849 0.00061 734
1717081644332 0.00061 735
1717081922469 0.00061 736
1717082214727 0.0006 737
1717082449718 0.0006 738
1717082693332 0.0006 739
1717082979732 0.0006 740
1717083237407 0.00059 741
1717083530964 0.00059 742
1717083768560 0.00059 743
1717084062743 0.00059 744
1717084356152 0.00059 745
1717084606453 0.00058 746
1717084824538 0.00058 747
1717085103685 0.00058 748
1717085392827 0.00058 749
1717085663759 0.00058 750
1717085880958 0.00057 751
1717086122285 0.00057 752
1717086408066 0.00057 753
1717086639374 0.00057 754
1717086870359 0.00057 755
1717087169350 0.00056 756
1717087401617 0.00056 757
1717087766818 0.00056 758
1717087974143 0.00056 759
1717088239221 0.00056 760
1717088470249 0.00055 761
1717088743861 0.00055 762
1717089007297 0.00055 763
1717089271651 0.00055 764
1717089549050 0.00055 765
1717089829290 0.00054 766
1717090083062 0.00054 767
1717090381586 0.00054 768
1717090606269 0.00054 769
1717090901646 0.00053 770
1717091127609 0.00053 771
1717091410542 0.00053 772
1717091662186 0.00053 773
1717091988864 0.00053 774
1717092242504 0.00052 775
1717092481893 0.00052 776
1717092716383 0.00052 777
1717093018822 0.00052 778
1717093278103 0.00052 779
1717093551427 0.00051 780
1717093815786 0.00051 781
1717094074473 0.00051 782
1717094377067 0.00051 783
1717094652566 0.00051 784
1717094883960 0.0005 785
1717095120262 0.0005 786
1717095346857 0.0005 787
1717095643379 0.0005 788
1717095878826 0.0005 789
1717096143621 0.00049 790
1717096390181 0.00049 791
1717096671790 0.00049 792
1717096922527 0.00049 793
1717097153704 0.00048 794
1717097417345 0.00048 795
1717097674308 0.00048 796
1717097931633 0.00048 797
1717098184913 0.00048 798
1717098460353 0.00047 799
1717098759092 0.00047 800
1717098983538 0.00047 801
1717099247788 0.00047 802
1717099499903 0.00047 803
1717099774960 0.00046 804
1717100068020 0.00046 805
1717100308330 0.00046 806
1717100555636 0.00046 807
1717100805736 0.00046 808
1717101106178 0.00045 809
1717101336009 0.00045 810
1717101619393 0.00045 811
1717101847051 0.00045 812
1717102189514 0.00044 813
1717102432313 0.00044 814
1717102674363 0.00044 815
1717102995994 0.00044 816
1717103222202 0.00044 817
1717103459262 0.00043 818
1717103754333 0.00043 819
1717104012883 0.00043 820
1717104277067 0.00043 821
1717104552431 0.00043 822
1717104808314 0.00042 823
1717105028637 0.00042 824
1717105343409 0.00042 825
1717105592946 0.00042 826
1717105834544 0.00041 827
1717106099742 0.00041 828
1717106376714 0.00041 829
1717106617425 0.00041 830
1717106951619 0.00041 831
1717107187186 0.0004 832
1717107424266 0.0004 833
1717107691944 0.0004 834
1717107940957 0.0004 835
1717108231935 0.0004 836
1717108470653 0.00039 837
1717108724659 0.00039 838
1717108994134 0.00039 839
1717109253826 0.00039 840
1717109513386 0.00038 841
1717109771359 0.00038 842
1717110018038 0.00038 843
1717110266971 0.00038 844
1717110525578 0.00038 845
1717110763509 0.00037 846
1717111028631 0.00037 847
1717111317942 0.00037 848
1717111564785 0.00037 849
1717111873549 0.00036 850
1717112091075 0.00036 851
1717112368150 0.00036 852
1717112636573 0.00036 853
1717112877299 0.00036 854
1717113138586 0.00035 855
1717113392613 0.00035 856
1717113689914 0.00035 857
1717113926202 0.00035 858
1717114170559 0.00035 859
1717114457884 0.00034 860
1717114742190 0.00034 861
1717114983513 0.00034 862
1717115272986 0.00034 863
1717115507000 0.00033 864
1717115790738 0.00033 865
1717116026688 0.00033 866
1717116317098 0.00033 867
1717116558609 0.00033 868
1717116868407 0.00032 869
1717117074961 0.00032 870
1717117379617 0.00032 871
1717117631153 0.00032 872
1717117869220 0.00031 873
1717118142781 0.00031 874
1717118404322 0.00031 875
1717118642299 0.00031 876
1717118920024 0.00031 877
1717119188514 0.0003 878
1717119458285 0.0003 879
1717119711774 0.0003 880
1717119981029 0.0003 881
1717120218483 0.00029 882
1717120493659 0.00029 883
1717120761440 0.00029 884
1717121019241 0.00029 885
1717121282811 0.00029 886
1717121516426 0.00028 887
1717121853989 0.00028 888
1717122101762 0.00028 889
1717122343125 0.00028 890
1717122641562 0.00027 891
1717122929370 0.00027 892
1717123161589 0.00027 893
1717123417321 0.00027 894
1717123700129 0.00027 895
1717123953913 0.00026 896
1717124225241 0.00026 897
1717124506058 0.00026 898
1717124753514 0.00026 899
1717125046242 0.00025 900
1717125271421 0.00025 901
1717125546939 0.00025 902
1717125822158 0.00025 903
1717126067903 0.00024 904
1717126344224 0.00024 905
1717126599993 0.00024 906
1717126866919 0.00024 907
1717127152342 0.00024 908
1717127401902 0.00023 909
1717127692830 0.00023 910
1717127913858 0.00023 911
1717128188932 0.00023 912
1717128451470 0.00022 913
1717128723247 0.00022 914
1717128963684 0.00022 915
1717129227157 0.00022 916
1717129493292 0.00022 917
1717129767375 0.00021 918
1717130054733 0.00021 919
1717130313116 0.00021 920
1717130595532 0.00021 921
1717130832822 0.0002 922
1717131104214 0.0002 923
1717131347862 0.0002 924
1717131625340 0.0002 925
1717131864212 0.00019 926
1717132119187 0.00019 927
1717132390162 0.00019 928
1717132669538 0.00019 929
1717132910847 0.00018 930
1717133178892 0.00018 931
1717133441317 0.00018 932
1717133674380 0.00018 933
1717133932398 0.00018 934
1717134153653 0.00017 935
1717134445265 0.00017 936
1717134716593 0.00017 937
1717134934572 0.00017 938
1717135187033 0.00016 939
1717135475096 0.00016 940
1717135715279 0.00016 941
1717135964564 0.00016 942
1717136239934 0.00015 943
1717136463571 0.00015 944
1717136751664 0.00015 945
1717137008656 0.00015 946
1717137263057 0.00014 947
1717137537332 0.00014 948
1717137810903 0.00014 949
1717138091509 0.00014 950
1717138397323 0.00013 951
1717138652722 0.00013 952
1717138880681 0.00013 953
1717139143974 0.00013 954
1717139419597 0.00013 955
1717139655979 0.00012 956
1717139940437 0.00012 957
1717140187875 0.00012 958
1717140439722 0.00012 959
1717140706717 0.00011 960
1717140969490 0.00011 961
1717141245697 0.00011 962
1717141528865 0.00011 963
1717141805048 0.0001 964
1717142049034 0.0001 965
1717142314791 0.0001 966
1717142592644 0.0001 967
1717142842374 9e-05 968
1717143089885 9e-05 969
1717143394291 9e-05 970
1717143645386 9e-05 971
1717143889038 8e-05 972
1717144199285 8e-05 973
1717144446668 8e-05 974
1717144742291 7e-05 975
1717144984520 7e-05 976
1717145223438 7e-05 977
1717145523915 7e-05 978
1717145783778 6e-05 979
1717146054878 6e-05 980
1717146315875 6e-05 981
1717146618514 6e-05 982
1717146864504 5e-05 983
1717147185908 5e-05 984
1717147434724 5e-05 985
1717147688077 5e-05 986
1717147970364 4e-05 987
1717148209756 4e-05 988
1717148484272 4e-05 989
1717148745230 3e-05 990
1717149009284 3e-05 991
1717149300412 3e-05 992
1717149570146 3e-05 993
1717149854273 2e-05 994
1717150108193 2e-05 995
1717150364178 2e-05 996
1717150611164 1e-05 997
1717150893324 1e-05 998
1717151151640 1e-05 999
