1708208045138 22.96 0
1708208056286 10.24 0
1708208067086 10.24 0
1708208078123 10.44 0
1708208091548 12.78 0
1708208104724 12.58 0
1708208117960 12.54 0
1708208129435 10.89 0
1708208140835 10.81 0
1708208153027 11.6 0
1708208166708 13.12 0
1708208179163 11.89 0
1708208191673 11.95 0
1708208203860 11.49 0
1708208218656 14.23 0
1708208229479 10.24 0
1708208243408 13.34 0
1708208258706 10.23 0
1708208273830 10.25 0
1708208284679 10.26 0
1708208300040 10.24 0
1708208315393 10.24 0
1708208330762 10.24 0
1708208345910 10.26 0
1708208356713 10.25 0
1708208371920 10.24 0
1708208386864 10.24 0
1708208402166 10.23 0
1708208412971 10.25 0
1708208423831 10.29 0
1708208434652 10.25 0
1708208446586 11.36 0
1708208459200 12.04 0
1708208470595 10.82 0
1708208482837 11.66 0
1708208494815 11.39 0
1708208508458 13.06 0
1708208520241 11.07 0
1708208533391 12.56 0
1708208547389 13.38 0
1708208559095 11.11 0
1708208570512 10.83 0
1708208584511 13.44 0
1708208597758 12.7 0
1708208611758 13.44 0
1708208623495 11.18 0
1708208635707 11.64 0
1708208649324 13.05 0
1708208663439 13.55 0
1708208674615 10.61 0
1708208688036 12.4 0
1708208698991 10.25 0
1708208714037 10.26 0
1708208724846 10.25 0
1708208735657 10.24 0
1708208750906 10.25 0
1708208766082 10.28 0
1708208781220 10.25 0
1708208796339 10.23 0
1708208807161 10.24 0
1708208822430 10.24 0
1708208837539 10.26 0
1708208852863 10.24 0
1708208868008 10.24 0
1708208878820 10.24 0
1708208893940 10.23 0
1708208909257 10.24 0
1708208924417 10.25 0
1708208935237 10.24 0
1708208950443 10.23 0
1708208961273 10.25 0
1708208972106 10.25 0
1708208983066 10.25 0
1708208993921 10.25 0
1708209007633 13.13 0
1708209020446 12.22 0
1708209031305 10.28 0
1708209043574 11.69 0
1708209057145 12.96 0
1708209072537 10.24 0
1708209083376 10.25 0
1708209094217 10.24 0
1708209108931 14.11 0
1708209120061 10.57 0
1708209130993 10.37 0
1708209144945 13.39 0
1708209158003 12.37 0
1708209168811 10.25 0
1708209180476 11.1 0
1708209193705 12.67 0
1708209205374 11.09 0
1708209217021 11.08 0
1708209230009 12.43 0
1708209242491 11.92 0
1708209255339 12.29 0
1708209268616 12.72 0
1708209280857 11.68 0
1708209296094 10.24 0
1708209307123 10.46 0
1708209322286 10.24 0
1708209342131 10.22 0
1708209352948 10.25 0
1708209363757 10.24 0
1708209374564 10.24 0
1708209389737 10.25 0
1708209404858 10.29 0
1708209415663 10.24 0
1708209426478 10.24 0
1708209437298 10.25 0
1708209448916 11.05 0
1708209464124 10.25 0
1708209479297 10.29 0
1708209490114 10.24 0
1708209501387 10.7 0
1708209516705 10.25 0
1708209531893 10.25 0
1708209547209 10.24 0
1708209558150 10.24 0
1708209568968 10.24 0
1708209584102 10.24 0
1708209599474 10.23 0
1708209614346 10.25 0
1708209629615 10.24 0
1708209644806 10.24 0
1708209659972 10.23 0
1708209675036 10.24 0
1708209690198 10.25 0
1708209705399 10.24 0
1708209720434 10.25 0
1708209735740 10.23 0
1708209750924 10.25 0
1708209766332 10.25 0
1708209781546 10.24 0
1708209792371 10.25 0
1708209803203 10.25 0
1708209818540 10.28 0
1708209833979 10.24 0
1708209849058 10.24 0
1708209864532 10.24 0
1708209875367 10.25 0
1708209890806 10.26 0
1708209905867 10.25 0
1708209921165 10.24 0
1708209936279 10.25 0
1708209947109 10.25 0
1708209962694 10.24 0
1708209978042 10.25 0
1708209993236 10.26 0
1708210004079 10.26 0
1708210014902 10.24 0
1708210030359 10.25 0
1708210045468 10.25 0
1708210060783 10.23 0
1708210075884 10.25 0
1708210086839 10.25 0
1708210102386 10.25 0
1708210117579 10.24 0
1708210132955 10.24 0
1708210143816 10.25 0
1708210154802 10.25 0
1708210165653 10.26 0
1708210180784 10.24 0
1708210196035 10.24 0
1708210211054 10.24 0
1708210222031 10.25 0
1708210237466 10.25 0
1708210252696 10.24 0
1708210267884 10.23 0
1708210283195 10.28 0
1708210294011 10.23 0
1708210309147 10.23 0
1708210324298 10.24 0
1708210339581 10.24 0
1708210355040 10.25 0
1708210365862 10.24 0
1708210380983 10.24 0
1708210396194 10.25 0
1708210411474 10.27 0
1708210422320 10.25 0
1708210433148 10.24 0
1708210448314 10.25 0
1708210463615 10.25 0
1708210478983 10.24 0
1708210494175 10.25 0
1708210505021 10.25 0
1708210520176 10.25 0
1708210535432 10.24 0
1708210550692 10.25 0
1708210565905 10.25 0
1708210580967 10.23 0
1708210596090 10.26 0
1708210611294 10.24 0
1708210626567 10.24 0
1708210641880 10.25 0
1708210657295 10.24 0
1708210672557 10.25 0
1708210687867 10.24 0
1708210702915 10.25 0
1708210713761 10.25 0
1708210724610 10.25 0
1708210740224 10.24 0
1708210755543 10.24 0
1708210770633 10.25 0
1708210785719 10.23 0
1708210800969 10.24 0
1708210815979 10.25 0
1708210831253 10.25 0
1708210846192 10.24 0
1708210861072 10.24 0
1708210875962 10.24 0
1708210890979 10.24 0
1708210905956 10.25 0
1708210921051 10.24 0
1708210936211 10.24 0
1708210951262 10.25 0
1708210966389 10.25 0
1708210981401 10.27 0
1708210996639 10.2 0
1708211011635 10.24 0
1708211027015 10.24 0
1708211042002 10.25 0
1708211052909 10.24 0
1708211068255 10.25 0
1708211083341 10.25 0
1708211098630 10.24 0
1708211114035 10.24 0
1708211129171 10.24 0
1708211144349 10.23 0
1708211159474 10.24 0
1708211170284 10.24 0
1708211185753 10.26 0
1708211196561 10.24 0
1708211207386 10.26 0
1708211222358 10.25 0
1708211237606 10.23 0
1708211248420 10.25 0
1708211263833 10.24 0
1708211274656 10.24 0
1708211289706 10.23 0
1708211305020 10.25 0
1708211320535 10.24 0
1708211335583 10.24 0
1708211346401 10.25 0
1708211361497 10.24 0
1708211376468 10.23 0
1708211391574 10.24 0
1708211406754 10.24 0
1708211417566 10.24 0
1708211428390 10.25 0
1708211439210 10.24 0
1708211459069 10.24 0
1708211474432 10.23 0
1708211489905 10.24 0
1708211505292 10.24 0
1708211520709 10.23 0
1708211536015 10.25 0
1708211551369 10.24 0
1708211562186 10.25 0
1708211573003 10.25 0
1708211583806 10.24 0
1708211594756 10.25 0
1708211606263 10.93 0
1708211618116 11.28 0
1708211630564 11.88 0
1708211643113 11.97 0
1708211656226 12.54 0
1708211671596 10.24 0
1708211682556 10.25 0
1708211693790 10.66 0
1708211707444 13.07 0
1708211718932 10.91 0
1708211731908 12.4 0
1708211742717 10.24 0
1708211753970 10.68 0
1708211765970 11.42 0
1708211780019 13.47 0
1708211793790 13.2 0
1708211805705 11.33 0
1708211819556 13.27 0
1708211831481 11.34 0
1708211845386 13.34 0
1708211856202 10.24 0
1708211867544 10.62 0
1708211880048 11.94 0
1708211892695 12.07 0
1708211907077 13.81 0
1708211919942 12.28 0
1708211932389 11.87 0
1708211947685 10.24 0
1708211963205 10.25 0
1708211978538 10.23 0
1708211989355 10.24 0
1708212000194 10.25 0
1708212011548 10.78 0
1708212023187 11.06 0
1708212039267 15.37 0
1708212050206 10.35 0
1708212064656 13.87 0
1708212075487 10.25 0
1708212088527 12.45 0
1708212103974 10.24 0
1708212114803 10.23 0
1708212125712 10.32 0
1708212136943 10.64 0
1708212148919 11.39 0
1708212160106 10.6 0
1708212174923 14.24 0
1708212185763 10.25 0
1708212198277 11.93 0
1708212213499 14.64 0
1708212224487 10.26 0
1708212237757 12.68 0
1708212250431 12.09 0
1708212262750 11.73 0
1708212274395 11.06 0
1708212287417 12.43 0
1708212298795 10.79 0
1708212310882 11.5 0
1708212321871 10.26 0
1708212334393 11.94 0
1708212347940 12.95 0
1708212360244 11.72 0
1708212373225 12.4 0
1708212387685 13.88 0
1708212400933 12.67 0
1708212413325 11.81 0
1708212425720 11.67 0
1708212438348 12.04 0
1708212449386 10.45 0
1708212460226 10.24 0
1708212474197 13.39 0
1708212487893 13.11 0
1708212499793 11.31 0
1708212512661 12.28 0
1708212524419 11.03 0
1708212535555 10.53 0
1708212546388 10.23 0
1708212559476 12.5 0
1708212571853 11.78 0
1708212582679 10.23 0
1708212595063 11.79 0
1708212608352 12.7 0
1708212621049 12.1 0
1708212633101 11.45 0
1708212646557 12.85 0
1708212657817 10.66 0
1708212670024 11.62 0
1708212682406 11.77 0
1708212694099 11.09 0
1708212708346 13.51 0
1708212723816 10.24 0
1708212734657 10.25 0
1708212745494 10.24 0
1708212756332 10.24 0
1708212768537 11.61 0
1708212780126 10.99 0
1708212792748 11.89 0
1708212804556 11.2 0
1708212818502 13.35 0
1708212831306 12.2 0
1708212843811 11.91 0
1708212858853 10.24 0
1708212869833 10.38 0
1708212885450 10.24 0
1708212896282 10.23 0
1708212911424 10.24 0
1708212926796 10.25 0
1708212942024 10.24 0
1708212957373 10.23 0
1708212972744 10.24 0
1708212987943 10.24 0
1708213003159 10.26 0
1708213018382 10.24 0
1708213033478 10.23 0
1708213048732 10.25 0
1708213063853 10.24 0
1708213079181 10.24 0
1708213094616 10.26 0
1708213109633 10.24 0
1708213124979 10.28 0
1708213140111 10.25 0
1708213155417 10.24 0
1708213166268 10.24 0
1708213181410 10.25 0
1708213192373 10.24 0
1708213207737 10.24 0
1708213222847 10.24 0
1708213238182 10.23 0
1708213249039 10.26 0
1708213264151 10.24 0
1708213279460 10.25 0
1708213290308 10.24 0
1708213305437 10.25 0
1708213320889 10.23 0
1708213335961 10.24 0
1708213351307 10.23 0
1708213362134 10.23 0
1708213377175 10.25 0
1708213392797 10.24 0
1708213407931 10.25 0
1708213423336 10.24 0
1708213438561 10.23 0
1708213454093 10.24 0
1708213469255 10.25 0
1708213480109 10.25 0
1708213490970 10.25 0
1708213506346 10.25 0
1708213521937 10.25 0
1708213532775 10.24 0
1708213543623 10.25 0
1708213554484 10.25 0
1708213565300 10.24 0
1708213580489 10.25 0
1708213591446 10.25 0
1708213602274 10.25 0
1708213613105 10.25 0
1708213628561 10.24 0
1708213639375 10.24 0
1708213654775 10.26 0
1708213670007 10.25 0
1708213685484 10.25 0
1708213696289 10.23 0
1708213707103 10.24 0
1708213717909 10.24 0
1708213728735 10.25 0
1708213739687 10.25 0
1708213750519 10.25 0
1708213763259 12.16 0
1708213776904 13.06 0
1708213789005 11.53 0
1708213802979 13.4 0
1708213814201 10.64 0
1708213825580 10.79 0
1708213837725 11.57 0
1708213851057 12.76 0
1708213863648 12.01 0
1708213876651 12.43 0
1708213889736 12.51 0
1708213904089 13.78 0
1708213917358 12.68 0
1708213928500 10.57 0
1708213942262 13.04 0
1708213955010 12.16 0
1708213966138 10.55 0
1708213980172 13.45 0
1708213992215 11.47 0
1708214003036 10.24 0
1708214014982 11.37 0
1708214028306 12.75 0
1708214044616 15.74 0
1708214060038 10.26 0
1708214070845 10.23 0
1708214081969 10.55 0
1708214096411 13.87 0
1708214108323 11.34 0
1708214121139 12.24 0
1708214133957 12.1 0
1708214146027 11.49 0
1708214158942 12.33 0
1708214169752 10.23 0
1708214184424 14.1 0
1708214196339 11.35 0
1708214208115 11.2 0
1708214222044 13.35 0
1708214236526 13.9 0
1708214249038 11.93 0
1708214263139 13.52 0
1708214275561 11.84 0
1708214286386 10.25 0
1708214298195 11.23 0
1708214310682 11.91 0
1708214324163 12.9 0
1708214336679 11.79 0
1708214349673 12.41 0
1708214362314 12.06 0
1708214375213 12.31 0
1708214389288 13.5 0
1708214402960 13.09 0
1708214416194 12.65 0
1708214431343 14.57 0
1708214442236 10.31 0
1708214453821 11.0 0
1708214466288 11.88 0
1708214479677 12.8 0
1708214490514 10.25 0
1708214502866 11.76 0
1708214514145 10.69 0
1708214527879 13.15 0
1708214539581 10.98 0
1708214551328 11.16 0
1708214562260 10.34 0
1708214577154 14.31 0
1708214589505 11.77 0
1708214604046 13.95 0
1708214617115 12.49 0
1708214631702 14.0 0
1708214642922 10.51 0
1708214656091 12.58 0
1708214667918 11.24 0
1708214680267 11.76 0
1708214695424 10.25 0
1708214706246 10.24 0
1708214717085 10.25 0
1708214728818 11.0 0
1708214739724 10.31 0
1708214751835 11.51 0
1708214765862 13.44 0
1708214779941 13.49 0
1708214791256 10.72 0
1708214802459 10.62 0
1708214816492 13.44 0
1708214827478 10.25 0
1708214838891 10.82 0
1708214850645 11.16 0
1708214863791 12.56 0
1708214876108 11.73 0
1708214889326 12.63 0
1708214901852 11.94 0
1708214913687 11.24 0
1708214925444 11.02 0
1708214938627 12.59 0
1708214951362 12.15 0
1708214966796 10.25 0
1708214982215 10.24 0
1708214997864 10.25 0
1708215008695 10.24 0
1708215024107 10.25 0
1708215039457 10.24 0
1708215054936 10.24 0
1708215065803 10.28 0
1708215076637 10.25 0
1708215087478 10.25 0
1708215098313 10.25 0
1708215113753 10.26 0
1708215124578 10.24 0
1708215135429 10.26 0
1708215150978 10.24 0
1708215166382 10.25 0
1708215181764 10.24 0
1708215197252 10.25 0
1708215208113 10.27 0
1708215218939 10.24 0
1708215234457 10.26 0
1708215249879 10.24 0
1708215265365 10.26 0
1708215280805 10.23 0
1708215296185 10.25 0
1708215311512 10.24 0
1708215322337 10.24 0
1708215337768 10.28 0
1708215357753 10.24 0
1708215373003 10.24 0
1708215383843 10.25 0
1708215399395 10.27 0
1708215414568 10.23 0
1708215430039 10.24 0
1708215440871 10.25 0
1708215451706 10.25 0
1708215466808 10.28 0
1708215477644 10.24 0
1708215493172 10.23 0
1708215508389 10.24 0
1708215523836 10.23 0
1708215534705 10.28 0
1708215549817 10.24 0
1708215565331 10.24 0
1708215576168 10.25 0
1708215586997 10.24 0
1708215597823 10.24 0
1708215608789 10.25 0
1708215619634 10.25 0
1708215630486 10.26 0
1708215642631 11.56 0
1708215654062 10.83 0
1708215669223 10.24 0
1708215684945 10.25 0
1708215695791 10.25 0
1708215706636 10.25 0
1708215721765 10.24 0
1708215737141 10.25 0
1708215752145 10.29 0
1708215762984 10.24 0
1708215778482 10.24 0
1708215793571 10.23 0
1708215804440 10.27 0
1708215815286 10.25 0
1708215826176 10.29 0
1708215837046 10.26 0
1708215849413 11.76 0
1708215860270 10.26 0
1708215873892 13.02 0
1708215885763 11.27 0
1708215898645 12.28 0
1708215909565 10.32 0
1708215921393 11.09 0
1708215934190 12.19 0
1708215945054 10.26 0
1708215956314 10.65 0
1708215971458 10.25 0
1708215982299 10.24 0
1708216002326 10.23 0
1708216013170 10.25 0
1708216028420 10.25 0
1708216039266 10.25 0
1708216050121 10.26 0
1708216060964 10.25 0
1708216071898 10.2 0
1708216085143 12.64 0
1708216096896 11.15 0
1708216109681 12.18 0
1708216125146 10.25 0
1708216140485 10.24 0
1708216155984 10.23 0
1708216166824 10.24 0
1708216181960 10.24 0
1708216192799 10.24 0
1708216203640 10.24 0
1708216214473 10.23 0
1708216225476 10.25 0
1708216236323 10.25 0
1708216247163 10.24 0
1708216262318 14.56 0
1708216273455 10.54 0
1708216285781 11.73 0
1708216300146 13.77 0
1708216311918 11.17 0
1708216322903 10.25 0
1708216335364 11.86 0
1708216347193 11.23 0
1708216360020 12.23 0
1708216373997 13.38 0
1708216386920 12.33 0
1708216400420 12.9 0
1708216411978 10.81 0
1708216424874 12.3 0
1708216439351 13.86 0
1708216453710 13.75 0
1708216466810 12.5 0
1708216478420 11.01 0
1708216492500 13.48 0
1708216504487 11.39 0
1708216516979 11.74 0
1708216531326 13.74 0
1708216544333 12.4 0
1708216557338 12.4 0
1708216569043 11.11 0
1708216581289 11.65 0
1708216593175 11.28 0
1708216605929 12.15 0
1708216618570 11.88 0
1708216634059 10.25 0
1708216644914 10.25 0
1708216656455 10.93 0
1708216669747 12.69 0
1708216681440 11.09 0
1708216692934 10.89 0
1708216705058 11.37 0
1708216717887 12.22 0
1708216731178 12.68 0
1708216743013 11.24 0
1708216755611 11.99 0
1708216767765 11.55 0
1708216779217 10.84 0
1708216791720 11.91 0
1708216803405 11.08 0
1708216815337 11.33 0
1708216827779 11.83 0
1708216839085 10.7 0
1708216850111 10.42 0
1708216862788 12.07 0
1708216875772 12.37 0
1708216890077 13.55 0
1708216902475 11.79 0
1708216915454 12.36 0
1708216929428 13.36 0
1708216942633 12.59 0
1708216955283 12.04 0
1708216966851 10.95 0
1708216980355 12.75 0
1708216991492 10.52 0
1708217007956 15.85 0
1708217019633 11.06 0
1708217032755 12.51 0
1708217046124 12.75 0
1708217059333 12.6 0
1708217071268 11.33 0
1708217083939 11.91 0
1708217097874 13.32 0
1708217111846 13.36 0
1708217122709 10.25 0
1708217135859 12.53 0
1708217149147 12.68 0
1708217160900 11.14 0
1708217172150 10.49 0
1708217184546 11.78 0
1708217196312 11.15 0
1708217209505 12.58 0
1708217223847 13.73 0
1708217236514 12.05 0
1708217249734 12.6 0
1708217265413 10.24 0
1708217276284 10.25 0
1708217287550 10.65 0
1708217299062 10.9 0
1708217312690 13.0 0
1708217324622 11.31 0
1708217337033 11.79 0
1708217350905 13.26 0
1708217361771 10.25 0
1708217372653 10.26 0
1708217383506 10.24 0
1708217394375 10.25 0
1708217405215 10.23 0
1708217417574 11.75 0
1708217429441 11.25 0
1708217443019 12.83 0
1708217454030 10.4 0
1708217467382 12.73 0
1708217482869 10.24 0
1708217493728 10.25 0
1708217506723 12.38 0
1708217522064 10.24 0
1708217537582 10.25 0
1708217548424 10.23 0
1708217559288 10.25 0
1708217570156 10.25 0
1708217581018 10.25 0
1708217595023 13.25 0
1708217607674 12.02 0
1708217621584 13.3 0
1708217636801 10.25 0
1708217647657 10.24 0
1708217663117 10.25 0
1708217678444 10.24 0
1708217693473 10.25 0
1708217708859 10.25 0
1708217719718 10.24 0
1708217730586 10.26 0
1708217741579 10.25 0
1708217752450 10.25 0
1708217763319 10.25 0
1708217774188 10.26 0
1708217785987 11.18 0
1708217796864 10.25 0
1708217809486 12.01 0
1708217822884 12.64 0
1708217834008 10.5 0
1708217844904 10.28 0
1708217859963 14.44 0
1708217873476 12.89 0
1708217888822 10.24 0
1708217899738 10.3 0
1708217913546 13.18 0
1708217926098 11.93 0
1708217941246 10.25 0
1708217952431 10.57 0
1708217965571 12.53 0
1708217981266 10.24 0
1708217992142 10.26 0
1708218003005 10.25 0
1708218013872 10.25 0
1708218024740 10.25 0
1708218040312 10.24 0
1708218051182 10.24 0
1708218062183 10.24 0
1708218073082 10.27 0
1708218084073 10.36 0
1708218096664 11.97 0
1708218108204 10.91 0
1708218120044 11.22 0
1708218131773 11.11 0
1708218142782 10.25 0
1708218155311 11.91 0
1708218166180 10.24 0
1708218179228 12.42 0
1708218191594 11.74 0
1708218206020 13.81 0
1708218219537 12.89 0
1708218231351 11.19 0
1708218243392 11.27 0
1708218256338 12.32 0
1708218267349 10.39 0
1708218279583 11.61 0
1708218291409 11.2 0
1708218304504 12.47 0
1708218317830 12.7 0
1708218331986 13.38 0
1708218346917 14.31 0
1708218359852 12.31 0
1708218372288 11.81 0
1708218384311 11.4 0
1708218398484 13.55 0
1708218410968 11.86 0
1708218423467 11.73 0
1708218435465 11.37 0
1708218447312 11.2 0
1708218462069 14.13 0
1708218474879 12.18 0
1708218486199 10.69 0
1708218499102 12.27 0
1708218514620 10.25 0
1708218525503 10.25 0
1708218537399 11.25 0
1708218551713 13.68 0
1708218563633 11.28 0
1708218575464 11.2 0
1708218588378 12.3 0
1708218599639 10.63 0
1708218613366 13.1 0
1708218626164 12.17 0
1708218637228 10.45 0
1708218649150 11.29 0
1708218662188 12.41 0
1708218673181 10.37 0
1708218686117 12.31 0
1708218697554 10.67 0
1708218708426 10.24 0
1708218719474 10.42 0
1708218734217 14.12 0
1708218747715 12.87 0
1708218759488 11.18 0
1708218773054 12.97 0
1708218787519 13.73 0
1708218799489 11.38 0
1708218812087 12.0 0
1708218824708 12.03 0
1708218838353 13.06 0
1708218849631 10.69 0
1708218861397 11.17 0
1708218873146 11.16 0
1708218885695 11.82 0
1708218897832 11.54 0
1708218908668 10.25 0
1708218922734 13.47 0
1708218934555 11.22 0
1708218946561 11.41 0
1708218960123 12.96 0
1708218973039 12.32 0
1708218984747 10.97 0
1708218997575 12.23 0
1708219011501 13.32 0
1708219025647 13.55 0
1708219036985 10.75 0
1708219048917 11.33 0
1708219063132 13.62 0
1708219074014 10.29 0
1708219087452 12.84 0
1708219100535 12.48 0
1708219113357 12.23 0
1708219127182 13.23 0
1708219142381 10.25 0
1708219153214 10.24 0
1708219164673 10.86 0
1708219179462 14.07 0
1708219190324 10.26 0
1708219203174 12.25 0
1708219215051 11.29 0
1708219226508 10.85 0
1708219239164 12.06 0
1708219252778 13.02 0
1708219265820 12.45 0
1708219279223 12.67 0
1708219291228 11.4 0
1708219302799 10.97 0
1708219316668 13.27 0
1708219329638 12.37 0
1708219343893 13.66 0
1708219356449 11.95 0
1708219368416 11.37 0
1708219381455 12.45 0
1708219393798 11.75 0
1708219407006 12.61 0
1708219419868 12.25 0
1708219433277 12.82 0
1708219447019 13.16 0
1708219459120 11.51 0
1708219470120 10.4 0
1708219483643 12.79 0
1708219495846 11.61 0
1708219510568 14.12 0
1708219524150 12.99 0
1708219536542 11.79 0
1708219549866 12.73 0
1708219562736 12.28 0
1708219575100 11.77 0
1708219586038 10.34 0
1708219597542 10.91 0
1708219611484 13.35 0
1708219624813 12.74 0
1708219636578 11.17 0
1708219649013 11.84 0
1708219664571 10.26 0
1708219680127 10.24 0
1708219695483 10.24 0
1708219706329 10.24 0
1708219717154 10.24 0
1708219732761 10.23 0
1708219748296 10.24 0
1708219763788 10.25 0
1708219779333 10.24 0
1708219799351 10.25 0
1708219810303 10.24 0
1708219825646 10.25 0
1708219836476 10.24 0
1708219851637 10.25 0
1708219867103 10.25 0
1708219882730 10.24 0
1708219898035 10.24 0
1708219908875 10.25 0
1708219919718 10.25 0
1708219930581 10.25 0
1708219942689 11.51 0
1708219955150 11.74 0
1708219967812 12.07 0
1708219980868 12.47 0
1708219994206 12.74 0
1708220007200 12.39 0
1708220019824 12.02 0
1708220032272 11.85 0
1708220043476 10.61 0
1708220056481 12.4 0
1708220070278 13.2 0
1708220083598 12.72 0
1708220094659 10.46 0
1708220108462 13.21 0
1708220119310 10.25 0
1708220130161 10.25 0
1708220142122 11.22 0
1708220154844 12.12 0
1708220168642 13.2 0
1708220181467 12.23 0
1708220192801 10.74 0
1708220205900 12.51 0
1708220218709 12.21 0
1708220230505 11.21 0
1708220243589 12.34 0
1708220254944 10.74 0
1708220267070 11.52 0
1708220279696 12.03 0
1708220291619 11.33 0
1708220305945 13.73 0
1708220319779 13.24 0
1708220331493 11.12 0
1708220343463 11.36 0
1708220357687 13.63 0
1708220370694 12.41 0
1708220383362 12.08 0
1708220395621 11.66 0
1708220407397 11.18 0
1708220418499 10.5 0
1708220434028 10.24 0
1708220445234 10.61 0
1708220459266 13.44 0
1708220472666 12.81 0
1708220484457 11.17 0
1708220498104 13.04 0
1708220511084 12.37 0
1708220522759 11.07 0
1708220535623 12.12 0
1708220547655 11.41 0
1708220560371 12.11 0
1708220571215 10.24 0
1708220583275 11.46 0
1708220596576 12.7 0
1708220608447 11.27 0
1708220619397 10.34 0
1708220631672 11.53 0
1708220643917 11.64 0
1708220655740 11.22 0
1708220667564 11.2 0
1708220679797 11.62 0
1708220690658 10.25 0
1708220702917 11.65 0
1708220716343 12.83 0
1708220729594 12.5 0
1708220745062 14.86 0
1708220755925 10.26 0
1708220766959 10.43 0
1708220780689 13.12 0
1708220791989 10.69 0
1708220805501 12.9 0
1708220817162 11.05 0
1708220829193 11.28 0
1708220841143 11.35 0
1708220855688 13.93 0
1708220868712 12.42 0
1708220879576 10.25 0
1708220892612 12.43 0
1708220905511 12.31 0
1708220917405 11.29 0
1708220928418 10.26 0
1708220940562 11.54 0
1708220951771 10.6 0
1708220964681 12.31 0
1708220975796 10.5 0
1708220989933 13.53 0
1708221002094 11.55 0
1708221014316 11.61 0
1708221026567 11.49 0
1708221041220 14.05 0
1708221056646 10.25 0
1708221067510 10.25 0
1708221078373 10.26 0
1708221090362 11.38 0
1708221103304 12.34 0
1708221115808 11.76 0
1708221130411 13.99 0
1708221145294 14.28 0
1708221158061 12.16 0
1708221171090 12.42 0
1708221182366 10.66 0
1708221195326 12.35 0
1708221207117 11.18 0
1708221219244 11.36 0
1708221232623 12.78 0
1708221245325 12.09 0
1708221257866 11.93 0
1708221270272 11.79 0
1708221282476 11.59 0
1708221294115 11.03 0
1708221307456 12.74 0
1708221318459 10.26 0
1708221329337 10.26 0
1708221340897 10.95 0
1708221352767 11.26 0
1708221366053 12.68 0
1708221378191 11.53 0
1708221391455 12.65 0
1708221405252 13.19 0
1708221417917 11.92 0
1708221430191 11.66 0
1708221441881 11.09 0
1708221455203 12.72 0
1708221467567 11.76 0
1708221479456 11.28 0
1708221491640 11.57 0
1708221504881 12.63 0
1708221517725 12.09 0
1708221530333 12.0 0
1708221545375 14.43 0
1708221556756 10.77 0
1708221570326 12.96 0
1708221581179 10.25 0
1708221594658 12.87 0
1708221606200 10.94 0
1708221617773 10.82 0
1708221631755 13.37 0
1708221644203 11.84 0
1708221659053 14.25 0
1708221671298 11.63 0
1708221686789 10.24 0
1708221697626 10.24 0
1708221709521 11.16 0
1708221724963 10.24 0
1708221736051 10.48 0
1708221749663 12.97 0
1708221763072 12.79 0
1708221776949 13.26 0
1708221787914 10.36 0
1708221799209 10.55 0
1708221812935 13.12 0
1708221824776 11.23 0
1708221840213 10.25 0
1708221855716 10.24 0
1708221871298 10.24 0
1708221886522 10.24 0
1708221902042 10.24 0
1708221912887 10.24 0
1708221923749 10.26 0
1708221934655 10.3 0
1708221945518 10.25 0
1708221958265 12.14 0
1708221970606 11.73 0
1708221981656 10.44 0
1708221993894 11.64 0
1708222006610 12.11 0
1708222020932 13.72 0
1708222034531 12.86 0
1708222047041 11.89 0
1708222061693 14.04 0
1708222075507 13.21 0
1708222087211 11.1 0
1708222100281 12.46 0
1708222113488 12.6 0
1708222126473 12.38 0
1708222139328 12.1 0
1708222152231 12.3 0
1708222165607 12.77 0
1708222178135 11.92 0
1708222190390 11.64 0
1708222203937 12.94 0
1708222215147 10.6 0
1708222227491 11.73 0
1708222240701 12.44 0
1708222252494 11.18 0
1708222265137 12.03 0
1708222277120 11.37 0
1708222290214 12.48 0
1708222302353 11.53 0
1708222314509 11.55 0
1708222330124 10.24 0
1708222340977 10.25 0
1708222351835 10.25 0
1708222362704 10.25 0
1708222374793 11.48 0
1708222386785 11.38 0
1708222400399 13.0 0
1708222413499 12.49 0
1708222426760 12.5 0
1708222437733 10.36 0
1708222450052 11.71 0
1708222465506 10.24 0
1708222477109 10.99 0
1708222487972 10.25 0
1708222501240 12.65 0
1708222515513 13.53 0
1708222527912 11.79 0
1708222539960 11.44 0
1708222553675 13.1 0
1708222568221 13.94 0
1708222579239 10.41 0
1708222591460 11.62 0
1708222604212 12.15 0
1708222615953 10.98 0
1708222628570 12.01 0
1708222639436 10.25 0
1708222651687 11.64 0
1708222663866 11.55 0
1708222676718 12.23 0
1708222690207 12.88 0
1708222702953 12.14 0
1708222716358 12.65 0
1708222727300 10.33 0
1708222739618 11.71 0
1708222753008 12.78 0
1708222765332 11.72 0
1708222778243 12.31 0
1708222791248 12.4 0
1708222804341 12.48 0
1708222815927 10.83 0
1708222828078 11.53 0
1708222840233 11.55 0
1708222853291 12.44 0
1708222864701 10.8 0
1708222876808 11.49 0
1708222890515 13.09 0
1708222903450 12.32 0
1708222915434 11.21 0
1708222928528 12.47 0
1708222940265 11.12 0
1708222955766 10.25 0
1708222966623 10.24 0
1708222977484 10.24 0
1708222991316 13.22 0
1708223004188 12.1 0
1708223017179 12.36 0
1708223030549 12.75 0
1708223043860 12.69 0
1708223056246 11.77 0
1708223071482 14.6 0
1708223083194 11.1 0
1708223094391 10.44 0
1708223109582 14.58 0
1708223121854 11.65 0
1708223135410 12.93 0
1708223147026 10.99 0
1708223161415 13.77 0
1708223174272 12.23 0
1708223185136 10.24 0
1708223199927 14.03 0
1708223214116 13.58 0
1708223225374 10.64 0
1708223237894 11.89 0
1708223252672 14.16 0
1708223266469 13.18 0
1708223277999 10.9 0
1708223290295 11.68 0
1708223302043 11.0 0
1708223315349 12.69 0
1708223328098 12.13 0
1708223338974 10.25 0
1708223351951 12.36 0
1708223364423 11.85 0
1708223375305 10.25 0
1708223389383 13.45 0
1708223401800 11.8 0
1708223416701 14.29 0
1708223430556 13.23 0
1708223443140 11.96 0
1708223454985 11.22 0
1708223467208 11.61 0
1708223479041 11.21 0
1708223493870 14.07 0
1708223506056 11.56 0
1708223517470 10.78 0
1708223532028 13.94 0
1708223545383 12.74 0
1708223558705 12.71 0
1708223572082 12.76 0
1708223586406 13.7 0
1708223601886 10.26 0
1708223612753 10.25 0
1708223623640 10.26 0
1708223635593 11.33 0
1708223646974 10.77 0
1708223659977 12.38 0
1708223673044 12.43 0
1708223684628 10.97 0
1708223696861 11.61 0
1708223709418 11.94 0
1708223721388 11.35 0
1708223733536 11.53 0
1708223746492 12.33 0
1708223757946 10.82 0
1708223772284 13.58 0
1708223786347 13.44 0
1708223798544 11.58 0
1708223813086 13.93 0
1708223823937 10.23 0
1708223835376 10.82 0
1708223849832 13.84 0
1708223861025 10.58 0
1708223874766 12.97 0
1708223887673 12.28 0
1708223901673 13.38 0
1708223912765 10.47 0
1708223925624 12.23 0
1708223937590 11.34 0
1708223950092 11.88 0
1708223964601 13.89 0
1708223980180 14.8 0
1708223995588 10.26 0
1708224006460 10.25 0
1708224017336 10.25 0
1708224031429 13.48 0
1708224045167 13.12 0
1708224057986 12.2 0
1708224068867 10.26 0
1708224080691 11.2 0
1708224093721 12.41 0
1708224105378 11.04 0
1708224118031 12.03 0
1708224130095 11.44 0
1708224143407 12.69 0
1708224155229 11.06 0
1708224167334 11.33 0
1708224181331 13.37 0
1708224192825 10.88 0
1708224206914 13.47 0
1708224219230 11.69 0
1708224234822 10.25 0
1708224245826 10.25 0
1708224256781 10.33 0
1708224272050 14.65 0
1708224286146 13.48 0
1708224297037 10.25 0
1708224309964 12.31 0
1708224321928 11.35 0
1708224333707 11.15 0
1708224344967 10.51 0
1708224359769 14.17 0
1708224370639 10.24 0
1708224383012 11.75 0
1708224394549 10.92 0
1708224405421 10.23 0
1708224419540 13.48 0
1708224431785 11.62 0
1708224443657 11.25 0
1708224454537 10.25 0
1708224466580 11.41 0
1708224478723 11.48 0
1708224491574 12.22 0
1708224506283 14.08 0
1708224517658 10.75 0
1708224529619 11.2 0
1708224542673 12.43 0
1708224554867 11.57 0
1708224567147 11.65 0
1708224578760 10.98 0
1708224593472 14.09 0
1708224608946 10.25 0
1708224620697 10.99 0
1708224633178 11.86 0
1708224645842 12.04 0
1708224658094 11.62 0
1708224672993 14.27 0
1708224685671 12.06 0
1708224699386 13.1 0
1708224712883 12.88 0
1708224726787 13.13 0
1708224739914 12.5 0
1708224752916 12.38 0
1708224763780 10.24 0
1708224775794 11.39 0
1708224789289 12.87 0
1708224800334 10.42 0
1708224813703 12.75 0
1708224824596 10.27 0
1708224837488 12.27 0
1708224849337 11.22 0
1708224864852 10.25 0
1708224875716 10.24 0
1708224888927 12.59 0
1708224902474 12.79 0
1708224913881 10.78 0
1708224924703 10.2 0
1708224938791 13.46 0
1708224951025 11.61 0
1708224962887 11.23 0
1708224977991 14.48 0
1708224990222 11.61 0
1708225003887 12.89 0
1708225017987 13.47 0
1708225030582 11.97 0
1708225041465 10.26 0
1708225053071 10.98 0
1708225067336 13.64 0
1708225080575 12.62 0
1708225093680 12.34 0
1708225106515 12.21 0
1708225122048 14.91 0
1708225135096 12.43 0
1708225147424 11.7 0
1708225160088 12.04 0
1708225174670 13.95 0
1708225185528 10.23 0
1708225197309 10.7 0
1708225209319 11.38 0
1708225221138 11.2 0
1708225232332 10.57 0
1708225244972 12.01 0
1708225256370 10.78 0
1708225269061 12.07 0
1708225280942 11.25 0
1708225291968 10.25 0
1708225303814 11.21 0
1708225315769 11.32 0
1708225329363 12.96 0
1708225341528 11.53 0
1708225355118 12.96 0
1708225368875 13.12 0
1708225382211 12.7 0
1708225395724 12.88 0
1708225408521 12.16 0
1708225422796 13.64 0
1708225433851 10.42 0
1708225447086 12.59 0
1708225458501 10.78 0
1708225470710 11.57 0
1708225484472 13.0 0
1708225499927 10.25 0
1708225510808 10.25 0
1708225522796 11.35 0
1708225533675 10.25 0
1708225546716 12.41 0
1708225560360 12.99 0
1708225572176 11.18 0
1708225584376 11.56 0
1708225596903 11.89 0
1708225611192 13.66 0
1708225622512 10.69 0
1708225634656 11.51 0
1708225646486 11.2 0
1708225659724 12.46 0
1708225670610 10.25 0
1708225682070 10.83 0
1708225697957 15.25 0
1708225712437 13.85 0
1708225724629 11.57 0
1708225737506 12.24 0
1708225748457 10.31 0
1708225760775 11.69 0
1708225774224 12.82 0
1708225785988 11.13 0
1708225800173 13.55 0
1708225813141 12.34 0
1708225826410 12.64 0
1708225837276 10.24 0
1708225849464 11.42 0
1708225860350 10.26 0
1708225871229 10.24 0
1708225883825 11.96 0
1708225894709 10.25 0
1708225905585 10.24 0
1708225917652 11.43 0
1708225931678 13.4 0
1708225946239 13.94 0
1708225961464 10.23 0
1708225972521 10.42 0
1708225987996 10.25 0
1708226003569 10.3 0
1708226014454 10.25 0
1708226025344 10.26 0
1708226036208 10.24 0
1708226047139 10.29 0
1708226060075 12.31 0
1708226070962 10.25 0
1708226084144 12.54 0
1708226096117 11.21 0
1708226108682 11.92 0
1708226124176 10.27 0
1708226135376 10.57 0
1708226148239 12.23 0
1708226162452 13.58 0
1708226174105 11.02 0
1708226186954 12.07 0
1708226201171 13.59 0
1708226212064 10.26 0
1708226227937 15.24 0
1708226240508 11.94 0
1708226252768 11.63 0
1708226263644 10.24 0
1708226274881 10.6 0
1708226289794 14.28 0
1708226300693 10.26 0
1708226311580 10.25 0
1708226324628 12.41 0
1708226336357 11.1 0
1708226347260 10.26 0
1708226360404 12.51 0
1708226375484 14.31 0
1708226388062 11.95 0
1708226400021 11.31 0
1708226411975 11.31 0
1708226426805 14.19 0
1708226440391 12.95 0
1708226454208 13.19 0
1708226466417 11.42 0
1708226478528 11.48 0
1708226489669 10.51 0
1708226502508 12.19 0
1708226513413 10.27 0
1708226526707 12.66 0
1708226539303 11.97 0
1708226552538 12.6 0
1708226565664 12.49 0
1708226576563 10.26 0
1708226588478 11.28 0
1708226600797 11.68 0
1708226613794 12.37 0
1708226624970 10.54 0
1708226636147 10.54 0
1708226647910 10.98 0
1708226659794 11.26 0
1708226672216 11.79 0
1708226684840 11.98 0
1708226700089 14.61 0
1708226713427 12.7 0
1708226724364 10.3 0
1708226737927 12.93 0
1708226753572 10.25 0
1708226764454 10.24 0
1708226775500 10.41 0
1708226787428 11.29 0
1708226801395 13.33 0
1708226814704 12.68 0
1708226828791 13.45 0
1708226841083 11.65 0
1708226854797 13.08 0
1708226866161 10.73 0
1708226878124 11.33 0
1708226891621 12.87 0
1708226903375 11.12 0
1708226914822 10.8 0
1708226925998 10.39 0
1708226937842 11.22 0
1708226950661 12.17 0
1708226963387 12.1 0
1708226976640 12.62 0
1708226989668 12.39 0
1708227001129 10.83 0
1708227017198 15.3 0
1708227028082 10.24 0
1708227041761 13.04 0
1708227053886 11.49 0
1708227064924 10.41 0
1708227076253 10.69 0
1708227087717 10.83 0
1708227098585 10.24 0
1708227110043 10.67 0
1708227122191 11.5 0
1708227134510 11.68 0
1708227145614 10.46 0
1708227159050 12.8 0
1708227171475 11.79 0
1708227184324 12.21 0
1708227196698 11.6 0
1708227208650 11.3 0
1708227219758 10.47 0
1708227232281 11.89 0
1708227247316 14.4 0
1708227260678 12.72 0
1708227273200 11.89 0
1708227285179 11.35 0
1708227297701 11.73 0
1708227310610 12.27 0
1708227322386 11.15 0
1708227334268 11.24 0
1708227347806 12.9 0
1708227358699 10.25 0
