1708208022178 0.001 0
1708208046046 0.001 1
1708208056844 0.001 2
1708208067680 0.001 3
1708208078763 0.00099 4
1708208092142 0.00099 5
1708208105419 0.00099 6
1708208118543 0.00098 7
1708208130024 0.00098 8
1708208141424 0.00097 9
1708208153581 0.00096 10
1708208167269 0.00096 11
1708208179717 0.00095 12
1708208192368 0.00094 13
1708208204427 0.00093 14
1708208219232 0.00092 15
1708208230061 0.00091 16
1708208248475 0.0009 17
1708208263575 0.00089 18
1708208274413 0.00088 19
1708208289801 0.00086 20
1708208305148 0.00085 21
1708208320523 0.00084 22
1708208335644 0.00082 23
1708208346459 0.00081 24
1708208361676 0.00079 25
1708208376620 0.00078 26
1708208391934 0.00076 27
1708208402720 0.00075 28
1708208413542 0.00073 29
1708208424401 0.00071 30
1708208435225 0.0007 31
1708208447158 0.00068 32
1708208459771 0.00066 33
1708208471170 0.00064 34
1708208483418 0.00062 35
1708208495391 0.00061 36
1708208509170 0.00059 37
1708208520824 0.00057 38
1708208534007 0.00055 39
1708208547978 0.00053 40
1708208559682 0.00051 41
1708208571070 0.00049 42
1708208585057 0.00048 43
1708208598314 0.00046 44
1708208612316 0.00044 45
1708208624067 0.00042 46
1708208636268 0.0004 47
1708208649886 0.00038 48
1708208664002 0.00036 49
1708208675638 0.00035 50
1708208688734 0.00033 51
1708208703778 0.00031 52
1708208714597 0.00029 53
1708208725410 0.00028 54
1708208740655 0.00026 55
1708208755804 0.00024 56
1708208770969 0.00023 57
1708208786106 0.00021 58
1708208796918 0.0002 59
1708208812193 0.00018 60
1708208827272 0.00017 61
1708208842623 0.00015 62
1708208857766 0.00014 63
1708208868575 0.00013 64
1708208883705 0.00012 65
1708208899011 0.0001 66
1708208914169 9e-05 67
1708208924992 8e-05 68
1708208940212 7e-05 69
1708208951020 6e-05 70
1708208961852 5e-05 71
1708208972811 5e-05 72
1708208983666 4e-05 73
1708208994503 3e-05 74
1708209008221 3e-05 75
1708209021028 2e-05 76
1708209031886 2e-05 77
1708209044182 1e-05 78
1708209062292 1e-05 79
1708209073127 0.0 80
1708209083972 0.0 81
1708209094816 0.0 82
1708209109493 0.0 83
1708209120618 0.0 84
1708209131548 0.0 85
1708209145635 0.0 86
1708209158562 1e-05 87
1708209169376 1e-05 88
1708209181031 1e-05 89
1708209194277 2e-05 90
1708209205933 2e-05 91
1708209217577 3e-05 92
1708209230569 3e-05 93
1708209243048 4e-05 94
1708209255897 5e-05 95
1708209269177 6e-05 96
1708209285853 7e-05 97
1708209296660 8e-05 98
1708209312042 9e-05 99
1708209331907 0.0001 100
1708209342700 0.00011 101
1708209353515 0.00012 102
1708209364322 0.00013 103
1708209379489 0.00015 104
1708209394561 0.00016 105
1708209405419 0.00017 106
1708209416233 0.00019 107
1708209427050 0.0002 108
1708209437864 0.00022 109
1708209453868 0.00023 110
1708209469008 0.00025 111
1708209479867 0.00027 112
1708209490681 0.00028 113
1708209506455 0.0003 114
1708209521645 0.00032 115
1708209536964 0.00033 116
1708209547903 0.00035 117
1708209558722 0.00037 118
1708209573856 0.00039 119
1708209589239 0.00041 120
1708209604096 0.00043 121
1708209619375 0.00044 122
1708209634562 0.00046 123
1708209649738 0.00048 124
1708209664795 0.0005 125
1708209679949 0.00052 126
1708209695155 0.00054 127
1708209710179 0.00056 128
1708209725508 0.00058 129
1708209740673 0.00059 130
1708209756076 0.00061 131
1708209771303 0.00063 132
1708209782122 0.00065 133
1708209792950 0.00067 134
1708209808253 0.00068 135
1708209823735 0.0007 136
1708209838814 0.00072 137
1708209854291 0.00074 138
1708209865117 0.00075 139
1708209880546 0.00077 140
1708209895617 0.00078 141
1708209910922 0.0008 142
1708209926027 0.00081 143
1708209936859 0.00083 144
1708209952452 0.00084 145
1708209967792 0.00086 146
1708209982978 0.00087 147
1708209993820 0.00088 148
1708210004659 0.00089 149
1708210020111 0.0009 150
1708210035219 0.00092 151
1708210050552 0.00093 152
1708210065628 0.00094 153
1708210076590 0.00094 154
1708210092135 0.00095 155
1708210107338 0.00096 156
1708210122712 0.00097 157
1708210133564 0.00097 158
1708210144546 0.00098 159
1708210155395 0.00098 160
1708210170544 0.00099 161
1708210185787 0.00099 162
1708210200808 0.001 163
1708210211774 0.001 164
1708210227217 0.001 165
1708210242458 0.001 166
1708210257653 0.001 167
1708210272910 0.001 168
1708210283776 0.001 169
1708210298910 0.001 170
1708210314059 0.00099 171
1708210329340 0.00099 172
1708210344786 0.00099 173
1708210355622 0.00098 174
1708210370736 0.00098 175
1708210385944 0.00097 176
1708210401199 0.00096 177
1708210412064 0.00096 178
1708210422907 0.00095 179
1708210438064 0.00094 180
1708210453364 0.00093 181
1708210468739 0.00092 182
1708210483924 0.00091 183
1708210494769 0.0009 184
1708210509921 0.00089 185
1708210525187 0.00087 186
1708210540442 0.00086 187
1708210555656 0.00085 188
1708210570734 0.00083 189
1708210585829 0.00082 190
1708210601051 0.0008 191
1708210616321 0.00079 192
1708210631625 0.00077 193
1708210647051 0.00076 194
1708210662307 0.00074 195
1708210677626 0.00072 196
1708210692659 0.00071 197
1708210703512 0.00069 198
1708210714359 0.00067 199
1708210729980 0.00065 200
1708210745300 0.00064 201
1708210760385 0.00062 202
1708210775483 0.0006 203
1708210790727 0.00058 204
1708210805724 0.00056 205
1708210821002 0.00054 206
1708210835950 0.00053 207
1708210850829 0.00051 208
1708210865720 0.00049 209
1708210880740 0.00047 210
1708210895702 0.00045 211
1708210910813 0.00043 212
1708210925969 0.00041 213
1708210941011 0.00039 214
1708210956136 0.00038 215
1708210971130 0.00036 216
1708210986441 0.00034 217
1708211001395 0.00032 218
1708211016769 0.00031 219
1708211031753 0.00029 220
1708211042669 0.00027 221
1708211058005 0.00025 222
1708211073092 0.00024 223
1708211088392 0.00022 224
1708211103788 0.00021 225
1708211118930 0.00019 226
1708211134114 0.00018 227
1708211149232 0.00016 228
1708211160039 0.00015 229
1708211175494 0.00014 230
1708211186316 0.00012 231
1708211197126 0.00011 232
1708211212108 0.0001 233
1708211227374 9e-05 234
1708211238171 8e-05 235
1708211253590 7e-05 236
1708211264415 6e-05 237
1708211279469 5e-05 238
1708211294771 4e-05 239
1708211310290 4e-05 240
1708211325337 3e-05 241
1708211336151 2e-05 242
1708211351258 2e-05 243
1708211366233 1e-05 244
1708211381335 1e-05 245
1708211396514 1e-05 246
1708211407321 0.0 247
1708211418140 0.0 248
1708211428963 0.0 249
1708211448826 0.0 250
1708211464195 0.0 251
1708211479662 0.0 252
1708211495049 0.0 253
1708211510474 1e-05 254
1708211525765 1e-05 255
1708211541123 1e-05 256
1708211551937 2e-05 257
1708211562752 2e-05 258
1708211573568 3e-05 259
1708211584500 4e-05 260
1708211595329 4e-05 261
1708211606835 5e-05 262
1708211618687 6e-05 263
1708211631138 7e-05 264
1708211643683 8e-05 265
1708211661353 9e-05 266
1708211672301 0.0001 267
1708211683130 0.00011 268
1708211694367 0.00012 269
1708211708015 0.00014 270
1708211719505 0.00015 271
1708211732479 0.00016 272
1708211743292 0.00018 273
1708211754546 0.00019 274
1708211766545 0.00021 275
1708211780591 0.00022 276
1708211794370 0.00024 277
1708211806279 0.00025 278
1708211820141 0.00027 279
1708211832049 0.00029 280
1708211845960 0.00031 281
1708211856923 0.00032 282
1708211868110 0.00034 283
1708211880622 0.00036 284
1708211893268 0.00038 285
1708211907660 0.00039 286
1708211920514 0.00041 287
1708211937439 0.00043 288
1708211952955 0.00045 289
1708211968304 0.00047 290
1708211979112 0.00049 291
1708211989946 0.00051 292
1708212000770 0.00053 293
1708212012130 0.00054 294
1708212023897 0.00056 295
1708212039852 0.00058 296
1708212050788 0.0006 297
1708212065236 0.00062 298
1708212076075 0.00064 299
1708212093730 0.00065 300
1708212104569 0.00067 301
1708212115387 0.00069 302
1708212126298 0.00071 303
1708212137523 0.00072 304
1708212149505 0.00074 305
1708212160685 0.00076 306
1708212175509 0.00077 307
1708212186343 0.00079 308
1708212198861 0.0008 309
1708212214225 0.00082 310
1708212225072 0.00083 311
1708212238337 0.00085 312
1708212251017 0.00086 313
1708212263334 0.00087 314
1708212274984 0.00089 315
1708212288005 0.0009 316
1708212299376 0.00091 317
1708212311613 0.00092 318
1708212322454 0.00093 319
1708212334983 0.00094 320
1708212348522 0.00095 321
1708212360828 0.00096 322
1708212373806 0.00096 323
1708212388265 0.00097 324
1708212401513 0.00098 325
1708212414051 0.00098 326
1708212426305 0.00099 327
1708212438930 0.00099 328
1708212449984 0.00099 329
1708212460809 0.001 330
1708212474778 0.001 331
1708212488477 0.001 332
1708212500376 0.001 333
1708212513384 0.001 334
1708212525018 0.001 335
1708212536152 0.001 336
1708212546978 0.001 337
1708212560068 0.00099 338
1708212572444 0.00099 339
1708212583275 0.00098 340
1708212595650 0.00098 341
1708212608951 0.00097 342
1708212621650 0.00097 343
1708212633699 0.00096 344
1708212647151 0.00095 345
1708212658404 0.00094 346
1708212670630 0.00094 347
1708212683009 0.00093 348
1708212694832 0.00092 349
1708212713576 0.0009 350
1708212724409 0.00089 351
1708212735250 0.00088 352
1708212746091 0.00087 353
1708212756923 0.00086 354
1708212769129 0.00084 355
1708212780853 0.00083 356
1708212793348 0.00081 357
1708212805152 0.0008 358
1708212819101 0.00078 359
1708212831903 0.00077 360
1708212848608 0.00075 361
1708212859449 0.00074 362
1708212875202 0.00072 363
1708212886046 0.0007 364
1708212901179 0.00068 365
1708212916546 0.00067 366
1708212931782 0.00065 367
1708212947143 0.00063 368
1708212962506 0.00061 369
1708212977702 0.00059 370
1708212992894 0.00058 371
1708213008136 0.00056 372
1708213023242 0.00054 373
1708213038483 0.00052 374
1708213053610 0.0005 375
1708213068937 0.00048 376
1708213084350 0.00046 377
1708213099390 0.00044 378
1708213114698 0.00043 379
1708213129863 0.00041 380
1708213145175 0.00039 381
1708213156022 0.00037 382
1708213171161 0.00035 383
1708213182127 0.00033 384
1708213197492 0.00032 385
1708213212605 0.0003 386
1708213227946 0.00028 387
1708213238780 0.00027 388
1708213253905 0.00025 389
1708213269203 0.00023 390
1708213280062 0.00022 391
1708213295182 0.0002 392
1708213310658 0.00019 393
1708213325722 0.00017 394
1708213341073 0.00016 395
1708213351903 0.00015 396
1708213366923 0.00013 397
1708213382558 0.00012 398
1708213397683 0.00011 399
1708213413091 0.0001 400
1708213428327 9e-05 401
1708213443849 8e-05 402
1708213459007 7e-05 403
1708213469854 6e-05 404
1708213480713 5e-05 405
1708213496094 4e-05 406
1708213511679 3e-05 407
1708213522534 3e-05 408
1708213533375 2e-05 409
1708213544230 2e-05 410
1708213555058 1e-05 411
1708213570239 1e-05 412
1708213581197 1e-05 413
1708213592021 0.0 414
1708213602847 0.0 415
1708213618315 0.0 416
1708213629134 0.0 417
1708213644516 0.0 418
1708213659752 0.0 419
1708213675234 0.0 420
1708213686055 1e-05 421
1708213696858 1e-05 422
1708213707670 2e-05 423
1708213718483 2e-05 424
1708213729438 3e-05 425
1708213740264 3e-05 426
1708213751096 4e-05 427
1708213763841 5e-05 428
1708213777473 5e-05 429
1708213789575 6e-05 430
1708213803553 7e-05 431
1708213814788 8e-05 432
1708213826148 9e-05 433
1708213838294 0.0001 434
1708213851638 0.00012 435
1708213864222 0.00013 436
1708213877224 0.00014 437
1708213890306 0.00015 438
1708213904680 0.00017 439
1708213917928 0.00018 440
1708213929218 0.0002 441
1708213942843 0.00021 442
1708213955582 0.00023 443
1708213966716 0.00024 444
1708213980744 0.00026 445
1708213992794 0.00028 446
1708214003611 0.00029 447
1708214015557 0.00031 448
1708214028876 0.00033 449
1708214049777 0.00035 450
1708214060608 0.00036 451
1708214071414 0.00038 452
1708214082540 0.0004 453
1708214096981 0.00042 454
1708214108898 0.00044 455
1708214121856 0.00046 456
1708214134531 0.00048 457
1708214146605 0.00049 458
1708214159516 0.00051 459
1708214170325 0.00053 460
1708214184991 0.00055 461
1708214196910 0.00057 462
1708214208687 0.00059 463
1708214222619 0.00061 464
1708214237106 0.00062 465
1708214249613 0.00064 466
1708214263715 0.00066 467
1708214276137 0.00068 468
1708214286959 0.0007 469
1708214298769 0.00071 470
1708214311256 0.00073 471
1708214324884 0.00075 472
1708214337258 0.00076 473
1708214350255 0.00078 474
1708214362897 0.00079 475
1708214375788 0.00081 476
1708214389866 0.00082 477
1708214403544 0.00084 478
1708214416775 0.00085 479
1708214431927 0.00086 480
1708214442822 0.00088 481
1708214454402 0.00089 482
1708214466873 0.0009 483
1708214480257 0.00091 484
1708214491100 0.00092 485
1708214503451 0.00093 486
1708214514728 0.00094 487
1708214528598 0.00095 488
1708214540169 0.00096 489
1708214551915 0.00096 490
1708214562846 0.00097 491
1708214577736 0.00098 492
1708214590090 0.00098 493
1708214604627 0.00099 494
1708214617699 0.00099 495
1708214632413 0.00099 496
1708214643508 0.001 497
1708214656680 0.001 498
1708214668508 0.001 499
1708214685171 0.001 500
1708214696007 0.001 501
1708214706829 0.001 502
1708214717815 0.001 503
1708214729408 0.00099 504
1708214740321 0.00099 505
1708214752423 0.00099 506
1708214766451 0.00098 507
1708214780529 0.00098 508
1708214791841 0.00097 509
1708214803045 0.00096 510
1708214817221 0.00096 511
1708214828065 0.00095 512
1708214839482 0.00094 513
1708214851231 0.00093 514
1708214864373 0.00092 515
1708214876692 0.00091 516
1708214889914 0.0009 517
1708214902442 0.00089 518
1708214914418 0.00088 519
1708214926038 0.00086 520
1708214939212 0.00085 521
1708214956544 0.00084 522
1708214971977 0.00082 523
1708214987613 0.00081 524
1708214998450 0.00079 525
1708215013852 0.00078 526
1708215029215 0.00076 527
1708215044692 0.00075 528
1708215055519 0.00073 529
1708215066383 0.00071 530
1708215077221 0.0007 531
1708215088062 0.00068 532
1708215103495 0.00066 533
1708215114336 0.00064 534
1708215125165 0.00062 535
1708215140733 0.00061 536
1708215156133 0.00059 537
1708215171526 0.00057 538
1708215187000 0.00055 539
1708215197837 0.00053 540
1708215208692 0.00051 541
1708215224196 0.00049 542
1708215239639 0.00048 543
1708215255108 0.00046 544
1708215270574 0.00044 545
1708215285938 0.00042 546
1708215301269 0.0004 547
1708215312091 0.00038 548
1708215327480 0.00036 549
1708215347509 0.00035 550
1708215362757 0.00033 551
1708215373594 0.00031 552
1708215389124 0.00029 553
1708215404336 0.00028 554
1708215419794 0.00026 555
1708215430622 0.00024 556
1708215441454 0.00023 557
1708215456522 0.00021 558
1708215467400 0.0002 559
1708215482937 0.00018 560
1708215498142 0.00017 561
1708215513601 0.00015 562
1708215524418 0.00014 563
1708215539575 0.00013 564
1708215555087 0.00012 565
1708215565914 0.0001 566
1708215576751 9e-05 567
1708215587583 8e-05 568
1708215598537 7e-05 569
1708215609381 6e-05 570
1708215620225 5e-05 571
1708215631072 5e-05 572
1708215643225 4e-05 573
1708215658980 3e-05 574
1708215674693 3e-05 575
1708215685540 2e-05 576
1708215696386 2e-05 577
1708215711520 1e-05 578
1708215726893 1e-05 579
1708215741856 0.0 580
1708215752743 0.0 581
1708215768236 0.0 582
1708215783343 0.0 583
1708215794164 0.0 584
1708215805038 0.0 585
1708215815884 0.0 586
1708215826779 1e-05 587
1708215837650 1e-05 588
1708215850011 1e-05 589
1708215860868 2e-05 590
1708215874489 2e-05 591
1708215886364 3e-05 592
1708215899242 3e-05 593
1708215910297 4e-05 594
1708215921996 5e-05 595
1708215934787 6e-05 596
1708215945664 7e-05 597
1708215961206 8e-05 598
1708215972052 9e-05 599
1708215992094 0.0001 600
1708216002920 0.00011 601
1708216018168 0.00012 602
1708216029016 0.00013 603
1708216039857 0.00015 604
1708216050714 0.00016 605
1708216061690 0.00017 606
1708216072497 0.00019 607
1708216085741 0.0002 608
1708216097502 0.00022 609
1708216114892 0.00023 610
1708216130240 0.00025 611
1708216145750 0.00027 612
1708216156578 0.00028 613
1708216171722 0.0003 614
1708216182557 0.00032 615
1708216193397 0.00033 616
1708216204238 0.00035 617
1708216215220 0.00037 618
1708216226070 0.00039 619
1708216236922 0.00041 620
1708216247757 0.00043 621
1708216262912 0.00044 622
1708216274049 0.00046 623
1708216286377 0.00048 624
1708216300749 0.0005 625
1708216312651 0.00052 626
1708216323498 0.00054 627
1708216335958 0.00056 628
1708216347788 0.00058 629
1708216360619 0.00059 630
1708216374591 0.00061 631
1708216387521 0.00063 632
1708216401160 0.00065 633
1708216412576 0.00067 634
1708216425492 0.00068 635
1708216439952 0.0007 636
1708216454306 0.00072 637
1708216467410 0.00074 638
1708216479020 0.00075 639
1708216493098 0.00077 640
1708216505233 0.00078 641
1708216517578 0.0008 642
1708216531928 0.00081 643
1708216544936 0.00083 644
1708216557935 0.00084 645
1708216569638 0.00086 646
1708216581889 0.00087 647
1708216593772 0.00088 648
1708216606692 0.00089 649
1708216623811 0.0009 650
1708216634658 0.00092 651
1708216645520 0.00093 652
1708216657057 0.00094 653
1708216670347 0.00094 654
1708216682040 0.00095 655
1708216693683 0.00096 656
1708216705664 0.00097 657
1708216718493 0.00097 658
1708216731772 0.00098 659
1708216743620 0.00098 660
1708216756216 0.00099 661
1708216768373 0.00099 662
1708216779811 0.001 663
1708216792322 0.001 664
1708216804007 0.001 665
1708216815947 0.001 666
1708216828382 0.001 667
1708216839688 0.001 668
1708216850721 0.001 669
1708216863396 0.001 670
1708216876523 0.00099 671
1708216890687 0.00099 672
1708216903093 0.00099 673
1708216916067 0.00098 674
1708216930038 0.00098 675
1708216943239 0.00097 676
1708216955896 0.00096 677
1708216967604 0.00096 678
1708216980966 0.00095 679
1708216992101 0.00094 680
1708217008569 0.00093 681
1708217020247 0.00092 682
1708217033368 0.00091 683
1708217046730 0.0009 684
1708217059938 0.00089 685
1708217072029 0.00087 686
1708217084555 0.00086 687
1708217098486 0.00085 688
1708217112457 0.00083 689
1708217123329 0.00082 690
1708217136469 0.0008 691
1708217149760 0.00079 692
1708217161654 0.00077 693
1708217172764 0.00076 694
1708217185162 0.00074 695
1708217196923 0.00072 696
1708217210115 0.00071 697
1708217224463 0.00069 698
1708217237129 0.00067 699
1708217255167 0.00065 700
1708217266030 0.00064 701
1708217276896 0.00062 702
1708217288159 0.0006 703
1708217299684 0.00058 704
1708217313306 0.00056 705
1708217325242 0.00054 706
1708217337640 0.00053 707
1708217351514 0.00051 708
1708217362391 0.00049 709
1708217373259 0.00047 710
1708217384119 0.00045 711
1708217394984 0.00043 712
1708217405826 0.00041 713
1708217418191 0.00039 714
1708217430189 0.00038 715
1708217443630 0.00036 716
1708217454645 0.00034 717
1708217472628 0.00032 718
1708217483478 0.00031 719
1708217494339 0.00029 720
1708217511818 0.00027 721
1708217527332 0.00025 722
1708217538192 0.00024 723
1708217549035 0.00022 724
1708217559905 0.00021 725
1708217570770 0.00019 726
1708217581772 0.00018 727
1708217595653 0.00016 728
1708217608282 0.00015 729
1708217626548 0.00014 730
1708217637412 0.00012 731
1708217652863 0.00011 732
1708217668203 0.0001 733
1708217683222 9e-05 734
1708217698606 8e-05 735
1708217709477 7e-05 736
1708217720327 6e-05 737
1708217731328 5e-05 738
1708217742199 4e-05 739
1708217753064 4e-05 740
1708217763928 3e-05 741
1708217774799 2e-05 742
1708217786607 2e-05 743
1708217797477 1e-05 744
1708217810237 1e-05 745
1708217823500 1e-05 746
1708217834621 0.0 747
1708217845520 0.0 748
1708217860584 0.0 749
1708217878574 0.0 750
1708217889438 0.0 751
1708217900359 0.0 752
1708217914166 0.0 753
1708217930997 1e-05 754
1708217941855 1e-05 755
1708217953044 1e-05 756
1708217971019 2e-05 757
1708217981880 2e-05 758
1708217992755 3e-05 759
1708218003617 4e-05 760
1708218014488 4e-05 761
1708218030072 5e-05 762
1708218040936 6e-05 763
1708218051939 7e-05 764
1708218062807 8e-05 765
1708218073706 9e-05 766
1708218084694 0.0001 767
1708218097287 0.00011 768
1708218108822 0.00012 769
1708218120660 0.00014 770
1708218132526 0.00015 771
1708218143403 0.00016 772
1708218155937 0.00018 773
1708218166801 0.00019 774
1708218179850 0.00021 775
1708218192210 0.00022 776
1708218206642 0.00024 777
1708218220159 0.00025 778
1708218232116 0.00027 779
1708218244014 0.00029 780
1708218256957 0.00031 781
1708218267975 0.00032 782
1708218280209 0.00034 783
1708218292030 0.00036 784
1708218305130 0.00038 785
1708218318602 0.00039 786
1708218332603 0.00041 787
1708218347536 0.00043 788
1708218360477 0.00045 789
1708218372913 0.00047 790
1708218384935 0.00049 791
1708218399111 0.00051 792
1708218411739 0.00053 793
1708218424094 0.00054 794
1708218436106 0.00056 795
1708218447936 0.00058 796
1708218462692 0.0006 797
1708218475502 0.00062 798
1708218486825 0.00064 799
1708218504371 0.00065 800
1708218515248 0.00067 801
1708218526143 0.00069 802
1708218538031 0.00071 803
1708218552351 0.00072 804
1708218564261 0.00074 805
1708218576080 0.00076 806
1708218589005 0.00077 807
1708218600265 0.00079 808
1708218613989 0.0008 809
1708218626779 0.00082 810
1708218637853 0.00083 811
1708218649775 0.00085 812
1708218662810 0.00086 813
1708218673803 0.00087 814
1708218686879 0.00089 815
1708218698179 0.0009 816
1708218709050 0.00091 817
1708218720095 0.00092 818
1708218734839 0.00093 819
1708218748302 0.00094 820
1708218760078 0.00095 821
1708218773786 0.00096 822
1708218788108 0.00096 823
1708218800086 0.00097 824
1708218812677 0.00098 825
1708218825292 0.00098 826
1708218838942 0.00099 827
1708218850226 0.00099 828
1708218861984 0.00099 829
1708218873875 0.001 830
1708218886291 0.001 831
1708218898418 0.001 832
1708218909262 0.001 833
1708218923330 0.001 834
1708218935147 0.001 835
1708218947157 0.001 836
1708218960722 0.001 837
1708218973769 0.00099 838
1708218985345 0.00099 839
1708218998176 0.00098 840
1708219012093 0.00098 841
1708219026235 0.00097 842
1708219037581 0.00097 843
1708219049512 0.00096 844
1708219063717 0.00095 845
1708219074607 0.00094 846
1708219088051 0.00094 847
1708219101124 0.00093 848
1708219113949 0.00092 849
1708219132127 0.0009 850
1708219142976 0.00089 851
1708219153808 0.00088 852
1708219165393 0.00087 853
1708219180059 0.00086 854
1708219190917 0.00084 855
1708219203762 0.00083 856
1708219215651 0.00081 857
1708219227098 0.0008 858
1708219239760 0.00078 859
1708219253367 0.00077 860
1708219266549 0.00075 861
1708219279821 0.00074 862
1708219291825 0.00072 863
1708219303392 0.0007 864
1708219317261 0.00068 865
1708219330232 0.00067 866
1708219344495 0.00065 867
1708219357041 0.00063 868
1708219369003 0.00061 869
1708219382048 0.00059 870
1708219394397 0.00058 871
1708219407614 0.00056 872
1708219420458 0.00054 873
1708219433861 0.00052 874
1708219447609 0.0005 875
1708219459715 0.00048 876
1708219470848 0.00046 877
1708219484238 0.00044 878
1708219496450 0.00043 879
1708219511162 0.00041 880
1708219524751 0.00039 881
1708219537136 0.00037 882
1708219550455 0.00035 883
1708219563330 0.00033 884
1708219575700 0.00032 885
1708219586633 0.0003 886
1708219598135 0.00028 887
1708219612075 0.00027 888
1708219625407 0.00025 889
1708219637166 0.00023 890
1708219654313 0.00022 891
1708219669887 0.0002 892
1708219685240 0.00019 893
1708219696091 0.00017 894
1708219706914 0.00016 895
1708219722529 0.00015 896
1708219738056 0.00013 897
1708219753532 0.00012 898
1708219769092 0.00011 899
1708219789101 0.0001 900
1708219800058 9e-05 901
1708219815390 8e-05 902
1708219826234 7e-05 903
1708219841387 6e-05 904
1708219856855 5e-05 905
1708219872483 4e-05 906
1708219887790 3e-05 907
1708219898626 3e-05 908
1708219909468 2e-05 909
1708219920330 2e-05 910
1708219931174 1e-05 911
1708219943406 1e-05 912
1708219955741 1e-05 913
1708219968401 0.0 914
1708219981464 0.0 915
1708219994806 0.0 916
1708220007798 0.0 917
1708220020419 0.0 918
1708220032864 0.0 919
1708220044075 0.0 920
1708220057074 1e-05 921
1708220070871 1e-05 922
1708220084200 2e-05 923
1708220095251 2e-05 924
1708220109056 3e-05 925
1708220119906 3e-05 926
1708220130897 4e-05 927
1708220142717 5e-05 928
1708220155439 5e-05 929
1708220169234 6e-05 930
1708220182063 7e-05 931
1708220193391 8e-05 932
1708220206496 9e-05 933
1708220219298 0.0001 934
1708220231244 0.00012 935
1708220244196 0.00013 936
1708220255546 0.00014 937
1708220267666 0.00015 938
1708220280287 0.00017 939
1708220292213 0.00018 940
1708220306537 0.0002 941
1708220320372 0.00021 942
1708220332097 0.00023 943
1708220344057 0.00024 944
1708220358283 0.00026 945
1708220371282 0.00028 946
1708220383958 0.00029 947
1708220396219 0.00031 948
1708220407991 0.00033 949
1708220423781 0.00035 950
1708220434619 0.00036 951
1708220445826 0.00038 952
1708220459856 0.0004 953
1708220473281 0.00042 954
1708220485059 0.00044 955
1708220498708 0.00046 956
1708220511687 0.00048 957
1708220523503 0.00049 958
1708220536243 0.00051 959
1708220548254 0.00053 960
1708220560970 0.00055 961
1708220571816 0.00057 962
1708220583877 0.00059 963
1708220597175 0.00061 964
1708220609052 0.00062 965
1708220620144 0.00064 966
1708220632275 0.00066 967
1708220644518 0.00068 968
1708220656361 0.0007 969
1708220668170 0.00071 970
1708220680402 0.00073 971
1708220691261 0.00075 972
1708220703513 0.00076 973
1708220717088 0.00078 974
1708220730199 0.00079 975
1708220745666 0.00081 976
1708220756527 0.00082 977
1708220767569 0.00084 978
1708220781293 0.00085 979
1708220792594 0.00086 980
1708220806113 0.00088 981
1708220817908 0.00089 982
1708220829794 0.0009 983
1708220841753 0.00091 984
1708220856291 0.00092 985
1708220869324 0.00093 986
1708220880183 0.00094 987
1708220893203 0.00095 988
1708220906116 0.00096 989
1708220918157 0.00096 990
1708220929020 0.00097 991
1708220941168 0.00098 992
1708220952369 0.00098 993
1708220965289 0.00099 994
1708220976403 0.00099 995
1708220990538 0.00099 996
1708221002701 0.001 997
1708221015077 0.001 998
1708221027168 0.001 999
1708221046397 0.001 1000
1708221057252 0.001 1001
1708221068113 0.001 1002
1708221078981 0.001 1003
1708221090964 0.00099 1004
1708221104050 0.00099 1005
1708221116416 0.00099 1006
1708221131016 0.00098 1007
1708221145903 0.00098 1008
1708221158670 0.00097 1009
1708221171699 0.00096 1010
1708221182974 0.00096 1011
1708221195934 0.00095 1012
1708221207883 0.00094 1013
1708221219846 0.00093 1014
1708221233230 0.00092 1015
1708221245934 0.00091 1016
1708221258479 0.0009 1017
1708221270881 0.00089 1018
1708221283079 0.00088 1019
1708221294716 0.00086 1020
1708221308201 0.00085 1021
1708221319071 0.00084 1022
1708221329946 0.00082 1023
1708221341508 0.00081 1024
1708221353373 0.00079 1025
1708221366656 0.00078 1026
1708221378798 0.00076 1027
1708221392057 0.00075 1028
1708221406000 0.00073 1029
1708221418525 0.00071 1030
1708221430792 0.0007 1031
1708221442481 0.00068 1032
1708221455806 0.00066 1033
1708221468168 0.00064 1034
1708221480068 0.00062 1035
1708221492244 0.00061 1036
1708221505634 0.00059 1037
1708221518330 0.00057 1038
1708221530940 0.00055 1039
1708221545980 0.00053 1040
1708221557366 0.00051 1041
1708221570932 0.00049 1042
1708221581784 0.00048 1043
1708221595261 0.00046 1044
1708221606949 0.00044 1045
1708221618380 0.00042 1046
1708221632364 0.0004 1047
1708221644804 0.00038 1048
1708221659666 0.00036 1049
1708221676543 0.00035 1050
1708221687388 0.00033 1051
1708221698363 0.00031 1052
1708221714717 0.00029 1053
1708221725566 0.00028 1054
1708221736686 0.00026 1055
1708221750279 0.00024 1056
1708221763682 0.00023 1057
1708221777556 0.00021 1058
1708221788658 0.0002 1059
1708221799811 0.00018 1060
1708221813539 0.00017 1061
1708221829960 0.00015 1062
1708221845474 0.00014 1063
1708221861057 0.00013 1064
1708221876279 0.00012 1065
1708221891804 0.0001 1066
1708221902644 9e-05 1067
1708221913491 8e-05 1068
1708221924354 7e-05 1069
1708221935263 6e-05 1070
1708221946127 5e-05 1071
1708221958874 5e-05 1072
1708221971216 4e-05 1073
1708221982254 3e-05 1074
1708221994495 3e-05 1075
1708222007214 2e-05 1076
1708222021671 2e-05 1077
1708222035143 1e-05 1078
1708222047648 1e-05 1079
1708222062293 0.0 1080
1708222076112 0.0 1081
1708222087816 0.0 1082
1708222100889 0.0 1083
1708222114091 0.0 1084
1708222127221 0.0 1085
1708222139930 0.0 1086
1708222152836 1e-05 1087
1708222166212 1e-05 1088
1708222178752 1e-05 1089
1708222190993 2e-05 1090
1708222204544 2e-05 1091
1708222215754 3e-05 1092
1708222228257 3e-05 1093
1708222241311 4e-05 1094
1708222253101 5e-05 1095
1708222265742 6e-05 1096
1708222277731 7e-05 1097
1708222290822 8e-05 1098
1708222302954 9e-05 1099
1708222319878 0.0001 1100
1708222330728 0.00011 1101
1708222341579 0.00012 1102
1708222352451 0.00013 1103
1708222363312 0.00015 1104
1708222375401 0.00016 1105
1708222387394 0.00017 1106
1708222401002 0.00019 1107
1708222414258 0.0002 1108
1708222427367 0.00022 1109
1708222438338 0.00023 1110
1708222455268 0.00025 1111
1708222466114 0.00027 1112
1708222477721 0.00028 1113
1708222488589 0.0003 1114
1708222501977 0.00032 1115
1708222516123 0.00033 1116
1708222528522 0.00035 1117
1708222540571 0.00037 1118
1708222554283 0.00039 1119
1708222568826 0.00041 1120
1708222579842 0.00043 1121
1708222592064 0.00044 1122
1708222604967 0.00046 1123
1708222616557 0.00048 1124
1708222629179 0.0005 1125
1708222640047 0.00052 1126
1708222652312 0.00054 1127
1708222664485 0.00056 1128
1708222677327 0.00058 1129
1708222690815 0.00059 1130
1708222703706 0.00061 1131
1708222716970 0.00063 1132
1708222727908 0.00065 1133
1708222740228 0.00067 1134
1708222753610 0.00068 1135
1708222765935 0.0007 1136
1708222778843 0.00072 1137
1708222791858 0.00074 1138
1708222805091 0.00075 1139
1708222816546 0.00077 1140
1708222828681 0.00078 1141
1708222840843 0.0008 1142
1708222853902 0.00081 1143
1708222865318 0.00083 1144
1708222877425 0.00084 1145
1708222891132 0.00086 1146
1708222904221 0.00087 1147
1708222916052 0.00088 1148
1708222929145 0.00089 1149
1708222945516 0.0009 1150
1708222956376 0.00092 1151
1708222967238 0.00093 1152
1708222978096 0.00094 1153
1708222992089 0.00094 1154
1708223004819 0.00095 1155
1708223017794 0.00096 1156
1708223031172 0.00097 1157
1708223044475 0.00097 1158
1708223056876 0.00098 1159
1708223072093 0.00098 1160
1708223083949 0.00099 1161
1708223095005 0.00099 1162
1708223110199 0.001 1163
1708223122474 0.001 1164
1708223136029 0.001 1165
1708223147642 0.001 1166
1708223162036 0.001 1167
1708223174891 0.001 1168
1708223185899 0.001 1169
1708223200537 0.001 1170
1708223214733 0.00099 1171
1708223225998 0.00099 1172
1708223238505 0.00099 1173
1708223253289 0.00098 1174
1708223267093 0.00098 1175
1708223278612 0.00097 1176
1708223291045 0.00096 1177
1708223302659 0.00096 1178
1708223315961 0.00095 1179
1708223328718 0.00094 1180
1708223339590 0.00093 1181
1708223352566 0.00092 1182
1708223365053 0.00091 1183
1708223375926 0.0009 1184
1708223390000 0.00089 1185
1708223402411 0.00087 1186
1708223417322 0.00086 1187
1708223431176 0.00085 1188
1708223443759 0.00083 1189
1708223455599 0.00082 1190
1708223467829 0.0008 1191
1708223479796 0.00079 1192
1708223494492 0.00077 1193
1708223506683 0.00076 1194
1708223518088 0.00074 1195
1708223532642 0.00072 1196
1708223545994 0.00071 1197
1708223559324 0.00069 1198
1708223572701 0.00067 1199
1708223591626 0.00065 1200
1708223602501 0.00064 1201
1708223613379 0.00062 1202
1708223624257 0.0006 1203
1708223636205 0.00058 1204
1708223647589 0.00056 1205
1708223660611 0.00054 1206
1708223673659 0.00053 1207
1708223685247 0.00051 1208
1708223697474 0.00049 1209
1708223710037 0.00047 1210
1708223722001 0.00045 1211
1708223734156 0.00043 1212
1708223747121 0.00041 1213
1708223758699 0.00039 1214
1708223772902 0.00038 1215
1708223786965 0.00036 1216
1708223799155 0.00034 1217
1708223813701 0.00032 1218
1708223824549 0.00031 1219
1708223835994 0.00029 1220
1708223850447 0.00027 1221
1708223861799 0.00025 1222
1708223875392 0.00024 1223
1708223888287 0.00022 1224
1708223902296 0.00021 1225
1708223913387 0.00019 1226
1708223926246 0.00018 1227
1708223938205 0.00016 1228
1708223950712 0.00015 1229
1708223965379 0.00014 1230
1708223985323 0.00012 1231
1708223996208 0.00011 1232
1708224007083 0.0001 1233
1708224017947 9e-05 1234
1708224032048 8e-05 1235
1708224045784 7e-05 1236
1708224058606 6e-05 1237
1708224069485 5e-05 1238
1708224081311 4e-05 1239
1708224094334 4e-05 1240
1708224105994 3e-05 1241
1708224118650 2e-05 1242
1708224130714 2e-05 1243
1708224144166 1e-05 1244
1708224155998 1e-05 1245
1708224167958 1e-05 1246
1708224181946 0.0 1247
1708224193440 0.0 1248
1708224207535 0.0 1249
1708224224566 0.0 1250
1708224235578 0.0 1251
1708224246446 0.0 1252
1708224257397 0.0 1253
1708224272668 1e-05 1254
1708224286783 1e-05 1255
1708224297652 1e-05 1256
1708224310577 2e-05 1257
1708224322559 2e-05 1258
1708224334459 3e-05 1259
1708224345592 4e-05 1260
1708224360392 4e-05 1261
1708224371262 5e-05 1262
1708224383630 6e-05 1263
1708224395188 7e-05 1264
1708224406054 8e-05 1265
1708224420158 9e-05 1266
1708224432401 0.0001 1267
1708224444284 0.00011 1268
1708224455163 0.00012 1269
1708224467236 0.00014 1270
1708224479348 0.00015 1271
1708224492195 0.00016 1272
1708224506903 0.00018 1273
1708224518417 0.00019 1274
1708224530243 0.00021 1275
1708224543292 0.00022 1276
1708224555494 0.00024 1277
1708224567776 0.00025 1278
1708224579384 0.00027 1279
1708224598698 0.00029 1280
1708224609703 0.00031 1281
1708224621319 0.00032 1282
1708224633801 0.00034 1283
1708224646469 0.00036 1284
1708224658721 0.00038 1285
1708224673612 0.00039 1286
1708224686288 0.00041 1287
1708224700006 0.00043 1288
1708224713655 0.00045 1289
1708224727415 0.00047 1290
1708224740534 0.00049 1291
1708224753536 0.00051 1292
1708224764405 0.00053 1293
1708224776411 0.00054 1294
1708224789908 0.00056 1295
1708224800948 0.00058 1296
1708224814328 0.0006 1297
1708224825218 0.00062 1298
1708224838117 0.00064 1299
1708224854595 0.00065 1300
1708224865469 0.00067 1301
1708224876331 0.00069 1302
1708224889679 0.00071 1303
1708224903099 0.00072 1304
1708224914503 0.00074 1305
1708224925324 0.00076 1306
1708224939415 0.00077 1307
1708224951649 0.00079 1308
1708224963504 0.0008 1309
1708224978609 0.00082 1310
1708224990993 0.00083 1311
1708225004514 0.00085 1312
1708225018606 0.00086 1313
1708225031205 0.00087 1314
1708225042090 0.00089 1315
1708225053694 0.0009 1316
1708225067956 0.00091 1317
1708225081341 0.00092 1318
1708225094300 0.00093 1319
1708225107133 0.00094 1320
1708225122667 0.00095 1321
1708225135718 0.00096 1322
1708225148045 0.00096 1323
1708225160717 0.00097 1324
1708225175293 0.00098 1325
1708225186607 0.00098 1326
1708225197935 0.00099 1327
1708225209938 0.00099 1328
1708225221759 0.00099 1329
1708225232963 0.001 1330
1708225245587 0.001 1331
1708225256992 0.001 1332
1708225269686 0.001 1333
1708225281714 0.001 1334
1708225292600 0.001 1335
1708225304451 0.001 1336
1708225316401 0.001 1337
1708225329990 0.00099 1338
1708225342151 0.00099 1339
1708225355749 0.00098 1340
1708225369504 0.00098 1341
1708225382843 0.00097 1342
1708225396355 0.00097 1343
1708225409151 0.00096 1344
1708225423432 0.00095 1345
1708225434489 0.00094 1346
1708225447718 0.00094 1347
1708225459133 0.00093 1348
1708225471471 0.00092 1349
1708225489674 0.0009 1350
1708225500555 0.00089 1351
1708225511438 0.00088 1352
1708225523426 0.00087 1353
1708225534306 0.00086 1354
1708225547371 0.00084 1355
1708225560988 0.00083 1356
1708225572816 0.00081 1357
1708225585013 0.0008 1358
1708225597535 0.00078 1359
1708225611816 0.00077 1360
1708225623141 0.00075 1361
1708225635289 0.00074 1362
1708225647259 0.00072 1363
1708225660354 0.0007 1364
1708225671239 0.00068 1365
1708225682706 0.00067 1366
1708225698584 0.00065 1367
1708225713061 0.00063 1368
1708225725262 0.00061 1369
1708225738140 0.00059 1370
1708225749084 0.00058 1371
1708225761403 0.00056 1372
1708225774856 0.00054 1373
1708225786620 0.00052 1374
1708225800801 0.0005 1375
1708225813768 0.00048 1376
1708225827038 0.00046 1377
1708225838042 0.00044 1378
1708225850091 0.00043 1379
1708225860986 0.00041 1380
1708225871860 0.00039 1381
1708225884457 0.00037 1382
1708225895338 0.00035 1383
1708225906216 0.00033 1384
1708225918276 0.00032 1385
1708225932301 0.0003 1386
1708225951229 0.00028 1387
1708225962096 0.00027 1388
1708225977742 0.00025 1389
1708225993272 0.00023 1390
1708226004199 0.00022 1391
1708226015082 0.0002 1392
1708226025967 0.00019 1393
1708226036847 0.00017 1394
1708226047759 0.00016 1395
1708226060711 0.00015 1396
1708226071597 0.00013 1397
1708226084909 0.00012 1398
1708226096758 0.00011 1399
1708226113908 0.0001 1400
1708226124805 9e-05 1401
1708226136009 8e-05 1402
1708226148871 7e-05 1403
1708226163083 6e-05 1404
1708226174885 5e-05 1405
1708226187579 4e-05 1406
1708226201806 3e-05 1407
1708226212696 3e-05 1408
1708226228570 2e-05 1409
1708226241136 2e-05 1410
1708226253403 1e-05 1411
1708226264274 1e-05 1412
1708226275515 1e-05 1413
1708226290432 0.0 1414
1708226301329 0.0 1415
1708226312215 0.0 1416
1708226325258 0.0 1417
1708226336992 0.0 1418
1708226347888 0.0 1419
1708226361173 0.0 1420
1708226376113 1e-05 1421
1708226388704 1e-05 1422
1708226400659 2e-05 1423
1708226412613 2e-05 1424
1708226427439 3e-05 1425
1708226441019 3e-05 1426
1708226454998 4e-05 1427
1708226467045 5e-05 1428
1708226479153 5e-05 1429
1708226490311 6e-05 1430
1708226503142 7e-05 1431
1708226514046 8e-05 1432
1708226527335 9e-05 1433
1708226539931 0.0001 1434
1708226553174 0.00012 1435
1708226566302 0.00013 1436
1708226577200 0.00014 1437
1708226589115 0.00015 1438
1708226601421 0.00017 1439
1708226614429 0.00018 1440
1708226625608 0.0002 1441
1708226636929 0.00021 1442
1708226648536 0.00023 1443
1708226660419 0.00024 1444
1708226672852 0.00026 1445
1708226685474 0.00028 1446
1708226700729 0.00029 1447
1708226714064 0.00031 1448
1708226724992 0.00033 1449
1708226743321 0.00035 1450
1708226754210 0.00036 1451
1708226765091 0.00038 1452
1708226776132 0.0004 1453
1708226788064 0.00042 1454
1708226802024 0.00044 1455
1708226815338 0.00046 1456
1708226829426 0.00048 1457
1708226841717 0.00049 1458
1708226855433 0.00051 1459
1708226866789 0.00053 1460
1708226878751 0.00055 1461
1708226892252 0.00057 1462
1708226904016 0.00059 1463
1708226915606 0.00061 1464
1708226926624 0.00062 1465
1708226938484 0.00064 1466
1708226951289 0.00066 1467
1708226964016 0.00068 1468
1708226977273 0.0007 1469
1708226990300 0.00071 1470
1708227001895 0.00073 1471
1708227017840 0.00075 1472
1708227028713 0.00076 1473
1708227042393 0.00078 1474
1708227054516 0.00079 1475
1708227065563 0.00081 1476
1708227076887 0.00082 1477
1708227088345 0.00084 1478
1708227099376 0.00085 1479
1708227110686 0.00086 1480
1708227122827 0.00088 1481
1708227135151 0.00089 1482
1708227146244 0.0009 1483
1708227159679 0.00091 1484
1708227172113 0.00092 1485
1708227185097 0.00093 1486
1708227197347 0.00094 1487
1708227209284 0.00095 1488
1708227220391 0.00096 1489
1708227232916 0.00096 1490
1708227247956 0.00097 1491
1708227261307 0.00098 1492
1708227273828 0.00098 1493
1708227285965 0.00099 1494
1708227298338 0.00099 1495
1708227311235 0.00099 1496
1708227323030 0.001 1497
1708227334904 0.001 1498
1708227348442 0.001 1499
