1708208045135 5.3643 0
1708208056282 3.6528 0
1708208067082 2.8287 0
1708208078120 2.2999 0
1708208091544 1.9937 0
1708208104720 1.7528 0
1708208117957 1.5394 0
1708208129432 1.5813 0
1708208140832 1.3482 0
1708208153023 1.3738 0
1708208166705 1.255 0
1708208179160 1.2362 0
1708208191668 1.1886 0
1708208203857 1.1357 0
1708208218652 1.1021 0
1708208229476 1.0726 0
1708208243404 1.1156 0
1708208258703 1.0265 0
1708208273826 0.9175 0
1708208284676 0.9491 0
1708208300037 0.8783 0
1708208315389 0.8352 0
1708208330758 0.9016 0
1708208345906 0.8829 0
1708208356709 0.8315 0
1708208371916 0.8358 0
1708208386860 0.8233 0
1708208402163 0.7416 0
1708208412968 0.6764 0
1708208423827 0.6766 0
1708208434648 0.7435 0
1708208446582 0.6912 0
1708208459196 0.6908 0
1708208470592 0.6698 0
1708208482833 0.6916 0
1708208494811 0.595 0
1708208508455 0.6418 0
1708208520238 0.581 0
1708208533388 0.6135 0
1708208547386 0.5694 0
1708208559092 0.6245 0
1708208570508 0.5942 0
1708208584507 0.5163 0
1708208597754 0.5547 0
1708208611755 0.592 0
1708208623491 0.4628 0
1708208635703 0.4621 0
1708208649321 0.4396 0
1708208663435 0.4834 0
1708208674612 0.463 0
1708208688032 0.4903 0
1708208698987 0.4526 0
1708208714033 0.5003 0
1708208724843 0.4991 0
1708208735654 0.5048 0
1708208750902 0.4037 0
1708208766079 0.4942 0
1708208781216 0.51 0
1708208796336 0.4419 0
1708208807157 0.4048 0
1708208822427 0.4292 0
1708208837536 0.4063 0
1708208852860 0.4939 0
1708208868005 0.4411 0
1708208878816 0.3725 0
1708208893937 0.4667 0
1708208909253 0.4768 0
1708208924413 0.3922 0
1708208935234 0.4025 0
1708208950439 0.4846 0
1708208961270 0.3977 0
1708208972102 0.4485 0
1708208983062 0.4305 0
1708208993918 0.3847 0
1708209007630 0.4756 0
1708209020442 0.399 0
1708209031302 0.4081 0
1708209043570 0.362 0
1708209057141 0.4312 0
1708209072534 0.4251 0
1708209083372 0.4053 0
1708209094213 0.4072 0
1708209108928 0.3771 0
1708209120058 0.3561 0
1708209130990 0.3522 0
1708209144942 0.4873 0
1708209158000 0.4137 0
1708209168807 0.4367 0
1708209180472 0.4248 0
1708209193701 0.4246 0
1708209205371 0.4058 0
1708209217017 0.4083 0
1708209230005 0.4445 0
1708209242487 0.424 0
1708209255335 0.3911 0
1708209268612 0.4801 0
1708209280854 0.3494 0
1708209296090 0.3437 0
1708209307120 0.4054 0
1708209322282 0.3525 0
1708209342127 0.3988 0
1708209352944 0.3754 0
1708209363754 0.411 0
1708209374560 0.3512 0
1708209389733 0.3895 0
1708209404854 0.3577 0
1708209415659 0.3777 0
1708209426475 0.3537 0
1708209437294 0.3999 0
1708209448912 0.3623 0
1708209464121 0.4731 0
1708209479294 0.4334 0
1708209490110 0.3564 0
1708209501384 0.3475 0
1708209516701 0.4089 0
1708209531889 0.4627 0
1708209547206 0.3008 0
1708209558146 0.4028 0
1708209568965 0.4398 0
1708209584098 0.3796 0
1708209599471 0.3608 0
1708209614342 0.3394 0
1708209629611 0.3109 0
1708209644802 0.3471 0
1708209659968 0.3611 0
1708209675033 0.2908 0
1708209690194 0.4074 0
1708209705395 0.4215 0
1708209720431 0.3876 0
1708209735737 0.3736 0
1708209750921 0.2999 0
1708209766329 0.3765 0
1708209781542 0.2846 0
1708209792368 0.3675 0
1708209803199 0.3771 0
1708209818536 0.3559 0
1708209833976 0.42 0
1708209849055 0.379 0
1708209864529 0.2708 0
1708209875363 0.4228 0
1708209890803 0.3224 0
1708209905863 0.3743 0
1708209921162 0.3348 0
1708209936275 0.2629 0
1708209947105 0.3021 0
1708209962690 0.2189 0
1708209978038 0.1754 0
1708209993233 0.3074 0
1708210004075 0.3072 0
1708210014899 0.2698 0
1708210030356 0.3018 0
1708210045465 0.2584 0
1708210060780 0.2533 0
1708210075881 0.2551 0
1708210086836 0.2817 0
1708210102383 0.2827 0
1708210117576 0.3195 0
1708210132951 0.2872 0
1708210143813 0.2888 0
1708210154798 0.2784 0
1708210165650 0.2343 0
1708210180781 0.2395 0
1708210196031 0.1903 0
1708210211050 0.191 0
1708210222027 0.249 0
1708210237463 0.2697 0
1708210252693 0.1968 0
1708210267881 0.1998 0
1708210283192 0.1556 0
1708210294007 0.1637 0
1708210309143 0.2004 0
1708210324294 0.2605 0
1708210339578 0.1549 0
1708210355037 0.1921 0
1708210365859 0.1184 0
1708210380980 0.0835 0
1708210396190 0.1976 0
1708210411471 0.1897 0
1708210422317 0.1593 0
1708210433144 0.1097 0
1708210448310 0.0543 0
1708210463612 0.0931 0
1708210478980 0.1155 0
1708210494171 0.1132 0
1708210505017 0.1326 0
1708210520172 0.0972 0
1708210535428 0.1013 0
1708210550689 0.1306 0
1708210565901 0.0677 0
1708210580963 0.1766 0
1708210596086 0.0231 0
1708210611290 0.0253 0
1708210626564 0.0087 0
1708210641876 0.0034 0
1708210657292 -0.0534 0
1708210672554 0.0525 0
1708210687864 0.0004 0
1708210702911 -0.0283 0
1708210713758 0.0268 0
1708210724606 -0.0283 0
1708210740220 0.0504 0
1708210755539 0.1284 0
1708210770630 -0.0106 0
1708210785715 0.0112 0
1708210800965 0.0859 0
1708210815976 0.0457 0
1708210831250 -0.0834 0
1708210846188 -0.0122 0
1708210861069 -0.068 0
1708210875958 -0.084 0
1708210890976 -0.0886 0
1708210905952 -0.0845 0
1708210921048 -0.0852 0
1708210936207 -0.1345 0
1708210951259 -0.1155 0
1708210966385 0.0365 0
1708210981397 -0.031 0
1708210996636 -0.0723 0
1708211011632 -0.1217 0
1708211027011 -0.033 0
1708211041998 -0.1388 0
1708211052906 -0.1085 0
1708211068252 -0.0937 0
1708211083337 -0.1398 0
1708211098627 -0.1213 0
1708211114030 -0.1409 0
1708211129167 -0.2193 0
1708211144345 -0.1611 0
1708211159470 -0.1628 0
1708211170280 -0.0591 0
1708211185750 -0.1383 0
1708211196557 -0.1498 0
1708211207382 -0.1213 0
1708211222355 -0.1732 0
1708211237602 -0.0182 0
1708211248417 -0.1412 0
1708211263829 -0.1404 0
1708211274653 -0.1409 0
1708211289703 -0.1341 0
1708211305017 -0.1537 0
1708211320531 -0.1792 0
1708211335580 -0.1106 0
1708211346397 -0.1994 0
1708211361494 -0.1765 0
1708211376464 -0.1197 0
1708211391570 -0.1888 0
1708211406750 -0.0305 0
1708211417563 -0.1775 0
1708211428386 -0.1541 0
1708211439206 -0.1048 0
1708211459066 -0.1564 0
1708211474428 -0.1414 0
1708211489901 -0.1491 0
1708211505288 -0.0905 0
1708211520705 -0.2029 0
1708211536011 -0.1503 0
1708211551365 -0.1136 0
1708211562182 -0.1544 0
1708211573000 -0.201 0
1708211583803 -0.1496 0
1708211594753 -0.0635 0
1708211606260 -0.1578 0
1708211618112 -0.1991 0
1708211630561 -0.1815 0
1708211643109 -0.1303 0
1708211656222 -0.1671 0
1708211671592 -0.0801 0
1708211682550 -0.1406 0
1708211693787 -0.2005 0
1708211707440 -0.2047 0
1708211718929 -0.1969 0
1708211731904 -0.1041 0
1708211742713 -0.0968 0
1708211753966 -0.1668 0
1708211765967 -0.1097 0
1708211780015 -0.1933 0
1708211793786 -0.1528 0
1708211805701 -0.2049 0
1708211819551 -0.1143 0
1708211831477 -0.1212 0
1708211845383 -0.1657 0
1708211856199 -0.1927 0
1708211867541 -0.2129 0
1708211880044 -0.1775 0
1708211892692 -0.114 0
1708211907073 -0.1302 0
1708211919938 -0.1289 0
1708211932385 -0.1138 0
1708211947682 -0.0642 0
1708211963202 -0.1226 0
1708211978534 -0.1523 0
1708211989351 -0.1535 0
1708212000191 -0.0897 0
1708212011545 -0.0945 0
1708212023184 -0.0869 0
1708212039264 -0.1643 0
1708212050202 -0.1395 0
1708212064652 -0.1219 0
1708212075483 -0.1373 0
1708212088524 -0.1684 0
1708212103970 -0.0897 0
1708212114799 -0.1261 0
1708212125708 -0.1557 0
1708212136939 -0.1068 0
1708212148916 -0.1106 0
1708212160102 -0.1644 0
1708212174919 -0.1126 0
1708212185759 -0.1276 0
1708212198274 -0.0081 0
1708212213496 -0.1505 0
1708212224484 0.0015 0
1708212237753 0.0374 0
1708212250428 -0.1032 0
1708212262747 -0.1296 0
1708212274391 -0.0186 0
1708212287414 -0.0745 0
1708212298792 -0.0436 0
1708212310877 -0.0595 0
1708212321868 -0.0841 0
1708212334389 -0.0756 0
1708212347936 0.0178 0
1708212360240 -0.1344 0
1708212373222 -0.1187 0
1708212387682 -0.0966 0
1708212400930 -0.0646 0
1708212413322 -0.1978 0
1708212425717 -0.1268 0
1708212438344 -0.1107 0
1708212449382 -0.0541 0
1708212460223 -0.1561 0
1708212474193 -0.1324 0
1708212487890 -0.1029 0
1708212499790 -0.0442 0
1708212512657 -0.0476 0
1708212524414 -0.0305 0
1708212535552 -0.1339 0
1708212546385 -0.0125 0
1708212559472 -0.1281 0
1708212571849 -0.1127 0
1708212582676 -0.1868 0
1708212595060 -0.1197 0
1708212608349 -0.1463 0
1708212621045 -0.2002 0
1708212633098 -0.1672 0
1708212646553 -0.1398 0
1708212657814 -0.1229 0
1708212670020 -0.1306 0
1708212682402 -0.1617 0
1708212694094 -0.1355 0
1708212708341 -0.2093 0
1708212723813 -0.0762 0
1708212734654 -0.1025 0
1708212745490 -0.1733 0
1708212756328 -0.1956 0
1708212768534 -0.1502 0
1708212780122 -0.203 0
1708212792745 -0.2348 0
1708212804552 -0.1834 0
1708212818499 -0.1705 0
1708212831303 -0.241 0
1708212843808 -0.1397 0
1708212858850 -0.1597 0
1708212869829 -0.1498 0
1708212885446 -0.1666 0
1708212896278 -0.198 0
1708212911419 -0.2385 0
1708212926793 -0.215 0
1708212942021 -0.2079 0
1708212957370 -0.1953 0
1708212972740 -0.1782 0
1708212987940 -0.3041 0
1708213003155 -0.2451 0
1708213018378 -0.2978 0
1708213033474 -0.2707 0
1708213048729 -0.2792 0
1708213063850 -0.2913 0
1708213079178 -0.266 0
1708213094612 -0.2688 0
1708213109629 -0.302 0
1708213124976 -0.316 0
1708213140107 -0.2793 0
1708213155413 -0.2781 0
1708213166264 -0.3754 0
1708213181406 -0.2615 0
1708213192370 -0.3589 0
1708213207733 -0.2431 0
1708213222844 -0.2773 0
1708213238178 -0.3347 0
1708213249035 -0.2583 0
1708213264148 -0.3488 0
1708213279456 -0.3248 0
1708213290305 -0.3053 0
1708213305434 -0.2624 0
1708213320885 -0.2714 0
1708213335958 -0.2772 0
1708213351304 -0.2889 0
1708213362131 -0.3871 0
1708213377171 -0.2929 0
1708213392792 -0.3519 0
1708213407927 -0.3147 0
1708213423332 -0.3535 0
1708213438558 -0.262 0
1708213454089 -0.3925 0
1708213469251 -0.3783 0
1708213480105 -0.4097 0
1708213490966 -0.3841 0
1708213506343 -0.4211 0
1708213521932 -0.4225 0
1708213532772 -0.3508 0
1708213543620 -0.2873 0
1708213554480 -0.3823 0
1708213565297 -0.3816 0
1708213580485 -0.3021 0
1708213591443 -0.361 0
1708213602270 -0.3847 0
1708213613100 -0.3739 0
1708213628558 -0.2701 0
1708213639371 -0.3766 0
1708213654771 -0.3946 0
1708213670004 -0.303 0
1708213685480 -0.4239 0
1708213696285 -0.4 0
1708213707099 -0.3083 0
1708213717906 -0.3403 0
1708213728731 -0.306 0
1708213739683 -0.3195 0
1708213750515 -0.3792 0
1708213763256 -0.3413 0
1708213776901 -0.3345 0
1708213789002 -0.3024 0
1708213802975 -0.3392 0
1708213814197 -0.4176 0
1708213825577 -0.3966 0
1708213837722 -0.2435 0
1708213851053 -0.3685 0
1708213863643 -0.3587 0
1708213876647 -0.3938 0
1708213889732 -0.3108 0
1708213904086 -0.4063 0
1708213917354 -0.462 0
1708213928497 -0.3375 0
1708213942259 -0.3334 0
1708213955006 -0.2639 0
1708213966135 -0.226 0
1708213980169 -0.3143 0
1708213992212 -0.3704 0
1708214003032 -0.3192 0
1708214014979 -0.3186 0
1708214028302 -0.4022 0
1708214044613 -0.3829 0
1708214060034 -0.3751 0
1708214070841 -0.2759 0
1708214081965 -0.3501 0
1708214096407 -0.2922 0
1708214108320 -0.2374 0
1708214121135 -0.3592 0
1708214133954 -0.3025 0
1708214146023 -0.3941 0
1708214158938 -0.1947 0
1708214169748 -0.3226 0
1708214184420 -0.3055 0
1708214196335 -0.2079 0
1708214208112 -0.3691 0
1708214222040 -0.2462 0
1708214236523 -0.3397 0
1708214249034 -0.2885 0
1708214263135 -0.3628 0
1708214275557 -0.3538 0
1708214286382 -0.3228 0
1708214298191 -0.3262 0
1708214310678 -0.1944 0
1708214324159 -0.3095 0
1708214336676 -0.2649 0
1708214349670 -0.2097 0
1708214362309 -0.2474 0
1708214375209 -0.2457 0
1708214389285 -0.2721 0
1708214402956 -0.1952 0
1708214416190 -0.2913 0
1708214431339 -0.1754 0
1708214442232 -0.1959 0
1708214453817 -0.2878 0
1708214466285 -0.2374 0
1708214479673 -0.2598 0
1708214490510 -0.2324 0
1708214502863 -0.1674 0
1708214514141 -0.2406 0
1708214527875 -0.165 0
1708214539577 -0.2788 0
1708214551325 -0.2978 0
1708214562255 -0.28 0
1708214577150 -0.2485 0
1708214589502 -0.2439 0
1708214604042 -0.2687 0
1708214617111 -0.1523 0
1708214631698 -0.179 0
1708214642919 -0.2712 0
1708214656088 -0.1619 0
1708214667914 -0.1671 0
1708214680264 -0.2832 0
1708214695420 -0.2428 0
1708214706243 -0.3258 0
1708214717080 -0.3103 0
1708214728814 -0.2786 0
1708214739721 -0.2578 0
1708214751831 -0.2919 0
1708214765859 -0.2977 0
1708214779937 -0.3239 0
1708214791252 -0.217 0
1708214802456 -0.3629 0
1708214816488 -0.2286 0
1708214827474 -0.276 0
1708214838888 -0.2032 0
1708214850641 -0.3169 0
1708214863787 -0.3327 0
1708214876105 -0.2413 0
1708214889323 -0.2522 0
1708214901848 -0.3406 0
1708214913683 -0.3617 0
1708214925441 -0.2912 0
1708214938624 -0.3495 0
1708214951359 -0.3355 0
1708214966793 -0.4157 0
1708214982212 -0.3278 0
1708214997860 -0.3115 0
1708215008692 -0.2527 0
1708215024103 -0.3479 0
1708215039454 -0.3756 0
1708215054933 -0.324 0
1708215065799 -0.3716 0
1708215076633 -0.3769 0
1708215087474 -0.4159 0
1708215098309 -0.442 0
1708215113750 -0.3737 0
1708215124574 -0.3562 0
1708215135425 -0.4352 0
1708215150975 -0.4021 0
1708215166378 -0.3813 0
1708215181761 -0.3598 0
1708215197249 -0.4312 0
1708215208110 -0.4279 0
1708215218936 -0.4267 0
1708215234452 -0.4188 0
1708215249875 -0.4468 0
1708215265362 -0.4253 0
1708215280802 -0.443 0
1708215296182 -0.3394 0
1708215311508 -0.4449 0
1708215322334 -0.4634 0
1708215337764 -0.4437 0
1708215357750 -0.4044 0
1708215372999 -0.4517 0
1708215383839 -0.4182 0
1708215399391 -0.3788 0
1708215414565 -0.4739 0
1708215430035 -0.3242 0
1708215440868 -0.4306 0
1708215451702 -0.4451 0
1708215466804 -0.4005 0
1708215477641 -0.4659 0
1708215493168 -0.4449 0
1708215508386 -0.51 0
1708215523832 -0.4641 0
1708215534701 -0.4145 0
1708215549814 -0.4931 0
1708215565327 -0.442 0
1708215576164 -0.4419 0
1708215586994 -0.4749 0
1708215597819 -0.4675 0
1708215608786 -0.4322 0
1708215619631 -0.4082 0
1708215630482 -0.4568 0
1708215642628 -0.4148 0
1708215654058 -0.4661 0
1708215669219 -0.4508 0
1708215684941 -0.413 0
1708215695787 -0.5394 0
1708215706632 -0.4876 0
1708215721762 -0.3828 0
1708215737138 -0.49 0
1708215752142 -0.3945 0
1708215762981 -0.4743 0
1708215778479 -0.4921 0
1708215793568 -0.4635 0
1708215804436 -0.5313 0
1708215815282 -0.4346 0
1708215826173 -0.5578 0
1708215837042 -0.493 0
1708215849410 -0.4525 0
1708215860267 -0.515 0
1708215873889 -0.4848 0
1708215885760 -0.4929 0
1708215898642 -0.398 0
1708215909562 -0.5001 0
1708215921390 -0.4281 0
1708215934187 -0.4371 0
1708215945049 -0.4995 0
1708215956310 -0.5102 0
1708215971453 -0.4828 0
1708215982296 -0.3989 0
1708216002322 -0.4749 0
1708216013165 -0.4795 0
1708216028416 -0.4555 0
1708216039263 -0.5514 0
1708216050117 -0.4228 0
1708216060960 -0.469 0
1708216071894 -0.33 0
1708216085140 -0.4814 0
1708216096892 -0.4725 0
1708216109678 -0.3889 0
1708216125142 -0.4271 0
1708216140482 -0.4992 0
1708216155981 -0.4216 0
1708216166820 -0.4765 0
1708216181957 -0.4155 0
1708216192796 -0.511 0
1708216203637 -0.5043 0
1708216214469 -0.4801 0
1708216225473 -0.4844 0
1708216236319 -0.4422 0
1708216247159 -0.4093 0
1708216262315 -0.4621 0
1708216273451 -0.4645 0
1708216285778 -0.4436 0
1708216300142 -0.3777 0
1708216311914 -0.4325 0
1708216322899 -0.3544 0
1708216335361 -0.2979 0
1708216347190 -0.4664 0
1708216360016 -0.3949 0
1708216373994 -0.3223 0
1708216386916 -0.4038 0
1708216400416 -0.3946 0
1708216411974 -0.4212 0
1708216424870 -0.4508 0
1708216439348 -0.3284 0
1708216453706 -0.4459 0
1708216466806 -0.3805 0
1708216478417 -0.4472 0
1708216492495 -0.4216 0
1708216504484 -0.4577 0
1708216516975 -0.3741 0
1708216531321 -0.4114 0
1708216544330 -0.3372 0
1708216557335 -0.4485 0
1708216569040 -0.4202 0
1708216581286 -0.3908 0
1708216593172 -0.434 0
1708216605925 -0.3367 0
1708216618567 -0.3634 0
1708216634056 -0.2709 0
1708216644910 -0.3071 0
1708216656452 -0.383 0
1708216669744 -0.3765 0
1708216681437 -0.2473 0
1708216692930 -0.3141 0
1708216705055 -0.3953 0
1708216717883 -0.3059 0
1708216731174 -0.2888 0
1708216743010 -0.2665 0
1708216755607 -0.4043 0
1708216767762 -0.3717 0
1708216779213 -0.4271 0
1708216791717 -0.3976 0
1708216803401 -0.3947 0
1708216815333 -0.4391 0
1708216827776 -0.3438 0
1708216839081 -0.3276 0
1708216850107 -0.3313 0
1708216862785 -0.2687 0
1708216875769 -0.3792 0
1708216890074 -0.3484 0
1708216902471 -0.3022 0
1708216915450 -0.3091 0
1708216929425 -0.318 0
1708216942629 -0.2979 0
1708216955279 -0.3171 0
1708216966848 -0.3628 0
1708216980351 -0.3251 0
1708216991489 -0.3446 0
1708217007953 -0.3602 0
1708217019629 -0.279 0
1708217032752 -0.4304 0
1708217046120 -0.345 0
1708217059329 -0.3903 0
1708217071264 -0.4205 0
1708217083936 -0.3529 0
1708217097870 -0.4689 0
1708217111843 -0.4035 0
1708217122706 -0.4707 0
1708217135855 -0.3313 0
1708217149143 -0.3832 0
1708217160897 -0.4161 0
1708217172146 -0.3562 0
1708217184542 -0.4801 0
1708217196308 -0.5108 0
1708217209502 -0.3974 0
1708217223843 -0.4367 0
1708217236510 -0.3386 0
1708217249730 -0.4347 0
1708217265410 -0.4581 0
1708217276280 -0.4587 0
1708217287546 -0.4215 0
1708217299058 -0.3802 0
1708217312686 -0.3686 0
1708217324619 -0.5452 0
1708217337030 -0.4308 0
1708217350902 -0.5018 0
1708217361767 -0.4087 0
1708217372649 -0.4825 0
1708217383503 -0.5 0
1708217394371 -0.5401 0
1708217405211 -0.4763 0
1708217417570 -0.5271 0
1708217429438 -0.4966 0
1708217443015 -0.4633 0
1708217454026 -0.4968 0
1708217467378 -0.4112 0
1708217482865 -0.4834 0
1708217493724 -0.4914 0
1708217506719 -0.4602 0
1708217522060 -0.5309 0
1708217537579 -0.4753 0
1708217548421 -0.4566 0
1708217559283 -0.5284 0
1708217570152 -0.5004 0
1708217581015 -0.5547 0
1708217595019 -0.434 0
1708217607671 -0.5326 0
1708217621580 -0.4985 0
1708217636797 -0.6111 0
1708217647654 -0.5828 0
1708217663114 -0.5486 0
1708217678441 -0.5184 0
1708217693469 -0.4949 0
1708217708855 -0.5155 0
1708217719715 -0.4892 0
1708217730583 -0.5039 0
1708217741575 -0.4287 0
1708217752446 -0.4822 0
1708217763315 -0.5738 0
1708217774184 -0.4662 0
1708217785983 -0.5596 0
1708217796860 -0.5427 0
1708217809482 -0.5142 0
1708217822881 -0.5825 0
1708217834004 -0.5812 0
1708217844901 -0.5944 0
1708217859958 -0.5295 0
1708217873473 -0.4857 0
1708217888818 -0.5051 0
1708217899734 -0.5468 0
1708217913543 -0.5068 0
1708217926095 -0.5327 0
1708217941242 -0.5341 0
1708217952427 -0.5074 0
1708217965568 -0.5262 0
1708217981262 -0.5038 0
1708217992139 -0.5724 0
1708218003002 -0.5632 0
1708218013868 -0.5489 0
1708218024737 -0.47 0
1708218040309 -0.5805 0
1708218051179 -0.5405 0
1708218062179 -0.5094 0
1708218073079 -0.5723 0
1708218084070 -0.5434 0
1708218096661 -0.572 0
1708218108200 -0.5811 0
1708218120040 -0.54 0
1708218131770 -0.4331 0
1708218142779 -0.5572 0
1708218155308 -0.571 0
1708218166176 -0.5033 0
1708218179225 -0.4889 0
1708218191590 -0.5159 0
1708218206017 -0.4653 0
1708218219534 -0.5077 0
1708218231348 -0.5787 0
1708218243389 -0.5494 0
1708218256334 -0.4737 0
1708218267345 -0.5195 0
1708218279579 -0.5604 0
1708218291406 -0.49 0
1708218304500 -0.4669 0
1708218317826 -0.4702 0
1708218331982 -0.4696 0
1708218346913 -0.4429 0
1708218359849 -0.5116 0
1708218372285 -0.4787 0
1708218384307 -0.4588 0
1708218398481 -0.5615 0
1708218410965 -0.4913 0
1708218423463 -0.5055 0
1708218435461 -0.5341 0
1708218447309 -0.5728 0
1708218462066 -0.4695 0
1708218474874 -0.4236 0
1708218486195 -0.4242 0
1708218499098 -0.4162 0
1708218514617 -0.4289 0
1708218525497 -0.5084 0
1708218537395 -0.4652 0
1708218551709 -0.3913 0
1708218563630 -0.4853 0
1708218575460 -0.4886 0
1708218588375 -0.5077 0
1708218599635 -0.4751 0
1708218613362 -0.4982 0
1708218626160 -0.4722 0
1708218637225 -0.4295 0
1708218649146 -0.4237 0
1708218662185 -0.4398 0
1708218673177 -0.455 0
1708218686113 -0.4552 0
1708218697550 -0.3572 0
1708218708422 -0.4066 0
1708218719471 -0.4117 0
1708218734213 -0.4069 0
1708218747711 -0.4394 0
1708218759485 -0.4595 0
1708218773051 -0.441 0
1708218787516 -0.4543 0
1708218799486 -0.3861 0
1708218812084 -0.4144 0
1708218824705 -0.4602 0
1708218838349 -0.3726 0
1708218849628 -0.4567 0
1708218861393 -0.4315 0
1708218873143 -0.4822 0
1708218885691 -0.411 0
1708218897829 -0.4094 0
1708218908665 -0.4506 0
1708218922731 -0.4116 0
1708218934551 -0.3033 0
1708218946558 -0.3567 0
1708218960119 -0.3571 0
1708218973036 -0.3776 0
1708218984743 -0.425 0
1708218997571 -0.4523 0
1708219011498 -0.4636 0
1708219025644 -0.3607 0
1708219036981 -0.4768 0
1708219048913 -0.4186 0
1708219063128 -0.4227 0
1708219074010 -0.3815 0
1708219087448 -0.4396 0
1708219100531 -0.4465 0
1708219113353 -0.4499 0
1708219127179 -0.4933 0
1708219142378 -0.4514 0
1708219153211 -0.4527 0
1708219164670 -0.4893 0
1708219179459 -0.4418 0
1708219190320 -0.4796 0
1708219203171 -0.4751 0
1708219215047 -0.4509 0
1708219226504 -0.5082 0
1708219239160 -0.3772 0
1708219252774 -0.4021 0
1708219265816 -0.4305 0
1708219279220 -0.3778 0
1708219291225 -0.5349 0
1708219302795 -0.5872 0
1708219316665 -0.4453 0
1708219329634 -0.5196 0
1708219343889 -0.5214 0
1708219356446 -0.5111 0
1708219368412 -0.5442 0
1708219381452 -0.5375 0
1708219393795 -0.5696 0
1708219407002 -0.4979 0
1708219419864 -0.506 0
1708219433274 -0.4639 0
1708219447016 -0.4691 0
1708219459116 -0.5374 0
1708219470117 -0.4746 0
1708219483639 -0.4932 0
1708219495842 -0.5195 0
1708219510564 -0.5907 0
1708219524147 -0.6019 0
1708219536539 -0.576 0
1708219549862 -0.4867 0
1708219562733 -0.4752 0
1708219575097 -0.5184 0
1708219586035 -0.5308 0
1708219597539 -0.5614 0
1708219611481 -0.5567 0
1708219624810 -0.5633 0
1708219636575 -0.4761 0
1708219649010 -0.5656 0
1708219664567 -0.5943 0
1708219680124 -0.5566 0
1708219695479 -0.5632 0
1708219706326 -0.5159 0
1708219717150 -0.5254 0
1708219732757 -0.5859 0
1708219748292 -0.5906 0
1708219763784 -0.5382 0
1708219779329 -0.6008 0
1708219799347 -0.5588 0
1708219810299 -0.5619 0
1708219825643 -0.5401 0
1708219836473 -0.5889 0
1708219851634 -0.542 0
1708219867099 -0.5892 0
1708219882727 -0.5296 0
1708219898031 -0.5879 0
1708219908872 -0.5747 0
1708219919714 -0.5722 0
1708219930577 -0.5482 0
1708219942686 -0.5833 0
1708219955147 -0.5699 0
1708219967808 -0.5395 0
1708219980865 -0.5538 0
1708219994202 -0.5399 0
1708220007196 -0.6077 0
1708220019820 -0.5863 0
1708220032268 -0.4798 0
1708220043472 -0.5565 0
1708220056477 -0.5268 0
1708220070274 -0.5431 0
1708220083594 -0.6059 0
1708220094655 -0.5864 0
1708220108458 -0.5591 0
1708220119306 -0.5332 0
1708220130157 -0.6043 0
1708220142118 -0.4811 0
1708220154841 -0.5091 0
1708220168639 -0.5741 0
1708220181463 -0.6262 0
1708220192798 -0.5846 0
1708220205896 -0.6232 0
1708220218706 -0.4827 0
1708220230502 -0.5853 0
1708220243585 -0.5663 0
1708220254940 -0.5446 0
1708220267067 -0.5362 0
1708220279693 -0.5499 0
1708220291615 -0.4883 0
1708220305942 -0.5731 0
1708220319776 -0.5327 0
1708220331490 -0.5512 0
1708220343460 -0.5192 0
1708220357683 -0.5522 0
1708220370690 -0.4887 0
1708220383357 -0.5677 0
1708220395617 -0.6058 0
1708220407394 -0.6201 0
1708220418495 -0.5475 0
1708220434024 -0.4728 0
1708220445231 -0.5468 0
1708220459262 -0.5851 0
1708220472661 -0.5521 0
1708220484454 -0.5363 0
1708220498101 -0.4793 0
1708220511081 -0.5531 0
1708220522755 -0.4634 0
1708220535620 -0.5316 0
1708220547651 -0.5647 0
1708220560367 -0.5285 0
1708220571212 -0.5303 0
1708220583271 -0.4794 0
1708220596572 -0.5459 0
1708220608443 -0.5112 0
1708220619393 -0.5564 0
1708220631669 -0.5013 0
1708220643914 -0.5476 0
1708220655736 -0.4557 0
1708220667561 -0.4742 0
1708220679793 -0.5073 0
1708220690654 -0.5593 0
1708220702914 -0.4915 0
1708220716339 -0.4648 0
1708220729590 -0.571 0
1708220745059 -0.5504 0
1708220755921 -0.4981 0
1708220766955 -0.5471 0
1708220780686 -0.4425 0
1708220791986 -0.5388 0
1708220805498 -0.5096 0
1708220817159 -0.4513 0
1708220829190 -0.5459 0
1708220841140 -0.516 0
1708220855685 -0.4755 0
1708220868708 -0.4446 0
1708220879572 -0.3922 0
1708220892608 -0.4365 0
1708220905508 -0.4574 0
1708220917401 -0.4751 0
1708220928415 -0.5164 0
1708220940558 -0.4537 0
1708220951767 -0.4776 0
1708220964678 -0.4743 0
1708220975793 -0.3925 0
1708220989929 -0.4808 0
1708221002090 -0.4417 0
1708221014312 -0.5152 0
1708221026563 -0.4944 0
1708221041217 -0.4557 0
1708221056642 -0.4765 0
1708221067506 -0.4398 0
1708221078369 -0.4465 0
1708221090359 -0.4275 0
1708221103300 -0.4749 0
1708221115805 -0.49 0
1708221130407 -0.4282 0
1708221145290 -0.4504 0
1708221158057 -0.3684 0
1708221171087 -0.5041 0
1708221182363 -0.4234 0
1708221195322 -0.5145 0
1708221207114 -0.4981 0
1708221219240 -0.4886 0
1708221232620 -0.5271 0
1708221245322 -0.4763 0
1708221257863 -0.4834 0
1708221270267 -0.5431 0
1708221282473 -0.4661 0
1708221294111 -0.5121 0
1708221307453 -0.5109 0
1708221318455 -0.5091 0
1708221329334 -0.4706 0
1708221340893 -0.5206 0
1708221352763 -0.5564 0
1708221366050 -0.542 0
1708221378188 -0.521 0
1708221391451 -0.5138 0
1708221405248 -0.4907 0
1708221417914 -0.433 0
1708221430187 -0.5462 0
1708221441877 -0.5876 0
1708221455199 -0.4301 0
1708221467563 -0.4833 0
1708221479452 -0.5458 0
1708221491636 -0.5465 0
1708221504875 -0.578 0
1708221517722 -0.564 0
1708221530330 -0.5709 0
1708221545371 -0.5771 0
1708221556753 -0.5662 0
1708221570323 -0.5586 0
1708221581176 -0.5584 0
1708221594653 -0.5682 0
1708221606196 -0.6199 0
1708221617768 -0.5287 0
1708221631751 -0.4827 0
1708221644199 -0.5673 0
1708221659049 -0.5821 0
1708221671295 -0.5397 0
1708221686785 -0.5781 0
1708221697623 -0.5948 0
1708221709518 -0.5687 0
1708221724959 -0.6083 0
1708221736047 -0.5358 0
1708221749660 -0.5708 0
1708221763068 -0.5138 0
1708221776945 -0.4871 0
1708221787910 -0.5423 0
1708221799205 -0.5225 0
1708221812931 -0.6041 0
1708221824773 -0.5808 0
1708221840209 -0.6307 0
1708221855712 -0.5807 0
1708221871294 -0.5846 0
1708221886518 -0.5164 0
1708221902039 -0.5885 0
1708221912884 -0.5681 0
1708221923745 -0.6104 0
1708221934652 -0.5486 0
1708221945515 -0.611 0
1708221958262 -0.5661 0
1708221970601 -0.5991 0
1708221981652 -0.6278 0
1708221993890 -0.66 0
1708222006607 -0.5447 0
1708222020929 -0.5557 0
1708222034528 -0.6468 0
1708222047037 -0.5882 0
1708222061690 -0.5764 0
1708222075503 -0.6236 0
1708222087207 -0.5508 0
1708222100277 -0.6071 0
1708222113485 -0.6405 0
1708222126469 -0.5451 0
1708222139324 -0.5468 0
1708222152228 -0.5702 0
1708222165603 -0.561 0
1708222178131 -0.5921 0
1708222190386 -0.6415 0
1708222203933 -0.5564 0
1708222215144 -0.5939 0
1708222227487 -0.6109 0
1708222240697 -0.5397 0
1708222252490 -0.5469 0
1708222265134 -0.6394 0
1708222277115 -0.5429 0
1708222290211 -0.5973 0
1708222302350 -0.5918 0
1708222314506 -0.5834 0
1708222330121 -0.6427 0
1708222340974 -0.6257 0
1708222351831 -0.5858 0
1708222362701 -0.626 0
1708222374789 -0.6092 0
1708222386782 -0.5598 0
1708222400396 -0.5592 0
1708222413495 -0.5904 0
1708222426757 -0.5762 0
1708222437729 -0.5732 0
1708222450048 -0.5899 0
1708222465502 -0.5684 0
1708222477106 -0.5308 0
1708222487969 -0.5429 0
1708222501237 -0.5474 0
1708222515509 -0.5665 0
1708222527908 -0.5703 0
1708222539957 -0.5273 0
1708222553671 -0.6026 0
1708222568217 -0.5814 0
1708222579236 -0.5668 0
1708222591457 -0.5088 0
1708222604209 -0.5338 0
1708222615949 -0.5557 0
1708222628566 -0.5447 0
1708222639433 -0.527 0
1708222651683 -0.5679 0
1708222663862 -0.5472 0
1708222676715 -0.545 0
1708222690204 -0.5831 0
1708222702949 -0.6035 0
1708222716354 -0.5337 0
1708222727297 -0.592 0
1708222739615 -0.5442 0
1708222753004 -0.5539 0
1708222765328 -0.5577 0
1708222778240 -0.5253 0
1708222791245 -0.5479 0
1708222804337 -0.6232 0
1708222815923 -0.5314 0
1708222828074 -0.5245 0
1708222840229 -0.4661 0
1708222853287 -0.5068 0
1708222864698 -0.54 0
1708222876805 -0.5483 0
1708222890511 -0.5041 0
1708222903447 -0.5588 0
1708222915431 -0.5357 0
1708222928525 -0.3971 0
1708222940261 -0.4245 0
1708222955762 -0.5036 0
1708222966619 -0.4868 0
1708222977481 -0.5953 0
1708222991312 -0.4746 0
1708223004184 -0.4331 0
1708223017175 -0.5489 0
1708223030545 -0.5445 0
1708223043857 -0.586 0
1708223056242 -0.5501 0
1708223071478 -0.4883 0
1708223083190 -0.4646 0
1708223094387 -0.5031 0
1708223109579 -0.5108 0
1708223121851 -0.4993 0
1708223135406 -0.4953 0
1708223147022 -0.435 0
1708223161412 -0.474 0
1708223174268 -0.4332 0
1708223185133 -0.548 0
1708223199923 -0.5042 0
1708223214113 -0.4816 0
1708223225371 -0.4939 0
1708223237891 -0.5525 0
1708223252668 -0.5355 0
1708223266465 -0.4956 0
1708223277996 -0.4554 0
1708223290291 -0.4989 0
1708223302039 -0.4722 0
1708223315346 -0.5079 0
1708223328094 -0.5086 0
1708223338970 -0.5307 0
1708223351948 -0.5132 0
1708223364419 -0.5063 0
1708223375301 -0.4447 0
1708223389379 -0.5287 0
1708223401797 -0.4849 0
1708223416698 -0.4338 0
1708223430553 -0.5276 0
1708223443136 -0.5145 0
1708223454981 -0.4934 0
1708223467205 -0.5367 0
1708223479037 -0.5503 0
1708223493866 -0.5615 0
1708223506053 -0.487 0
1708223517466 -0.6253 0
1708223532023 -0.5986 0
1708223545379 -0.4943 0
1708223558701 -0.5672 0
1708223572078 -0.5655 0
1708223586402 -0.5284 0
1708223601882 -0.5703 0
1708223612750 -0.5483 0
1708223623636 -0.5267 0
1708223635589 -0.5956 0
1708223646970 -0.5243 0
1708223659973 -0.5422 0
1708223673041 -0.5078 0
1708223684624 -0.5609 0
1708223696857 -0.5407 0
1708223709414 -0.6136 0
1708223721385 -0.5725 0
1708223733533 -0.6394 0
1708223746488 -0.6212 0
1708223757942 -0.6649 0
1708223772280 -0.5947 0
1708223786343 -0.5739 0
1708223798540 -0.5672 0
1708223813083 -0.5883 0
1708223823933 -0.5274 0
1708223835372 -0.5383 0
1708223849829 -0.5828 0
1708223861021 -0.5917 0
1708223874763 -0.5857 0
1708223887670 -0.6304 0
1708223901669 -0.5706 0
1708223912761 -0.5842 0
1708223925621 -0.6058 0
1708223937587 -0.6506 0
1708223950088 -0.6428 0
1708223964597 -0.5608 0
1708223980176 -0.5417 0
1708223995584 -0.5918 0
1708224006456 -0.6407 0
1708224017332 -0.6346 0
1708224031426 -0.5696 0
1708224045164 -0.6004 0
1708224057983 -0.5956 0
1708224068863 -0.5436 0
1708224080688 -0.5522 0
1708224093717 -0.6238 0
1708224105375 -0.5883 0
1708224118027 -0.6484 0
1708224130091 -0.6677 0
1708224143404 -0.6468 0
1708224155226 -0.5389 0
1708224167330 -0.6094 0
1708224181327 -0.6294 0
1708224192821 -0.6599 0
1708224206910 -0.6008 0
1708224219227 -0.6083 0
1708224234818 -0.6231 0
1708224245823 -0.5918 0
1708224256777 -0.5732 0
1708224272046 -0.6009 0
1708224286142 -0.4859 0
1708224297033 -0.5459 0
1708224309961 -0.6073 0
1708224321924 -0.6432 0
1708224333704 -0.6464 0
1708224344963 -0.6173 0
1708224359765 -0.6066 0
1708224370635 -0.5732 0
1708224383008 -0.5261 0
1708224394545 -0.6215 0
1708224405417 -0.5802 0
1708224419536 -0.6124 0
1708224431781 -0.593 0
1708224443653 -0.6206 0
1708224454533 -0.6152 0
1708224466576 -0.622 0
1708224478719 -0.5592 0
1708224491570 -0.564 0
1708224506278 -0.6244 0
1708224517655 -0.6097 0
1708224529616 -0.6253 0
1708224542669 -0.5482 0
1708224554862 -0.5833 0
1708224567143 -0.6234 0
1708224578756 -0.6369 0
1708224593468 -0.5549 0
1708224608942 -0.6072 0
1708224620693 -0.6203 0
1708224633175 -0.6413 0
1708224645838 -0.6356 0
1708224658090 -0.5976 0
1708224672989 -0.6183 0
1708224685667 -0.6467 0
1708224699383 -0.6174 0
1708224712880 -0.5434 0
1708224726783 -0.5696 0
1708224739910 -0.4849 0
1708224752912 -0.6012 0
1708224763776 -0.6309 0
1708224775790 -0.6231 0
1708224789285 -0.5535 0
1708224800331 -0.5545 0
1708224813699 -0.4748 0
1708224824592 -0.5416 0
1708224837484 -0.5637 0
1708224849333 -0.5952 0
1708224864848 -0.536 0
1708224875712 -0.5784 0
1708224888924 -0.488 0
1708224902470 -0.5586 0
1708224913876 -0.5756 0
1708224924700 -0.566 0
1708224938787 -0.5631 0
1708224951022 -0.6167 0
1708224962883 -0.5117 0
1708224977987 -0.4766 0
1708224990219 -0.5762 0
1708225003883 -0.5985 0
1708225017983 -0.605 0
1708225030579 -0.5 0
1708225041462 -0.5024 0
1708225053067 -0.5645 0
1708225067333 -0.5444 0
1708225080570 -0.5158 0
1708225093677 -0.555 0
1708225106511 -0.6007 0
1708225122044 -0.5524 0
1708225135093 -0.5545 0
1708225147421 -0.5696 0
1708225160085 -0.5171 0
1708225174667 -0.5458 0
1708225185525 -0.5719 0
1708225197306 -0.4537 0
1708225209315 -0.5281 0
1708225221134 -0.4217 0
1708225232329 -0.5276 0
1708225244969 -0.5149 0
1708225256367 -0.5586 0
1708225269057 -0.5165 0
1708225280938 -0.5886 0
1708225291964 -0.4911 0
1708225303810 -0.5188 0
1708225315766 -0.422 0
1708225329360 -0.4828 0
1708225341524 -0.4558 0
1708225355114 -0.4374 0
1708225368872 -0.4907 0
1708225382207 -0.5416 0
1708225395720 -0.5813 0
1708225408518 -0.5741 0
1708225422793 -0.5595 0
1708225433848 -0.5385 0
1708225447082 -0.5778 0
1708225458498 -0.618 0
1708225470706 -0.5733 0
1708225484468 -0.5636 0
1708225499924 -0.5346 0
1708225510804 -0.5793 0
1708225522792 -0.57 0
1708225533671 -0.5341 0
1708225546712 -0.6534 0
1708225560356 -0.5527 0
1708225572172 -0.5903 0
1708225584372 -0.5656 0
1708225596898 -0.5302 0
1708225611189 -0.5869 0
1708225622508 -0.5855 0
1708225634651 -0.5588 0
1708225646483 -0.5486 0
1708225659720 -0.5065 0
1708225670606 -0.6186 0
1708225682066 -0.5446 0
1708225697953 -0.5879 0
1708225712434 -0.5776 0
1708225724625 -0.5883 0
1708225737502 -0.5604 0
1708225748451 -0.5835 0
1708225760772 -0.6104 0
1708225774220 -0.4822 0
1708225785984 -0.5544 0
1708225800170 -0.6297 0
1708225813137 -0.6007 0
1708225826407 -0.56 0
1708225837272 -0.6451 0
1708225849460 -0.522 0
1708225860346 -0.5817 0
1708225871225 -0.5653 0
1708225883821 -0.6321 0
1708225894705 -0.6238 0
1708225905581 -0.5905 0
1708225917649 -0.6147 0
1708225931674 -0.5231 0
1708225946235 -0.6248 0
1708225961460 -0.5248 0
1708225972517 -0.6229 0
1708225987992 -0.5784 0
1708226003566 -0.5876 0
1708226014450 -0.575 0
1708226025340 -0.5924 0
1708226036204 -0.6203 0
1708226047136 -0.5058 0
1708226060071 -0.6196 0
1708226070958 -0.6469 0
1708226084141 -0.6622 0
1708226096113 -0.6023 0
1708226108679 -0.6344 0
1708226124173 -0.5457 0
1708226135373 -0.5994 0
1708226148235 -0.661 0
1708226162449 -0.6472 0
1708226174101 -0.5897 0
1708226186950 -0.5636 0
1708226201167 -0.6887 0
1708226212061 -0.5786 0
1708226227933 -0.6572 0
1708226240504 -0.6034 0
1708226252765 -0.6283 0
1708226263640 -0.598 0
1708226274878 -0.5933 0
1708226289790 -0.6823 0
1708226300690 -0.6419 0
1708226311576 -0.5985 0
1708226324624 -0.6336 0
1708226336353 -0.6839 0
1708226347256 -0.613 0
1708226360400 -0.6745 0
1708226375480 -0.5517 0
1708226388058 -0.6551 0
1708226400018 -0.6645 0
1708226411971 -0.6309 0
1708226426801 -0.6477 0
1708226440388 -0.5999 0
1708226454204 -0.5945 0
1708226466414 -0.6212 0
1708226478525 -0.6847 0
1708226489665 -0.6089 0
1708226502503 -0.6563 0
1708226513409 -0.5854 0
1708226526703 -0.577 0
1708226539299 -0.5807 0
1708226552535 -0.5401 0
1708226565660 -0.5747 0
1708226576559 -0.6347 0
1708226588474 -0.6097 0
1708226600793 -0.6608 0
1708226613790 -0.5539 0
1708226624967 -0.6932 0
1708226636143 -0.6246 0
1708226647905 -0.6391 0
1708226659790 -0.6382 0
1708226672212 -0.611 0
1708226684836 -0.6367 0
1708226700086 -0.6091 0
1708226713423 -0.6425 0
1708226724361 -0.6349 0
1708226737923 -0.6188 0
1708226753568 -0.5881 0
1708226764450 -0.6081 0
1708226775497 -0.6333 0
1708226787424 -0.6676 0
1708226801390 -0.6353 0
1708226814701 -0.4844 0
1708226828787 -0.5616 0
1708226841079 -0.5997 0
1708226854794 -0.6319 0
1708226866157 -0.5407 0
1708226878120 -0.627 0
1708226891618 -0.6043 0
1708226903372 -0.6313 0
1708226914819 -0.5805 0
1708226925995 -0.5992 0
1708226937839 -0.5781 0
1708226950658 -0.5352 0
1708226963383 -0.5772 0
1708226976637 -0.583 0
1708226989665 -0.5283 0
1708227001125 -0.5831 0
1708227017192 -0.597 0
1708227028079 -0.5259 0
1708227041757 -0.5604 0
1708227053883 -0.5929 0
1708227064920 -0.5592 0
1708227076249 -0.5702 0
1708227087712 -0.5311 0
1708227098581 -0.5516 0
1708227110040 -0.566 0
1708227122188 -0.4953 0
1708227134506 -0.6079 0
1708227145611 -0.4951 0
1708227159047 -0.5618 0
1708227171471 -0.5322 0
1708227184320 -0.495 0
1708227196695 -0.6089 0
1708227208646 -0.5274 0
1708227219754 -0.5605 0
1708227232277 -0.5779 0
1708227247313 -0.5763 0
1708227260674 -0.478 0
1708227273196 -0.488 0
1708227285176 -0.5284 0
1708227297697 -0.5406 0
1708227310607 -0.6027 0
1708227322382 -0.3886 0
1708227334264 -0.4739 0
1708227347802 -0.6099 0
1708227358695 -0.6182 0
