1706963859938 0.003 0
1706963876907 0.003 1
1706963886909 0.00299 2
1706963896946 0.00299 3
1706963906593 0.00299 4
1706963913522 0.00299 5
1706963920420 0.00298 6
1706963927351 0.00298 7
1706963935031 0.00298 8
1706963945308 0.00298 9
1706963956469 0.00297 10
1706963966082 0.00297 11
1706963973005 0.00297 12
1706963979945 0.00296 13
1706963986871 0.00296 14
1706963993924 0.00296 15
1706964002822 0.00296 16
1706964014300 0.00295 17
1706964021242 0.00295 18
1706964028186 0.00295 19
1706964039047 0.00295 20
1706964048803 0.00294 21
1706964058514 0.00294 22
1706964065457 0.00294 23
1706964075149 0.00294 24
1706964084922 0.00293 25
1706964094660 0.00293 26
1706964104474 0.00293 27
1706964114338 0.00292 28
1706964124239 0.00292 29
1706964134099 0.00292 30
1706964143911 0.00292 31
1706964153819 0.00291 32
1706964163774 0.00291 33
1706964173546 0.00291 34
1706964183300 0.00291 35
1706964193036 0.0029 36
1706964202804 0.0029 37
1706964212570 0.0029 38
1706964222334 0.00289 39
1706964232014 0.00289 40
1706964241848 0.00289 41
1706964248772 0.00289 42
1706964255691 0.00288 43
1706964265381 0.00288 44
1706964272306 0.00288 45
1706964279224 0.00288 46
1706964286174 0.00287 47
1706964295307 0.00287 48
1706964306167 0.00287 49
1706964316259 0.00286 50
1706964326146 0.00286 51
1706964336113 0.00286 52
1706964345825 0.00286 53
1706964355508 0.00285 54
1706964362447 0.00285 55
1706964372156 0.00285 56
1706964381929 0.00285 57
1706964388874 0.00284 58
1706964398673 0.00284 59
1706964405617 0.00284 60
1706964415508 0.00283 61
1706964425297 0.00283 62
1706964435398 0.00283 63
1706964445560 0.00283 64
1706964455620 0.00282 65
1706964465872 0.00282 66
1706964475929 0.00282 67
1706964485912 0.00282 68
1706964496073 0.00281 69
1706964506119 0.00281 70
1706964516244 0.00281 71
1706964526222 0.0028 72
1706964536177 0.0028 73
1706964546269 0.0028 74
1706964556218 0.0028 75
1706964566250 0.00279 76
1706964576453 0.00279 77
1706964586289 0.00279 78
1706964596305 0.00279 79
1706964606309 0.00278 80
1706964613279 0.00278 81
1706964620304 0.00278 82
1706964630085 0.00277 83
1706964640029 0.00277 84
1706964650179 0.00277 85
1706964660575 0.00277 86
1706964670676 0.00276 87
1706964680793 0.00276 88
1706964690896 0.00276 89
1706964700959 0.00276 90
1706964711205 0.00275 91
1706964718139 0.00275 92
1706964728007 0.00275 93
1706964737686 0.00274 94
1706964747437 0.00274 95
1706964757110 0.00274 96
1706964766802 0.00274 97
1706964776401 0.00273 98
1706964786193 0.00273 99
1706964798750 0.00273 100
1706964808372 0.00273 101
1706964818029 0.00272 102
1706964827850 0.00272 103
1706964837442 0.00272 104
1706964847122 0.00271 105
1706964856869 0.00271 106
1706964866627 0.00271 107
1706964876330 0.00271 108
1706964885973 0.0027 109
1706964892907 0.0027 110
1706964902607 0.0027 111
1706964912311 0.0027 112
1706964921939 0.00269 113
1706964931643 0.00269 114
1706964938581 0.00269 115
1706964948269 0.00268 116
1706964957930 0.00268 117
1706964967653 0.00268 118
1706964974605 0.00268 119
1706964984455 0.00267 120
1706964994191 0.00267 121
1706965001139 0.00267 122
1706965010902 0.00267 123
1706965020685 0.00266 124
1706965030665 0.00266 125
1706965040431 0.00266 126
1706965050270 0.00265 127
1706965060295 0.00265 128
1706965067347 0.00265 129
1706965077485 0.00265 130
1706965087519 0.00264 131
1706965097473 0.00264 132
1706965107274 0.00264 133
1706965116962 0.00264 134
1706965126643 0.00263 135
1706965133604 0.00263 136
1706965143429 0.00263 137
1706965153148 0.00262 138
1706965162854 0.00262 139
1706965169827 0.00262 140
1706965179693 0.00262 141
1706965189905 0.00261 142
1706965196871 0.00261 143
1706965206937 0.00261 144
1706965213894 0.00261 145
1706965224013 0.0026 146
1706965233613 0.0026 147
1706965243408 0.0026 148
1706965253039 0.00259 149
1706965265529 0.00259 150
1706965275163 0.00259 151
1706965282128 0.00259 152
1706965289082 0.00258 153
1706965296044 0.00258 154
1706965303015 0.00258 155
1706965312922 0.00258 156
1706965319893 0.00257 157
1706965326868 0.00257 158
1706965336486 0.00257 159
1706965346345 0.00256 160
1706965356146 0.00256 161
1706965365963 0.00256 162
1706965375711 0.00256 163
1706965385625 0.00255 164
1706965392579 0.00255 165
1706965402297 0.00255 166
1706965411897 0.00255 167
1706965418851 0.00254 168
1706965425873 0.00254 169
1706965435591 0.00254 170
1706965445373 0.00253 171
1706965455167 0.00253 172
1706965465058 0.00253 173
1706965474749 0.00253 174
1706965484588 0.00252 175
1706965494256 0.00252 176
1706965504043 0.00252 177
1706965510997 0.00251 178
1706965517957 0.00251 179
1706965524918 0.00251 180
1706965531873 0.00251 181
1706965538842 0.0025 182
1706965547555 0.0025 183
1706965556439 0.0025 184
1706965566086 0.0025 185
1706965574346 0.00249 186
1706965582883 0.00249 187
1706965590729 0.00249 188
1706965599717 0.00248 189
1706965609828 0.00248 190
1706965620771 0.00248 191
1706965630962 0.00248 192
1706965637917 0.00247 193
1706965644989 0.00247 194
1706965655018 0.00247 195
1706965665420 0.00247 196
1706965672394 0.00246 197
1706965679922 0.00246 198
1706965688763 0.00246 199
1706965698620 0.00245 200
1706965705593 0.00245 201
1706965713900 0.00245 202
1706965722004 0.00245 203
1706965730909 0.00244 204
1706965742365 0.00244 205
1706965752062 0.00244 206
1706965761761 0.00243 207
1706965768690 0.00243 208
1706965778320 0.00243 209
1706965788044 0.00243 210
1706965794984 0.00242 211
1706965801915 0.00242 212
1706965808841 0.00242 213
1706965815780 0.00242 214
1706965827405 0.00241 215
1706965834334 0.00241 216
1706965844669 0.00241 217
1706965854311 0.0024 218
1706965863938 0.0024 219
1706965873702 0.0024 220
1706965883363 0.0024 221
1706965893026 0.00239 222
1706965899963 0.00239 223
1706965907008 0.00239 224
1706965913943 0.00239 225
1706965921430 0.00238 226
1706965930015 0.00238 227
1706965940035 0.00238 228
1706965949269 0.00237 229
1706965958170 0.00237 230
1706965971357 0.00237 231
1706965978281 0.00237 232
1706965985214 0.00236 233
1706965996264 0.00236 234
1706966006008 0.00236 235
1706966015858 0.00235 236
1706966025613 0.00235 237
1706966032538 0.00235 238
1706966039464 0.00235 239
1706966046413 0.00234 240
1706966054628 0.00234 241
1706966063151 0.00234 242
1706966070120 0.00234 243
1706966079158 0.00233 244
1706966089940 0.00233 245
1706966100535 0.00233 246
1706966110349 0.00232 247
1706966120257 0.00232 248
1706966127203 0.00232 249
1706966140054 0.00232 250
1706966146998 0.00231 251
1706966153940 0.00231 252
1706966160947 0.00231 253
1706966167957 0.0023 254
1706966175308 0.0023 255
1706966183563 0.0023 256
1706966190841 0.0023 257
1706966199207 0.00229 258
1706966207906 0.00229 259
1706966217176 0.00229 260
1706966224121 0.00229 261
1706966232466 0.00228 262
1706966241381 0.00228 263
1706966251240 0.00228 264
1706966259666 0.00227 265
1706966268302 0.00227 266
1706966278830 0.00227 267
1706966288731 0.00227 268
1706966295681 0.00226 269
1706966302624 0.00226 270
1706966309576 0.00226 271
1706966316902 0.00225 272
1706966329923 0.00225 273
1706966336872 0.00225 274
1706966346828 0.00225 275
1706966356580 0.00224 276
1706966363526 0.00224 277
1706966370596 0.00224 278
1706966380313 0.00223 279
1706966389982 0.00223 280
1706966396938 0.00223 281
1706966403885 0.00223 282
1706966410956 0.00222 283
1706966417912 0.00222 284
1706966425561 0.00222 285
1706966434088 0.00222 286
1706966442454 0.00221 287
1706966450537 0.00221 288
1706966459095 0.00221 289
1706966471637 0.0022 290
1706966481459 0.0022 291
1706966491247 0.0022 292
1706966498207 0.0022 293
1706966507909 0.00219 294
1706966514867 0.00219 295
1706966521827 0.00219 296
1706966528784 0.00218 297
1706966536732 0.00218 298
1706966545618 0.00218 299
1706966556074 0.00218 300
1706966563101 0.00217 301
1706966570061 0.00217 302
1706966577226 0.00217 303
1706966585980 0.00217 304
1706966594711 0.00216 305
1706966604888 0.00216 306
1706966615184 0.00216 307
1706966623176 0.00215 308
1706966630461 0.00215 309
1706966642354 0.00215 310
1706966652425 0.00215 311
1706966659378 0.00214 312
1706966669408 0.00214 313
1706966679162 0.00214 314
1706966688828 0.00213 315
1706966695780 0.00213 316
1706966705628 0.00213 317
1706966715335 0.00213 318
1706966725145 0.00212 319
1706966732113 0.00212 320
1706966739062 0.00212 321
1706966749242 0.00211 322
1706966759352 0.00211 323
1706966769397 0.00211 324
1706966779450 0.00211 325
1706966786459 0.0021 326
1706966796694 0.0021 327
1706966806790 0.0021 328
1706966813743 0.00209 329
1706966820700 0.00209 330
1706966831005 0.00209 331
1706966841212 0.00209 332
1706966848162 0.00208 333
1706966855129 0.00208 334
1706966863276 0.00208 335
1706966870755 0.00208 336
1706966879661 0.00207 337
1706966889169 0.00207 338
1706966901735 0.00207 339
1706966908687 0.00206 340
1706966915672 0.00206 341
1706966925666 0.00206 342
1706966934301 0.00206 343
1706966941892 0.00205 344
1706966950727 0.00205 345
1706966960125 0.00205 346
1706966970376 0.00204 347
1706966980193 0.00204 348
1706966988696 0.00204 349
1706967000536 0.00204 350
1706967010355 0.00203 351
1706967020112 0.00203 352
1706967029957 0.00203 353
1706967036920 0.00202 354
1706967043888 0.00202 355
1706967051094 0.00202 356
1706967062648 0.00202 357
1706967069608 0.00201 358
1706967079134 0.00201 359
1706967087102 0.00201 360
1706967095954 0.002 361
1706967103168 0.002 362
1706967112458 0.002 363
1706967122541 0.002 364
1706967135095 0.00199 365
1706967142120 0.00199 366
1706967151946 0.00199 367
1706967161762 0.00199 368
1706967168730 0.00198 369
1706967175685 0.00198 370
1706967182864 0.00198 371
1706967193819 0.00197 372
1706967203543 0.00197 373
1706967213342 0.00197 374
1706967223376 0.00197 375
1706967230343 0.00196 376
1706967238270 0.00196 377
1706967245512 0.00196 378
1706967254641 0.00195 379
1706967263748 0.00195 380
1706967272760 0.00195 381
1706967282378 0.00195 382
1706967289490 0.00194 383
1706967298925 0.00194 384
1706967307821 0.00194 385
1706967316878 0.00193 386
1706967325341 0.00193 387
1706967332402 0.00193 388
1706967340418 0.00193 389
1706967348271 0.00192 390
1706967357692 0.00192 391
1706967366672 0.00192 392
1706967378307 0.00191 393
1706967388110 0.00191 394
1706967395083 0.00191 395
1706967406543 0.00191 396
1706967416379 0.0019 397
1706967426245 0.0019 398
1706967433514 0.0019 399
1706967446145 0.00189 400
1706967455960 0.00189 401
1706967465792 0.00189 402
1706967472770 0.00189 403
1706967479738 0.00188 404
1706967486708 0.00188 405
1706967493682 0.00188 406
1706967500733 0.00187 407
1706967508036 0.00187 408
1706967515435 0.00187 409
1706967524248 0.00187 410
1706967533136 0.00186 411
1706967540774 0.00186 412
1706967549769 0.00186 413
1706967559388 0.00185 414
1706967568936 0.00185 415
1706967576224 0.00185 416
1706967585183 0.00185 417
1706967593831 0.00184 418
1706967602816 0.00184 419
1706967609836 0.00184 420
1706967619337 0.00183 421
1706967628745 0.00183 422
1706967639828 0.00183 423
1706967647741 0.00183 424
1706967657426 0.00182 425
1706967664366 0.00182 426
1706967673823 0.00182 427
1706967681225 0.00181 428
1706967691032 0.00181 429
1706967698931 0.00181 430
1706967707485 0.00181 431
1706967716937 0.0018 432
1706967725730 0.0018 433
1706967734584 0.0018 434
1706967746425 0.00179 435
1706967756341 0.00179 436
1706967766134 0.00179 437
1706967773080 0.00179 438
1706967780030 0.00178 439
1706967789326 0.00178 440
1706967797278 0.00178 441
1706967805732 0.00177 442
1706967814158 0.00177 443
1706967822573 0.00177 444
1706967832442 0.00177 445
1706967840407 0.00176 446
1706967848387 0.00176 447
1706967857618 0.00176 448
1706967865942 0.00175 449
1706967877388 0.00175 450
1706967884804 0.00175 451
1706967896161 0.00175 452
1706967906001 0.00174 453
1706967912944 0.00174 454
1706967919895 0.00174 455
1706967926984 0.00173 456
1706967935174 0.00173 457
1706967944082 0.00173 458
1706967954954 0.00173 459
1706967964776 0.00172 460
1706967974531 0.00172 461
1706967981546 0.00172 462
1706967991323 0.00171 463
1706967998393 0.00171 464
1706968008285 0.00171 465
1706968015233 0.00171 466
1706968022189 0.0017 467
1706968029134 0.0017 468
1706968038983 0.0017 469
1706968048860 0.00169 470
1706968055820 0.00169 471
1706968062765 0.00169 472
1706968070214 0.00169 473
1706968081203 0.00168 474
1706968091025 0.00168 475
1706968097979 0.00168 476
1706968107796 0.00167 477
1706968114746 0.00167 478
1706968121978 0.00167 479
1706968130540 0.00167 480
1706968139713 0.00166 481
1706968147509 0.00166 482
1706968156741 0.00166 483
1706968168356 0.00165 484
1706968175313 0.00165 485
1706968182266 0.00165 486
1706968190921 0.00165 487
1706968202136 0.00164 488
1706968211368 0.00164 489
1706968220222 0.00164 490
1706968229633 0.00163 491
1706968236680 0.00163 492
1706968244862 0.00163 493
1706968252212 0.00163 494
1706968259965 0.00162 495
1706968269466 0.00162 496
1706968277155 0.00162 497
1706968286385 0.00161 498
1706968295356 0.00161 499
1706968305918 0.00161 500
1706968312957 0.0016 501
1706968321317 0.0016 502
1706968330081 0.0016 503
1706968338096 0.0016 504
1706968346306 0.00159 505
1706968356085 0.00159 506
1706968364290 0.00159 507
1706968372593 0.00158 508
1706968380699 0.00158 509
1706968387661 0.00158 510
1706968397815 0.00158 511
1706968404772 0.00157 512
1706968413734 0.00157 513
1706968426201 0.00157 514
1706968435896 0.00156 515
1706968442867 0.00156 516
1706968450096 0.00156 517
1706968461706 0.00156 518
1706968468796 0.00155 519
1706968476848 0.00155 520
1706968485303 0.00155 521
1706968495921 0.00154 522
1706968504770 0.00154 523
1706968515098 0.00154 524
1706968525010 0.00154 525
1706968531970 0.00153 526
1706968538928 0.00153 527
1706968551909 0.00153 528
1706968561840 0.00152 529
1706968568866 0.00152 530
1706968575824 0.00152 531
1706968582790 0.00151 532
1706968589755 0.00151 533
1706968598015 0.00151 534
1706968606037 0.00151 535
1706968613175 0.0015 536
1706968621178 0.0015 537
1706968629507 0.0015 538
1706968637300 0.00149 539
1706968644339 0.00149 540
1706968652002 0.00149 541
1706968660719 0.00149 542
1706968670033 0.00148 543
1706968678317 0.00148 544
1706968686701 0.00148 545
1706968695435 0.00147 546
1706968704142 0.00147 547
1706968712884 0.00147 548
1706968723008 0.00147 549
1706968734398 0.00146 550
1706968741360 0.00146 551
1706968749190 0.00146 552
1706968757844 0.00145 553
1706968765412 0.00145 554
1706968775759 0.00145 555
1706968784526 0.00144 556
1706968793483 0.00144 557
1706968801699 0.00144 558
1706968809491 0.00144 559
1706968819263 0.00143 560
1706968828230 0.00143 561
1706968838210 0.00143 562
1706968846907 0.00142 563
1706968855529 0.00142 564
1706968866503 0.00142 565
1706968873479 0.00142 566
1706968880441 0.00141 567
1706968890600 0.00141 568
1706968900445 0.00141 569
1706968907403 0.0014 570
1706968914366 0.0014 571
1706968922175 0.0014 572
1706968930067 0.00139 573
1706968938553 0.00139 574
1706968946652 0.00139 575
1706968954486 0.00139 576
1706968961468 0.00138 577
1706968969119 0.00138 578
1706968978012 0.00138 579
1706968985200 0.00137 580
1706968993396 0.00137 581
1706969002725 0.00137 582
1706969010556 0.00137 583
1706969021075 0.00136 584
1706969030319 0.00136 585
1706969039236 0.00136 586
1706969047465 0.00135 587
1706969055277 0.00135 588
1706969063931 0.00135 589
1706969071196 0.00134 590
1706969080233 0.00134 591
1706969088706 0.00134 592
1706969097829 0.00134 593
1706969106746 0.00133 594
1706969115859 0.00133 595
1706969123441 0.00133 596
1706969132293 0.00132 597
1706969141072 0.00132 598
1706969150289 0.00132 599
1706969163918 0.00132 600
1706969170878 0.00131 601
1706969177837 0.00131 602
1706969186227 0.00131 603
1706969194676 0.0013 604
1706969201983 0.0013 605
1706969210713 0.0013 606
1706969218343 0.00129 607
1706969225842 0.00129 608
1706969236462 0.00129 609
1706969244947 0.00129 610
1706969253843 0.00128 611
1706969262972 0.00128 612
1706969271240 0.00128 613
1706969280936 0.00127 614
1706969288635 0.00127 615
1706969297333 0.00127 616
1706969306952 0.00126 617
1706969314907 0.00126 618
1706969324184 0.00126 619
1706969332086 0.00126 620
1706969343014 0.00125 621
1706969352148 0.00125 622
1706969360328 0.00125 623
1706969370580 0.00124 624
1706969378779 0.00124 625
1706969388574 0.00124 626
1706969398040 0.00123 627
1706969406557 0.00123 628
1706969417077 0.00123 629
1706969424265 0.00123 630
1706969432463 0.00122 631
1706969439906 0.00122 632
1706969449974 0.00122 633
1706969458020 0.00121 634
1706969466220 0.00121 635
1706969474149 0.00121 636
1706969482748 0.00121 637
1706969490673 0.0012 638
1706969501422 0.0012 639
1706969511475 0.0012 640
1706969521305 0.00119 641
1706969528278 0.00119 642
1706969535250 0.00119 643
1706969542224 0.00118 644
1706969549695 0.00118 645
1706969560066 0.00118 646
1706969569251 0.00118 647
1706969578022 0.00117 648
1706969586783 0.00117 649
1706969598253 0.00117 650
1706969605228 0.00116 651
1706969612191 0.00116 652
1706969619164 0.00116 653
1706969628850 0.00115 654
1706969637599 0.00115 655
1706969646089 0.00115 656
1706969653555 0.00115 657
1706969662490 0.00114 658
1706969670485 0.00114 659
1706969682379 0.00114 660
1706969689348 0.00113 661
1706969697359 0.00113 662
1706969707882 0.00113 663
1706969714853 0.00112 664
1706969721911 0.00112 665
1706969729016 0.00112 666
1706969737979 0.00112 667
1706969746474 0.00111 668
1706969755577 0.00111 669
1706969766065 0.00111 670
1706969773042 0.0011 671
1706969782942 0.0011 672
1706969792583 0.0011 673
1706969799556 0.00109 674
1706969806809 0.00109 675
1706969814774 0.00109 676
1706969823222 0.00108 677
1706969832243 0.00108 678
1706969840274 0.00108 679
1706969849697 0.00108 680
1706969857788 0.00107 681
1706969865823 0.00107 682
1706969874367 0.00107 683
1706969882888 0.00106 684
1706969890750 0.00106 685
1706969898998 0.00106 686
1706969905975 0.00105 687
1706969913007 0.00105 688
1706969922510 0.00105 689
1706969929567 0.00105 690
1706969939117 0.00104 691
1706969947744 0.00104 692
1706969955616 0.00104 693
1706969964839 0.00103 694
1706969973419 0.00103 695
1706969982280 0.00103 696
1706969992594 0.00102 697
1706970001173 0.00102 698
1706970009555 0.00102 699
1706970020185 0.00102 700
1706970027177 0.00101 701
1706970036508 0.00101 702
1706970046212 0.00101 703
1706970054624 0.001 704
1706970062657 0.001 705
1706970071272 0.001 706
1706970078253 0.00099 707
1706970087078 0.00099 708
1706970095333 0.00099 709
1706970102737 0.00098 710
1706970111592 0.00098 711
1706970119253 0.00098 712
1706970129550 0.00098 713
1706970138376 0.00097 714
1706970146761 0.00097 715
1706970155717 0.00097 716
1706970165112 0.00096 717
1706970172288 0.00096 718
1706970180651 0.00096 719
1706970188573 0.00095 720
1706970196991 0.00095 721
1706970204944 0.00095 722
1706970213510 0.00094 723
1706970222177 0.00094 724
1706970230660 0.00094 725
1706970239478 0.00094 726
1706970248587 0.00093 727
1706970257451 0.00093 728
1706970268103 0.00093 729
1706970276165 0.00092 730
1706970285151 0.00092 731
1706970292926 0.00092 732
1706970302044 0.00091 733
1706970311249 0.00091 734
1706970323460 0.00091 735
1706970333273 0.0009 736
1706970340274 0.0009 737
1706970347262 0.0009 738
1706970354244 0.0009 739
1706970362209 0.00089 740
1706970371205 0.00089 741
1706970382984 0.00089 742
1706970390064 0.00088 743
1706970397061 0.00088 744
1706970407080 0.00088 745
1706970415976 0.00087 746
1706970424264 0.00087 747
1706970433212 0.00087 748
1706970441927 0.00086 749
1706970455351 0.00086 750
1706970462332 0.00086 751
1706970471795 0.00086 752
1706970480357 0.00085 753
1706970488900 0.00085 754
1706970497605 0.00085 755
1706970506895 0.00084 756
1706970515031 0.00084 757
1706970525104 0.00084 758
1706970534019 0.00083 759
1706970542368 0.00083 760
1706970551336 0.00083 761
1706970559205 0.00082 762
1706970568348 0.00082 763
1706970575341 0.00082 764
1706970585776 0.00081 765
1706970594773 0.00081 766
1706970604399 0.00081 767
1706970614289 0.00081 768
1706970621724 0.0008 769
1706970629458 0.0008 770
1706970639146 0.0008 771
1706970647635 0.00079 772
1706970655779 0.00079 773
1706970664812 0.00079 774
1706970673169 0.00078 775
1706970683058 0.00078 776
1706970693809 0.00078 777
1706970700794 0.00077 778
1706970707970 0.00077 779
1706970720589 0.00077 780
1706970730515 0.00076 781
1706970740398 0.00076 782
1706970747401 0.00076 783
1706970754386 0.00076 784
1706970761373 0.00075 785
1706970768358 0.00075 786
1706970778957 0.00075 787
1706970787792 0.00074 788
1706970795586 0.00074 789
1706970803839 0.00074 790
1706970813337 0.00073 791
1706970821688 0.00073 792
1706970830876 0.00073 793
1706970838219 0.00072 794
1706970847204 0.00072 795
1706970855944 0.00072 796
1706970864851 0.00071 797
1706970873682 0.00071 798
1706970881260 0.00071 799
1706970892565 0.0007 800
1706970899558 0.0007 801
1706970909039 0.0007 802
1706970917250 0.0007 803
1706970927223 0.00069 804
1706970935405 0.00069 805
1706970944941 0.00069 806
1706970953212 0.00068 807
1706970961384 0.00068 808
1706970970148 0.00068 809
1706970980903 0.00067 810
1706970989824 0.00067 811
1706970997790 0.00067 812
1706971006977 0.00066 813
1706971015495 0.00066 814
1706971022494 0.00066 815
1706971029944 0.00065 816
1706971039554 0.00065 817
1706971047766 0.00065 818
1706971056731 0.00064 819
1706971065619 0.00064 820
1706971073803 0.00064 821
1706971081429 0.00063 822
1706971090179 0.00063 823
1706971101279 0.00063 824
1706971108243 0.00062 825
1706971115542 0.00062 826
1706971125163 0.00062 827
1706971133402 0.00062 828
1706971146078 0.00061 829
1706971153037 0.00061 830
1706971160082 0.00061 831
1706971169815 0.0006 832
1706971176912 0.0006 833
1706971185659 0.0006 834
1706971193875 0.00059 835
1706971202174 0.00059 836
1706971210622 0.00059 837
1706971219750 0.00058 838
1706971230667 0.00058 839
1706971238046 0.00058 840
1706971246951 0.00057 841
1706971256492 0.00057 842
1706971264315 0.00057 843
1706971275215 0.00056 844
1706971285263 0.00056 845
1706971293082 0.00056 846
1706971303525 0.00055 847
1706971314429 0.00055 848
1706971324810 0.00055 849
1706971337258 0.00054 850
1706971344223 0.00054 851
1706971352147 0.00054 852
1706971363680 0.00053 853
1706971370776 0.00053 854
1706971380613 0.00053 855
1706971390465 0.00052 856
1706971400301 0.00052 857
1706971407375 0.00052 858
1706971414331 0.00051 859
1706971421307 0.00051 860
1706971431306 0.00051 861
1706971438276 0.0005 862
1706971448420 0.0005 863
1706971458406 0.0005 864
1706971468407 0.00049 865
1706971478387 0.00049 866
1706971485353 0.00049 867
1706971492438 0.00048 868
1706971499413 0.00048 869
1706971506368 0.00048 870
1706971514356 0.00047 871
1706971524051 0.00047 872
1706971531902 0.00047 873
1706971539291 0.00047 874
1706971546940 0.00046 875
1706971556955 0.00046 876
1706971566554 0.00046 877
1706971575067 0.00045 878
1706971582747 0.00045 879
1706971591060 0.00045 880
1706971600539 0.00044 881
1706971609761 0.00044 882
1706971616877 0.00043 883
1706971624796 0.00043 884
1706971633171 0.00043 885
1706971641762 0.00042 886
1706971648929 0.00042 887
1706971657896 0.00042 888
1706971665673 0.00041 889
1706971674480 0.00041 890
1706971683265 0.00041 891
1706971690243 0.0004 892
1706971701992 0.0004 893
1706971708964 0.0004 894
1706971719037 0.00039 895
1706971729184 0.00039 896
1706971736138 0.00039 897
1706971743112 0.00038 898
1706971750069 0.00038 899
1706971761322 0.00038 900
1706971768949 0.00037 901
1706971777325 0.00037 902
1706971785493 0.00037 903
1706971793326 0.00036 904
1706971802441 0.00036 905
1706971810223 0.00036 906
1706971818166 0.00035 907
1706971827792 0.00035 908
1706971836070 0.00035 909
1706971845435 0.00034 910
1706971854169 0.00034 911
1706971861746 0.00034 912
1706971869465 0.00033 913
1706971880340 0.00033 914
1706971888978 0.00033 915
1706971898077 0.00032 916
1706971907401 0.00032 917
1706971914488 0.00032 918
1706971923548 0.00031 919
1706971931514 0.00031 920
1706971938581 0.00031 921
1706971947567 0.0003 922
1706971956997 0.0003 923
1706971964372 0.0003 924
1706971974137 0.00029 925
1706971982638 0.00029 926
1706971990444 0.00028 927
1706971998394 0.00028 928
1706972005919 0.00028 929
1706972013814 0.00027 930
1706972021581 0.00027 931
1706972030060 0.00027 932
1706972038238 0.00026 933
1706972048648 0.00026 934
1706972057609 0.00026 935
1706972066880 0.00025 936
1706972076040 0.00025 937
1706972085758 0.00025 938
1706972094864 0.00024 939
1706972103619 0.00024 940
1706972113279 0.00023 941
1706972123186 0.00023 942
1706972131728 0.00023 943
1706972141245 0.00022 944
1706972149313 0.00022 945
1706972158237 0.00022 946
1706972167984 0.00021 947
1706972175258 0.00021 948
1706972184203 0.00021 949
1706972194224 0.0002 950
1706972201183 0.0002 951
1706972208158 0.0002 952
1706972218709 0.00019 953
1706972228163 0.00019 954
1706972237194 0.00018 955
1706972244300 0.00018 956
1706972253833 0.00018 957
1706972261242 0.00017 958
1706972270835 0.00017 959
1706972277802 0.00017 960
1706972286606 0.00016 961
1706972294696 0.00016 962
1706972304793 0.00015 963
1706972313386 0.00015 964
1706972321244 0.00015 965
1706972330784 0.00014 966
1706972337773 0.00014 967
1706972344740 0.00014 968
1706972352046 0.00013 969
1706972359525 0.00013 970
1706972369018 0.00012 971
1706972378175 0.00012 972
1706972387898 0.00012 973
1706972395881 0.00011 974
1706972406130 0.00011 975
1706972416428 0.0001 976
1706972425358 0.0001 977
1706972435646 0.0001 978
1706972445817 9e-05 979
1706972455856 9e-05 980
1706972463815 8e-05 981
1706972472885 8e-05 982
1706972480373 8e-05 983
1706972489359 7e-05 984
1706972496928 7e-05 985
1706972507523 6e-05 986
1706972516776 6e-05 987
1706972524068 6e-05 988
1706972532070 5e-05 989
1706972541455 5e-05 990
1706972549632 4e-05 991
1706972558162 4e-05 992
1706972567065 3e-05 993
1706972574597 3e-05 994
1706972582360 3e-05 995
1706972590332 2e-05 996
1706972599414 2e-05 997
1706972607906 1e-05 998
1706972618427 1e-05 999
