1712055224041 0.001 0
1712055253258 0.001 1
1712055258728 0.001 2
1712055264255 0.001 3
1712055270265 0.001 4
1712055275873 0.001 5
1712055281410 0.001 6
1712055286895 0.001 7
1712055292391 0.001 8
1712055297500 0.001 9
1712055303065 0.001 10
1712055308742 0.001 11
1712055314976 0.001 12
1712055320745 0.001 13
1712055326327 0.001 14
1712055331396 0.001 15
1712055336967 0.001 16
1712055342109 0.001 17
1712055347173 0.001 18
1712055353273 0.001 19
1712055358853 0.001 20
1712055364527 0.001 21
1712055370029 0.001 22
1712055374924 0.001 23
1712055379921 0.001 24
1712055384959 0.001 25
1712055389864 0.001 26
