1716621766308 34.65 0
1716621783998 12.86 0
1716621803757 12.96 0
1716621824013 12.99 0
1716621839490 13.08 0
1716621859322 13.04 0
1716621879431 13.15 0
1716621899330 13.03 0
1716621919301 13.17 0
1716621939247 13.03 0
1716621959354 13.08 0
1716621979950 13.16 0
1716622000217 13.28 0
1716622020334 13.2 0
1716622040315 13.24 0
1716622060279 13.18 0
1716622080386 13.19 0
1716622100759 13.35 0
1716622121482 13.37 0
1716622141751 13.24 0
1716622161890 13.18 0
1716622182026 13.26 0
1716622202124 13.29 0
1716622222325 13.2 0
1716622242231 13.17 0
1716622263097 13.27 0
1716622283394 13.5 0
1716622303638 13.34 0
1716622323733 13.33 0
1716622343714 13.24 0
1716622364290 13.48 0
1716622384393 13.3 0
1716622404979 13.35 0
1716622425072 13.24 0
1716622445106 13.23 0
1716622465096 13.22 0
1716622485022 13.23 0
1716622505200 13.33 0
1716622525304 13.26 0
1716622545494 13.23 0
1716622566252 13.36 0
1716622586291 13.32 0
1716622606599 13.44 0
1716622626716 13.27 0
1716622646921 13.4 0
1716622666945 13.28 0
1716622687082 13.31 0
1716622707435 13.44 0
1716622728303 13.28 0
1716622748687 13.42 0
1716622770506 13.32 0
1716622790420 13.21 0
1716622810353 13.18 0
1716622830387 13.33 0
1716622850676 13.29 0
1716622871184 13.02 0
1716622891347 13.36 0
1716622911395 13.25 0
1716622931373 13.2 0
1716622951318 13.23 0
1716622971276 13.15 0
1716622991153 13.09 0
1716623007411 13.29 0
1716623022928 13.17 0
1716623038438 13.16 0
1716623054093 13.29 0
1716623069644 13.22 0
1716623089668 13.27 0
1716623109594 13.1 0
1716623129551 13.24 0
1716623149509 13.15 0
1716623169509 13.12 0
1716623189531 13.15 0
1716623209627 13.17 0
1716623229741 13.09 0
1716623249907 13.28 0
1716623270233 13.14 0
1716623290242 13.21 0
1716623310160 13.05 0
1716623330053 13.11 0
1716623350330 13.14 0
1716623370346 13.14 0
1716623390583 13.19 0
1716623410843 13.12 0
1716623430723 13.14 0
1716623450789 13.26 0
1716623470575 13.05 0
1716623490774 13.22 0
1716623510570 13.14 0
1716623526070 13.2 0
1716623546461 13.3 0
1716623566508 13.22 0
1716623586898 13.34 0
1716623606984 13.24 0
1716623627412 13.25 0
1716623647508 13.34 0
1716623667633 13.41 0
1716623688470 13.31 0
1716623708415 13.21 0
1716623728781 13.28 0
1716623753427 13.24 0
1716623769127 13.3 0
1716623785033 13.38 0
1716623800888 13.48 0
1716623816576 13.29 0
1716623832732 13.31 0
1716623852889 13.32 0
1716623868417 13.18 0
1716623888676 13.29 0
1716623908844 13.36 0
1716623924559 13.33 0
1716623944885 13.35 0
1716623961117 13.23 0
1716623981163 13.32 0
1716624001148 13.27 0
1716624021219 13.31 0
1716624036933 13.33 0
1716624052580 13.3 0
1716624068424 13.34 0
1716624084132 13.27 0
1716624104305 13.26 0
1716624124848 13.23 0
1716624144759 13.13 0
1716624165212 13.44 0
1716624185234 13.22 0
1716624205178 13.14 0
1716624220742 13.2 0
1716624240831 13.18 0
1716624256726 13.12 0
1716624276798 13.15 0
1716624292401 13.24 0
1716624307965 13.22 0
1716624328008 13.19 0
1716624347993 13.2 0
1716624367986 13.19 0
1716624387992 13.12 0
1716624408343 13.18 0
1716624424019 13.29 0
1716624439617 13.18 0
1716624455390 13.29 0
1716624471203 13.34 0
1716624486965 13.27 0
1716624502753 13.36 0
1716624518866 13.58 0
1716624535223 13.25 0
1716624550931 13.23 0
1716624566895 13.51 0
1716624582452 13.15 0
1716624598256 13.35 0
1716624613752 13.14 0
1716624633773 13.15 0
1716624649381 13.18 0
1716624665601 13.24 0
1716624681317 13.22 0
1716624697036 13.27 0
1716624713045 13.21 0
1716624728621 13.12 0
1716624744348 13.26 0
1716624760078 13.31 0
1716624775981 13.48 0
1716624796733 13.14 0
1716624816857 13.25 0
1716624832389 13.14 0
1716624852411 13.22 0
1716624872404 13.17 0
1716624892810 13.18 0
1716624908359 13.15 0
1716624924263 13.14 0
1716624939861 13.18 0
1716624955569 13.33 0
1716624970979 13.03 0
1716624990901 13.08 0
1716625006436 13.07 0
1716625022135 13.13 0
1716625042175 13.12 0
1716625058334 13.27 0
1716625078595 13.24 0
1716625094415 13.33 0
1716625114485 13.18 0
1716625134448 13.12 0
1716625154853 13.22 0
1716625175048 13.21 0
1716625191248 13.15 0
1716625206709 13.06 0
1716625222483 13.09 0
1716625238119 13.11 0
1716625253595 13.09 0
1716625273758 13.15 0
1716625289256 13.07 0
1716625309497 13.17 0
1716625325597 13.13 0
1716625341222 13.21 0
1716625357188 13.28 0
1716625373071 13.39 0
1716625388976 13.2 0
1716625404784 13.25 0
1716625425056 13.21 0
1716625445310 13.24 0
1716625461681 13.27 0
1716625477490 13.21 0
1716625501943 13.19 0
1716625522430 13.25 0
1716625542425 13.09 0
1716625558526 13.17 0
1716625574114 13.09 0
1716625594817 13.2 0
1716625610551 13.41 0
1716625626160 13.15 0
1716625641759 13.31 0
1716625657309 13.24 0
1716625673121 13.33 0
1716625693214 13.33 0
1716625709329 13.32 0
1716625729950 13.28 0
1716625750228 13.42 0
1716625770250 13.21 0
1716625790417 13.29 0
1716625806145 13.38 0
1716625821671 13.25 0
1716625837370 13.39 0
1716625852979 13.29 0
1716625869143 13.42 0
1716625888941 13.19 0
1716625908878 13.14 0
1716625924452 13.28 0
1716625944612 13.35 0
1716625964622 13.18 0
1716625984903 13.47 0
1716626000630 13.42 0
1716626020565 13.16 0
1716626036172 13.35 0
1716626056065 13.21 0
1716626071593 13.21 0
1716626087271 13.34 0
1716626102903 13.34 0
1716626118487 13.3 0
1716626134423 13.26 0
1716626150018 13.32 0
1716626165570 13.27 0
1716626181293 13.32 0
1716626196906 13.29 0
1716626212448 13.22 0
1716626227943 13.16 0
1716626243606 13.35 0
1716626259383 13.39 0
1716626275300 13.18 0
1716626291104 13.31 0
1716626306790 13.34 0
1716626322481 13.23 0
1716626338214 13.4 0
1716626358425 13.14 0
1716626373877 13.13 0
1716626389487 13.2 0
1716626405552 13.34 0
1716626421453 13.46 0
1716626437074 13.3 0
1716626452498 13.1 0
1716626468228 13.27 0
1716626483817 13.26 0
1716626499489 13.35 0
1716626515116 13.24 0
1716626531196 13.35 0
1716626546802 13.3 0
1716626562229 13.12 0
1716626577746 13.19 0
1716626593355 13.22 0
1716626608911 13.25 0
1716626624405 13.14 0
1716626639903 13.17 0
1716626655351 13.08 0
1716626671417 13.19 0
1716626687102 13.32 0
1716626702756 13.21 0
1716626718431 13.29 0
1716626734011 13.27 0
1716626749504 13.12 0
1716626764970 13.15 0
1716626780580 13.18 0
1716626796854 13.61 0
1716626812334 13.18 0
1716626828061 13.3 0
1716626843579 13.16 0
1716626859375 13.41 0
1716626874940 13.18 0
1716626890633 13.28 0
1716626906179 13.21 0
1716626921819 13.22 0
1716626937942 13.27 0
1716626953628 13.33 0
1716626969328 13.18 0
1716626985056 13.32 0
1716627000768 13.26 0
1716627016565 13.41 0
1716627032234 13.27 0
1716627047881 13.26 0
1716627063787 13.1 0
1716627079346 13.19 0
1716627095171 13.42 0
1716627110839 13.26 0
1716627126443 13.27 0
1716627146547 13.12 0
1716627162113 13.19 0
1716627177765 13.28 0
1716627193792 13.26 0
1716627209538 13.37 0
1716627229976 13.3 0
1716627250289 13.28 0
1716627266049 13.34 0
1716627281783 13.33 0
1716627297468 13.36 0
1716627313032 13.19 0
1716627329098 13.22 0
1716627345041 13.42 0
1716627360570 13.2 0
1716627376111 13.14 0
1716627391714 13.26 0
1716627407252 13.11 0
1716627422960 13.19 0
1716627438750 13.4 0
1716627455030 13.31 0
1716627470549 13.14 0
1716627486192 13.23 0
1716627501640 13.12 0
1716627517135 13.12 0
1716627532889 13.3 0
1716627548656 13.27 0
1716627564265 13.19 0
1716627580110 13.28 0
1716627596836 13.3 0
1716627612611 13.18 0
1716627628456 13.31 0
1716627643971 13.11 0
1716627664122 13.26 0
1716627684111 13.18 0
1716627704355 13.26 0
1716627719958 13.23 0
1716627736292 13.43 0
1716627752169 13.42 0
1716627768025 13.41 0
1716627783796 13.35 0
1716627799549 13.34 0
1716627815297 13.37 0
1716627831109 13.27 0
1716627846829 13.27 0
1716627863218 13.23 0
1716627878942 13.31 0
1716627894793 13.37 0
1716627910670 13.44 0
1716627926507 13.3 0
1716627942194 13.23 0
1716627962539 13.17 0
1716627978255 13.23 0
1716627994273 13.58 0
1716628009963 13.22 0
1716628025614 13.12 0
1716628041532 13.4 0
1716628057385 13.29 0
1716628073037 13.21 0
1716628088902 13.41 0
1716628104428 13.1 0
1716628120581 13.25 0
1716628136401 13.36 0
1716628152260 13.35 0
1716628168251 13.36 0
1716628183952 13.25 0
1716628199597 13.16 0
1716628215264 13.23 0
1716628230897 13.22 0
1716628246669 13.28 0
1716628263005 13.3 0
1716628279210 13.7 0
1716628295004 13.35 0
1716628311343 13.36 0
1716628326989 13.2 0
1716628342764 13.32 0
1716628358541 13.23 0
1716628374187 13.21 0
1716628390581 13.29 0
1716628406427 13.3 0
1716628422146 13.25 0
1716628437999 13.35 0
1716628453711 13.29 0
1716628469493 13.33 0
1716628485053 13.14 0
1716628500788 13.29 0
1716628521733 13.23 0
1716628537504 13.31 0
1716628557714 13.15 0
1716628577935 13.26 0
1716628593649 13.24 0
1716628609290 13.12 0
1716628629757 13.42 0
1716628649905 13.28 0
1716628670168 13.2 0
1716628690856 13.25 0
1716628706408 13.11 0
1716628722121 13.16 0
1716628742726 13.2 0
1716628758516 13.28 0
1716628774152 13.13 0
1716628794453 13.08 0
1716628810200 13.22 0
1716628825982 13.31 0
1716628841660 13.18 0
1716628857384 13.2 0
1716628873404 13.14 0
1716628889151 13.32 0
1716628904969 13.35 0
1716628920770 13.3 0
1716628936370 13.16 0
1716628951946 13.14 0
1716628967552 13.3 0
1716628983097 13.22 0
1716628999126 13.21 0
1716629014775 13.36 0
1716629031134 13.28 0
1716629046684 13.22 0
1716629062488 13.2 0
1716629077871 13.1 0
1716629093515 13.24 0
1716629109038 13.23 0
1716629124585 13.27 0
1716629140725 13.2 0
1716629156257 13.14 0
1716629171662 13.08 0
1716629187632 13.32 0
1716629203327 13.32 0
1716629219033 13.39 0
1716629234698 13.25 0
1716629250331 13.3 0
1716629265998 13.12 0
1716629281970 13.18 0
1716629297470 13.19 0
1716629313097 13.24 0
1716629328815 13.3 0
1716629344429 13.24 0
1716629360056 13.33 0
1716629375573 13.13 0
1716629391232 13.32 0
1716629407258 13.24 0
1716629422719 13.17 0
1716629438098 13.07 0
1716629453562 13.15 0
1716629469105 13.21 0
1716629484836 13.09 0
1716629500449 13.25 0
1716629515940 13.18 0
1716629531350 13.09 0
1716629547222 13.11 0
1716629562717 13.14 0
1716629582769 13.07 0
1716629598492 13.28 0
1716629613884 13.08 0
1716629629443 13.29 0
1716629644891 13.13 0
1716629660560 13.36 0
1716629676145 13.3 0
1716629692113 13.13 0
1716629707952 13.12 0
1716629723457 13.22 0
1716629738928 13.2 0
1716629754410 13.19 0
1716629770244 13.32 0
1716629785808 13.31 0
1716629801251 13.18 0
1716629816745 13.2 0
1716629837121 13.07 0
1716629852613 13.2 0
1716629868178 13.24 0
1716629883831 13.28 0
1716629899302 13.14 0
1716629914946 13.15 0
1716629930392 13.12 0
1716629945937 13.24 0
1716629961304 13.08 0
1716629977230 13.17 0
1716629997120 13.09 0
1716630017276 13.14 0
1716630037266 13.04 0
1716630057261 13.23 0
1716630072937 13.23 0
1716630088980 13.24 0
1716630104648 13.29 0
1716630120314 13.25 0
1716630135984 13.33 0
1716630151627 13.33 0
1716630167254 13.29 0
1716630182992 13.39 0
1716630198732 13.37 0
1716630214295 13.22 0
1716630230328 13.21 0
1716630245892 13.24 0
1716630261327 13.1 0
1716630276877 13.2 0
1716630292491 13.21 0
1716630308052 13.19 0
1716630323563 13.12 0
1716630339044 13.07 0
1716630354864 13.47 0
1716630370335 13.1 0
1716630390493 13.09 0
1716630406078 13.2 0
1716630421629 13.19 0
1716630437066 13.1 0
1716630452732 13.25 0
1716630468420 13.31 0
1716630484242 13.44 0
1716630499718 13.15 0
1716630515303 13.26 0
1716630530846 13.15 0
1716630546358 13.18 0
1716630561988 13.25 0
1716630577731 13.18 0
1716630593302 13.21 0
1716630608886 13.25 0
1716630624813 13.15 0
1716630640350 13.15 0
1716630656066 13.31 0
1716630671665 13.25 0
1716630687562 13.39 0
1716630703211 13.25 0
1716630718830 13.22 0
1716630734464 13.22 0
1716630750546 13.22 0
1716630766366 13.37 0
1716630782027 13.09 0
1716630797618 13.24 0
1716630813121 13.08 0
1716630828678 13.19 0
1716630844246 13.19 0
1716630859764 13.1 0
1716630875287 13.2 0
1716630891453 13.34 0
1716630907134 13.22 0
1716630922789 13.26 0
1716630938431 13.29 0
1716630954073 13.29 0
1716630969580 13.13 0
1716630985311 13.36 0
1716631000821 13.15 0
1716631016429 13.18 0
1716631032618 13.14 0
1716631048061 13.11 0
1716631063597 13.21 0
1716631078970 13.05 0
1716631094577 13.29 0
1716631110106 13.2 0
1716631125672 13.16 0
1716631141035 13.01 0
1716631156673 13.21 0
1716631176976 13.14 0
1716631192534 13.14 0
1716631208060 13.14 0
1716631223528 13.1 0
1716631239122 13.21 0
1716631254640 13.16 0
1716631270289 13.06 0
1716631285733 13.11 0
1716631301965 13.19 0
1716631317502 13.13 0
1716631337296 13.07 0
1716631352755 13.14 0
1716631372986 13.03 0
1716631388463 13.09 0
1716631404200 13.14 0
1716631419678 13.07 0
1716631435744 13.18 0
1716631451408 13.27 0
1716631467031 13.18 0
1716631482502 13.17 0
1716631498029 13.22 0
1716631513634 13.22 0
1716631529337 13.24 0
1716631545122 13.37 0
1716631561068 13.16 0
1716631576646 13.22 0
1716631592369 13.28 0
1716631608044 13.27 0
1716631623577 13.1 0
1716631639304 13.26 0
1716631654971 13.24 0
1716631670672 13.31 0
1716631686346 13.3 0
1716631702488 13.26 0
1716631718065 13.18 0
1716631733642 13.16 0
1716631749257 13.22 0
1716631764829 13.22 0
1716631780350 13.18 0
1716631795901 13.18 0
1716631811505 13.2 0
1716631827577 13.2 0
1716631843269 13.29 0
1716631859242 13.3 0
1716631874875 13.22 0
1716631890542 13.25 0
1716631906122 13.2 0
1716631921670 13.19 0
1716631937291 13.17 0
1716631952873 13.21 0
1716631973532 13.19 0
1716631989156 13.19 0
1716632004717 13.12 0
1716632020526 13.24 0
1716632036038 13.17 0
1716632051820 13.31 0
1716632067410 13.24 0
1716632083133 13.28 0
1716632099258 13.24 0
1716632114887 13.22 0
1716632130411 13.16 0
1716632146109 13.26 0
1716632161844 13.23 0
1716632177393 13.2 0
1716632193009 13.21 0
1716632208579 13.22 0
1716632224384 13.43 0
1716632240181 13.35 0
1716632255751 13.18 0
1716632271623 13.37 0
1716632287302 13.31 0
1716632302954 13.17 0
1716632318701 13.32 0
1716632334269 13.18 0
1716632349851 13.24 0
1716632365976 13.19 0
1716632381821 13.19 0
1716632397372 13.14 0
1716632412967 13.17 0
1716632428994 13.34 0
1716632444687 13.24 0
1716632460554 13.12 0
1716632476030 13.09 0
1716632491992 13.11 0
1716632507724 13.28 0
1716632523293 13.22 0
1716632539070 13.17 0
1716632554624 13.16 0
1716632570240 13.23 0
1716632585832 13.19 0
1716632601443 13.21 0
1716632617331 13.07 0
1716632632923 13.16 0
1716632648656 13.15 0
1716632664121 13.09 0
1716632679709 13.2 0
1716632695346 13.19 0
1716632710972 13.25 0
1716632726500 13.15 0
1716632742492 13.16 0
1716632762704 13.2 0
1716632778273 13.22 0
1716632798433 13.23 0
1716632813948 13.09 0
1716632829467 13.01 0
1716632845058 13.2 0
1716632860858 13.42 0
1716632876400 13.17 0
1716632896616 13.28 0
1716632912299 13.21 0
1716632927995 13.28 0
1716632943602 13.24 0
1716632959206 13.22 0
1716632974739 13.15 0
1716632990788 13.43 0
1716633006517 13.32 0
1716633022058 13.17 0
1716633037690 13.24 0
1716633053442 13.3 0
1716633069170 13.27 0
1716633084831 13.26 0
1716633100524 13.06 0
1716633116250 13.34 0
1716633132202 13.27 0
1716633147822 13.23 0
1716633163413 13.16 0
1716633178977 13.14 0
1716633194610 13.26 0
1716633210494 13.18 0
1716633226000 13.1 0
1716633241751 13.38 0
1716633257314 13.11 0
1716633273105 13.38 0
1716633288854 13.26 0
1716633304465 13.22 0
1716633320270 13.37 0
1716633336026 13.19 0
1716633351652 13.23 0
1716633367670 13.5 0
1716633383334 13.25 0
1716633399100 13.27 0
1716633414909 13.36 0
1716633430727 13.1 0
1716633446368 13.17 0
1716633461946 13.14 0
1716633477610 13.28 0
1716633493392 13.41 0
1716633509141 13.32 0
1716633524686 13.16 0
1716633540591 13.27 0
1716633560691 13.07 0
1716633576496 13.34 0
1716633592060 13.09 0
1716633607841 13.38 0
1716633623901 13.21 0
1716633639614 13.24 0
1716633655146 13.12 0
1716633670765 13.18 0
1716633686856 13.24 0
1716633702446 13.18 0
1716633718186 13.34 0
1716633734047 13.24 0
1716633750087 13.13 0
1716633765656 13.16 0
1716633781456 13.21 0
1716633797021 13.16 0
1716633812598 13.17 0
1716633828236 13.17 0
1716633843941 13.23 0
1716633859835 13.42 0
1716633876125 13.35 0
1716633891849 13.31 0
1716633907786 13.38 0
1716633923542 13.31 0
1716633939225 13.26 0
1716633954817 13.18 0
1716633970499 13.25 0
1716633986018 13.1 0
1716634002230 13.29 0
1716634018199 13.24 0
1716634033710 13.07 0
1716634049459 13.16 0
1716634065265 13.38 0
1716634080996 13.17 0
1716634096791 13.26 0
1716634112324 13.12 0
1716634128781 13.28 0
1716634144247 13.05 0
1716634159707 13.06 0
1716634175303 13.17 0
1716634190868 13.17 0
1716634206407 13.13 0
1716634221993 13.18 0
1716634238014 13.29 0
1716634254186 13.27 0
1716634269926 13.28 0
1716634285637 13.21 0
1716634301405 13.3 0
1716634321538 13.21 0
1716634337454 13.26 0
1716634357782 13.26 0
1716634373553 13.34 0
1716634389576 13.17 0
1716634405352 13.37 0
1716634421298 13.41 0
1716634437330 13.54 0
1716634453058 13.21 0
1716634468874 13.31 0
1716634484788 13.37 0
1716634500928 13.71 0
1716634516793 13.41 0
1716634532587 13.29 0
1716634548425 13.35 0
1716634564351 13.4 0
1716634579958 13.13 0
1716634595686 13.25 0
1716634611413 13.25 0
1716634627505 13.22 0
1716634643540 13.07 0
1716634659377 13.27 0
1716634675040 13.2 0
1716634690651 13.13 0
1716634706282 13.21 0
1716634721961 13.2 0
1716634737604 13.14 0
1716634753386 13.27 0
1716634769757 13.23 0
1716634785390 13.15 0
1716634801258 13.24 0
1716634816878 13.13 0
1716634832541 13.2 0
1716634848186 13.15 0
1716634863966 13.28 0
1716634880408 13.3 0
1716634896066 13.16 0
1716634911946 13.2 0
1716634927645 13.19 0
1716634943498 13.22 0
1716634959154 13.18 0
1716634974895 13.25 0
1716634990588 13.18 0
1716635006457 13.34 0
1716635022651 13.25 0
1716635038326 13.24 0
1716635053903 13.13 0
1716635069586 13.19 0
1716635085276 13.18 0
1716635101034 13.24 0
1716635116763 13.3 0
1716635132747 13.53 0
1716635152710 13.23 0
1716635168427 13.23 0
1716635184208 13.25 0
1716635199973 13.3 0
1716635215789 13.25 0
1716635231517 13.26 0
1716635247303 13.33 0
1716635263296 13.12 0
1716635279140 13.36 0
1716635294868 13.18 0
1716635310946 13.31 0
1716635326597 13.19 0
1716635342438 13.4 0
1716635358223 13.34 0
1716635374031 13.31 0
1716635390262 13.31 0
1716635406185 13.41 0
1716635421994 13.3 0
1716635437774 13.27 0
1716635453505 13.22 0
1716635469117 13.27 0
1716635485104 13.19 0
1716635500706 13.27 0
1716635516417 13.41 0
1716635532348 13.2 0
1716635547995 13.28 0
1716635563469 13.15 0
1716635579168 13.37 0
1716635594895 13.38 0
1716635610380 13.11 0
1716635625965 13.3 0
1716635641625 13.3 0
1716635657649 13.22 0
1716635673637 13.35 0
1716635689168 13.26 0
1716635704742 13.26 0
1716635720344 13.23 0
1716635735904 13.23 0
1716635751399 13.15 0
1716635767112 13.3 0
1716635782694 13.28 0
1716635798925 13.34 0
1716635814526 13.28 0
1716635830096 13.19 0
1716635845877 13.4 0
1716635861431 13.23 0
1716635877118 13.36 0
1716635892758 13.31 0
1716635908618 13.22 0
1716635924367 13.38 0
1716635945197 13.16 0
1716635960827 13.3 0
1716635976283 13.14 0
1716635991897 13.27 0
1716636007583 13.17 0
1716636023124 13.27 0
1716636043179 13.11 0
1716636058769 13.2 0
1716636074908 13.27 0
1716636090606 13.31 0
1716636106166 13.21 0
1716636126262 13.21 0
1716636146205 13.23 0
1716636166375 13.35 0
1716636182172 13.49 0
1716636198184 13.27 0
1716636213842 13.38 0
1716636229392 13.21 0
1716636245182 13.38 0
1716636261072 13.25 0
1716636276725 13.34 0
1716636292249 13.22 0
1716636307930 13.31 0
1716636323960 13.24 0
1716636339467 13.18 0
1716636355017 13.21 0
1716636370454 13.16 0
1716636386030 13.27 0
1716636401535 13.19 0
1716636417046 13.21 0
1716636432596 13.24 0
1716636448004 13.12 0
1716636463898 13.14 0
1716636479420 13.17 0
1716636494869 13.14 0
1716636510749 13.21 0
1716636526344 13.29 0
1716636541907 13.23 0
1716636557679 13.24 0
1716636573352 13.34 0
1716636588898 13.2 0
1716636604868 13.17 0
1716636620417 13.17 0
1716636636043 13.19 0
1716636651634 13.22 0
1716636667117 13.15 0
1716636682727 13.31 0
1716636698277 13.25 0
1716636713899 13.31 0
1716636729961 13.25 0
1716636749970 13.12 0
1716636765433 13.15 0
1716636781215 13.35 0
1716636796618 13.11 0
1716636812033 13.09 0
1716636827781 13.36 0
1716636843457 13.28 0
1716636859647 13.4 0
1716636875141 13.21 0
1716636890862 13.31 0
1716636906226 13.07 0
1716636921680 13.14 0
1716636937117 13.11 0
1716636952879 13.4 0
1716636968394 13.2 0
1716636983954 13.21 0
1716636999954 13.2 0
1716637015619 13.29 0
1716637031197 13.29 0
1716637046721 13.23 0
1716637062539 13.45 0
1716637078062 13.17 0
1716637093537 13.17 0
1716637109128 13.25 0
1716637125337 13.2 0
1716637140798 13.13 0
1716637156403 13.22 0
1716637172087 13.29 0
1716637187745 13.37 0
1716637203353 13.31 0
1716637218957 13.23 0
1716637234712 13.31 0
1716637250428 13.42 0
1716637266530 13.22 0
1716637282169 13.36 0
1716637297628 13.11 0
1716637313290 13.37 0
1716637329031 13.4 0
1716637344618 13.25 0
1716637360432 13.28 0
1716637375893 13.17 0
1716637391711 13.22 0
1716637407750 13.27 0
1716637423293 13.2 0
1716637438845 13.2 0
1716637454417 13.27 0
1716637470288 13.31 0
1716637485928 13.35 0
1716637501485 13.23 0
1716637516992 13.21 0
1716637537083 13.25 0
1716637553044 13.19 0
1716637568778 13.4 0
1716637584450 13.3 0
1716637600071 13.23 0
1716637615619 13.19 0
1716637631303 13.35 0
1716637646957 13.26 0
1716637662418 13.14 0
1716637678469 13.22 0
1716637694045 13.19 0
1716637709684 13.23 0
1716637725150 13.1 0
1716637740841 13.28 0
1716637756353 13.15 0
1716637771873 13.19 0
1716637787437 13.24 0
1716637802955 13.13 0
1716637819074 13.27 0
1716637834706 13.25 0
1716637850358 13.22 0
1716637866058 13.37 0
1716637881627 13.2 0
1716637897280 13.28 0
1716637912980 13.27 0
1716637928568 13.25 0
1716637944877 13.23 0
1716637960418 13.18 0
1716637975862 13.05 0
1716637991376 13.16 0
1716638007051 13.34 0
1716638022622 13.18 0
1716638038301 13.36 0
1716638053877 13.26 0
1716638069873 13.19 0
1716638085372 13.13 0
1716638100969 13.28 0
1716638116420 13.11 0
1716638132031 13.27 0
1716638147554 13.15 0
1716638163263 13.28 0
1716638179087 13.28 0
1716638194670 13.2 0
1716638211010 13.35 0
1716638226573 13.2 0
1716638242190 13.24 0
1716638257881 13.28 0
1716638273808 13.27 0
1716638289315 13.18 0
1716638305028 13.14 0
