1712055931420 0.001 0
1712055959017 0.001 1
1712055968803 0.001 2
1712055978916 0.001 3
1712055986991 0.001 4
1712055995299 0.001 5
1712056005391 0.001 6
1712056015627 0.001 7
1712056025744 0.001 8
1712056036280 0.001 9
1712056044391 0.001 10
1712056052508 0.001 11
1712056060577 0.001 12
1712056070525 0.001 13
1712056076564 0.001 14
1712056082787 0.001 15
1712056093145 0.001 16
1712056102813 0.001 17
1712056108939 0.001 18
1712056117011 0.001 19
1712056123160 0.001 20
1712056129389 0.001 21
1712056137491 0.001 22
1712056147894 0.001 23
1712056156143 0.001 24
1712056162316 0.001 25
1712056168621 0.001 26
1712056174858 0.001 27
1712056182988 0.001 28
1712056189292 0.001 29
1712056195591 0.001 30
1712056205833 0.001 31
1712056212520 0.001 32
