1712055953155 0.011296420711117274 0
1712055962883 0.014914695614470662 1
1712055972640 0.02029364091479813 2
1712055982808 0.007872756079112437 3
1712055990985 0.004957843062880502 4
1712055999320 0.028944184174628684 5
1712056009383 0.01930801071627778 6
1712056019500 0.039609515089231 7
1712056029672 0.039791040573760254 8
1712056040280 0.03102668155267329 9
1712056048330 0.0327818499604072 10
1712056056384 0.03480574080942496 11
1712056064479 0.04618028953566804 12
1712056074412 0.010205815603398396 13
1712056080530 0.030735597342035872 14
1712056086706 0.04538873410704755 15
1712056097085 0.053500171652274504 16
1712056106686 2.4286870687714317e-06 17
1712056112807 0.05195760080522353 18
1712056120924 0.026756359974123116 19
1712056127090 0.023007012713450483 20
1712056133326 0.04511593335064267 21
1712056141431 0.05694934213383783 22
1712056151940 0.058586824399785034 23
1712056160124 0.028687791368295603 24
1712056166318 1.2866935368909596e-06 25
1712056172604 0.05686652296643486 26
1712056178838 0.048820930117122865 27
1712056186931 2.5414855718860867e-05 28
1712056193274 0.060087870102851104 29
1712056199517 0.05068490071714507 30
1712056209830 0.03199509550172235 31
1712056216720 0.0494287565588457 32
