1712055953130 0.011296420711117274 0
1712055962876 0.014914695614470662 1
1712055972632 0.02029364091479813 2
1712055982800 0.007872756079112437 3
1712055990977 0.004957843062880502 4
1712055999302 0.028944184174628684 5
1712056009368 0.01930801071627778 6
1712056019493 0.039609515089231 7
1712056029661 0.039791040573760254 8
1712056040273 0.03102668155267329 9
1712056048323 0.0327818499604072 10
1712056056378 0.03480574080942496 11
1712056064471 0.04618028953566804 12
1712056074406 0.010205815603398396 13
1712056080523 0.030735597342035872 14
1712056086698 0.04538873410704755 15
1712056097078 0.053500171652274504 16
1712056106679 2.4286870687714317e-06 17
1712056112800 0.05195760080522353 18
1712056120917 0.026756359974123116 19
1712056127081 0.023007012713450483 20
1712056133309 0.04511593335064267 21
1712056141424 0.05694934213383783 22
1712056151930 0.058586824399785034 23
1712056160116 0.028687791368295603 24
1712056166301 1.2866935368909596e-06 25
1712056172596 0.05686652296643486 26
1712056178830 0.048820930117122865 27
1712056186922 2.5414855718860867e-05 28
1712056193266 0.060087870102851104 29
1712056199510 0.05068490071714507 30
1712056209822 0.03199509550172235 31
1712056216712 0.0494287565588457 32
