1712786125564 0.0 0
1712786416624 0.04183703880312332 1
1712786716171 0.035126952870519146 2
1712786997489 0.02631319564338967 3
1712787276031 0.0476457831993601 4
1712787544517 0.043219088017084406 5
1712787833185 0.03689903694603539 6
1712788118430 0.04481812832842815 7
1712788416634 0.03976797708703812 8
1712788703520 0.041914440672012485 9
1712788988349 0.04566360237718618 10
1712789296095 0.06213232699676833 11
1712789586122 0.06868520820627058 12
1712789881796 0.051047011323132906 13
1712790159748 0.07178988761890828 14
1712790454635 0.0650291997794242 15
1712790742603 0.07697437282212463 16
1712791017217 0.07725045103446708 17
1712791306758 0.07218636111398993 18
1712791592644 0.1137254739483456 19
1712791880363 0.08066557816988232 20
1712792174339 0.0968649671244421 21
1712792481657 0.10217279752000079 22
1712792788063 0.11517381151727352 23
1712793083684 0.08816834041825676 24
1712793359415 0.08411905010186004 25
1712793645170 0.1114434261401038 26
1712793920734 0.13395445829522185 27
1712794208856 0.1305157298821458 28
1712794488161 0.12724997356839274 29
1712794774599 0.1301080604910728 30
1712795053703 0.10892605208109513 31
1712795325519 0.13232333338332017 32
1712795618113 0.1523272333836586 33
1712795897426 0.15743503747472223 34
1712796186404 0.15962707140891977 35
1712796477261 0.20883523700202306 36
1712796778043 0.17611681135928545 37
1712797069286 0.21586048098384547 38
1712797364416 0.2103901888301949 39
1712797644505 0.2600702090702128 40
1712797940603 0.18143246094970564 41
1712798219918 0.2241731194338622 42
1712798504669 0.20612380628910945 43
1712798776420 0.2687413978992862 44
1712799040627 0.25703645788806345 45
1712799314813 0.2324459985464745 46
1712799610061 0.23960450654470117 47
1712799893362 0.20991502555765704 48
1712800170813 0.2330893654200408 49
1712800455145 0.2901868352593464 50
1712800749592 0.2368235744135019 51
1712801012876 0.33455029384051627 52
1712801308900 0.2980401004681442 53
1712801588663 0.3035058884747532 54
1712801866843 0.21360238584098357 55
1712802153250 0.22559066186622792 56
1712802425533 0.2919233631694297 57
1712802704179 0.25090528271140405 58
1712802999960 0.2540213136655312 59
1712803268365 0.3365219054625722 60
1712803547978 0.29817742224914645 61
1712803832043 0.34450005162174 62
1712804130145 0.23690451943684765 63
1712804387383 0.24962167496031423 64
1712804659969 0.37787845822810573 65
1712804959590 0.2698112135997242 66
1712805242265 0.31437933156269354 67
1712805520175 0.35364691825951133 68
1712805791855 0.31134799377541994 69
1712806055382 0.2733620348704304 70
1712806338308 0.33172050875914594 71
1712806614652 0.25995561989190497 72
1712806884337 0.3700964090702994 73
1712807173681 0.3732105972343416 74
1712807461583 0.2862344397385718 75
1712807740235 0.533753781506109 76
