1714172397010 0.002 0
1714172772812 0.002 1
1714173132656 0.002 2
1714173407315 0.002 3
1714173743401 0.00199 4
1714174068304 0.00199 5
1714174348114 0.00199 6
1714174672235 0.00199 7
1714174987510 0.00199 8
1714175317192 0.00199 9
1714175604401 0.00198 10
1714175905152 0.00198 11
1714176240107 0.00198 12
1714176567243 0.00198 13
1714176916555 0.00198 14
1714177207264 0.00197 15
1714177525504 0.00197 16
1714177840675 0.00197 17
1714178146845 0.00197 18
1714178461604 0.00197 19
1714178813963 0.00197 20
1714179128441 0.00196 21
1714179425114 0.00196 22
1714179758753 0.00196 23
1714180067876 0.00196 24
1714180375659 0.00196 25
1714180703079 0.00195 26
1714180974049 0.00195 27
1714181273506 0.00195 28
1714181606275 0.00195 29
1714181900798 0.00195 30
1714182216240 0.00195 31
1714182551853 0.00194 32
1714182844257 0.00194 33
1714183172430 0.00194 34
1714183469069 0.00194 35
1714183772589 0.00194 36
1714184122352 0.00194 37
1714184410078 0.00193 38
1714184718675 0.00193 39
1714185041764 0.00193 40
1714185336072 0.00193 41
1714185663774 0.00193 42
1714185975126 0.00192 43
1714186257137 0.00192 44
1714186547185 0.00192 45
1714186870753 0.00192 46
1714187175408 0.00192 47
1714187465021 0.00192 48
1714187764904 0.00191 49
1714188071362 0.00191 50
1714188351236 0.00191 51
1714188700448 0.00191 52
1714188997910 0.00191 53
1714189289010 0.0019 54
1714189593630 0.0019 55
1714189884967 0.0019 56
1714190255956 0.0019 57
1714190550863 0.0019 58
1714190869399 0.0019 59
1714191221909 0.00189 60
1714191509315 0.00189 61
1714191806291 0.00189 62
1714192138758 0.00189 63
1714192423059 0.00189 64
1714192711790 0.00188 65
1714193004739 0.00188 66
1714193322656 0.00188 67
1714193652918 0.00188 68
1714193905801 0.00188 69
1714194227309 0.00188 70
1714194543950 0.00187 71
1714194867276 0.00187 72
1714195201654 0.00187 73
1714195460176 0.00187 74
1714195771204 0.00187 75
1714196139042 0.00186 76
1714196434556 0.00186 77
1714196759763 0.00186 78
1714197037835 0.00186 79
1714197338806 0.00186 80
1714197678114 0.00186 81
1714197960121 0.00185 82
1714198242781 0.00185 83
1714198617457 0.00185 84
1714198940351 0.00185 85
1714199198543 0.00185 86
1714199504049 0.00184 87
1714199852436 0.00184 88
1714200153449 0.00184 89
1714200468847 0.00184 90
1714200750688 0.00184 91
1714201076977 0.00184 92
1714201370057 0.00183 93
1714201724785 0.00183 94
1714201985706 0.00183 95
1714202323897 0.00183 96
1714202638683 0.00183 97
1714202971985 0.00182 98
1714203275318 0.00182 99
1714203626516 0.00182 100
1714203910797 0.00182 101
1714204220153 0.00182 102
1714204537391 0.00182 103
1714204833269 0.00181 104
1714205132506 0.00181 105
1714205448200 0.00181 106
1714205785819 0.00181 107
1714206074764 0.00181 108
1714206380211 0.0018 109
1714206712572 0.0018 110
1714207043945 0.0018 111
1714207320820 0.0018 112
1714207642980 0.0018 113
1714207958532 0.0018 114
1714208266957 0.00179 115
1714208561308 0.00179 116
1714208873804 0.00179 117
1714209190525 0.00179 118
1714209493795 0.00179 119
1714209784794 0.00178 120
1714210094182 0.00178 121
1714210393721 0.00178 122
1714210694254 0.00178 123
1714211043235 0.00178 124
1714211301011 0.00178 125
1714211628374 0.00177 126
1714211914416 0.00177 127
1714212193293 0.00177 128
1714212526191 0.00177 129
1714212824941 0.00177 130
1714213188700 0.00176 131
1714213452669 0.00176 132
1714213746553 0.00176 133
1714214041771 0.00176 134
1714214336000 0.00176 135
1714214643692 0.00176 136
1714214957622 0.00175 137
1714215270120 0.00175 138
1714215616342 0.00175 139
1714215896968 0.00175 140
1714216218607 0.00175 141
1714216496566 0.00174 142
1714216781062 0.00174 143
1714217073195 0.00174 144
1714217375392 0.00174 145
1714217679207 0.00174 146
1714217974460 0.00174 147
1714218300884 0.00173 148
1714218593883 0.00173 149
1714218923482 0.00173 150
1714219191221 0.00173 151
1714219495096 0.00173 152
1714219816854 0.00172 153
1714220133831 0.00172 154
1714220484973 0.00172 155
1714220768022 0.00172 156
1714221072194 0.00172 157
1714221402746 0.00172 158
1714221718818 0.00171 159
1714221970335 0.00171 160
1714222285312 0.00171 161
1714222595936 0.00171 162
1714222888119 0.00171 163
1714223187253 0.0017 164
1714223548183 0.0017 165
1714223844659 0.0017 166
1714224153886 0.0017 167
1714224485396 0.0017 168
1714224751133 0.00169 169
1714225041797 0.00169 170
1714225371175 0.00169 171
1714225668359 0.00169 172
1714225973228 0.00169 173
1714226262560 0.00169 174
1714226553465 0.00168 175
1714226862783 0.00168 176
1714227170833 0.00168 177
1714227493550 0.00168 178
1714227815417 0.00168 179
1714228117496 0.00167 180
1714228391293 0.00167 181
1714228706387 0.00167 182
1714229053448 0.00167 183
1714229327205 0.00167 184
1714229622418 0.00167 185
1714229909498 0.00166 186
1714230221427 0.00166 187
1714230541962 0.00166 188
1714230839574 0.00166 189
1714231141833 0.00166 190
1714231447299 0.00165 191
1714231754993 0.00165 192
1714232042234 0.00165 193
1714232392191 0.00165 194
1714232677874 0.00165 195
1714232990829 0.00165 196
1714233322426 0.00164 197
1714233611189 0.00164 198
1714233920783 0.00164 199
1714234276545 0.00164 200
1714234551919 0.00164 201
1714234862768 0.00163 202
1714235168967 0.00163 203
1714235448140 0.00163 204
1714235760662 0.00163 205
1714236053931 0.00163 206
1714236347965 0.00163 207
1714236641547 0.00162 208
1714236966639 0.00162 209
1714237256986 0.00162 210
1714237557231 0.00162 211
1714237857250 0.00162 212
1714238147058 0.00161 213
1714238456780 0.00161 214
1714238739655 0.00161 215
1714239055701 0.00161 216
1714239326634 0.00161 217
1714239616188 0.0016 218
1714239926150 0.0016 219
1714240226861 0.0016 220
1714240538313 0.0016 221
1714240835623 0.0016 222
1714241141059 0.0016 223
1714241433119 0.00159 224
1714241761829 0.00159 225
1714242066136 0.00159 226
1714242377313 0.00159 227
1714242667648 0.00159 228
1714242980560 0.00158 229
1714243295868 0.00158 230
1714243589650 0.00158 231
1714243880738 0.00158 232
1714244180464 0.00158 233
1714244464793 0.00158 234
1714244763226 0.00157 235
1714245074411 0.00157 236
1714245362414 0.00157 237
1714245674944 0.00157 238
1714245952119 0.00157 239
1714246250001 0.00156 240
1714246572119 0.00156 241
1714246862575 0.00156 242
1714247168190 0.00156 243
1714247457744 0.00156 244
1714247737859 0.00155 245
1714248036065 0.00155 246
1714248337310 0.00155 247
1714248666902 0.00155 248
1714248951533 0.00155 249
1714249296704 0.00155 250
1714249578995 0.00154 251
1714249866931 0.00154 252
1714250179546 0.00154 253
1714250482934 0.00154 254
1714250789274 0.00154 255
1714251138033 0.00153 256
1714251416437 0.00153 257
1714251727955 0.00153 258
1714252016087 0.00153 259
1714252298033 0.00153 260
1714252623327 0.00153 261
1714252921322 0.00152 262
1714253239026 0.00152 263
1714253539268 0.00152 264
1714253821329 0.00152 265
1714254146215 0.00152 266
1714254435931 0.00151 267
1714254733561 0.00151 268
1714255018170 0.00151 269
1714255285713 0.00151 270
1714255586559 0.00151 271
1714255880180 0.0015 272
1714256190211 0.0015 273
1714256484726 0.0015 274
1714256786061 0.0015 275
1714257084867 0.0015 276
1714257399248 0.0015 277
1714257694282 0.00149 278
1714257982015 0.00149 279
1714258290682 0.00149 280
1714258604963 0.00149 281
1714258898900 0.00149 282
1714259188988 0.00148 283
1714259495789 0.00148 284
1714259804555 0.00148 285
1714260107319 0.00148 286
1714260411717 0.00148 287
1714260717667 0.00148 288
1714261018863 0.00147 289
1714261311484 0.00147 290
1714261594514 0.00147 291
1714261885898 0.00147 292
1714262202902 0.00147 293
1714262493767 0.00146 294
1714262794472 0.00146 295
1714263072574 0.00146 296
1714263374423 0.00146 297
1714263658937 0.00146 298
1714263973259 0.00145 299
1714264290184 0.00145 300
1714264572826 0.00145 301
1714264855716 0.00145 302
1714265155224 0.00145 303
1714265451059 0.00145 304
1714265738502 0.00144 305
1714266044452 0.00144 306
1714266364873 0.00144 307
1714266645910 0.00144 308
1714266961599 0.00144 309
1714267251933 0.00143 310
1714267579039 0.00143 311
1714267865465 0.00143 312
1714268190914 0.00143 313
1714268474749 0.00143 314
1714268784812 0.00142 315
1714269108983 0.00142 316
1714269395469 0.00142 317
1714269679106 0.00142 318
1714269989849 0.00142 319
1714270289439 0.00142 320
1714270585241 0.00141 321
1714270898295 0.00141 322
1714271199244 0.00141 323
1714271487699 0.00141 324
1714271763452 0.00141 325
1714272059226 0.0014 326
1714272372525 0.0014 327
1714272690707 0.0014 328
1714272984883 0.0014 329
1714273309504 0.0014 330
1714273618275 0.00139 331
1714273919596 0.00139 332
1714274251692 0.00139 333
1714274525587 0.00139 334
1714274815196 0.00139 335
1714275136026 0.00139 336
1714275435129 0.00138 337
1714275733848 0.00138 338
1714276029769 0.00138 339
1714276341883 0.00138 340
1714276623373 0.00138 341
1714276928764 0.00137 342
1714277225320 0.00137 343
1714277524428 0.00137 344
1714277820883 0.00137 345
1714278142341 0.00137 346
1714278413661 0.00136 347
1714278723156 0.00136 348
1714279016824 0.00136 349
1714279375305 0.00136 350
1714279629278 0.00136 351
1714279943235 0.00136 352
1714280254550 0.00135 353
1714280543989 0.00135 354
1714280840220 0.00135 355
1714281147924 0.00135 356
1714281449971 0.00135 357
1714281745986 0.00134 358
1714282030795 0.00134 359
1714282343997 0.00134 360
1714282629075 0.00134 361
1714282926522 0.00134 362
1714283227252 0.00133 363
1714283536942 0.00133 364
1714283800090 0.00133 365
1714284108480 0.00133 366
1714284404528 0.00133 367
1714284703902 0.00133 368
1714285003334 0.00132 369
1714285326630 0.00132 370
1714285594748 0.00132 371
1714285895637 0.00132 372
1714286199183 0.00132 373
1714286511048 0.00131 374
1714286833247 0.00131 375
1714287124585 0.00131 376
1714287451812 0.00131 377
1714287771076 0.00131 378
1714288049124 0.0013 379
1714288350512 0.0013 380
1714288686879 0.0013 381
1714288987141 0.0013 382
1714289298811 0.0013 383
1714289568196 0.0013 384
1714289873224 0.00129 385
1714290186565 0.00129 386
1714290482017 0.00129 387
1714290783302 0.00129 388
1714291098168 0.00129 389
1714291398144 0.00128 390
1714291680350 0.00128 391
1714291987749 0.00128 392
1714292261969 0.00128 393
1714292566264 0.00128 394
1714292860199 0.00127 395
1714293151170 0.00127 396
1714293450262 0.00127 397
1714293748282 0.00127 398
1714294107454 0.00127 399
1714294430558 0.00126 400
1714294719385 0.00126 401
1714295006143 0.00126 402
1714295298705 0.00126 403
1714295593759 0.00126 404
1714295918605 0.00126 405
1714296213274 0.00125 406
1714296503610 0.00125 407
1714296787480 0.00125 408
1714297096536 0.00125 409
1714297406218 0.00125 410
1714297714861 0.00124 411
1714298010605 0.00124 412
1714298300782 0.00124 413
1714298600711 0.00124 414
1714298903476 0.00124 415
1714299189760 0.00123 416
1714299468083 0.00123 417
1714299765731 0.00123 418
1714300069542 0.00123 419
1714300377240 0.00123 420
1714300679146 0.00122 421
1714300965376 0.00122 422
1714301276722 0.00122 423
1714301578816 0.00122 424
1714301878939 0.00122 425
1714302191909 0.00122 426
1714302486098 0.00121 427
1714302791783 0.00121 428
1714303073685 0.00121 429
1714303404333 0.00121 430
1714303693611 0.00121 431
1714303995917 0.0012 432
1714304279472 0.0012 433
1714304572626 0.0012 434
1714304864022 0.0012 435
1714305167867 0.0012 436
1714305460838 0.00119 437
1714305746085 0.00119 438
1714306032913 0.00119 439
1714306323867 0.00119 440
1714306630852 0.00119 441
1714306926915 0.00118 442
1714307230136 0.00118 443
1714307525684 0.00118 444
1714307817680 0.00118 445
1714308117484 0.00118 446
1714308441359 0.00118 447
1714308715709 0.00117 448
1714309014043 0.00117 449
1714309336724 0.00117 450
1714309600549 0.00117 451
1714309902422 0.00117 452
1714310173324 0.00116 453
1714310487766 0.00116 454
1714310783231 0.00116 455
1714311100212 0.00116 456
1714311397284 0.00116 457
1714311682841 0.00115 458
1714311997476 0.00115 459
1714312311680 0.00115 460
1714312599611 0.00115 461
1714312901688 0.00115 462
1714313208431 0.00114 463
1714313512444 0.00114 464
1714313809479 0.00114 465
1714314118057 0.00114 466
1714314395174 0.00114 467
1714314705931 0.00114 468
1714314992664 0.00113 469
1714315317059 0.00113 470
1714315613039 0.00113 471
1714315922464 0.00113 472
1714316211019 0.00113 473
1714316488652 0.00112 474
1714316783792 0.00112 475
1714317094214 0.00112 476
1714317375880 0.00112 477
1714317711543 0.00112 478
1714317994983 0.00111 479
1714318309276 0.00111 480
1714318605351 0.00111 481
1714318899172 0.00111 482
1714319208542 0.00111 483
1714319512777 0.0011 484
1714319824738 0.0011 485
1714320127804 0.0011 486
1714320401142 0.0011 487
1714320700017 0.0011 488
1714321003225 0.00109 489
1714321310842 0.00109 490
1714321614408 0.00109 491
1714321905828 0.00109 492
1714322217936 0.00109 493
1714322515348 0.00109 494
1714322813329 0.00108 495
1714323109792 0.00108 496
1714323468088 0.00108 497
1714323747500 0.00108 498
1714324067102 0.00108 499
1714324390162 0.00107 500
1714324653770 0.00107 501
1714324942601 0.00107 502
1714325273976 0.00107 503
1714325557328 0.00107 504
1714325882104 0.00106 505
1714326187352 0.00106 506
1714326509253 0.00106 507
1714326785897 0.00106 508
1714327077533 0.00106 509
1714327378513 0.00105 510
1714327686412 0.00105 511
1714327997224 0.00105 512
1714328314701 0.00105 513
1714328600822 0.00105 514
1714328929552 0.00104 515
1714329227015 0.00104 516
1714329546999 0.00104 517
1714329890741 0.00104 518
1714330158583 0.00104 519
1714330441018 0.00104 520
1714330741869 0.00103 521
1714331059854 0.00103 522
1714331365989 0.00103 523
1714331654610 0.00103 524
1714331956358 0.00103 525
1714332241393 0.00102 526
1714332545545 0.00102 527
1714332848820 0.00102 528
1714333154029 0.00102 529
1714333453115 0.00102 530
