1716272686153 0.013096930941945632 0
1716272702385 0.015900868448383457 1
1716272719664 0.25528372983246245 2
1716272737272 0.23433813920191993 3
1716272755593 0.2587829535064072 4
1716272773694 0.5037764180261174 5
1716272791317 0.5747612707916149 6
1716272809011 0.5345712851997898 7
1716272826792 0.5810867174527902 8
1716272844369 0.6038326620529718 9
1716272862345 0.6353735808130917 10
1716272880660 0.6381013309368703 11
1716272898344 0.7559244434445832 12
1716272916040 0.7153328374189432 13
1716272933809 0.7565727322438077 14
1716272951339 0.7433255252081999 15
1716272969153 0.753158655363927 16
1716272987260 0.8012746813010798 17
1716273005262 0.7695570654387413 18
1716273022926 0.7423381778120487 19
1716273040881 0.788735227085453 20
1716273059192 0.7952502450320984 21
1716273077052 0.8237712019268167 22
1716273094885 0.8041600620943821 23
1716273113112 0.8145893360460725 24
1716273130766 0.8059369455877884 25
1716273148732 0.8333057685239069 26
1716273166795 0.7967356623911775 27
1716273184625 0.8483166867406862 28
1716273202818 0.813035928359715 29
1716273220381 0.7958980562622427 30
1716273238485 0.8237797244236394 31
1716273256368 0.861751111232448 32
1716273274485 0.8336783419687483 33
1716273292483 0.8611132235583082 34
1716273310298 0.8035204353783655 35
1716273328268 0.8427540319907978 36
1716273345945 0.8284640663840745 37
1716273364019 0.8628421936409123 38
1716273382739 0.8551846354033684 39
1716273400727 0.8754919497311886 40
1716273418841 0.8411833528754049 41
1716273436710 0.8397091387147265 42
1716273454553 0.8761954785109468 43
1716273472399 0.8499832904904757 44
1716273490572 0.8679979620475399 45
1716273508813 0.841071674304594 46
1716273526700 0.8411984836723782 47
1716273544663 0.8565059552112889 48
1716273562878 0.8000325404372918 49
1716273578475 0.8237346941473532 50
1716273592890 0.8380007112265705 51
1716273607604 0.86204273034578 52
1716273621954 0.8647536596309057 53
1716273640692 0.8716918612112737 54
1716273658612 0.8815940174706247 55
1716273676473 0.8755476326866898 56
1716273694292 0.871940285885172 57
1716273712244 0.8917182784142264 58
1716273730512 0.8942134851651101 59
1716273748306 0.878054224015736 60
1716273766533 0.8945127362271776 61
1716273784125 0.8478592158772559 62
1716273798300 0.8760156259650866 63
1716273812687 0.8435814139335266 64
1716273827061 0.8694415262365842 65
1716273841505 0.8819500110340378 66
1716273859333 0.9014594519371898 67
1716273877432 0.8804230918439183 68
1716273895178 0.8914647232360534 69
1716273913249 0.8914123309569905 70
1716273931912 0.9029733254628926 71
1716273950193 0.9058424098411537 72
1716273968248 0.9007874733323852 73
1716273986536 0.8885169177067995 74
1716274005151 0.8972125467489892 75
1716274023186 0.903443734498023 76
1716274040920 0.8890911111355311 77
1716274058722 0.8923744384830457 78
1716274076710 0.8562399763668442 79
1716274091393 0.8880192207379598 80
1716274106011 0.8752963980419275 81
1716274120951 0.8458634252927949 82
1716274135379 0.8876650715840286 83
1716274149860 0.8995855186853682 84
1716274164090 0.9042666448010465 85
1716274178339 0.9038574845610782 86
1716274192639 0.8996656785601337 87
1716274210248 0.8915504004574836 88
1716274227934 0.9074511454501787 89
1716274246084 0.8991422889158293 90
1716274264398 0.8920723149775394 91
1716274282378 0.89928056232007 92
1716274300174 0.869993181751076 93
1716274314772 0.8599146086390005 94
1716274329088 0.8728400738221015 95
1716274343438 0.8751856048936529 96
1716274358001 0.9010133700245838 97
1716274372972 0.9038134391185065 98
1716274387277 0.9087367257837885 99
1716274405346 0.9005848766601682 100
1716274420028 0.8884822248496821 101
1716274434496 0.8800678691482218 102
1716274448952 0.8946403803488678 103
1716274463273 0.8923394013946937 104
1716274477426 0.9036790533111834 105
1716274492097 0.8962675048017008 106
1716274509983 0.9160871331646737 107
1716274527745 0.8643804689663478 108
1716274541971 0.8953762642665456 109
1716274556708 0.9082583306060535 110
1716274571181 0.9110824098918829 111
1716274589102 0.9086412678985254 112
1716274607615 0.912941223565666 113
1716274625471 0.9117573214978671 114
1716274643127 0.9102791347445423 115
1716274661103 0.9103206656319166 116
1716274678981 0.9081679711044357 117
1716274696708 0.903131830940513 118
1716274714459 0.9118223036853005 119
1716274732723 0.8983299086879528 120
1716274747083 0.9064223885535264 121
1716274761348 0.8954642054030586 122
1716274775844 0.9093198870672712 123
1716274790067 0.911197523386234 124
1716274807927 0.9061603103642977 125
1716274826077 0.9106782325090608 126
1716274843896 0.9168153001854323 127
1716274861787 0.9115315783307442 128
1716274879805 0.9133940247173257 129
1716274897832 0.9103297900000472 130
1716274915483 0.913906815532521 131
1716274933175 0.9176738160173397 132
1716274951446 0.9109984721261201 133
1716274969651 0.9150809322534884 134
1716274987836 0.9075859475126781 135
1716275002238 0.9093381556028272 136
1716275017576 0.9009284963779081 137
1716275032157 0.9118595472878003 138
1716275046571 0.904338305767674 139
1716275061221 0.9109609510920708 140
1716275075761 0.9096126986713932 141
1716275090153 0.9173445301000339 142
1716275104558 0.908490718283975 143
1716275119726 0.9175694165244854 144
1716275137502 0.8997246671500944 145
1716275151983 0.877938357048793 146
1716275166549 0.9050982838544462 147
1716275180950 0.9167228443434358 148
1716275195273 0.9136032071539777 149
1716275213050 0.9173475016263709 150
1716275227646 0.9021813086053471 151
1716275242055 0.9146403649214125 152
1716275256412 0.9111936643943651 153
1716275270650 0.9015846535754369 154
1716275285220 0.9172609886392268 155
1716275299788 0.8995999476577533 156
1716275314229 0.896250704506986 157
1716275328620 0.8991452592780081 158
1716275343196 0.9095998788673499 159
1716275357969 0.912293142375435 160
1716275372657 0.9112466908440662 161
1716275387094 0.9114119848867719 162
1716275401583 0.9113243679627372 163
1716275415803 0.9239302494348337 164
1716275430239 0.9002485653727309 165
1716275444889 0.8930043637744697 166
1716275459191 0.9070907863563429 167
1716275474323 0.9198984605482162 168
1716275488681 0.910958392132556 169
1716275503212 0.9148286794336151 170
1716275517551 0.9181403265297646 171
1716275532109 0.9185629954861416 172
1716275550239 0.9186770784826592 173
1716275568141 0.9154380580628748 174
1716275586462 0.9143372399268328 175
1716275604133 0.9160466583967741 176
1716275621946 0.9209154134083736 177
1716275639671 0.92115503056907 178
1716275657615 0.9149547655593757 179
1716275675943 0.9225300326867546 180
1716275694041 0.9076658333975757 181
1716275708854 0.9156939644911692 182
1716275723270 0.9202903406472229 183
1716275737721 0.9180546685707687 184
1716275755612 0.9220559166578166 185
1716275773119 0.9167626131220973 186
1716275790960 0.9182513926279051 187
1716275808938 0.9190626471738375 188
1716275826904 0.920820437707651 189
1716275844936 0.9150107673967586 190
1716275859327 0.9132885501249239 191
1716275873899 0.9137121182953797 192
1716275888148 0.9145416468773825 193
1716275902581 0.9159635723412684 194
1716275917019 0.9127469230952675 195
1716275931400 0.9201480609020493 196
1716275946288 0.9235982686002558 197
1716275961601 0.9229941453348594 198
1716275979622 0.9240802517821968 199
1716276001115 0.9218957093612786 200
1716276018667 0.9240451554616523 201
1716276036626 0.9208815325293093 202
1716276054386 0.9191565036845407 203
1716276069123 0.9230464054019106 204
1716276087251 0.9148402741879001 205
1716276101480 0.9225109246298088 206
1716276116140 0.9211149432371787 207
1716276133887 0.9173682977962826 208
1716276148181 0.9164035921679737 209
1716276162604 0.9164554013030055 210
1716276177172 0.9159677024094335 211
1716276191826 0.9215770153414086 212
1716276206378 0.918571641661362 213
1716276221208 0.9189569368623541 214
1716276235579 0.9221101335816235 215
1716276249810 0.9305377157874148 216
1716276267610 0.919237234071756 217
1716276281824 0.9212464430862628 218
1716276296004 0.9160742407687129 219
1716276310495 0.923213991895463 220
1716276324612 0.9265694497050428 221
1716276342227 0.9210381053650526 222
1716276359891 0.9178496481920422 223
1716276375224 0.9241385614069045 224
1716276392838 0.9182271249826058 225
1716276407111 0.9262869366308727 226
1716276425137 0.9024003136842335 227
1716276439665 0.913510597686012 228
1716276453845 0.9138384165674059 229
1716276468069 0.9212919625106992 230
1716276482673 0.9231226739346411 231
1716276496937 0.9093878183219585 232
1716276511330 0.9223644617186385 233
1716276525574 0.9252580903172817 234
1716276539674 0.9235260523457035 235
1716276554152 0.9221355408508883 236
1716276568784 0.9179608126963692 237
1716276582978 0.9261427172143805 238
1716276597386 0.9177037771161164 239
1716276611822 0.9238903484946844 240
1716276626206 0.9152239873708284 241
1716276640488 0.915532113568693 242
1716276654890 0.9193915067302442 243
1716276669100 0.9236989631739464 244
1716276683570 0.9214469077914983 245
1716276698342 0.9204299260949494 246
1716276712889 0.9277274629896519 247
1716276727190 0.921082937266843 248
1716276741344 0.921473539009981 249
1716276758972 0.9220685730562708 250
1716276773160 0.9216382753318119 251
1716276787535 0.9203938743693413 252
1716276801610 0.9162958308981423 253
1716276817801 0.9239089371034978 254
1716276832378 0.9270684100626353 255
1716276850220 0.9246544014464794 256
1716276868012 0.9253177062731176 257
1716276885714 0.9235140720421922 258
1716276903619 0.9281855041992856 259
1716276921377 0.9160626643491705 260
1716276935631 0.926265161799059 261
1716276950283 0.9217033224683989 262
1716276964748 0.9254758456486081 263
1716276978979 0.920265096919735 264
1716276993528 0.9234999765214597 265
1716277007971 0.9243239262011094 266
1716277022393 0.9247494912364149 267
1716277040121 0.9211939640967709 268
1716277054505 0.9217140577528199 269
1716277068748 0.926942697817387 270
1716277086624 0.9254141210843164 271
1716277104812 0.9273317021070006 272
1716277122361 0.9177681885512577 273
1716277136887 0.9245459598454894 274
1716277151285 0.9234700635105253 275
1716277165512 0.9180467321063389 276
1716277179663 0.9228177556188814 277
1716277193768 0.9273008548593208 278
1716277208540 0.927694166579324 279
1716277223032 0.9279785333102396 280
1716277240908 0.9212816022056073 281
1716277255245 0.9264349499610578 282
1716277269779 0.9083204512688589 283
1716277283785 0.9033075554087596 284
1716277298462 0.9208886272798175 285
1716277312883 0.922827649334396 286
1716277327592 0.9173856719462027 287
1716277342082 0.9177084050528498 288
1716277356642 0.9214086395020686 289
1716277370988 0.9255046488691999 290
1716277385477 0.9198221558161089 291
1716277400089 0.9163600925703029 292
1716277414405 0.924390718179522 293
1716277428928 0.912048881475665 294
1716277443450 0.9241801492172502 295
1716277458605 0.9225413390236238 296
1716277473034 0.9210508322896964 297
1716277487547 0.9230186788707098 298
1716277502016 0.9247236696189906 299
1716277519908 0.9202815791196386 300
1716277534232 0.9283253878169929 301
1716277548534 0.9221260156359796 302
1716277562875 0.922653715411256 303
1716277577644 0.920644714379157 304
1716277592311 0.923916809890836 305
1716277606866 0.9294482664489238 306
1716277621036 0.9236350204226175 307
1716277635245 0.9264153911884687 308
1716277649544 0.9293340235917013 309
1716277664138 0.9214471482940096 310
1716277678417 0.9194479819226548 311
1716277692833 0.921337748207824 312
1716277707674 0.9229082405888193 313
1716277721981 0.9239131999441609 314
1716277736403 0.9172760344500568 315
1716277750863 0.9277692283960816 316
1716277765247 0.922032010633258 317
1716277779574 0.9224480379398164 318
1716277793939 0.9255299447455984 319
1716277808361 0.9237991138237156 320
1716277823370 0.928536849095943 321
1716277837680 0.9204227719569622 322
1716277851988 0.9213968944801647 323
1716277866339 0.930234367414647 324
1716277880700 0.9201541068311565 325
1716277894983 0.928068676434641 326
1716277909187 0.9227043826973144 327
1716277923386 0.9219740934297772 328
1716277937703 0.9220139125990467 329
1716277952766 0.9270823016740524 330
1716277967336 0.922651130374884 331
1716277981641 0.9252092980984089 332
1716277996420 0.926994362632899 333
1716278014628 0.9319912176259874 334
1716278032588 0.9237834624657557 335
1716278046840 0.9272813698862489 336
1716278065286 0.9202823904252501 337
1716278079439 0.9216897464818697 338
1716278093899 0.9209360706748532 339
1716278108342 0.9220021968611287 340
1716278123065 0.923625160717425 341
1716278137583 0.9206243895814662 342
1716278151994 0.9180179197827664 343
1716278166507 0.9218517559620442 344
1716278181192 0.9201920903132356 345
1716278195640 0.9302494135869243 346
1716278210236 0.9221412722019474 347
1716278224734 0.9190817851650852 348
1716278239051 0.9312046101048878 349
1716278256539 0.925209551461585 350
1716278270966 0.9203832806085837 351
1716278285370 0.9260991340934287 352
1716278300209 0.9286895386454463 353
1716278314591 0.93103119251368 354
1716278328874 0.9284548337983739 355
1716278347148 0.9242111476670027 356
1716278361649 0.9275334662610722 357
1716278379621 0.9242083728111012 358
1716278394057 0.9253241780630627 359
1716278408523 0.9267189526764721 360
1716278427080 0.9229700509517 361
1716278441616 0.9241319447990545 362
1716278455949 0.9235314519033803 363
1716278470380 0.9249769892070744 364
1716278484886 0.9179880157200482 365
1716278499438 0.9322419414182841 366
1716278513923 0.9282465421758149 367
1716278528500 0.920553404415725 368
1716278543197 0.9225483466511277 369
1716278557404 0.9235791839493938 370
1716278571652 0.9216691942611311 371
1716278586153 0.9208290098575015 372
1716278600426 0.9251262486913107 373
1716278614765 0.9244771451823426 374
1716278629178 0.9278106553020241 375
1716278643681 0.9254265760186288 376
1716278658101 0.926490227824138 377
1716278673114 0.9211776661357529 378
1716278687656 0.9250120831248455 379
1716278701999 0.9290418817454343 380
1716278716273 0.9318208037312005 381
1716278734039 0.9264490888247997 382
1716278751735 0.9236636167826918 383
1716278766313 0.9298436525539379 384
1716278784387 0.9236260449337429 385
1716278798768 0.9265060445632832 386
1716278813024 0.919231096056631 387
1716278827587 0.9303205355075045 388
1716278842123 0.9278218061472915 389
1716278856524 0.9258733612008326 390
1716278871111 0.9288135477066243 391
1716278889761 0.9267018995411204 392
1716278907633 0.9336471585551079 393
1716278925529 0.9283546714899241 394
1716278943449 0.9283427422412802 395
1716278961422 0.9250083295172561 396
1716278975812 0.926483909523447 397
1716278990060 0.9269207776488319 398
1716279004765 0.9253673275421458 399
1716279022628 0.9254503075332701 400
1716279037001 0.9205822729685517 401
1716279051386 0.927883197543606 402
1716279065676 0.9275227864031003 403
1716279080285 0.9221185817480325 404
1716279094745 0.9257754550073641 405
1716279109336 0.9282587148868474 406
1716279123904 0.925796133160189 407
1716279138434 0.9231081335652669 408
1716279152831 0.9193230704351124 409
1716279167541 0.9220795576804558 410
1716279181960 0.9279493142810847 411
1716279196272 0.9252414035587049 412
1716279210400 0.9321813390829385 413
1716279224889 0.9291449246126735 414
1716279239674 0.9212196693930826 415
1716279253949 0.9308103150255826 416
1716279268662 0.9282057114609062 417
1716279282987 0.9243065340598866 418
1716279297336 0.9268011107891269 419
1716279311589 0.9317513619095742 420
1716279325965 0.9277645832042261 421
1716279340271 0.9282134487247159 422
1716279354495 0.9265877288762135 423
1716279369210 0.9277837147645602 424
1716279383376 0.928768991740912 425
1716279400994 0.927065484944042 426
1716279415496 0.9327445590399575 427
1716279433247 0.9259908505511003 428
1716279447669 0.9223772818628216 429
1716279462014 0.9237941981349916 430
1716279476389 0.9302180070659395 431
1716279491103 0.9310151062658528 432
1716279505554 0.9255154080222742 433
1716279520012 0.9317306487486602 434
1716279534326 0.9230999705550219 435
1716279548526 0.9252899345591684 436
1716279562890 0.9225750236979132 437
1716279576972 0.927674365955804 438
1716279591286 0.9315317896848069 439
1716279605714 0.933668392589397 440
1716279623965 0.9237590769852662 441
1716279638138 0.9257586249819699 442
1716279652378 0.9239563519232102 443
1716279666718 0.9238973416333355 444
1716279680820 0.925531925057535 445
1716279695193 0.9240453172440656 446
1716279709739 0.9278333540221378 447
1716279724080 0.9245979048863288 448
1716279738925 0.9209108468861086 449
1716279756648 0.929750679856729 450
1716279770826 0.9197257938700892 451
1716279785187 0.92864299718573 452
1716279799502 0.9302503173389184 453
1716279813831 0.9270169704181415 454
1716279828100 0.9265716389382148 455
1716279842494 0.9206870394865492 456
1716279856863 0.9292970287396699 457
1716279871904 0.9312777472498984 458
1716279886416 0.9258012528576954 459
1716279900856 0.9262805904188779 460
1716279915371 0.9253038887677949 461
1716279929561 0.9304446704720893 462
1716279943855 0.9245844465463491 463
1716279958147 0.9249557446555142 464
1716279972282 0.927230757084509 465
1716279986501 0.9272281468113109 466
1716280001645 0.9287621665712287 467
1716280016110 0.9254994571354481 468
1716280030326 0.9259106661855179 469
1716280044695 0.9334769773047059 470
1716280058911 0.9301839887623716 471
1716280073205 0.9332063988677185 472
1716280090947 0.9287965528218608 473
1716280108548 0.9233990046455332 474
1716280124046 0.9226929315389869 475
1716280138198 0.9248325702977063 476
1716280152477 0.9272397249200104 477
1716280166886 0.9248257254757114 478
1716280181219 0.9188774493290407 479
1716280195471 0.9298398971321401 480
1716280209874 0.9245108608873013 481
1716280224321 0.924985764126771 482
1716280238768 0.9271701917033758 483
1716280253863 0.9255823122061804 484
1716280268170 0.9257630074121063 485
1716280282288 0.9294458322354737 486
1716280296696 0.9244389229317362 487
1716280311094 0.9278423387290085 488
1716280325749 0.927064323327763 489
1716280340003 0.9251983476256095 490
1716280354303 0.9296578860070931 491
1716280368717 0.929506094593009 492
1716280383666 0.9302654403295021 493
1716280398056 0.9261998789540332 494
1716280412303 0.9286039619584298 495
1716280426590 0.928258018586566 496
1716280440920 0.9279464885356171 497
1716280455201 0.9275599391482013 498
1716280469426 0.9228096875535327 499
1716280487376 0.927007206091865 500
1716280501761 0.925461141801068 501
1716280515928 0.9310055522513444 502
1716280530172 0.9263236415936817 503
1716280544583 0.920420884873853 504
1716280558911 0.9305161535994871 505
1716280573072 0.9314152500996579 506
1716280587643 0.9312603900203702 507
1716280601859 0.9285148447019621 508
1716280615991 0.9233527870218321 509
1716280630499 0.9250402971332609 510
1716280644719 0.9282612947719997 511
1716280659135 0.930340264121955 512
1716280673569 0.933646252732462 513
1716280688100 0.9280189660826746 514
1716280702670 0.9275489096734671 515
1716280717036 0.9236386999012559 516
1716280731394 0.9253662895326381 517
1716280745808 0.9252777937751756 518
1716280760316 0.9301594729416499 519
1716280775385 0.9280444367162716 520
1716280789701 0.9246173277696427 521
1716280803845 0.9279997419022664 522
1716280817936 0.9286500292074895 523
1716280832443 0.9248639595456646 524
1716280846547 0.9330604427940425 525
1716280860935 0.92783523630944 526
1716280875218 0.9287457943411398 527
1716280890009 0.934407453913905 528
1716280907614 0.9308443755860822 529
1716280925797 0.930421144318542 530
1716280943626 0.9252420199498433 531
1716280958054 0.9301562830545144 532
1716280972267 0.9310011881734747 533
1716280990122 0.9250310845206214 534
1716281004883 0.9257056801124534 535
1716281019339 0.9277751841758516 536
1716281033927 0.9323590551616782 537
1716281048197 0.931798641154546 538
1716281065980 0.9266253231609403 539
1716281080330 0.9239247051255361 540
1716281094622 0.9256090625964527 541
1716281108978 0.9223885460447455 542
1716281123249 0.9229300575188789 543
1716281138134 0.9295511383162752 544
1716281152510 0.9267316335024401 545
1716281166884 0.9253198391183955 546
1716281181105 0.9234474600367722 547
1716281195517 0.9272710002407635 548
1716281210073 0.9298021184344604 549
1716281227863 0.9271630453717705 550
1716281242355 0.9302399601439468 551
1716281256750 0.9276468881408859 552
1716281272204 0.9339511859475255 553
1716281286976 0.923686001480343 554
1716281301309 0.9207345150049301 555
1716281315428 0.9319627433427736 556
1716281329614 0.9290302396790042 557
1716281343848 0.9315586624759492 558
1716281358102 0.9289745899214982 559
1716281372656 0.9303443458845161 560
1716281387217 0.9304333837106581 561
1716281401257 0.9346131550025651 562
1716281419235 0.9295986285515037 563
1716281437132 0.9305184308057357 564
1716281454737 0.9239491009299968 565
1716281468894 0.9247848738003134 566
1716281483189 0.9352436467566322 567
1716281497688 0.9328089737664821 568
1716281515351 0.9217793744928772 569
1716281529747 0.9272490739823952 570
1716281543968 0.926528908141993 571
1716281558184 0.9278276465930828 572
1716281572658 0.9312703089141253 573
1716281587092 0.9318361611980505 574
1716281601294 0.9266398259761303 575
1716281615657 0.9241674662861158 576
1716281630360 0.9286482635591424 577
1716281644824 0.9285784630454331 578
1716281659208 0.9295001198432452 579
1716281673619 0.9287007720662027 580
1716281687855 0.9305802789093822 581
1716281702147 0.9261896383184456 582
1716281716521 0.9207233362308757 583
1716281730965 0.9343940532456493 584
1716281745758 0.929760288692449 585
1716281760152 0.9304680646690988 586
1716281774404 0.9291567836347833 587
1716281788834 0.9250570167660568 588
1716281803361 0.9246033068862646 589
1716281817773 0.924722346976845 590
1716281831882 0.9337085303427967 591
1716281846121 0.9273181091887119 592
1716281860585 0.9308992862331422 593
1716281875097 0.9350677667850807 594
1716281889551 0.9298357103554361 595
1716281903913 0.9282152332110032 596
1716281918172 0.9230689248299401 597
1716281932404 0.9325383277635143 598
1716281946700 0.9320843008215665 599
1716281964579 0.9297962357585967 600
1716281979005 0.9260921858460193 601
1716281993219 0.9305618590461625 602
1716282008090 0.9279187344678924 603
1716282022519 0.9339127024410677 604
1716282040637 0.9330168661777506 605
1716282058406 0.9311412004686246 606
1716282076260 0.9347063571344458 607
1716282093919 0.9307949754685089 608
1716282112319 0.9304817310287624 609
1716282130538 0.9293471707875599 610
1716282144882 0.9296477691404276 611
1716282159200 0.9290102265773795 612
1716282173639 0.9275614053023261 613
1716282187952 0.9282663289080221 614
1716282202582 0.9306002535690898 615
1716282217088 0.9316637369337212 616
1716282231763 0.9298492041683626 617
1716282246139 0.925660355000006 618
1716282260834 0.9268770636553425 619
1716282275249 0.9268140425504576 620
1716282289670 0.9279852657425808 621
1716282304025 0.92672849996192 622
1716282318621 0.9317342240513279 623
1716282333161 0.9341600463401453 624
1716282347872 0.9300261922917121 625
1716282362262 0.9291762946382449 626
1716282376413 0.9336230192154741 627
1716282390623 0.9268327252552013 628
1716282405016 0.9338173127553503 629
1716282419388 0.9299773936822174 630
1716282434105 0.9270033634743648 631
1716282448353 0.9282449033474213 632
1716282462801 0.9317673717014484 633
1716282477756 0.9310585534612955 634
1716282492052 0.9295570377598427 635
1716282506382 0.923443791351869 636
1716282520721 0.9287021919830855 637
1716282535282 0.9238661925932155 638
1716282549429 0.9275886705320427 639
1716282563786 0.9290259866749403 640
1716282578495 0.9253189177496726 641
1716282593011 0.932274447633696 642
1716282607804 0.9321114107089578 643
1716282622217 0.9292146140448369 644
1716282636748 0.9265641069093333 645
1716282651261 0.9276303629501851 646
1716282665522 0.928137108291749 647
1716282680044 0.9285823725874319 648
1716282694287 0.9313037429192916 649
1716282711863 0.9261337504028205 650
1716282726620 0.9245671343540995 651
1716282740865 0.927254819472075 652
1716282755248 0.9268884836400794 653
1716282769949 0.9283485321580368 654
1716282784150 0.9222005293846812 655
1716282798529 0.9297225277501905 656
1716282812988 0.9260667104836907 657
1716282827194 0.928563035084872 658
1716282841455 0.9352256102947604 659
1716282856691 0.9296313299884319 660
1716282871215 0.9256969339512229 661
1716282885600 0.9273621032206751 662
1716282899825 0.9261067945914828 663
1716282914350 0.9304660452685553 664
1716282928549 0.9288381783363088 665
1716282943016 0.9329190990609728 666
1716282957387 0.9314277632418123 667
1716282971774 0.9276547601798097 668
1716282986567 0.9312975568911397 669
1716283001482 0.9272854338092994 670
1716283015934 0.9266272494264266 671
1716283030263 0.93013696970141 672
1716283044615 0.9349913950069065 673
1716283058875 0.9312159742859653 674
1716283073244 0.9298935276488359 675
1716283087672 0.9297613109497359 676
1716283102466 0.9317086616171246 677
1716283117195 0.933041203449262 678
1716283131629 0.9283911592504696 679
1716283146112 0.9242985536893826 680
1716283160612 0.9281229202113961 681
1716283174933 0.9315151362821222 682
1716283189310 0.9333770339539903 683
1716283203749 0.9306782075133792 684
1716283218297 0.9304925848546545 685
1716283233342 0.9340076890930639 686
1716283247687 0.9284356475594827 687
1716283262022 0.9341637003810178 688
1716283279706 0.9272862534079684 689
1716283294141 0.9303860605942337 690
1716283308467 0.9283443146764557 691
1716283322735 0.9325965193216024 692
1716283337193 0.9293310403283374 693
1716283352152 0.930086427903971 694
1716283366905 0.9322359643502144 695
1716283381342 0.9324861318715572 696
1716283399260 0.9294930457587945 697
1716283413611 0.9298694869967403 698
1716283428313 0.9300717156963345 699
1716283446631 0.9295794716877598 700
1716283461186 0.9268262535072332 701
1716283475977 0.9266060176117765 702
1716283490322 0.9236292850085629 703
1716283504694 0.9294009752074773 704
1716283519228 0.9272380940584742 705
1716283533861 0.9256242261077676 706
1716283548226 0.927509713358773 707
1716283562563 0.9247009962592877 708
1716283576921 0.92462664502707 709
1716283592097 0.9329800518300186 710
1716283606794 0.9259994446260423 711
1716283621106 0.9325317922085352 712
1716283635319 0.9335507991543796 713
1716283649797 0.9284314759999885 714
1716283664204 0.9248355605462987 715
1716283678665 0.9292106259855023 716
1716283693299 0.9316113171552823 717
1716283708410 0.9289962745761868 718
1716283722682 0.9275567321336187 719
1716283736847 0.9316657032865486 720
1716283751253 0.9257097585358398 721
1716283765759 0.9295884085848164 722
1716283780209 0.9248943702541434 723
1716283794577 0.9305659157227625 724
1716283809161 0.9276273408785505 725
1716283823863 0.9250398268320715 726
1716283838374 0.9311155530544643 727
1716283852896 0.9283112127390502 728
1716283867407 0.9303856248520024 729
1716283881763 0.929088693010236 730
1716283896252 0.924184897165191 731
1716283910567 0.9278071087017579 732
1716283925111 0.9282341894993266 733
1716283939641 0.9247193329766977 734
1716283954612 0.9287221099150296 735
1716283969011 0.9281609575328963 736
1716283983268 0.9308169824200497 737
1716283997868 0.9259138022290386 738
1716284012318 0.9297884061326919 739
1716284026618 0.9234730473586944 740
1716284040804 0.93000938909328 741
1716284055326 0.9268518552616336 742
1716284070239 0.9312775841584896 743
1716284084387 0.9250904628540848 744
1716284098784 0.9234209144649071 745
1716284113114 0.9292552440045431 746
1716284127674 0.9306171163911525 747
1716284142051 0.9274142701228142 748
1716284156309 0.9273486028427751 749
1716284174318 0.9259905403267172 750
1716284189273 0.93153967902474 751
1716284203940 0.9300689821816391 752
1716284218010 0.9328456046900026 753
1716284232412 0.922632593213974 754
1716284246687 0.9303928170338939 755
1716284261030 0.9295918819167288 756
1716284275284 0.9274396871386973 757
1716284289849 0.9292645160900581 758
1716284304122 0.9317447326262779 759
1716284319233 0.932422123116368 760
1716284333786 0.9265314537814956 761
1716284348050 0.9285453300924491 762
1716284362470 0.930623982609089 763
1716284376744 0.930504442897517 764
1716284391059 0.9301461534853067 765
1716284405881 0.9308851742589009 766
1716284420311 0.9309485986639382 767
1716284435113 0.927891999465761 768
1716284449446 0.9320036981384595 769
1716284463838 0.9302163996269496 770
1716284478338 0.9261954045604691 771
1716284492811 0.9276217637771457 772
1716284507182 0.9280534521693443 773
1716284521628 0.9292613371629033 774
1716284536040 0.9292231491040047 775
1716284551345 0.9316359027111482 776
1716284565654 0.9310179365406411 777
1716284579997 0.9241340372958352 778
1716284594699 0.9306494931843791 779
1716284609407 0.9317040877503887 780
1716284623918 0.9279726315829189 781
1716284638275 0.9243305393343914 782
1716284652981 0.9303536712531398 783
1716284667442 0.9297048487511425 784
1716284682494 0.9331970156248529 785
1716284697086 0.9282790280840801 786
1716284711717 0.931577620058166 787
1716284726482 0.9342251641229002 788
1716284740810 0.9245210490715694 789
1716284755442 0.9289636750521354 790
1716284770064 0.9328467652387192 791
1716284784479 0.9266653996045487 792
1716284799603 0.9320471969654717 793
1716284814197 0.9301671891821656 794
1716284828789 0.9248954351649613 795
1716284843339 0.9345614902242724 796
1716284858141 0.9328274442596308 797
1716284872681 0.923453279789701 798
1716284887132 0.9284976011469013 799
1716284905043 0.9266194646941508 800
1716284919653 0.9274423310223097 801
1716284934563 0.9274256042449162 802
1716284948920 0.9276715157916083 803
1716284963400 0.9289032584803864 804
1716284978041 0.929553227990172 805
1716284992470 0.9231507128749891 806
1716285007057 0.9227419640287429 807
1716285021383 0.9279745942887644 808
1716285036081 0.9210273405374417 809
1716285050601 0.9209519329887522 810
1716285064980 0.9274503432744123 811
1716285079491 0.9280306611275164 812
1716285093913 0.9323135005143665 813
1716285108536 0.9253363374639662 814
1716285123412 0.9236310598185723 815
1716285137861 0.9292749111586401 816
1716285152579 0.9229071422619546 817
1716285166949 0.922554096687318 818
1716285181456 0.9270095685900271 819
1716285195600 0.9329560876907911 820
1716285209849 0.9273792239442077 821
1716285224130 0.9261232381455006 822
1716285238393 0.9324171846615492 823
1716285252581 0.9224899654536497 824
1716285267120 0.9342826642102294 825
1716285281889 0.9279196305566589 826
1716285296706 0.9298503036250243 827
1716285310901 0.9304368877430204 828
1716285325100 0.9332346168391217 829
1716285339518 0.927618080368326 830
1716285353895 0.9328308000084746 831
1716285368450 0.9308536934281694 832
1716285382864 0.9235915294434842 833
1716285397412 0.9279635527747114 834
1716285411736 0.9321036460245047 835
1716285426052 0.9288086633422368 836
1716285440239 0.9293419336176337 837
1716285454680 0.9286800413852835 838
1716285468903 0.9267367881079048 839
1716285483228 0.9336486049010709 840
1716285497766 0.9290268605967412 841
1716285512233 0.9261629797460057 842
1716285527107 0.9312733994806924 843
1716285541250 0.9304312165911158 844
1716285555762 0.9307019207489624 845
1716285569922 0.9275000754255546 846
1716285585240 0.9309729122102927 847
1716285599543 0.9290606468008166 848
1716285613732 0.932346171208776 849
1716285631392 0.9318047484426827 850
1716285646579 0.929697399082937 851
1716285660865 0.9289120800747049 852
1716285675021 0.9323160835501557 853
1716285689850 0.9257712686960269 854
1716285704177 0.9327513831645403 855
1716285718518 0.9277683216600588 856
1716285732788 0.9332384423158903 857
1716285747391 0.923517328180883 858
1716285761867 0.9201675068981569 859
1716285776732 0.9334297255858605 860
1716285791174 0.9314122268758066 861
1716285805386 0.9298621917878688 862
1716285819606 0.9300508042109703 863
1716285833857 0.9312058997034142 864
1716285848280 0.9300185323771144 865
1716285862411 0.9265361161308286 866
1716285876568 0.9313528309207585 867
1716285890909 0.9312282588077667 868
1716285905413 0.9291554524589748 869
1716285920351 0.9332618601526003 870
1716285934738 0.9243090615713161 871
1716285948878 0.932674144945349 872
1716285963021 0.9289645317242566 873
1716285977406 0.9297040515072829 874
1716285991642 0.9263388230413337 875
1716286005993 0.9281431718987885 876
1716286020348 0.9291788624937131 877
1716286034618 0.92395007531396 878
1716286049423 0.9272062382502323 879
1716286063715 0.9282519335635792 880
1716286078200 0.9278611888157559 881
1716286092663 0.930473896827697 882
1716286107166 0.931538827817465 883
1716286121343 0.9327306041445089 884
1716286135708 0.929195847918443 885
1716286150001 0.9293642633313174 886
1716286164876 0.9301208569799844 887
1716286179058 0.9274241297225694 888
1716286193390 0.9334393999974843 889
1716286207576 0.9314068487047651 890
1716286222014 0.9292820758185009 891
1716286236268 0.9298941044567662 892
1716286250548 0.9285045146429775 893
1716286264936 0.9255641840398506 894
1716286279348 0.9275265028916534 895
1716286293576 0.9278892046319672 896
1716286308252 0.9331006645425995 897
1716286322369 0.9301111036307502 898
1716286336737 0.9303810554410369 899
1716286354503 0.9265018302800887 900
1716286368768 0.9319636993515573 901
1716286383303 0.9298158236497113 902
1716286397674 0.9242238799455075 903
1716286412312 0.9272485315209348 904
1716286426967 0.9291458609139792 905
1716286441351 0.9284324358235448 906
1716286455474 0.9324314361961026 907
1716286469698 0.929110573985568 908
1716286484082 0.9302346279801957 909
1716286498594 0.9319926145804939 910
1716286513046 0.9326764244788909 911
1716286527570 0.9307076729994405 912
1716286541838 0.9298580553886859 913
1716286557014 0.933415075550987 914
1716286571432 0.9299134376972046 915
1716286585971 0.9256320375426078 916
1716286600195 0.9318522307670897 917
1716286614416 0.9267480399722459 918
1716286628659 0.9331913160366939 919
1716286642935 0.9286610370488607 920
1716286657380 0.9267387867712668 921
1716286671796 0.9335615841321081 922
1716286686538 0.9333718100642606 923
1716286700989 0.9307163752069262 924
1716286715286 0.9269234240455028 925
1716286729680 0.9283708369174541 926
1716286743819 0.9262628160668802 927
1716286758577 0.9288839862564279 928
1716286772603 0.929403046607015 929
1716286786986 0.9296771520583395 930
1716286801395 0.9310679883307257 931
1716286815961 0.9279598754516957 932
1716286830311 0.9298095564494289 933
1716286844703 0.9301121827257606 934
1716286859340 0.9299331328783839 935
1716286873628 0.9292420467712214 936
1716286887949 0.930641339904318 937
1716286902162 0.9282864966022322 938
1716286916436 0.9277007488853964 939
1716286931298 0.9268896838256904 940
1716286945396 0.9301309533111679 941
1716286959667 0.9282745505994409 942
1716286974013 0.9261245426344592 943
1716286988305 0.926038012656646 944
1716287002781 0.9287082821290259 945
1716287017175 0.9349167495676971 946
1716287031604 0.9287884102986071 947
1716287045950 0.9322114374372888 948
1716287060081 0.927740813761942 949
1716287078402 0.9252656563988197 950
1716287092710 0.9221736738166659 951
1716287106999 0.9276024413566892 952
1716287121477 0.931150050782629 953
1716287135758 0.9304950615961255 954
1716287150273 0.928993189659761 955
1716287164572 0.9245492927143241 956
1716287178805 0.9250462829991474 957
1716287193655 0.9265149288569224 958
1716287207737 0.9285349629555685 959
1716287222125 0.9283097416048599 960
1716287236403 0.927624349312136 961
1716287250684 0.9279046234232297 962
1716287265028 0.9279301696988392 963
1716287279534 0.9252804442490579 964
1716287293853 0.9237658195781641 965
1716287308591 0.9259930330024293 966
1716287323167 0.9299680829078106 967
1716287337489 0.933730059962708 968
1716287351734 0.9253482728788166 969
1716287366051 0.9275040819984213 970
1716287380530 0.9253664642527225 971
1716287394853 0.9297709985466401 972
1716287409314 0.9263537462734353 973
1716287423556 0.9318386292028414 974
1716287438627 0.9314422807863623 975
1716287452847 0.9258891161579431 976
1716287467381 0.931678955729339 977
1716287481993 0.9271060719572066 978
1716287496289 0.9332546691213889 979
1716287510536 0.9286260880625341 980
1716287524793 0.9320009514102298 981
1716287539091 0.9291579685944268 982
1716287553622 0.9327079975177511 983
1716287568636 0.9300713951243593 984
1716287583021 0.922694274334437 985
1716287597603 0.9264310576262554 986
1716287611747 0.9243318406398945 987
1716287626158 0.9312423740415966 988
1716287640340 0.9249622753828929 989
1716287654542 0.9306472305472783 990
1716287668812 0.9287432420219511 991
1716287683601 0.9243782051406004 992
1716287697735 0.9261288085431891 993
1716287712108 0.9327882354465635 994
1716287726619 0.9328152538285225 995
1716287741172 0.9332182117883504 996
1716287755549 0.9300131047287578 997
1716287769896 0.9311428072437146 998
1716287784442 0.9298491843908664 999
