1716272686176 0.6324 0
1716272702403 0.1618 0
1716272719710 0.0281 0
1716272737300 -0.1048 0
1716272755623 -0.172 0
1716272773716 -0.2753 0
1716272791359 -0.3318 0
1716272809029 -0.3985 0
1716272826829 -0.4453 0
1716272844387 -0.5011 0
1716272862380 -0.5046 0
1716272880680 -0.5481 0
1716272898387 -0.5758 0
1716272916057 -0.5778 0
1716272933825 -0.5853 0
1716272951356 -0.5905 0
1716272969174 -0.6244 0
1716272987277 -0.6312 0
1716273005278 -0.6411 0
1716273022944 -0.6548 0
1716273040902 -0.651 0
1716273059223 -0.6706 0
1716273077082 -0.6886 0
1716273094903 -0.6625 0
1716273113129 -0.6767 0
1716273130787 -0.7021 0
1716273148756 -0.7336 0
1716273166820 -0.7034 0
1716273184642 -0.709 0
1716273202855 -0.7065 0
1716273220403 -0.7316 0
1716273238513 -0.7303 0
1716273256391 -0.7219 0
1716273274501 -0.7449 0
1716273292501 -0.7452 0
1716273310323 -0.7227 0
1716273328288 -0.7151 0
1716273345976 -0.7329 0
1716273364039 -0.7607 0
1716273382756 -0.7666 0
1716273400744 -0.7645 0
1716273418856 -0.7661 0
1716273436731 -0.7645 0
1716273454587 -0.7527 0
1716273472417 -0.772 0
1716273490608 -0.773 0
1716273508833 -0.7685 0
1716273526718 -0.7553 0
1716273544692 -0.7739 0
1716273562895 -0.7478 0
1716273578492 -0.7232 0
1716273592914 -0.7399 0
1716273607628 -0.7712 0
1716273621974 -0.775 0
1716273640708 -0.7879 0
1716273658631 -0.7863 0
1716273676504 -0.7892 0
1716273694357 -0.8005 0
1716273712287 -0.799 0
1716273730529 -0.8063 0
1716273748325 -0.7928 0
1716273766564 -0.8075 0
1716273784154 -0.798 0
1716273798318 -0.7721 0
1716273812703 -0.7758 0
1716273827079 -0.782 0
1716273841526 -0.8011 0
1716273859360 -0.7989 0
1716273877448 -0.7998 0
1716273895195 -0.8185 0
1716273913271 -0.8088 0
1716273931934 -0.8237 0
1716273950221 -0.8183 0
1716273968266 -0.815 0
1716273986573 -0.8136 0
1716274005172 -0.811 0
1716274023204 -0.8215 0
1716274040942 -0.8332 0
1716274058739 -0.8359 0
1716274076726 -0.8159 0
1716274091426 -0.799 0
1716274106032 -0.7942 0
1716274120965 -0.7906 0
1716274135409 -0.7953 0
1716274149877 -0.8195 0
1716274164107 -0.8262 0
1716274178367 -0.8215 0
1716274192656 -0.8345 0
1716274210265 -0.8281 0
1716274227951 -0.832 0
1716274246126 -0.844 0
1716274264445 -0.8384 0
1716274282398 -0.839 0
1716274300200 -0.8245 0
1716274314800 -0.8128 0
1716274329105 -0.8188 0
1716274343473 -0.8113 0
1716274358018 -0.8287 0
1716274372995 -0.8364 0
1716274387304 -0.8392 0
1716274405380 -0.8406 0
1716274420044 -0.8298 0
1716274434516 -0.8331 0
1716274448970 -0.8289 0
1716274463296 -0.8399 0
1716274477445 -0.8336 0
1716274492113 -0.8313 0
1716274510002 -0.8289 0
1716274527760 -0.8194 0
1716274541995 -0.8286 0
1716274556738 -0.8286 0
1716274571214 -0.8457 0
1716274589132 -0.8447 0
1716274607664 -0.8298 0
1716274625489 -0.8541 0
1716274643144 -0.8529 0
1716274661132 -0.8491 0
1716274678998 -0.8422 0
1716274696727 -0.8356 0
1716274714480 -0.8512 0
1716274732749 -0.8468 0
1716274747102 -0.8488 0
1716274761375 -0.84 0
1716274775874 -0.845 0
1716274790095 -0.8461 0
1716274807948 -0.855 0
1716274826093 -0.8606 0
1716274843915 -0.8578 0
1716274861804 -0.8623 0
1716274879821 -0.8586 0
1716274897852 -0.8605 0
1716274915498 -0.8627 0
1716274933194 -0.8637 0
1716274951465 -0.8522 0
1716274969670 -0.8629 0
1716274987868 -0.8563 0
1716275002256 -0.8561 0
1716275017596 -0.8626 0
1716275032174 -0.8594 0
1716275046589 -0.8547 0
1716275061242 -0.8563 0
1716275075788 -0.8667 0
1716275090170 -0.8553 0
1716275104574 -0.8656 0
1716275119742 -0.8597 0
1716275137543 -0.8436 0
1716275152014 -0.8534 0
1716275166567 -0.8412 0
1716275180967 -0.8532 0
1716275195290 -0.8553 0
1716275213068 -0.8594 0
1716275227663 -0.8584 0
1716275242070 -0.857 0
1716275256427 -0.8459 0
1716275270679 -0.8437 0
1716275285250 -0.8518 0
1716275299804 -0.8589 0
1716275314245 -0.8627 0
1716275328637 -0.856 0
1716275343222 -0.8483 0
1716275357991 -0.8449 0
1716275372687 -0.8429 0
1716275387120 -0.8468 0
1716275401599 -0.8557 0
1716275415826 -0.867 0
1716275430259 -0.8588 0
1716275444906 -0.8647 0
1716275459207 -0.8558 0
1716275474339 -0.8653 0
1716275488696 -0.8672 0
1716275503233 -0.8701 0
1716275517567 -0.8632 0
1716275532125 -0.8673 0
1716275550263 -0.8714 0
1716275568165 -0.869 0
1716275586477 -0.8745 0
1716275604150 -0.8692 0
1716275621963 -0.8755 0
1716275639692 -0.8666 0
1716275657631 -0.8698 0
1716275675983 -0.8689 0
1716275694057 -0.8558 0
1716275708891 -0.8616 0
1716275723285 -0.8608 0
1716275737738 -0.8727 0
1716275755626 -0.8768 0
1716275773135 -0.8702 0
1716275790977 -0.8791 0
1716275808955 -0.8745 0
1716275826920 -0.8729 0
1716275844956 -0.8767 0
1716275859343 -0.8783 0
1716275873915 -0.881 0
1716275888163 -0.8757 0
1716275902601 -0.8752 0
1716275917034 -0.8795 0
1716275931430 -0.8766 0
1716275946315 -0.8773 0
1716275961616 -0.8744 0
1716275979638 -0.8799 0
1716276001131 -0.8808 0
1716276018683 -0.884 0
1716276036641 -0.8784 0
1716276054405 -0.877 0
1716276069139 -0.8784 0
1716276087268 -0.8737 0
1716276101502 -0.8804 0
1716276116157 -0.8761 0
1716276133903 -0.8723 0
1716276148198 -0.8806 0
1716276162640 -0.8738 0
1716276177189 -0.8795 0
1716276191860 -0.8823 0
1716276206394 -0.8797 0
1716276221223 -0.8845 0
1716276235596 -0.8855 0
1716276249827 -0.8846 0
1716276267626 -0.8867 0
1716276281842 -0.8791 0
1716276296028 -0.8821 0
1716276310515 -0.8842 0
1716276324630 -0.8851 0
1716276342246 -0.8782 0
1716276359907 -0.8859 0
1716276375244 -0.8842 0
1716276392855 -0.8821 0
1716276407132 -0.8814 0
1716276425154 -0.8877 0
1716276439686 -0.8833 0
1716276453861 -0.8815 0
1716276468095 -0.8846 0
1716276482690 -0.8801 0
1716276496953 -0.881 0
1716276511347 -0.8827 0
1716276525591 -0.8877 0
1716276539702 -0.8867 0
1716276554168 -0.8877 0
1716276568800 -0.8847 0
1716276582994 -0.8811 0
1716276597403 -0.8773 0
1716276611843 -0.8803 0
1716276626221 -0.883 0
1716276640540 -0.8807 0
1716276654907 -0.8854 0
1716276669115 -0.8826 0
1716276683587 -0.8888 0
1716276698357 -0.8914 0
1716276712926 -0.8866 0
1716276727207 -0.878 0
1716276741374 -0.8845 0
1716276758990 -0.8873 0
1716276773176 -0.8916 0
1716276787552 -0.887 0
1716276801643 -0.8832 0
1716276817817 -0.8865 0
1716276832395 -0.8897 0
1716276850243 -0.8901 0
1716276868030 -0.8883 0
1716276885732 -0.8878 0
1716276903636 -0.8839 0
1716276921393 -0.891 0
1716276935649 -0.8863 0
1716276950303 -0.8839 0
1716276964775 -0.8843 0
1716276978997 -0.8842 0
1716276993552 -0.8902 0
1716277007998 -0.887 0
1716277022410 -0.8879 0
1716277040149 -0.876 0
1716277054522 -0.8889 0
1716277068764 -0.8881 0
1716277086646 -0.893 0
1716277104827 -0.8914 0
1716277122378 -0.8889 0
1716277136903 -0.8857 0
1716277151310 -0.8879 0
1716277165527 -0.891 0
1716277179683 -0.8933 0
1716277193793 -0.8892 0
1716277208559 -0.8927 0
1716277223049 -0.8912 0
1716277240928 -0.8899 0
1716277255275 -0.8916 0
1716277269799 -0.8844 0
1716277283803 -0.8754 0
1716277298479 -0.8734 0
1716277312923 -0.8821 0
1716277327608 -0.8901 0
1716277342098 -0.8825 0
1716277356663 -0.882 0
1716277371015 -0.8877 0
1716277385495 -0.8881 0
1716277400105 -0.8868 0
1716277414422 -0.8921 0
1716277428945 -0.8935 0
1716277443467 -0.8944 0
1716277458623 -0.8903 0
1716277473051 -0.8885 0
1716277487563 -0.8822 0
1716277502034 -0.8902 0
1716277519927 -0.8905 0
1716277534248 -0.8915 0
1716277548551 -0.8946 0
1716277562893 -0.8972 0
1716277577660 -0.8923 0
1716277592326 -0.895 0
1716277606883 -0.8954 0
1716277621052 -0.8926 0
1716277635262 -0.8946 0
1716277649561 -0.8926 0
1716277664154 -0.8929 0
1716277678435 -0.8935 0
1716277692856 -0.8947 0
1716277707691 -0.8932 0
1716277721996 -0.8918 0
1716277736420 -0.8953 0
1716277750877 -0.8963 0
1716277765263 -0.8906 0
1716277779591 -0.8921 0
1716277793958 -0.8979 0
1716277808380 -0.8927 0
1716277823387 -0.8974 0
1716277837696 -0.8951 0
1716277852008 -0.8901 0
1716277866358 -0.8898 0
1716277880722 -0.8965 0
1716277894999 -0.8956 0
1716277909205 -0.8918 0
1716277923402 -0.8956 0
1716277937728 -0.8994 0
1716277952792 -0.8952 0
1716277967353 -0.9 0
1716277981659 -0.8927 0
1716277996437 -0.8997 0
1716278014658 -0.8973 0
1716278032606 -0.8955 0
1716278046857 -0.8942 0
1716278065307 -0.8973 0
1716278079463 -0.8922 0
1716278093916 -0.8981 0
1716278108365 -0.898 0
1716278123081 -0.8954 0
1716278137606 -0.8952 0
1716278152012 -0.8902 0
1716278166524 -0.8874 0
1716278181209 -0.8869 0
1716278195660 -0.8948 0
1716278210252 -0.8935 0
1716278224751 -0.8997 0
1716278239069 -0.8963 0
1716278256557 -0.8968 0
1716278270985 -0.895 0
1716278285386 -0.8953 0
1716278300225 -0.9026 0
1716278314608 -0.9023 0
1716278328891 -0.8948 0
1716278347165 -0.8997 0
1716278361671 -0.895 0
1716278379638 -0.8984 0
1716278394074 -0.8984 0
1716278408541 -0.9025 0
1716278427096 -0.9012 0
1716278441632 -0.899 0
1716278455965 -0.8949 0
1716278470401 -0.8964 0
1716278484905 -0.8985 0
1716278499456 -0.8982 0
1716278513942 -0.9022 0
1716278528514 -0.8852 0
1716278543213 -0.8892 0
1716278557421 -0.894 0
1716278571674 -0.8952 0
1716278586174 -0.8989 0
1716278600444 -0.8959 0
1716278614782 -0.8993 0
1716278629195 -0.9003 0
1716278643697 -0.8992 0
1716278658120 -0.8992 0
1716278673131 -0.8979 0
1716278687673 -0.8972 0
1716278702015 -0.8986 0
1716278716289 -0.9008 0
1716278734055 -0.9062 0
1716278751754 -0.9011 0
1716278766329 -0.8984 0
1716278784404 -0.8979 0
1716278798785 -0.9 0
1716278813041 -0.9029 0
1716278827620 -0.9012 0
1716278842138 -0.9027 0
1716278856546 -0.8999 0
1716278871129 -0.905 0
1716278889777 -0.9016 0
1716278907673 -0.8984 0
1716278925545 -0.9019 0
1716278943473 -0.9056 0
1716278961438 -0.9025 0
1716278975829 -0.9025 0
1716278990077 -0.8993 0
1716279004782 -0.9018 0
1716279022644 -0.904 0
1716279037017 -0.9031 0
1716279051415 -0.9026 0
1716279065691 -0.8986 0
1716279080302 -0.9042 0
1716279094761 -0.8996 0
1716279109352 -0.9016 0
1716279123918 -0.9049 0
1716279138450 -0.9022 0
1716279152847 -0.8919 0
1716279167557 -0.8982 0
1716279181977 -0.8994 0
1716279196289 -0.8966 0
1716279210417 -0.8973 0
1716279224907 -0.9009 0
1716279239691 -0.9031 0
1716279253970 -0.8976 0
1716279268679 -0.9019 0
1716279283005 -0.9023 0
1716279297353 -0.9035 0
1716279311606 -0.9015 0
1716279325983 -0.9041 0
1716279340292 -0.9025 0
1716279354512 -0.9041 0
1716279369229 -0.9032 0
1716279383393 -0.9022 0
1716279401010 -0.9048 0
1716279415521 -0.8995 0
1716279433309 -0.8982 0
1716279447691 -0.9025 0
1716279462032 -0.9002 0
1716279476407 -0.9041 0
1716279491119 -0.9098 0
1716279505570 -0.9019 0
1716279520029 -0.9035 0
1716279534342 -0.9011 0
1716279548543 -0.9024 0
1716279562907 -0.9024 0
1716279576992 -0.8949 0
1716279591301 -0.9021 0
1716279605729 -0.9023 0
1716279623985 -0.9047 0
1716279638153 -0.9033 0
1716279652395 -0.9001 0
1716279666740 -0.9011 0
1716279680836 -0.899 0
1716279695217 -0.9025 0
1716279709756 -0.9029 0
1716279724097 -0.9073 0
1716279738955 -0.9027 0
1716279756665 -0.8982 0
1716279770843 -0.9036 0
1716279785203 -0.9082 0
1716279799518 -0.903 0
1716279813850 -0.9007 0
1716279828115 -0.9003 0
1716279842514 -0.9053 0
1716279856883 -0.9025 0
1716279871923 -0.9009 0
1716279886436 -0.9075 0
1716279900883 -0.905 0
1716279915387 -0.9081 0
1716279929578 -0.903 0
1716279943870 -0.9029 0
1716279958195 -0.8991 0
1716279972301 -0.8988 0
1716279986518 -0.9043 0
1716280001670 -0.8994 0
1716280016126 -0.9027 0
1716280030342 -0.9019 0
1716280044712 -0.9053 0
1716280058928 -0.9058 0
1716280073228 -0.9015 0
1716280090963 -0.9071 0
1716280108571 -0.9028 0
1716280124063 -0.9084 0
1716280138215 -0.9018 0
1716280152503 -0.9054 0
1716280166903 -0.905 0
1716280181234 -0.906 0
1716280195488 -0.9044 0
1716280209890 -0.9089 0
1716280224348 -0.9094 0
1716280238783 -0.9024 0
1716280253881 -0.9074 0
1716280268186 -0.9082 0
1716280282320 -0.9082 0
1716280296713 -0.9061 0
1716280311112 -0.907 0
1716280325764 -0.9047 0
1716280340020 -0.9041 0
1716280354318 -0.9016 0
1716280368733 -0.9051 0
1716280383682 -0.9016 0
1716280398073 -0.9052 0
1716280412319 -0.9035 0
1716280426608 -0.9055 0
1716280440938 -0.9068 0
1716280455223 -0.9097 0
1716280469444 -0.9048 0
1716280487392 -0.9084 0
1716280501783 -0.9044 0
1716280515945 -0.9079 0
1716280530189 -0.9096 0
1716280544598 -0.906 0
1716280558926 -0.9081 0
1716280573104 -0.9068 0
1716280587661 -0.9073 0
1716280601876 -0.9052 0
1716280616010 -0.9049 0
1716280630515 -0.9055 0
1716280644733 -0.9047 0
1716280659152 -0.9052 0
1716280673587 -0.904 0
1716280688121 -0.9081 0
1716280702687 -0.9082 0
1716280717052 -0.9072 0
1716280731411 -0.9065 0
1716280745840 -0.9102 0
1716280760331 -0.9063 0
1716280775406 -0.9047 0
1716280789717 -0.9041 0
1716280803864 -0.9062 0
1716280817957 -0.9098 0
1716280832460 -0.9089 0
1716280846567 -0.9071 0
1716280860951 -0.9073 0
1716280875235 -0.9096 0
1716280890030 -0.9072 0
1716280907631 -0.9062 0
1716280925814 -0.9082 0
1716280943642 -0.9081 0
1716280958075 -0.9095 0
1716280972284 -0.907 0
1716280990142 -0.9111 0
1716281004902 -0.907 0
1716281019354 -0.9071 0
1716281033945 -0.9103 0
1716281048214 -0.9106 0
1716281065997 -0.9092 0
1716281080348 -0.9083 0
1716281094638 -0.9076 0
1716281108994 -0.9106 0
1716281123267 -0.9076 0
1716281138152 -0.9102 0
1716281152529 -0.9073 0
1716281166899 -0.9092 0
1716281181127 -0.9072 0
1716281195531 -0.9105 0
1716281210090 -0.9121 0
1716281227879 -0.9099 0
1716281242371 -0.904 0
1716281256774 -0.907 0
1716281272234 -0.91 0
1716281286992 -0.9097 0
1716281301327 -0.9064 0
1716281315450 -0.9085 0
1716281329629 -0.9081 0
1716281343871 -0.9104 0
1716281358118 -0.9068 0
1716281372673 -0.9097 0
1716281387233 -0.9108 0
1716281401280 -0.9111 0
1716281419252 -0.9096 0
1716281437151 -0.9109 0
1716281454754 -0.9078 0
1716281468911 -0.9098 0
1716281483206 -0.9128 0
1716281497703 -0.909 0
1716281515391 -0.9077 0
1716281529764 -0.9112 0
1716281543982 -0.908 0
1716281558203 -0.9136 0
1716281572673 -0.9122 0
1716281587109 -0.9107 0
1716281601321 -0.9117 0
1716281615674 -0.9086 0
1716281630382 -0.9127 0
1716281644841 -0.9153 0
1716281659225 -0.9097 0
1716281673635 -0.9112 0
1716281687870 -0.9102 0
1716281702164 -0.912 0
1716281716536 -0.913 0
1716281730988 -0.914 0
1716281745775 -0.91 0
1716281760171 -0.9104 0
1716281774421 -0.9083 0
1716281788851 -0.9115 0
1716281803383 -0.912 0
1716281817790 -0.9079 0
1716281831900 -0.9086 0
1716281846137 -0.9116 0
1716281860601 -0.9114 0
1716281875118 -0.9095 0
1716281889569 -0.9084 0
1716281903930 -0.9117 0
1716281918193 -0.912 0
1716281932420 -0.913 0
1716281946717 -0.9128 0
1716281964608 -0.9126 0
1716281979026 -0.9096 0
1716281993236 -0.9081 0
1716282008107 -0.9087 0
1716282022540 -0.9096 0
1716282040653 -0.9111 0
1716282058425 -0.9137 0
1716282076276 -0.908 0
1716282093938 -0.911 0
1716282112335 -0.9129 0
1716282130555 -0.9143 0
1716282144898 -0.9101 0
1716282159216 -0.911 0
1716282173655 -0.9122 0
1716282187983 -0.912 0
1716282202599 -0.9099 0
1716282217104 -0.9126 0
1716282231780 -0.91 0
1716282246155 -0.9113 0
1716282260850 -0.911 0
1716282275267 -0.9076 0
1716282289692 -0.9089 0
1716282304042 -0.912 0
1716282318638 -0.9083 0
1716282333178 -0.9111 0
1716282347887 -0.9118 0
1716282362279 -0.9132 0
1716282376430 -0.9109 0
1716282390641 -0.9102 0
1716282405032 -0.9129 0
1716282419415 -0.9094 0
1716282434123 -0.9116 0
1716282448370 -0.9124 0
1716282462819 -0.9109 0
1716282477771 -0.9138 0
1716282492069 -0.9136 0
1716282506400 -0.9122 0
1716282520737 -0.9143 0
1716282535297 -0.911 0
1716282549447 -0.911 0
1716282563802 -0.9129 0
1716282578523 -0.9123 0
1716282593030 -0.9106 0
1716282607820 -0.9149 0
1716282622233 -0.9132 0
1716282636765 -0.9122 0
1716282651277 -0.9089 0
1716282665537 -0.9098 0
1716282680075 -0.9139 0
1716282694303 -0.9108 0
1716282711879 -0.9128 0
1716282726635 -0.9123 0
1716282740880 -0.9145 0
1716282755266 -0.9133 0
1716282769972 -0.9105 0
1716282784167 -0.9116 0
1716282798546 -0.9158 0
1716282813004 -0.9127 0
1716282827214 -0.9135 0
1716282841472 -0.9151 0
1716282856720 -0.9143 0
1716282871232 -0.9136 0
1716282885616 -0.9122 0
1716282899840 -0.9119 0
1716282914367 -0.9082 0
1716282928572 -0.9114 0
1716282943033 -0.9104 0
1716282957411 -0.9113 0
1716282971790 -0.9128 0
1716282986592 -0.9136 0
1716283001498 -0.9119 0
1716283015963 -0.9118 0
1716283030280 -0.9054 0
1716283044638 -0.914 0
1716283058892 -0.9115 0
1716283073264 -0.9106 0
1716283087689 -0.9143 0
1716283102503 -0.9131 0
1716283117214 -0.9107 0
1716283131646 -0.9149 0
1716283146132 -0.9157 0
1716283160632 -0.9155 0
1716283174956 -0.9131 0
1716283189331 -0.9136 0
1716283203766 -0.9164 0
1716283218315 -0.9129 0
1716283233363 -0.9134 0
1716283247703 -0.913 0
1716283262038 -0.9146 0
1716283279726 -0.9135 0
1716283294161 -0.9165 0
1716283308485 -0.9152 0
1716283322751 -0.9155 0
1716283337210 -0.9144 0
1716283352167 -0.9167 0
1716283366922 -0.9162 0
1716283381360 -0.9128 0
1716283399278 -0.9099 0
1716283413628 -0.9137 0
1716283428329 -0.9175 0
1716283446648 -0.9127 0
1716283461211 -0.9166 0
1716283476004 -0.9177 0
1716283490337 -0.9122 0
1716283504711 -0.9121 0
1716283519245 -0.9162 0
1716283533878 -0.9135 0
1716283548243 -0.9156 0
1716283562580 -0.9163 0
1716283576940 -0.9152 0
1716283592114 -0.9132 0
1716283606811 -0.9179 0
1716283621123 -0.9149 0
1716283635339 -0.9151 0
1716283649816 -0.9149 0
1716283664229 -0.914 0
1716283678691 -0.9136 0
1716283693320 -0.9139 0
1716283708426 -0.9133 0
1716283722699 -0.9156 0
1716283736869 -0.9127 0
1716283751272 -0.9144 0
1716283765777 -0.9152 0
1716283780227 -0.9136 0
1716283794593 -0.9147 0
1716283809178 -0.9134 0
1716283823880 -0.9157 0
1716283838389 -0.9135 0
1716283852913 -0.915 0
1716283867426 -0.9145 0
1716283881779 -0.9177 0
1716283896267 -0.9165 0
1716283910583 -0.9145 0
1716283925127 -0.9134 0
1716283939665 -0.9151 0
1716283954629 -0.9173 0
1716283969032 -0.9163 0
1716283983296 -0.9138 0
1716283997884 -0.9167 0
1716284012334 -0.9159 0
1716284026635 -0.916 0
1716284040821 -0.9124 0
1716284055343 -0.9146 0
1716284070255 -0.9157 0
1716284084406 -0.9132 0
1716284098803 -0.9152 0
1716284113131 -0.9156 0
1716284127692 -0.9152 0
1716284142067 -0.9175 0
1716284156326 -0.9172 0
1716284174334 -0.9168 0
1716284189290 -0.9145 0
1716284203956 -0.9154 0
1716284218039 -0.9175 0
1716284232429 -0.9178 0
1716284246705 -0.9164 0
1716284261057 -0.9139 0
1716284275303 -0.9167 0
1716284289865 -0.9148 0
1716284304140 -0.9158 0
1716284319250 -0.9154 0
1716284333802 -0.9196 0
1716284348067 -0.9142 0
1716284362485 -0.9165 0
1716284376761 -0.916 0
1716284391083 -0.9171 0
1716284405897 -0.9136 0
1716284420327 -0.915 0
1716284435129 -0.9165 0
1716284449464 -0.918 0
1716284463855 -0.9167 0
1716284478354 -0.9158 0
1716284492835 -0.9138 0
1716284507209 -0.9157 0
1716284521647 -0.9144 0
1716284536082 -0.9177 0
1716284551374 -0.9141 0
1716284565671 -0.9188 0
1716284580018 -0.9162 0
1716284594716 -0.9153 0
1716284609421 -0.9186 0
1716284623936 -0.917 0
1716284638291 -0.9196 0
1716284652996 -0.9188 0
1716284667460 -0.9161 0
1716284682510 -0.914 0
1716284697104 -0.9198 0
1716284711733 -0.9154 0
1716284726499 -0.9159 0
1716284740826 -0.9143 0
1716284755459 -0.9151 0
1716284770082 -0.9154 0
1716284784496 -0.9175 0
1716284799620 -0.9156 0
1716284814216 -0.9124 0
1716284828815 -0.9187 0
1716284843354 -0.9156 0
1716284858164 -0.918 0
1716284872698 -0.9152 0
1716284887154 -0.9168 0
1716284905060 -0.9145 0
1716284919689 -0.9139 0
1716284934584 -0.9177 0
1716284948947 -0.915 0
1716284963417 -0.9178 0
1716284978062 -0.9159 0
1716284992487 -0.9155 0
1716285007074 -0.9168 0
1716285021402 -0.9169 0
1716285036097 -0.9167 0
1716285050654 -0.9173 0
1716285064996 -0.9186 0
1716285079508 -0.9177 0
1716285093930 -0.9192 0
1716285108566 -0.915 0
1716285123429 -0.9151 0
1716285137879 -0.9175 0
1716285152595 -0.9172 0
1716285166966 -0.9176 0
1716285181474 -0.9159 0
1716285195620 -0.9161 0
1716285209864 -0.9206 0
1716285224150 -0.9146 0
1716285238414 -0.9152 0
1716285252597 -0.9162 0
1716285267138 -0.9164 0
1716285281910 -0.9192 0
1716285296723 -0.9144 0
1716285310929 -0.9159 0
1716285325115 -0.9144 0
1716285339539 -0.916 0
1716285353915 -0.9161 0
1716285368469 -0.9159 0
1716285382881 -0.9188 0
1716285397431 -0.9153 0
1716285411754 -0.9191 0
1716285426069 -0.9166 0
1716285440256 -0.9157 0
1716285454703 -0.9185 0
1716285468920 -0.9181 0
1716285483244 -0.9185 0
1716285497789 -0.9175 0
1716285512249 -0.9152 0
1716285527128 -0.9129 0
1716285541271 -0.9159 0
1716285555780 -0.9181 0
1716285569938 -0.9204 0
1716285585258 -0.918 0
1716285599559 -0.9172 0
1716285613749 -0.9201 0
1716285631411 -0.9172 0
1716285646595 -0.917 0
1716285660883 -0.9182 0
1716285675062 -0.9179 0
1716285689885 -0.9169 0
1716285704194 -0.9207 0
1716285718536 -0.9175 0
1716285732819 -0.9161 0
1716285747411 -0.9159 0
1716285761887 -0.9135 0
1716285776756 -0.9182 0
1716285791190 -0.9162 0
1716285805402 -0.9165 0
1716285819622 -0.9168 0
1716285833898 -0.9165 0
1716285848297 -0.9159 0
1716285862425 -0.918 0
1716285876596 -0.9171 0
1716285890931 -0.917 0
1716285905428 -0.9186 0
1716285920368 -0.9175 0
1716285934755 -0.9214 0
1716285948895 -0.9179 0
1716285963038 -0.9195 0
1716285977424 -0.9178 0
1716285991661 -0.9166 0
1716286006010 -0.915 0
1716286020375 -0.9152 0
1716286034634 -0.9151 0
1716286049441 -0.9179 0
1716286063739 -0.9165 0
1716286078218 -0.9179 0
1716286092678 -0.916 0
1716286107184 -0.917 0
1716286121369 -0.9228 0
1716286135723 -0.9178 0
1716286150020 -0.9174 0
1716286164890 -0.9166 0
1716286179075 -0.9188 0
1716286193407 -0.9171 0
1716286207602 -0.9174 0
1716286222030 -0.9173 0
1716286236296 -0.918 0
1716286250568 -0.9162 0
1716286264954 -0.9195 0
1716286279366 -0.9166 0
1716286293595 -0.9197 0
1716286308267 -0.9186 0
1716286322395 -0.9196 0
1716286336753 -0.9183 0
1716286354537 -0.9208 0
1716286368824 -0.9183 0
1716286383320 -0.9174 0
1716286397705 -0.9193 0
1716286412330 -0.9181 0
1716286426984 -0.9193 0
1716286441368 -0.9215 0
1716286455499 -0.9188 0
1716286469716 -0.919 0
1716286484096 -0.9157 0
1716286498612 -0.9163 0
1716286513063 -0.9172 0
1716286527588 -0.9152 0
1716286541861 -0.9182 0
1716286557030 -0.918 0
1716286571448 -0.9188 0
1716286585992 -0.9177 0
1716286600217 -0.9184 0
1716286614436 -0.9198 0
1716286628675 -0.9185 0
1716286642963 -0.9209 0
1716286657402 -0.9175 0
1716286671817 -0.9167 0
1716286686558 -0.9183 0
1716286701004 -0.9226 0
1716286715304 -0.9205 0
1716286729697 -0.9174 0
1716286743840 -0.9174 0
1716286758592 -0.9192 0
1716286772621 -0.9177 0
1716286787004 -0.9226 0
1716286801417 -0.9156 0
1716286815978 -0.9191 0
1716286830328 -0.9209 0
1716286844729 -0.9186 0
1716286859361 -0.9204 0
1716286873645 -0.9198 0
1716286887966 -0.9211 0
1716286902178 -0.9168 0
1716286916450 -0.922 0
1716286931315 -0.9187 0
1716286945413 -0.9182 0
1716286959684 -0.9191 0
1716286974031 -0.9177 0
1716286988327 -0.9193 0
1716287002798 -0.9198 0
1716287017198 -0.9198 0
1716287031620 -0.9173 0
1716287045968 -0.9182 0
1716287060106 -0.9172 0
1716287078435 -0.9203 0
1716287092726 -0.9191 0
1716287107037 -0.9204 0
1716287121494 -0.9202 0
1716287135781 -0.9195 0
1716287150289 -0.9175 0
1716287164594 -0.9172 0
1716287178823 -0.9196 0
1716287193672 -0.9188 0
1716287207758 -0.9169 0
1716287222140 -0.9232 0
1716287236418 -0.9192 0
1716287250704 -0.9186 0
1716287265046 -0.9206 0
1716287279554 -0.9203 0
1716287293871 -0.9181 0
1716287308607 -0.9164 0
1716287323181 -0.9203 0
1716287337505 -0.9197 0
1716287351751 -0.9185 0
1716287366067 -0.9177 0
1716287380547 -0.9203 0
1716287394868 -0.9203 0
1716287409331 -0.9173 0
1716287423587 -0.9157 0
1716287438642 -0.9204 0
1716287452862 -0.922 0
1716287467397 -0.9218 0
1716287482008 -0.9214 0
1716287496306 -0.917 0
1716287510553 -0.9192 0
1716287524807 -0.9185 0
1716287539107 -0.9222 0
1716287553638 -0.9189 0
1716287568671 -0.9218 0
1716287583037 -0.9199 0
1716287597619 -0.9203 0
1716287611762 -0.9205 0
1716287626175 -0.9176 0
1716287640357 -0.9217 0
1716287654557 -0.9199 0
1716287668831 -0.919 0
1716287683618 -0.9218 0
1716287697757 -0.9183 0
1716287712124 -0.9199 0
1716287726636 -0.9196 0
1716287741188 -0.9187 0
1716287755566 -0.9195 0
1716287769949 -0.9184 0
1716287784459 -0.9213 0
