1707732755512 0.003 0
1707732771175 0.003 1
1707732775276 0.00299 2
1707732779418 0.00299 3
1707732783553 0.00299 4
1707732787697 0.00299 5
1707732791963 0.00298 6
1707732796087 0.00298 7
1707732800232 0.00298 8
1707732804374 0.00298 9
1707732808483 0.00297 10
1707732812606 0.00297 11
1707732816735 0.00297 12
1707732820896 0.00296 13
1707732825200 0.00296 14
1707732833239 0.00296 15
1707732841215 0.00296 16
1707732849238 0.00295 17
1707732857325 0.00295 18
1707732865623 0.00295 19
1707732873685 0.00295 20
1707732881860 0.00294 21
1707732890027 0.00294 22
1707732898457 0.00294 23
1707732906594 0.00294 24
1707732914780 0.00293 25
1707732923174 0.00293 26
1707732931342 0.00293 27
1707732935568 0.00292 28
1707732939708 0.00292 29
1707732947842 0.00292 30
1707732956014 0.00292 31
1707732960138 0.00291 32
1707732964261 0.00291 33
1707732968382 0.00291 34
1707732972592 0.00291 35
1707732976724 0.0029 36
1707732980864 0.0029 37
1707732984993 0.0029 38
1707732989128 0.00289 39
1707732993277 0.00289 40
1707732997419 0.00289 41
1707733001531 0.00289 42
1707733005774 0.00288 43
1707733009889 0.00288 44
1707733013994 0.00288 45
1707733018106 0.00288 46
1707733022225 0.00287 47
1707733026344 0.00287 48
1707733034539 0.00287 49
1707733039245 0.00286 50
1707733043382 0.00286 51
1707733047517 0.00286 52
1707733051643 0.00286 53
1707733055770 0.00285 54
1707733063996 0.00285 55
1707733068141 0.00285 56
1707733072407 0.00285 57
1707733080555 0.00284 58
1707733088743 0.00284 59
1707733096943 0.00284 60
1707733101074 0.00283 61
1707733105200 0.00283 62
1707733113481 0.00283 63
1707733117607 0.00283 64
1707733125846 0.00282 65
1707733134052 0.00282 66
1707733142268 0.00282 67
1707733146519 0.00282 68
1707733150654 0.00281 69
1707733154795 0.00281 70
1707733158952 0.00281 71
1707733163110 0.0028 72
1707733167262 0.0028 73
1707733171412 0.0028 74
1707733175578 0.0028 75
1707733179897 0.00279 76
1707733184060 0.00279 77
1707733188233 0.00279 78
1707733192379 0.00279 79
1707733196531 0.00278 80
1707733200691 0.00278 81
1707733204850 0.00278 82
1707733208964 0.00277 83
1707733213234 0.00277 84
1707733217372 0.00277 85
1707733221480 0.00277 86
1707733225602 0.00276 87
1707733229720 0.00276 88
1707733233833 0.00276 89
1707733237946 0.00276 90
1707733242064 0.00275 91
1707733246179 0.00275 92
1707733250440 0.00275 93
1707733254545 0.00274 94
1707733258676 0.00274 95
1707733262792 0.00274 96
1707733266924 0.00274 97
1707733271050 0.00273 98
1707733275168 0.00273 99
1707733283357 0.00273 100
1707733287547 0.00273 101
1707733291665 0.00272 102
1707733295783 0.00272 103
1707733299905 0.00272 104
1707733304028 0.00271 105
1707733308159 0.00271 106
1707733312282 0.00271 107
1707733316403 0.00271 108
1707733320577 0.0027 109
1707733324709 0.0027 110
1707733328827 0.0027 111
1707733332956 0.0027 112
1707733337080 0.00269 113
1707733341197 0.00269 114
1707733345323 0.00269 115
1707733353644 0.00268 116
1707733361863 0.00268 117
1707733366024 0.00268 118
1707733370160 0.00268 119
1707733374300 0.00267 120
1707733378438 0.00267 121
1707733386833 0.00267 122
1707733390992 0.00267 123
1707733395144 0.00266 124
1707733399283 0.00266 125
1707733403422 0.00266 126
1707733407571 0.00265 127
1707733411712 0.00265 128
1707733415851 0.00265 129
1707733420133 0.00265 130
1707733424280 0.00264 131
1707733428428 0.00264 132
1707733432563 0.00264 133
1707733436714 0.00264 134
1707733440855 0.00263 135
1707733445003 0.00263 136
1707733449159 0.00263 137
1707733453444 0.00262 138
1707733457590 0.00262 139
1707733461734 0.00262 140
1707733465884 0.00262 141
1707733470034 0.00261 142
1707733478268 0.00261 143
1707733486484 0.00261 144
1707733494854 0.00261 145
1707733503054 0.0026 146
1707733511345 0.0026 147
1707733519638 0.0026 148
1707733523889 0.00259 149
1707733536153 0.00259 150
1707733540296 0.00259 151
1707733548562 0.00259 152
1707733556909 0.00258 153
1707733561055 0.00258 154
1707733569320 0.00258 155
1707733577454 0.00258 156
1707733585695 0.00257 157
1707733589835 0.00257 158
1707733598124 0.00257 159
1707733602271 0.00256 160
1707733610420 0.00256 161
1707733618632 0.00256 162
1707733626962 0.00256 163
1707733635210 0.00255 164
1707733643442 0.00255 165
1707733651624 0.00255 166
1707733659794 0.00255 167
1707733668084 0.00254 168
1707733676359 0.00254 169
1707733680496 0.00254 170
1707733684644 0.00253 171
1707733692799 0.00253 172
1707733696926 0.00253 173
1707733701091 0.00253 174
1707733705231 0.00252 175
1707733713350 0.00252 176
1707733721508 0.00252 177
1707733725648 0.00251 178
1707733733913 0.00251 179
1707733738043 0.00251 180
1707733742185 0.00251 181
1707733750380 0.0025 182
1707733754522 0.0025 183
1707733758668 0.0025 184
1707733762810 0.0025 185
1707733766993 0.00249 186
1707733771136 0.00249 187
1707733775281 0.00249 188
1707733779431 0.00248 189
1707733783568 0.00248 190
1707733787708 0.00248 191
1707733791859 0.00248 192
1707733796133 0.00247 193
1707733800287 0.00247 194
1707733804444 0.00247 195
1707733812606 0.00247 196
1707733820786 0.00246 197
1707733829110 0.00246 198
1707733837411 0.00246 199
1707733845711 0.00245 200
1707733849867 0.00245 201
1707733858156 0.00245 202
1707733862321 0.00245 203
1707733866596 0.00244 204
1707733870760 0.00244 205
1707733874874 0.00244 206
1707733878998 0.00243 207
1707733883119 0.00243 208
1707733891364 0.00243 209
1707733899816 0.00243 210
1707733903936 0.00242 211
1707733912171 0.00242 212
1707733920516 0.00242 213
1707733928777 0.00242 214
1707733932902 0.00241 215
1707733937144 0.00241 216
1707733945430 0.00241 217
1707733949551 0.0024 218
1707733953664 0.0024 219
1707733957759 0.0024 220
1707733961870 0.0024 221
1707733970203 0.00239 222
1707733978458 0.00239 223
1707733982577 0.00239 224
1707733986706 0.00239 225
1707733990834 0.00238 226
1707733994957 0.00238 227
1707733999090 0.00238 228
1707734003210 0.00237 229
1707734007397 0.00237 230
1707734011528 0.00237 231
1707734015650 0.00237 232
1707734019794 0.00236 233
1707734023912 0.00236 234
1707734028031 0.00236 235
1707734036249 0.00235 236
1707734044628 0.00235 237
1707734052889 0.00235 238
1707734061111 0.00235 239
1707734069361 0.00234 240
1707734077728 0.00234 241
1707734081864 0.00234 242
1707734086004 0.00234 243
1707734090140 0.00233 244
1707734098373 0.00233 245
1707734102501 0.00233 246
1707734110884 0.00232 247
1707734115012 0.00232 248
1707734119144 0.00232 249
1707734131613 0.00232 250
1707734139880 0.00231 251
1707734148203 0.00231 252
1707734152342 0.00231 253
1707734160630 0.0023 254
1707734169036 0.0023 255
1707734173166 0.0023 256
1707734177421 0.0023 257
1707734181552 0.00229 258
1707734185681 0.00229 259
1707734189812 0.00229 260
1707734193944 0.00229 261
1707734198079 0.00228 262
1707734202215 0.00228 263
1707734206361 0.00228 264
1707734210543 0.00227 265
1707734214671 0.00227 266
1707734218807 0.00227 267
1707734222934 0.00227 268
1707734227067 0.00226 269
1707734231199 0.00226 270
1707734235334 0.00226 271
1707734243710 0.00225 272
1707734252006 0.00225 273
1707734256121 0.00225 274
1707734260237 0.00225 275
1707734264362 0.00224 276
1707734272628 0.00224 277
1707734276892 0.00224 278
1707734285161 0.00223 279
1707734293412 0.00223 280
1707734301652 0.00223 281
1707734309969 0.00223 282
1707734318196 0.00222 283
1707734326401 0.00222 284
1707734334653 0.00222 285
1707734342919 0.00222 286
1707734347175 0.00221 287
1707734351323 0.00221 288
1707734355463 0.00221 289
1707734359600 0.0022 290
1707734363750 0.0022 291
1707734367892 0.0022 292
1707734372033 0.0022 293
1707734376175 0.00219 294
1707734384563 0.00219 295
1707734388711 0.00219 296
1707734392860 0.00218 297
1707734397006 0.00218 298
1707734405289 0.00218 299
1707734417807 0.00218 300
1707734425990 0.00217 301
1707734430130 0.00217 302
1707734434271 0.00217 303
1707734438417 0.00217 304
1707734442550 0.00216 305
1707734446811 0.00216 306
1707734450964 0.00216 307
1707734455101 0.00215 308
1707734459246 0.00215 309
1707734463382 0.00215 310
1707734467515 0.00215 311
1707734471659 0.00214 312
1707734475796 0.00214 313
1707734479929 0.00214 314
1707734484134 0.00213 315
1707734488269 0.00213 316
1707734492410 0.00213 317
1707734496546 0.00213 318
1707734500685 0.00212 319
1707734504820 0.00212 320
1707734508964 0.00212 321
1707734513246 0.00211 322
1707734517387 0.00211 323
1707734521527 0.00211 324
1707734525663 0.00211 325
1707734529801 0.0021 326
1707734538055 0.0021 327
1707734542182 0.0021 328
1707734546309 0.00209 329
1707734550578 0.00209 330
1707734554711 0.00209 331
1707734562952 0.00209 332
1707734567399 0.00208 333
1707734571529 0.00208 334
1707734575669 0.00208 335
1707734579806 0.00208 336
1707734584078 0.00207 337
1707734588216 0.00207 338
1707734592358 0.00207 339
1707734596498 0.00206 340
1707734600644 0.00206 341
1707734604786 0.00206 342
1707734608932 0.00206 343
1707734617341 0.00205 344
1707734621491 0.00205 345
1707734625634 0.00205 346
1707734629790 0.00204 347
1707734633934 0.00204 348
1707734642228 0.00204 349
1707734650501 0.00204 350
1707734658786 0.00203 351
1707734667054 0.00203 352
1707734675309 0.00203 353
1707734683597 0.00202 354
1707734687866 0.00202 355
1707734692006 0.00202 356
1707734700182 0.00202 357
1707734704333 0.00201 358
1707734708485 0.00201 359
1707734712620 0.00201 360
1707734716758 0.002 361
1707734720899 0.002 362
1707734725101 0.002 363
1707734729243 0.002 364
1707734733390 0.00199 365
1707734737535 0.00199 366
1707734741685 0.00199 367
1707734745826 0.00199 368
1707734754255 0.00198 369
1707734762446 0.00198 370
1707734766592 0.00198 371
1707734770735 0.00197 372
1707734774871 0.00197 373
1707734779013 0.00197 374
1707734783156 0.00197 375
1707734787299 0.00196 376
1707734791504 0.00196 377
1707734795645 0.00196 378
1707734803930 0.00195 379
1707734812155 0.00195 380
1707734820499 0.00195 381
1707734828776 0.00195 382
1707734837043 0.00194 383
1707734845381 0.00194 384
1707734853672 0.00194 385
1707734862018 0.00193 386
1707734870328 0.00193 387
1707734874481 0.00193 388
1707734878633 0.00193 389
1707734882772 0.00192 390
1707734887044 0.00192 391
1707734895283 0.00192 392
1707734899434 0.00191 393
1707734907605 0.00191 394
1707734911761 0.00191 395
1707734920109 0.00191 396
1707734928379 0.0019 397
1707734932535 0.0019 398
1707734940783 0.0019 399
1707734949083 0.00189 400
1707734953233 0.00189 401
1707734957427 0.00189 402
1707734965599 0.00189 403
1707734969757 0.00188 404
1707734977980 0.00188 405
1707734986249 0.00188 406
1707734990443 0.00187 407
1707734994593 0.00187 408
1707734998750 0.00187 409
1707735002902 0.00187 410
1707735007019 0.00186 411
1707735011145 0.00186 412
1707735015270 0.00186 413
1707735019533 0.00185 414
1707735023663 0.00185 415
1707735027792 0.00185 416
1707735031916 0.00185 417
1707735036055 0.00184 418
1707735040216 0.00184 419
1707735044347 0.00184 420
1707735048473 0.00183 421
1707735056813 0.00183 422
1707735065021 0.00183 423
1707735069141 0.00183 424
1707735077358 0.00182 425
1707735085585 0.00182 426
1707735093981 0.00182 427
