1716200145046 34.68 0
1716200161968 11.85 0
1716200183042 11.63 0
1716200204897 11.7 0
1716200226605 11.95 0
1716200244538 11.79 0
1716200266302 12.02 0
1716200284007 11.75 0
1716200301981 11.75 0
1716200320500 11.92 0
1716200341670 11.87 0
1716200363627 11.85 0
1716200381303 11.79 0
1716200399420 12.09 0
1716200417514 11.89 0
1716200436206 12.04 0
1716200458435 11.92 0
1716200480090 12.0 0
1716200501680 12.02 0
1716200523277 12.0 0
1716200545342 12.02 0
1716200563845 11.89 0
1716200581947 12.05 0
1716200599818 11.95 0
1716200621383 12.08 0
1716200642906 12.14 0
1716200661205 11.88 0
1716200682575 11.92 0
1716200700310 11.82 0
1716200718018 11.79 0
1716200735956 11.95 0
1716200753799 11.98 0
1716200771705 11.86 0
1716200790164 11.89 0
1716200808070 11.88 0
1716200826127 11.88 0
1716200843900 11.76 0
1716200861887 11.8 0
1716200879980 11.78 0
1716200898131 12.0 0
1716200916223 11.93 0
1716200937642 11.93 0
1716200959101 12.0 0
1716200976934 11.99 0
1716200994661 11.97 0
1716201012527 11.98 0
1716201030333 11.85 0
1716201048279 11.98 0
1716201066037 11.92 0
1716201087490 11.86 0
1716201106926 11.84 0
1716201124681 11.87 0
1716201142511 11.9 0
1716201163952 11.94 0
1716201181564 11.8 0
1716201199232 11.73 0
1716201217324 12.15 0
1716201235193 12.02 0
1716201249515 11.98 0
1716201263843 11.96 0
1716201285357 11.96 0
1716201303287 12.0 0
1716201321081 11.85 0
1716201339147 11.92 0
1716201357016 12.0 0
1716201374967 11.97 0
1716201392745 11.83 0
1716201410320 11.71 0
1716201427939 11.76 0
1716201445745 11.89 0
1716201463959 11.81 0
1716201481858 11.85 0
1716201499613 11.71 0
1716201517446 11.87 0
1716201535268 11.82 0
1716201549893 12.03 0
1716201564368 11.85 0
1716201586176 11.92 0
1716201604142 11.9 0
1716201622034 11.82 0
1716201639988 12.04 0
1716201657976 12.0 0
1716201672433 12.04 0
1716201687066 11.79 0
1716201704757 11.91 0
1716201722624 11.86 0
1716201740446 11.97 0
1716201758155 11.91 0
1716201772414 11.93 0
1716201790449 12.18 0
1716201809082 12.0 0
1716201830619 12.04 0
1716201848655 12.13 0
1716201866570 12.12 0
1716201884506 11.94 0
1716201902441 11.94 0
1716201916570 11.84 0
1716201931492 12.07 0
1716201946125 12.27 0
1716201968027 11.89 0
1716201985914 11.98 0
1716202003737 11.87 0
1716202021835 12.01 0
1716202040245 12.26 0
1716202062004 12.01 0
1716202079730 11.83 0
1716202097700 11.78 0
1716202115489 11.98 0
1716202129865 11.92 0
1716202146778 11.86 0
1716202165289 11.8 0
1716202183336 11.91 0
1716202201272 11.89 0
1716202219311 11.87 0
1716202240672 11.91 0
1716202258803 12.1 0
1716202276592 11.95 0
1716202294872 12.05 0
1716202313166 11.89 0
1716202331146 11.93 0
1716202345592 11.96 0
1716202360118 12.06 0
1716202374894 12.41 0
1716202389165 11.92 0
1716202403571 12.07 0
1716202417924 11.91 0
1716202435709 11.84 0
1716202453942 11.75 0
1716202468127 11.78 0
1716202489339 11.83 0
1716202507660 11.8 0
1716202522231 11.9 0
1716202536437 11.79 0
1716202550948 11.94 0
1716202565211 11.87 0
1716202579527 11.91 0
1716202593965 12.03 0
1716202608642 12.23 0
1716202623252 12.2 0
1716202637663 11.87 0
1716202655487 11.92 0
1716202669820 11.86 0
1716202687803 11.98 0
1716202702124 11.94 0
1716202716485 11.92 0
1716202731387 11.88 0
1716202745722 11.9 0
1716202760044 11.92 0
1716202774385 11.89 0
1716202788949 12.18 0
1716202810133 11.85 0
1716202828151 11.93 0
1716202846694 11.96 0
1716202864722 11.85 0
1716202879155 11.92 0
1716202897430 12.1 0
1716202912020 11.98 0
1716202926446 11.96 0
1716202944535 11.97 0
1716202963014 12.02 0
1716202977422 11.94 0
1716202991705 11.83 0
1716203006111 11.92 0
1716203020519 11.84 0
1716203035076 12.06 0
1716203049408 11.86 0
1716203063953 12.18 0
1716203078267 11.92 0
1716203092827 12.14 0
1716203107122 11.84 0
1716203121450 11.9 0
1716203135982 12.04 0
1716203150507 12.1 0
1716203172454 11.97 0
1716203186672 11.78 0
1716203200882 11.83 0
1716203215271 12.0 0
1716203229353 11.71 0
1716203247229 11.8 0
1716203264886 11.73 0
1716203279366 12.07 0
1716203293602 11.87 0
1716203311565 12.02 0
1716203329612 12.06 0
1716203347247 11.72 0
1716203365027 11.89 0
1716203383055 12.0 0
1716203397656 12.14 0
1716203411961 11.91 0
1716203426439 12.1 0
1716203440864 11.91 0
1716203455174 11.86 0
1716203469824 12.16 0
1716203484253 11.99 0
1716203498542 11.83 0
1716203513490 12.04 0
1716203527935 12.02 0
1716203542641 12.01 0
1716203557207 11.96 0
1716203571800 12.06 0
1716203589770 11.87 0
1716203604086 11.87 0
1716203622482 11.93 0
1716203644023 11.8 0
1716203662119 11.81 0
1716203680067 11.88 0
1716203697775 11.8 0
1716203715484 11.8 0
1716203733279 12.02 0
1716203747792 12.23 0
1716203769578 12.16 0
1716203784067 12.05 0
1716203798471 12.09 0
1716203812925 11.92 0
1716203827102 11.84 0
1716203844902 11.95 0
1716203863237 11.99 0
1716203877425 11.91 0
1716203891608 11.84 0
1716203909600 12.08 0
1716203927583 11.97 0
1716203945348 11.78 0
1716203959867 12.14 0
1716203974395 12.15 0
1716203992364 12.0 0
1716204006513 11.85 0
1716204020866 11.96 0
1716204035136 11.91 0
1716204049493 12.08 0
1716204063784 11.94 0
1716204078023 11.89 0
1716204092853 12.28 0
1716204110546 11.95 0
1716204128516 11.82 0
1716204142700 11.88 0
1716204156830 11.84 0
1716204171026 11.92 0
1716204185568 12.2 0
1716204199878 12.01 0
1716204214303 11.98 0
1716204228667 11.91 0
1716204242965 11.96 0
1716204257459 11.9 0
1716204271799 12.03 0
1716204286077 11.9 0
1716204300441 12.04 0
1716204314831 12.06 0
1716204329322 12.16 0
1716204343635 12.01 0
1716204358113 12.06 0
1716204375989 11.97 0
1716204390199 11.84 0
1716204404806 12.11 0
1716204419004 11.91 0
1716204433335 11.86 0
1716204448757 12.05 0
1716204463270 12.1 0
1716204477932 12.14 0
1716204492283 12.0 0
1716204506588 11.94 0
1716204520955 12.04 0
1716204535313 12.05 0
1716204549472 11.74 0
1716204564047 11.81 0
1716204578279 11.9 0
1716204592597 12.0 0
1716204606801 11.91 0
1716204620994 11.86 0
1716204635503 12.15 0
1716204649918 12.05 0
1716204664418 12.19 0
1716204678955 12.1 0
1716204693251 11.88 0
1716204707552 12.0 0
1716204725366 11.93 0
1716204739731 12.05 0
1716204754135 12.09 0
1716204768377 11.93 0
1716204782681 11.93 0
1716204797580 12.11 0
1716204811959 12.02 0
1716204826342 11.99 0
1716204840551 11.8 0
1716204854996 12.07 0
1716204869433 12.06 0
1716204883905 12.0 0
1716204898303 11.93 0
1716204913302 12.0 0
1716204931352 12.17 0
1716204945517 11.81 0
1716204960026 12.03 0
1716204974598 12.14 0
1716204989322 12.02 0
1716205003910 12.05 0
1716205018361 12.04 0
1716205036830 11.95 0
1716205051285 12.06 0
1716205065737 11.84 0
1716205080172 12.01 0
1716205094601 12.0 0
1716205112683 11.99 0
1716205127045 11.98 0
1716205141565 11.75 0
1716205155832 11.86 0
1716205170497 12.17 0
1716205185054 12.1 0
1716205199412 11.93 0
1716205213719 11.97 0
1716205227994 11.94 0
1716205242332 11.96 0
1716205257144 11.99 0
1716205271374 11.84 0
1716205285662 11.94 0
1716205299996 11.96 0
1716205314453 12.06 0
1716205328817 11.96 0
1716205343199 11.99 0
1716205357413 11.82 0
1716205372845 12.0 0
1716205387237 11.91 0
1716205401616 11.98 0
1716205416069 12.13 0
1716205430384 11.88 0
1716205444867 12.02 0
1716205459162 11.91 0
1716205473524 11.94 0
1716205491919 11.99 0
1716205506367 11.95 0
1716205524235 11.89 0
1716205545772 11.94 0
1716205560056 11.85 0
1716205574707 12.22 0
1716205589132 11.85 0
1716205607773 12.11 0
1716205629412 12.17 0
1716205643957 12.08 0
1716205661924 11.99 0
1716205680495 11.9 0
1716205698769 12.27 0
1716205713054 11.88 0
1716205727538 12.08 0
1716205742073 12.09 0
1716205760241 12.13 0
1716205774752 12.01 0
1716205792898 12.11 0
1716205807733 12.02 0
1716205825121 12.08 0
1716205843088 12.02 0
1716205861343 12.09 0
1716205875931 11.99 0
1716205893885 11.91 0
1716205908995 12.05 0
1716205923565 12.05 0
1716205937997 11.95 0
1716205952535 12.03 0
1716205970504 12.02 0
1716205988771 11.93 0
1716206006897 12.04 0
1716206021969 11.98 0
1716206036343 11.79 0
1716206050847 12.09 0
1716206065419 11.95 0
1716206079776 11.97 0
1716206094068 11.85 0
1716206108586 12.03 0
1716206122987 11.96 0
1716206137705 11.81 0
1716206152063 11.9 0
1716206166472 11.93 0
1716206180683 11.83 0
1716206195143 11.91 0
1716206209413 11.86 0
1716206223936 12.08 0
1716206238371 12.0 0
1716206252872 12.0 0
1716206267164 11.88 0
1716206281428 11.87 0
1716206295925 12.08 0
1716206310284 11.9 0
1716206324893 11.95 0
1716206339445 12.11 0
1716206354408 12.07 0
1716206369253 12.12 0
1716206384004 12.03 0
1716206398551 12.02 0
1716206413253 12.07 0
1716206427783 12.03 0
1716206442462 11.92 0
1716206456897 11.87 0
1716206472060 12.0 0
1716206486767 12.17 0
1716206501182 11.99 0
1716206515747 11.86 0
1716206530059 11.89 0
1716206544467 11.92 0
1716206558830 11.86 0
1716206573983 11.76 0
1716206588414 11.94 0
1716206602831 11.92 0
1716206617481 11.97 0
1716206635497 11.9 0
1716206650136 11.89 0
1716206664684 12.02 0
1716206679279 12.08 0
1716206693421 11.74 0
1716206707973 12.1 0
1716206726018 11.99 0
1716206744075 11.83 0
1716206758399 11.86 0
1716206772784 11.89 0
1716206787796 11.9 0
1716206801778 11.73 0
1716206822887 11.82 0
1716206837219 11.84 0
1716206851544 11.96 0
1716206865793 11.88 0
1716206880314 12.2 0
1716206894900 11.77 0
1716206909187 11.96 0
1716206923470 11.92 0
1716206937644 11.87 0
1716206952015 12.04 0
1716206966417 12.09 0
1716206980808 11.97 0
1716206994950 11.88 0
1716207009541 12.26 0
1716207024109 12.08 0
1716207038301 11.87 0
1716207052742 12.1 0
1716207066879 11.82 0
1716207081124 11.92 0
1716207095302 11.82 0
1716207109387 11.78 0
1716207127740 11.99 0
1716207145640 11.93 0
1716207163691 12.0 0
1716207181910 11.95 0
1716207196121 11.88 0
1716207213868 11.79 0
1716207231988 11.8 0
1716207249839 11.86 0
1716207264178 11.9 0
1716207278374 11.85 0
1716207292743 12.0 0
1716207307045 11.95 0
1716207321344 11.97 0
1716207336754 12.32 0
1716207351174 12.01 0
1716207365375 11.88 0
1716207379636 12.01 0
1716207397346 11.88 0
1716207411549 11.84 0
1716207425682 11.86 0
1716207440212 12.14 0
1716207458200 11.82 0
1716207476084 11.9 0
1716207494071 12.06 0
1716207512614 11.96 0
1716207530418 11.9 0
1716207548678 11.86 0
1716207562932 11.96 0
1716207577196 11.89 0
1716207591615 12.15 0
1716207605832 11.95 0
1716207620175 11.88 0
1716207637732 11.88 0
1716207652091 12.1 0
1716207666894 12.09 0
1716207681142 11.91 0
1716207695453 11.95 0
1716207709556 11.83 0
1716207723752 11.83 0
1716207738030 11.96 0
1716207755950 11.93 0
1716207770423 12.17 0
1716207784626 11.92 0
1716207798914 12.01 0
1716207813201 11.99 0
1716207827348 11.86 0
1716207845077 11.74 0
1716207859348 11.97 0
1716207873492 11.83 0
1716207888190 11.93 0
1716207902310 11.83 0
1716207916593 11.93 0
1716207930882 11.94 0
1716207945282 12.08 0
1716207959794 12.0 0
1716207974093 11.95 0
1716207988474 12.04 0
1716208002995 12.2 0
1716208017434 12.05 0
1716208031895 12.11 0
1716208046317 12.03 0
1716208060635 11.92 0
1716208074966 11.94 0
1716208089320 12.02 0
1716208103660 11.98 0
1716208118265 12.26 0
1716208132627 12.0 0
1716208150564 11.94 0
1716208164924 12.03 0
1716208179099 11.84 0
1716208193539 12.1 0
1716208207960 12.0 0
1716208222341 11.97 0
1716208237141 11.98 0
1716208251472 11.92 0
1716208265640 11.77 0
1716208279902 11.9 0
1716208294132 11.82 0
1716208308421 11.91 0
1716208322664 11.82 0
1716208336727 11.75 0
1716208351429 11.86 0
1716208365710 11.95 0
1716208380090 12.04 0
1716208394492 11.97 0
1716208408911 12.03 0
1716208423174 11.91 0
1716208437356 11.84 0
1716208451731 11.95 0
1716208466212 12.16 0
1716208480629 12.05 0
1716208494915 11.96 0
1716208509406 11.87 0
1716208523651 11.87 0
1716208538048 11.85 0
1716208552257 11.89 0
1716208566691 12.01 0
1716208581171 12.12 0
1716208599503 12.21 0
1716208617141 11.78 0
1716208631408 11.94 0
1716208646023 12.13 0
1716208664284 11.94 0
1716208682482 11.94 0
1716208696819 11.96 0
1716208711080 11.96 0
1716208725261 11.88 0
1716208739790 12.11 0
1716208754179 11.97 0
1716208768602 11.98 0
1716208782889 11.93 0
1716208797872 12.13 0
1716208812122 11.81 0
1716208826523 11.97 0
1716208840847 11.9 0
1716208855561 12.15 0
1716208870032 11.96 0
1716208887888 11.98 0
1716208902203 11.96 0
1716208917173 12.12 0
1716208932134 12.08 0
1716208946232 11.73 0
1716208960406 11.77 0
1716208974755 12.0 0
1716208989076 11.98 0
1716209003279 11.88 0
1716209017603 11.97 0
1716209032563 12.03 0
1716209047006 12.02 0
1716209061377 12.02 0
1716209075690 11.92 0
1716209090075 11.98 0
1716209107900 11.78 0
1716209122697 11.87 0
1716209136911 11.87 0
1716209151532 11.84 0
1716209169200 11.8 0
1716209183319 11.76 0
1716209201264 11.92 0
1716209219608 11.73 0
1716209233905 11.92 0
1716209248425 12.08 0
1716209262680 11.9 0
1716209276963 11.92 0
1716209291337 11.99 0
1716209305751 11.92 0
1716209323604 11.93 0
1716209337872 11.87 0
1716209352210 11.97 0
1716209367569 11.92 0
1716209382097 11.91 0
1716209396502 11.98 0
1716209410835 11.9 0
1716209425249 11.95 0
1716209439585 11.86 0
1716209454036 12.09 0
1716209468291 11.87 0
1716209482935 11.82 0
1716209497192 11.87 0
1716209511385 11.83 0
1716209525644 11.87 0
1716209539977 11.89 0
1716209554505 12.09 0
1716209568837 11.89 0
1716209583268 12.07 0
1716209598011 11.92 0
1716209612349 11.91 0
1716209630226 11.78 0
1716209644702 12.03 0
1716209659121 11.97 0
1716209673494 11.97 0
1716209688125 12.2 0
1716209702786 12.27 0
1716209716941 11.82 0
1716209731332 12.02 0
1716209745688 11.94 0
1716209760079 11.97 0
1716209774488 12.09 0
1716209788900 12.09 0
1716209803294 11.93 0
1716209817753 12.08 0
1716209831979 11.81 0
1716209846364 11.99 0
1716209860673 11.93 0
1716209875273 12.21 0
1716209889639 11.99 0
1716209904060 11.91 0
1716209918554 11.86 0
1716209933367 11.91 0
1716209947919 12.07 0
1716209962230 11.92 0
1716209976591 11.81 0
1716209990920 11.91 0
1716210005151 11.88 0
1716210019646 12.08 0
1716210034130 11.97 0
1716210048962 11.97 0
1716210063187 11.86 0
1716210077512 11.95 0
1716210091854 11.94 0
1716210106133 11.93 0
1716210120459 11.96 0
1716210135635 12.05 0
1716210150068 12.0 0
1716210164914 11.96 0
1716210179213 11.92 0
1716210193709 12.13 0
1716210207968 11.85 0
1716210222240 11.88 0
1716210236469 11.86 0
1716210250675 11.77 0
1716210265135 11.97 0
1716210280320 11.92 0
1716210294767 12.03 0
1716210309114 11.77 0
1716210323388 11.88 0
1716210337763 11.97 0
1716210355680 11.98 0
1716210369988 11.93 0
1716210384597 12.21 0
1716210399006 11.99 0
1716210413439 12.07 0
1716210427910 12.1 0
1716210442283 11.98 0
1716210456752 12.07 0
1716210471148 11.96 0
1716210485717 12.16 0
1716210500427 11.95 0
1716210515090 12.2 0
1716210529363 11.86 0
1716210543873 12.18 0
1716210558153 11.92 0
1716210572506 11.97 0
1716210586836 11.94 0
1716210601176 11.93 0
1716210615853 11.77 0
1716210630355 12.09 0
1716210651888 11.86 0
1716210669732 11.86 0
1716210684142 11.97 0
1716210698474 11.79 0
1716210713281 11.88 0
1716210727571 11.85 0
1716210742338 12.26 0
1716210756709 11.89 0
1716210771107 11.87 0
1716210785444 11.87 0
1716210800016 12.12 0
1716210815463 12.02 0
1716210830274 11.87 0
1716210844611 11.93 0
1716210859024 12.01 0
1716210873393 11.9 0
1716210887579 11.74 0
1716210901924 11.9 0
1716210916423 12.08 0
1716210931087 12.1 0
1716210946079 12.05 0
1716210960516 11.9 0
1716210975075 12.05 0
1716210989500 11.93 0
1716211003806 11.88 0
1716211018056 11.87 0
1716211032361 11.91 0
1716211047207 12.39 0
1716211061661 11.95 0
1716211076207 12.03 0
1716211094285 11.75 0
1716211108573 11.88 0
1716211122918 11.93 0
1716211137241 11.94 0
1716211151718 12.09 0
1716211166157 12.02 0
1716211180426 11.89 0
1716211194834 11.97 0
1716211209323 11.95 0
1716211223863 11.97 0
1716211238408 12.16 0
1716211253067 12.1 0
1716211267891 11.97 0
1716211282192 11.91 0
1716211296508 11.91 0
1716211311003 11.88 0
1716211325228 11.82 0
1716211339587 11.87 0
1716211354045 12.04 0
1716211368693 11.83 0
1716211383313 11.79 0
1716211398019 12.31 0
1716211412402 12.0 0
1716211426642 11.78 0
1716211441148 12.07 0
1716211455469 11.92 0
1716211469887 12.01 0
1716211484274 11.98 0
1716211498715 12.0 0
1716211513165 12.02 0
1716211527702 11.93 0
1716211542194 11.98 0
1716211556613 11.96 0
1716211570869 11.84 0
1716211585168 11.81 0
1716211599987 11.87 0
1716211614284 11.91 0
1716211632231 11.87 0
1716211646470 11.75 0
1716211660679 11.82 0
1716211675043 11.95 0
1716211689478 11.93 0
1716211704029 12.07 0
1716211718385 11.76 0
1716211732607 11.81 0
1716211747103 12.05 0
1716211761314 11.83 0
1716211775623 11.95 0
1716211789944 11.88 0
1716211804357 11.98 0
1716211822968 11.97 0
1716211837265 11.85 0
1716211851618 11.94 0
1716211865993 11.89 0
1716211880448 12.0 0
1716211894714 11.84 0
1716211909158 12.02 0
1716211923803 12.18 0
1716211938940 12.14 0
1716211953107 11.76 0
1716211967485 11.97 0
1716211981798 11.82 0
1716211996048 11.79 0
1716212010464 11.93 0
1716212025159 11.83 0
1716212040463 12.06 0
1716212054958 11.81 0
1716212069285 11.8 0
1716212083757 11.97 0
1716212098224 12.0 0
1716212112805 12.18 0
1716212127148 11.94 0
1716212141994 12.0 0
1716212156739 11.79 0
1716212170978 11.81 0
1716212185690 11.81 0
1716212200024 11.89 0
1716212214529 12.04 0
1716212229079 11.95 0
1716212243544 12.02 0
1716212258336 11.98 0
1716212273288 12.01 0
1716212287789 12.04 0
1716212302268 12.01 0
1716212316697 11.99 0
1716212330942 11.76 0
1716212345118 11.72 0
1716212359661 12.04 0
1716212373976 11.9 0
1716212388809 11.89 0
1716212403257 11.99 0
1716212417779 12.05 0
1716212432337 12.06 0
1716212446700 11.9 0
1716212461270 12.04 0
1716212475623 11.92 0
1716212489832 11.83 0
1716212504675 11.86 0
1716212519263 12.1 0
1716212533708 11.95 0
1716212551972 11.89 0
1716212566360 11.95 0
1716212581040 12.01 0
1716212595514 12.01 0
1716212610365 11.98 0
1716212628277 11.83 0
1716212642734 12.01 0
1716212656960 11.81 0
1716212671376 12.0 0
1716212685954 12.12 0
1716212700477 12.03 0
1716212715348 11.91 0
1716212729833 12.03 0
1716212744463 11.89 0
1716212758879 11.96 0
1716212773338 11.98 0
1716212787747 11.97 0
1716212802148 11.97 0
1716212816664 12.06 0
1716212831682 12.02 0
1716212846112 12.02 0
1716212860361 11.88 0
1716212874741 12.05 0
1716212889016 11.89 0
1716212903185 11.88 0
1716212917429 11.92 0
1716212931650 11.92 0
1716212946385 11.93 0
1716212960676 11.99 0
1716212975344 11.91 0
1716212989695 11.99 0
1716213004048 12.05 0
1716213018135 11.75 0
1716213032580 12.12 0
1716213047405 11.98 0
1716213065789 11.92 0
1716213083552 11.8 0
1716213101949 11.83 0
1716213116205 11.93 0
1716213130292 11.79 0
1716213144619 12.04 0
1716213159036 12.11 0
1716213173253 11.95 0
1716213187499 11.96 0
1716213201744 11.92 0
1716213215919 11.87 0
1716213230319 12.01 0
1716213244549 11.94 0
1716213258888 11.93 0
1716213273414 12.1 0
1716213291020 11.86 0
1716213305198 11.71 0
1716213319384 11.87 0
1716213333411 11.79 0
1716213347609 11.91 0
1716213361763 11.84 0
1716213375929 11.85 0
1716213390500 11.79 0
1716213404751 11.97 0
1716213418995 11.96 0
1716213433640 12.01 0
1716213447924 11.97 0
1716213462133 11.91 0
1716213476360 11.97 0
1716213490655 11.94 0
1716213505218 11.88 0
1716213519439 11.9 0
1716213537289 11.97 0
1716213551765 11.86 0
1716213566083 11.94 0
1716213580281 11.9 0
1716213594560 11.92 0
1716213608904 11.99 0
1716213623524 11.85 0
1716213638141 12.0 0
1716213652467 12.04 0
1716213666695 11.89 0
1716213681707 12.07 0
1716213695794 11.79 0
1716213710125 12.02 0
1716213724468 12.03 0
1716213739204 11.96 0
1716213753780 11.93 0
1716213768096 11.99 0
1716213782436 12.0 0
1716213796939 12.19 0
1716213811086 11.85 0
1716213825387 11.98 0
1716213840101 11.99 0
1716213854768 12.25 0
1716213869158 12.04 0
1716213883555 12.01 0
1716213897764 11.94 0
1716213911832 11.72 0
1716213926183 12.03 0
1716213940768 12.05 0
1716213955082 11.98 0
1716213969878 12.45 0
1716213984073 11.88 0
1716213998316 11.92 0
1716214016191 11.81 0
1716214030507 11.97 0
1716214045922 12.1 0
1716214060025 11.8 0
1716214074181 11.89 0
1716214088817 11.8 0
1716214103049 11.92 0
1716214117205 11.82 0
1716214131347 11.86 0
1716214145851 12.16 0
1716214160090 11.97 0
1716214174104 11.74 0
1716214188468 12.0 0
1716214203360 11.92 0
1716214217762 12.04 0
1716214232043 11.99 0
1716214246280 11.94 0
1716214260667 11.99 0
1716214274923 11.9 0
1716214289276 11.95 0
1716214303607 12.01 0
1716214318317 12.0 0
1716214332492 11.9 0
1716214346748 11.94 0
1716214360875 11.86 0
1716214375137 11.95 0
1716214389525 12.08 0
1716214403842 12.0 0
1716214418558 11.96 0
1716214432760 11.9 0
1716214447737 12.06 0
1716214461996 11.96 0
1716214476367 11.99 0
1716214490794 11.94 0
1716214504982 11.9 0
1716214519196 11.92 0
1716214533475 11.98 0
1716214547855 12.02 0
1716214566123 11.86 0
1716214580377 11.91 0
1716214594753 12.04 0
1716214609078 12.01 0
1716214623237 11.86 0
1716214637593 11.86 0
1716214651880 11.97 0
1716214666235 12.03 0
1716214684727 11.97 0
1716214698990 11.94 0
1716214713265 11.96 0
1716214727615 11.95 0
1716214745644 11.94 0
1716214760170 12.05 0
1716214774605 12.15 0
1716214789566 12.07 0
1716214804090 12.11 0
1716214818499 12.1 0
1716214832900 12.06 0
1716214847288 12.06 0
1716214861811 12.16 0
1716214876244 12.12 0
1716214890600 11.97 0
1716214905615 12.19 0
1716214920050 12.11 0
1716214934482 12.11 0
1716214948898 12.11 0
1716214963406 12.05 0
1716214977630 11.87 0
1716214991887 11.85 0
1716215006275 12.04 0
1716215021201 12.12 0
1716215035539 12.02 0
1716215049792 11.86 0
1716215064102 12.0 0
1716215078531 12.07 0
1716215092911 12.0 0
1716215107296 12.04 0
1716215121774 12.15 0
1716215136631 12.04 0
1716215150990 11.94 0
1716215165281 11.94 0
1716215179722 12.01 0
1716215194172 12.04 0
1716215208316 11.78 0
1716215222626 11.97 0
1716215237007 12.09 0
1716215251988 12.16 0
1716215266406 12.09 0
1716215280720 11.99 0
1716215295270 12.19 0
1716215309635 11.94 0
1716215324276 12.28 0
1716215338783 12.13 0
1716215353274 12.11 0
1716215368419 11.96 0
1716215382792 12.06 0
1716215397263 12.13 0
1716215411616 12.02 0
1716215425928 12.01 0
1716215443981 11.94 0
1716215458460 11.96 0
