1716200145027 0.9685 0
1716200161941 0.264 0
1716200183022 0.1479 0
1716200204883 0.0335 0
1716200226580 -0.005 0
1716200244525 -0.0949 0
1716200266286 -0.1747 0
1716200283988 -0.1998 0
1716200301969 -0.2414 0
1716200320486 -0.2885 0
1716200341640 -0.3324 0
1716200363612 -0.3797 0
1716200381289 -0.3829 0
1716200399400 -0.4252 0
1716200417495 -0.46 0
1716200436192 -0.5013 0
1716200458416 -0.4999 0
1716200480069 -0.5258 0
1716200501666 -0.5303 0
1716200523258 -0.5604 0
1716200545322 -0.5772 0
1716200563818 -0.5594 0
1716200581933 -0.5547 0
1716200599802 -0.5998 0
1716200621369 -0.6012 0
1716200642894 -0.6344 0
1716200661186 -0.6425 0
1716200682560 -0.6617 0
1716200700295 -0.6393 0
1716200718004 -0.624 0
1716200735939 -0.6652 0
1716200753784 -0.6885 0
1716200771679 -0.6936 0
1716200790150 -0.6883 0
1716200808045 -0.7088 0
1716200826113 -0.6915 0
1716200843885 -0.6729 0
1716200861873 -0.6963 0
1716200879965 -0.6985 0
1716200898115 -0.7042 0
1716200916208 -0.7312 0
1716200937628 -0.7466 0
1716200959086 -0.7231 0
1716200976919 -0.7189 0
1716200994648 -0.7351 0
1716201012508 -0.7418 0
1716201030317 -0.7395 0
1716201048258 -0.7332 0
1716201066023 -0.719 0
1716201087476 -0.7559 0
1716201106912 -0.7548 0
1716201124666 -0.7614 0
1716201142496 -0.7578 0
1716201163937 -0.7697 0
1716201181549 -0.7358 0
1716201199219 -0.7546 0
1716201217309 -0.7628 0
1716201235178 -0.7628 0
1716201249500 -0.7775 0
1716201263825 -0.7792 0
1716201285343 -0.7697 0
1716201303273 -0.7752 0
1716201321068 -0.7744 0
1716201339133 -0.7437 0
1716201356999 -0.7637 0
1716201374953 -0.7669 0
1716201392732 -0.7707 0
1716201410302 -0.7464 0
1716201427926 -0.7676 0
1716201445731 -0.7779 0
1716201463945 -0.7876 0
1716201481842 -0.791 0
1716201499600 -0.7863 0
1716201517432 -0.7982 0
1716201535253 -0.7917 0
1716201549871 -0.7799 0
1716201564355 -0.7991 0
1716201586160 -0.8065 0
1716201604126 -0.8009 0
1716201622022 -0.8178 0
1716201639974 -0.7939 0
1716201657962 -0.7976 0
1716201672415 -0.8045 0
1716201687052 -0.8032 0
1716201704744 -0.8005 0
1716201722610 -0.7942 0
1716201740433 -0.8144 0
1716201758142 -0.8129 0
1716201772396 -0.8172 0
1716201790435 -0.8074 0
1716201809065 -0.814 0
1716201830604 -0.8169 0
1716201848640 -0.801 0
1716201866555 -0.8161 0
1716201884488 -0.8062 0
1716201902422 -0.7915 0
1716201916548 -0.7765 0
1716201931473 -0.7994 0
1716201946112 -0.8221 0
1716201968013 -0.8231 0
1716201985900 -0.8212 0
1716202003710 -0.8082 0
1716202021820 -0.8218 0
1716202040232 -0.8259 0
1716202061990 -0.829 0
1716202079703 -0.8265 0
1716202097688 -0.8359 0
1716202115473 -0.8402 0
1716202129851 -0.8321 0
1716202146764 -0.8341 0
1716202165274 -0.8369 0
1716202183321 -0.8397 0
1716202201259 -0.8351 0
1716202219296 -0.8378 0
1716202240658 -0.842 0
1716202258787 -0.8277 0
1716202276580 -0.831 0
1716202294859 -0.8286 0
1716202313151 -0.8314 0
1716202331131 -0.824 0
1716202345579 -0.8264 0
1716202360092 -0.8429 0
1716202374880 -0.8393 0
1716202389146 -0.8447 0
1716202403557 -0.8297 0
1716202417910 -0.8466 0
1716202435696 -0.8455 0
1716202453928 -0.8395 0
1716202468112 -0.846 0
1716202489321 -0.8448 0
1716202507641 -0.8491 0
1716202522218 -0.8361 0
1716202536417 -0.828 0
1716202550935 -0.8439 0
1716202565196 -0.8551 0
1716202579512 -0.8572 0
1716202593949 -0.8562 0
1716202608625 -0.848 0
1716202623223 -0.8451 0
1716202637649 -0.8513 0
1716202655472 -0.8467 0
1716202669807 -0.8476 0
1716202687790 -0.8425 0
1716202702109 -0.8515 0
1716202716461 -0.85 0
1716202731373 -0.8319 0
1716202745707 -0.8321 0
1716202760029 -0.8296 0
1716202774364 -0.8483 0
1716202788934 -0.8449 0
1716202810120 -0.8537 0
1716202828137 -0.8573 0
1716202846667 -0.8584 0
1716202864709 -0.8564 0
1716202879138 -0.86 0
1716202897417 -0.8584 0
1716202912005 -0.8554 0
1716202926431 -0.8478 0
1716202944520 -0.8518 0
1716202962999 -0.8555 0
1716202977406 -0.8305 0
1716202991691 -0.8437 0
1716203006096 -0.8406 0
1716203020503 -0.8454 0
1716203035051 -0.8598 0
1716203049390 -0.8576 0
1716203063940 -0.8562 0
1716203078253 -0.854 0
1716203092804 -0.8501 0
1716203107108 -0.8623 0
1716203121436 -0.861 0
1716203135968 -0.8606 0
1716203150495 -0.8681 0
1716203172440 -0.8531 0
1716203186657 -0.8516 0
1716203200869 -0.8619 0
1716203215257 -0.8623 0
1716203229338 -0.8686 0
1716203247212 -0.8616 0
1716203264873 -0.8587 0
1716203279353 -0.8686 0
1716203293584 -0.8713 0
1716203311552 -0.8679 0
1716203329598 -0.865 0
1716203347232 -0.8606 0
1716203365014 -0.8649 0
1716203383032 -0.8525 0
1716203397641 -0.8404 0
1716203411946 -0.8502 0
1716203426426 -0.8548 0
1716203440849 -0.8588 0
1716203455160 -0.8648 0
1716203469811 -0.8677 0
1716203484238 -0.8651 0
1716203498529 -0.8709 0
1716203513474 -0.8666 0
1716203527919 -0.8736 0
1716203542615 -0.871 0
1716203557188 -0.8713 0
1716203571781 -0.8767 0
1716203589751 -0.8661 0
1716203604071 -0.866 0
1716203622467 -0.8696 0
1716203644008 -0.8711 0
1716203662102 -0.8711 0
1716203680051 -0.8737 0
1716203697761 -0.8711 0
1716203715470 -0.8687 0
1716203733265 -0.8768 0
1716203747777 -0.8766 0
1716203769550 -0.8707 0
1716203784052 -0.8758 0
1716203798458 -0.8687 0
1716203812910 -0.8748 0
1716203827088 -0.8698 0
1716203844887 -0.876 0
1716203863224 -0.8723 0
1716203877411 -0.87 0
1716203891592 -0.8745 0
1716203909586 -0.8694 0
1716203927568 -0.8724 0
1716203945334 -0.8734 0
1716203959849 -0.8755 0
1716203974373 -0.8764 0
1716203992350 -0.8789 0
1716204006499 -0.8757 0
1716204020851 -0.8732 0
1716204035123 -0.8807 0
1716204049478 -0.8795 0
1716204063770 -0.8827 0
1716204078011 -0.8737 0
1716204092840 -0.8867 0
1716204110533 -0.8766 0
1716204128501 -0.8722 0
1716204142687 -0.8778 0
1716204156817 -0.8774 0
1716204171011 -0.8705 0
1716204185554 -0.883 0
1716204199863 -0.8804 0
1716204214291 -0.8796 0
1716204228652 -0.8689 0
1716204242952 -0.8746 0
1716204257445 -0.8743 0
1716204271773 -0.8781 0
1716204286063 -0.8727 0
1716204300427 -0.8743 0
1716204314818 -0.8672 0
1716204329306 -0.879 0
1716204343620 -0.8843 0
1716204358099 -0.8869 0
1716204375975 -0.8802 0
1716204390185 -0.8787 0
1716204404795 -0.8654 0
1716204418990 -0.865 0
1716204433322 -0.8768 0
1716204448741 -0.8672 0
1716204463237 -0.876 0
1716204477917 -0.8722 0
1716204492269 -0.8739 0
1716204506573 -0.8739 0
1716204520941 -0.879 0
1716204535299 -0.8838 0
1716204549457 -0.8751 0
1716204564033 -0.8843 0
1716204578265 -0.8833 0
1716204592584 -0.8771 0
1716204606787 -0.8786 0
1716204620980 -0.8843 0
1716204635489 -0.8825 0
1716204649903 -0.8851 0
1716204664403 -0.8794 0
1716204678939 -0.8831 0
1716204693237 -0.8832 0
1716204707539 -0.8903 0
1716204725353 -0.886 0
1716204739717 -0.8789 0
1716204754123 -0.8786 0
1716204768362 -0.8691 0
1716204782668 -0.8806 0
1716204797566 -0.8881 0
1716204811938 -0.8839 0
1716204826311 -0.8853 0
1716204840537 -0.886 0
1716204854981 -0.8839 0
1716204869421 -0.8864 0
1716204883892 -0.8849 0
1716204898288 -0.8894 0
1716204913290 -0.8896 0
1716204931337 -0.8884 0
1716204945502 -0.8836 0
1716204960008 -0.8914 0
1716204974580 -0.8896 0
1716204989308 -0.8869 0
1716205003892 -0.883 0
1716205018347 -0.8892 0
1716205036816 -0.8808 0
1716205051260 -0.8901 0
1716205065722 -0.8829 0
1716205080158 -0.8842 0
1716205094585 -0.8842 0
1716205112670 -0.8899 0
1716205127031 -0.8914 0
1716205141550 -0.8906 0
1716205155818 -0.8912 0
1716205170480 -0.893 0
1716205185039 -0.8919 0
1716205199397 -0.8895 0
1716205213706 -0.8892 0
1716205227969 -0.8875 0
1716205242318 -0.8941 0
1716205257129 -0.8902 0
1716205271359 -0.893 0
1716205285648 -0.8917 0
1716205299982 -0.8885 0
1716205314438 -0.8887 0
1716205328803 -0.8955 0
1716205343186 -0.8938 0
1716205357396 -0.8821 0
1716205372831 -0.8809 0
1716205387223 -0.8573 0
1716205401603 -0.868 0
1716205416055 -0.8705 0
1716205430368 -0.8873 0
1716205444853 -0.8841 0
1716205459148 -0.893 0
1716205473505 -0.8927 0
1716205491904 -0.8837 0
1716205506352 -0.8903 0
1716205524222 -0.8901 0
1716205545760 -0.8916 0
1716205560041 -0.8838 0
1716205574681 -0.8858 0
1716205589118 -0.8821 0
1716205607759 -0.8807 0
1716205629399 -0.8836 0
1716205643943 -0.8844 0
1716205661911 -0.8894 0
1716205680481 -0.8903 0
1716205698752 -0.8949 0
1716205713042 -0.8932 0
1716205727522 -0.8911 0
1716205742058 -0.8938 0
1716205760226 -0.8931 0
1716205774739 -0.8921 0
1716205792884 -0.8936 0
1716205807719 -0.8967 0
1716205825105 -0.8911 0
1716205843075 -0.894 0
1716205861328 -0.8955 0
1716205875918 -0.8963 0
1716205893856 -0.9002 0
1716205908980 -0.8948 0
1716205923553 -0.8924 0
1716205937983 -0.8915 0
1716205952521 -0.8921 0
1716205970491 -0.8927 0
1716205988757 -0.893 0
1716206006883 -0.8955 0
1716206021940 -0.8965 0
1716206036329 -0.8834 0
1716206050822 -0.8705 0
1716206065407 -0.8849 0
1716206079761 -0.8887 0
1716206094045 -0.8875 0
1716206108571 -0.8927 0
1716206122972 -0.8843 0
1716206137687 -0.8883 0
1716206152038 -0.8943 0
1716206166459 -0.8899 0
1716206180669 -0.8858 0
1716206195129 -0.8911 0
1716206209400 -0.8874 0
1716206223922 -0.8945 0
1716206238358 -0.8938 0
1716206252858 -0.8943 0
1716206267150 -0.895 0
1716206281410 -0.8933 0
1716206295907 -0.89 0
1716206310271 -0.8936 0
1716206324874 -0.8993 0
1716206339430 -0.8961 0
1716206354394 -0.9003 0
1716206369239 -0.8948 0
1716206383992 -0.8935 0
1716206398536 -0.8914 0
1716206413240 -0.8889 0
1716206427769 -0.8975 0
1716206442448 -0.8942 0
1716206456883 -0.8975 0
1716206472042 -0.8991 0
1716206486754 -0.8946 0
1716206501155 -0.901 0
1716206515734 -0.8954 0
1716206530044 -0.8962 0
1716206544454 -0.898 0
1716206558816 -0.9008 0
1716206573970 -0.8965 0
1716206588402 -0.8991 0
1716206602817 -0.89 0
1716206617464 -0.8914 0
1716206635482 -0.8965 0
1716206650123 -0.8995 0
1716206664669 -0.8931 0
1716206679264 -0.8898 0
1716206693409 -0.8854 0
1716206707957 -0.8922 0
1716206725992 -0.9005 0
1716206744060 -0.8988 0
1716206758386 -0.8986 0
1716206772758 -0.8991 0
1716206787783 -0.9006 0
1716206801764 -0.8919 0
1716206822870 -0.8954 0
1716206837206 -0.8952 0
1716206851530 -0.8996 0
1716206865778 -0.897 0
1716206880299 -0.8976 0
1716206894887 -0.9005 0
1716206909172 -0.8979 0
1716206923456 -0.9001 0
1716206937631 -0.8973 0
1716206952001 -0.8985 0
1716206966399 -0.8947 0
1716206980794 -0.8991 0
1716206994930 -0.8938 0
1716207009527 -0.8967 0
1716207024095 -0.8968 0
1716207038286 -0.9031 0
1716207052729 -0.9013 0
1716207066858 -0.8953 0
1716207081109 -0.9016 0
1716207095290 -0.9043 0
1716207109373 -0.904 0
1716207127724 -0.9028 0
1716207145618 -0.9012 0
1716207163664 -0.9012 0
1716207181897 -0.9017 0
1716207196102 -0.8989 0
1716207213854 -0.904 0
1716207231970 -0.9002 0
1716207249823 -0.9042 0
1716207264157 -0.9035 0
1716207278359 -0.9005 0
1716207292725 -0.9026 0
1716207307031 -0.9055 0
1716207321329 -0.9025 0
1716207336738 -0.8993 0
1716207351159 -0.9025 0
1716207365361 -0.9008 0
1716207379619 -0.9072 0
1716207397332 -0.9072 0
1716207411537 -0.9037 0
1716207425668 -0.9003 0
1716207440195 -0.9008 0
1716207458168 -0.8993 0
1716207476071 -0.9026 0
1716207494050 -0.9009 0
1716207512602 -0.9043 0
1716207530400 -0.9027 0
1716207548664 -0.9026 0
1716207562918 -0.9033 0
1716207577181 -0.9044 0
1716207591600 -0.8996 0
1716207605819 -0.9024 0
1716207620161 -0.9041 0
1716207637718 -0.9044 0
1716207652078 -0.905 0
1716207666872 -0.9081 0
1716207681119 -0.9059 0
1716207695442 -0.9014 0
1716207709543 -0.9021 0
1716207723738 -0.9007 0
1716207738015 -0.9047 0
1716207755936 -0.9068 0
1716207770410 -0.9024 0
1716207784611 -0.9033 0
1716207798900 -0.9068 0
1716207813187 -0.9048 0
1716207827334 -0.9025 0
1716207845057 -0.9072 0
1716207859332 -0.9069 0
1716207873479 -0.9056 0
1716207888177 -0.9018 0
1716207902296 -0.8957 0
1716207916580 -0.9022 0
1716207930866 -0.9016 0
1716207945268 -0.9052 0
1716207959781 -0.9027 0
1716207974078 -0.9084 0
1716207988460 -0.9038 0
1716208002980 -0.8996 0
1716208017416 -0.9027 0
1716208031881 -0.8996 0
1716208046302 -0.9056 0
1716208060619 -0.8965 0
1716208074952 -0.8981 0
1716208089304 -0.902 0
1716208103648 -0.9033 0
1716208118251 -0.9048 0
1716208132613 -0.9033 0
1716208150546 -0.9062 0
1716208164911 -0.9065 0
1716208179084 -0.9007 0
1716208193524 -0.906 0
1716208207946 -0.9046 0
1716208222328 -0.899 0
1716208237127 -0.9033 0
1716208251457 -0.9034 0
1716208265626 -0.9047 0
1716208279883 -0.9038 0
1716208294117 -0.9097 0
1716208308383 -0.9061 0
1716208322650 -0.9018 0
1716208336713 -0.9091 0
1716208351415 -0.9073 0
1716208365694 -0.9057 0
1716208380076 -0.8997 0
1716208394471 -0.9034 0
1716208408897 -0.9057 0
1716208423161 -0.9066 0
1716208437342 -0.9066 0
1716208451718 -0.9033 0
1716208466197 -0.9063 0
1716208480613 -0.908 0
1716208494902 -0.9067 0
1716208509387 -0.9043 0
1716208523624 -0.906 0
1716208538029 -0.9069 0
1716208552243 -0.9068 0
1716208566679 -0.907 0
1716208581147 -0.9073 0
1716208599485 -0.9071 0
1716208617126 -0.9066 0
1716208631394 -0.9091 0
1716208646005 -0.9081 0
1716208664266 -0.9067 0
1716208682469 -0.9066 0
1716208696804 -0.9062 0
1716208711067 -0.9085 0
1716208725246 -0.9084 0
1716208739772 -0.903 0
1716208754161 -0.9063 0
1716208768587 -0.9041 0
1716208782874 -0.9071 0
1716208797858 -0.9083 0
1716208812096 -0.9053 0
1716208826510 -0.9098 0
1716208840833 -0.907 0
1716208855547 -0.9069 0
1716208870019 -0.9036 0
1716208887874 -0.9011 0
1716208902189 -0.9039 0
1716208917150 -0.9075 0
1716208932121 -0.904 0
1716208946210 -0.9025 0
1716208960388 -0.9072 0
1716208974739 -0.9049 0
1716208989063 -0.9071 0
1716209003265 -0.9117 0
1716209017589 -0.9097 0
1716209032549 -0.9083 0
1716209046992 -0.9057 0
1716209061363 -0.9076 0
1716209075676 -0.9033 0
1716209090044 -0.9045 0
1716209107880 -0.9057 0
1716209122683 -0.9107 0
1716209136895 -0.906 0
1716209151519 -0.9109 0
1716209169184 -0.9078 0
1716209183306 -0.9083 0
1716209201250 -0.909 0
1716209219594 -0.9052 0
1716209233890 -0.9106 0
1716209248412 -0.9077 0
1716209262668 -0.9067 0
1716209276949 -0.9072 0
1716209291322 -0.9103 0
1716209305733 -0.9092 0
1716209323590 -0.9078 0
1716209337854 -0.9083 0
1716209352197 -0.909 0
1716209367556 -0.9116 0
1716209382083 -0.9089 0
1716209396487 -0.9094 0
1716209410821 -0.9068 0
1716209425230 -0.9092 0
1716209439572 -0.9059 0
1716209454023 -0.9072 0
1716209468277 -0.9095 0
1716209482923 -0.9097 0
1716209497178 -0.9097 0
1716209511366 -0.9066 0
1716209525630 -0.9099 0
1716209539963 -0.9094 0
1716209554490 -0.9034 0
1716209568823 -0.908 0
1716209583254 -0.9081 0
1716209597995 -0.9073 0
1716209612336 -0.9052 0
1716209630213 -0.9116 0
1716209644688 -0.9129 0
1716209659106 -0.9103 0
1716209673479 -0.9109 0
1716209688110 -0.9077 0
1716209702771 -0.9081 0
1716209716928 -0.9085 0
1716209731319 -0.9092 0
1716209745674 -0.9083 0
1716209760061 -0.907 0
1716209774475 -0.9136 0
1716209788886 -0.9086 0
1716209803280 -0.9091 0
1716209817741 -0.9079 0
1716209831965 -0.905 0
1716209846346 -0.9089 0
1716209860659 -0.9123 0
1716209875259 -0.9091 0
1716209889624 -0.9075 0
1716209904044 -0.9105 0
1716209918540 -0.9067 0
1716209933353 -0.9006 0
1716209947906 -0.9064 0
1716209962216 -0.9034 0
1716209976576 -0.91 0
1716209990905 -0.9098 0
1716210005136 -0.9124 0
1716210019626 -0.9137 0
1716210034115 -0.9097 0
1716210048948 -0.9128 0
1716210063174 -0.9081 0
1716210077472 -0.9103 0
1716210091841 -0.9101 0
1716210106120 -0.9102 0
1716210120440 -0.9097 0
1716210135620 -0.9104 0
1716210150054 -0.9089 0
1716210164898 -0.9083 0
1716210179198 -0.9117 0
1716210193696 -0.9146 0
1716210207955 -0.9132 0
1716210222226 -0.9065 0
1716210236455 -0.9076 0
1716210250662 -0.9101 0
1716210265115 -0.9102 0
1716210280293 -0.9095 0
1716210294735 -0.9137 0
1716210309099 -0.9113 0
1716210323373 -0.9134 0
1716210337749 -0.9098 0
1716210355665 -0.9105 0
1716210369967 -0.9158 0
1716210384583 -0.9137 0
1716210398992 -0.9126 0
1716210413424 -0.9131 0
1716210427897 -0.9126 0
1716210442264 -0.9092 0
1716210456737 -0.9109 0
1716210471135 -0.9136 0
1716210485704 -0.9094 0
1716210500416 -0.91 0
1716210515075 -0.9113 0
1716210529346 -0.9117 0
1716210543860 -0.9137 0
1716210558139 -0.9137 0
1716210572483 -0.9131 0
1716210586823 -0.9117 0
1716210601162 -0.9144 0
1716210615840 -0.9097 0
1716210630342 -0.9114 0
1716210651871 -0.9119 0
1716210669714 -0.9088 0
1716210684127 -0.913 0
1716210698461 -0.9138 0
1716210713266 -0.9064 0
1716210727556 -0.9098 0
1716210742324 -0.911 0
1716210756692 -0.9157 0
1716210771093 -0.91 0
1716210785431 -0.9141 0
1716210799994 -0.9147 0
1716210815448 -0.9134 0
1716210830256 -0.9137 0
1716210844596 -0.9107 0
1716210859009 -0.9088 0
1716210873375 -0.9107 0
1716210887562 -0.9129 0
1716210901905 -0.9143 0
1716210916408 -0.9146 0
1716210931073 -0.9127 0
1716210946066 -0.913 0
1716210960503 -0.9072 0
1716210975060 -0.9127 0
1716210989485 -0.9148 0
1716211003790 -0.9116 0
1716211018043 -0.914 0
1716211032347 -0.9141 0
1716211047179 -0.9145 0
1716211061629 -0.9134 0
1716211076182 -0.9117 0
1716211094271 -0.9143 0
1716211108558 -0.9111 0
1716211122904 -0.9146 0
1716211137227 -0.9129 0
1716211151703 -0.9153 0
1716211166144 -0.9164 0
1716211180413 -0.9111 0
1716211194815 -0.913 0
1716211209303 -0.917 0
1716211223848 -0.9118 0
1716211238393 -0.9168 0
1716211253054 -0.9166 0
1716211267876 -0.9105 0
1716211282178 -0.9121 0
1716211296493 -0.9113 0
1716211310990 -0.9135 0
1716211325211 -0.9121 0
1716211339573 -0.9144 0
1716211354014 -0.9129 0
1716211368673 -0.9154 0
1716211383301 -0.9117 0
1716211398006 -0.9112 0
1716211412388 -0.9099 0
1716211426628 -0.9131 0
1716211441133 -0.9159 0
1716211455455 -0.9163 0
1716211469873 -0.9112 0
1716211484258 -0.9135 0
1716211498699 -0.9115 0
1716211513142 -0.9145 0
1716211527687 -0.9143 0
1716211542179 -0.915 0
1716211556599 -0.9146 0
1716211570855 -0.9147 0
1716211585154 -0.9134 0
1716211599973 -0.9147 0
1716211614269 -0.9126 0
1716211632216 -0.9113 0
1716211646456 -0.914 0
1716211660661 -0.9136 0
1716211675023 -0.9141 0
1716211689463 -0.9147 0
1716211704014 -0.9124 0
1716211718372 -0.9117 0
1716211732584 -0.9142 0
1716211747089 -0.9151 0
1716211761299 -0.9162 0
1716211775609 -0.9159 0
1716211789928 -0.9161 0
1716211804343 -0.9165 0
1716211822950 -0.914 0
1716211837252 -0.9163 0
1716211851604 -0.9113 0
1716211865979 -0.9132 0
1716211880435 -0.9134 0
1716211894700 -0.9155 0
1716211909140 -0.9138 0
1716211923789 -0.9171 0
1716211938926 -0.9131 0
1716211953093 -0.9131 0
1716211967471 -0.9138 0
1716211981781 -0.9084 0
1716211996030 -0.9114 0
1716212010452 -0.9132 0
1716212025127 -0.9147 0
1716212040436 -0.9142 0
1716212054944 -0.9146 0
1716212069271 -0.9185 0
1716212083743 -0.9109 0
1716212098211 -0.9152 0
1716212112792 -0.9163 0
1716212127135 -0.9141 0
1716212141981 -0.9162 0
1716212156725 -0.9137 0
1716212170964 -0.9133 0
1716212185675 -0.9177 0
1716212200009 -0.9122 0
1716212214514 -0.9176 0
1716212229062 -0.9173 0
1716212243523 -0.9128 0
1716212258322 -0.9161 0
1716212273273 -0.9155 0
1716212287774 -0.9113 0
1716212302255 -0.911 0
1716212316684 -0.9143 0
1716212330929 -0.9139 0
1716212345104 -0.9163 0
1716212359648 -0.9154 0
1716212373964 -0.9173 0
1716212388795 -0.915 0
1716212403242 -0.9158 0
1716212417759 -0.9179 0
1716212432324 -0.9164 0
1716212446688 -0.9164 0
1716212461256 -0.9148 0
1716212475608 -0.9146 0
1716212489817 -0.9174 0
1716212504660 -0.9152 0
1716212519249 -0.918 0
1716212533693 -0.9166 0
1716212551958 -0.9144 0
1716212566345 -0.9155 0
1716212581026 -0.9181 0
1716212595500 -0.9147 0
1716212610352 -0.9157 0
1716212628261 -0.9174 0
1716212642721 -0.9176 0
1716212656945 -0.9158 0
1716212671362 -0.9179 0
1716212685940 -0.9152 0
1716212700462 -0.9151 0
1716212715331 -0.9129 0
1716212729819 -0.9128 0
1716212744447 -0.9127 0
1716212758864 -0.9157 0
1716212773325 -0.912 0
1716212787733 -0.9118 0
1716212802135 -0.9148 0
1716212816650 -0.9154 0
1716212831655 -0.9167 0
1716212846096 -0.9162 0
1716212860348 -0.9146 0
1716212874726 -0.9185 0
1716212889001 -0.9145 0
1716212903173 -0.9168 0
1716212917417 -0.9141 0
1716212931635 -0.9154 0
1716212946371 -0.9167 0
1716212960660 -0.9153 0
1716212975330 -0.9147 0
1716212989679 -0.9175 0
1716213004034 -0.9183 0
1716213018119 -0.9177 0
1716213032556 -0.9185 0
1716213047391 -0.914 0
1716213065774 -0.9126 0
1716213083538 -0.9189 0
1716213101937 -0.9126 0
1716213116184 -0.9158 0
1716213130274 -0.9155 0
1716213144602 -0.9157 0
1716213159022 -0.9193 0
1716213173238 -0.9148 0
1716213187478 -0.9159 0
1716213201729 -0.9165 0
1716213215904 -0.9185 0
1716213230303 -0.9176 0
1716213244530 -0.9157 0
1716213258874 -0.915 0
1716213273401 -0.9168 0
1716213291008 -0.9141 0
1716213305185 -0.9165 0
1716213319372 -0.9149 0
1716213333398 -0.9156 0
1716213347594 -0.9193 0
1716213361750 -0.9188 0
1716213375916 -0.9174 0
1716213390486 -0.9181 0
1716213404739 -0.9176 0
1716213418981 -0.9184 0
1716213433626 -0.9173 0
1716213447910 -0.9172 0
1716213462118 -0.9138 0
1716213476347 -0.9189 0
1716213490642 -0.9142 0
1716213505205 -0.9183 0
1716213519427 -0.9165 0
1716213537268 -0.9181 0
1716213551751 -0.9189 0
1716213566064 -0.9162 0
1716213580268 -0.9148 0
1716213594545 -0.9168 0
1716213608890 -0.9178 0
1716213623501 -0.9186 0
1716213638124 -0.9174 0
1716213652455 -0.9185 0
1716213666679 -0.9115 0
1716213681694 -0.9103 0
1716213695781 -0.9155 0
1716213710112 -0.9117 0
1716213724452 -0.9141 0
1716213739180 -0.9152 0
1716213753761 -0.9177 0
1716213768080 -0.9173 0
1716213782423 -0.9138 0
1716213796925 -0.916 0
1716213811071 -0.9166 0
1716213825372 -0.917 0
1716213840085 -0.9187 0
1716213854753 -0.9143 0
1716213869144 -0.9155 0
1716213883537 -0.9166 0
1716213897750 -0.9147 0
1716213911818 -0.9153 0
1716213926169 -0.9166 0
1716213940755 -0.9173 0
1716213955068 -0.9155 0
1716213969865 -0.9139 0
1716213984057 -0.9155 0
1716213998302 -0.914 0
1716214016176 -0.9168 0
1716214030487 -0.9175 0
1716214045910 -0.9194 0
1716214060011 -0.9191 0
1716214074168 -0.9175 0
1716214088804 -0.9169 0
1716214103033 -0.9201 0
1716214117188 -0.919 0
1716214131333 -0.9162 0
1716214145837 -0.9175 0
1716214160077 -0.9179 0
1716214174089 -0.915 0
1716214188454 -0.919 0
1716214203346 -0.9168 0
1716214217748 -0.9202 0
1716214232030 -0.9177 0
1716214246265 -0.913 0
1716214260653 -0.9168 0
1716214274910 -0.9183 0
1716214289260 -0.9179 0
1716214303593 -0.9169 0
1716214318304 -0.918 0
1716214332479 -0.918 0
1716214346734 -0.9208 0
1716214360858 -0.9179 0
1716214375123 -0.9161 0
1716214389511 -0.9204 0
1716214403828 -0.9203 0
1716214418544 -0.9155 0
1716214432745 -0.9176 0
1716214447722 -0.9187 0
1716214461979 -0.9179 0
1716214476342 -0.9178 0
1716214490781 -0.9165 0
1716214504966 -0.9168 0
1716214519181 -0.921 0
1716214533461 -0.9169 0
1716214547838 -0.9172 0
1716214566108 -0.9198 0
1716214580361 -0.9193 0
1716214594739 -0.9189 0
1716214609062 -0.92 0
1716214623215 -0.92 0
1716214637578 -0.9177 0
1716214651866 -0.9202 0
1716214666223 -0.9199 0
1716214684713 -0.9161 0
1716214698977 -0.9195 0
1716214713245 -0.9178 0
1716214727601 -0.9162 0
1716214745630 -0.9177 0
1716214760155 -0.9171 0
1716214774590 -0.9157 0
1716214789553 -0.9165 0
1716214804077 -0.9205 0
1716214818486 -0.9198 0
1716214832885 -0.9184 0
1716214847275 -0.9172 0
1716214861795 -0.9203 0
1716214876229 -0.9128 0
1716214890581 -0.9209 0
1716214905601 -0.9157 0
1716214920036 -0.9195 0
1716214934468 -0.9194 0
1716214948883 -0.9149 0
1716214963391 -0.9181 0
1716214977607 -0.9181 0
1716214991872 -0.9171 0
1716215006262 -0.9199 0
1716215021186 -0.9186 0
1716215035526 -0.9188 0
1716215049776 -0.9192 0
1716215064088 -0.9164 0
1716215078515 -0.9189 0
1716215092898 -0.9192 0
1716215107282 -0.9183 0
1716215121755 -0.9201 0
1716215136618 -0.917 0
1716215150976 -0.9163 0
1716215165266 -0.9181 0
1716215179707 -0.9197 0
1716215194157 -0.9178 0
1716215208298 -0.9191 0
1716215222613 -0.9175 0
1716215236994 -0.9187 0
1716215251974 -0.9178 0
1716215266393 -0.9218 0
1716215280707 -0.9185 0
1716215295256 -0.9189 0
1716215309619 -0.918 0
1716215324262 -0.9188 0
1716215338767 -0.9166 0
1716215353259 -0.9188 0
1716215368405 -0.9203 0
1716215382779 -0.9188 0
1716215397249 -0.9173 0
1716215411599 -0.92 0
1716215425913 -0.9205 0
1716215443969 -0.9175 0
1716215458447 -0.9167 0
