1713189840093 445.25 0
1713190091882 249.08 0
1713190414538 320.02 0
1713190711233 294.14 0
1713191006574 292.75 0
1713191297162 288.03 0
1713191571187 271.48 0
1713191891243 311.98 0
1713192215170 321.32 0
1713192505250 287.28 0
1713192829179 321.29 0
1713193132650 299.85 0
1713193432848 297.54 0
1713193738734 303.06 0
1713194040654 299.4 0
1713194336442 288.52 0
1713194640787 301.72 0
1713194946428 302.89 0
1713195268203 319.2 0
1713195570193 299.27 0
1713195895840 322.95 0
1713196214156 315.54 0
1713196511119 288.15 0
1713196839729 325.53 0
1713197122849 280.41 0
1713197424100 297.5 0
1713197719330 292.47 0
1713198036610 314.64 0
1713198342419 302.76 0
1713198661882 316.43 0
1713198951503 286.88 0
1713199259447 304.2 0
1713199541791 279.66 0
1713199857729 313.2 0
1713200140239 279.29 0
1713200464602 321.63 0
1713200778450 310.47 0
1713201080896 298.71 0
1713201395874 311.68 0
1713201712858 313.6 0
1713202001797 285.99 0
1713202303822 252.44 0
1713202618651 290.89 0
1713202924494 258.71 0
1713203241094 279.54 0
1713203543156 272.86 0
1713203854735 285.91 0
1713204169244 243.79 0
1713204450189 278.26 0
1713204760131 307.17 0
1713205078469 294.66 0
1713205382649 301.32 0
1713205661155 275.8 0
1713205976170 310.29 0
1713206295521 316.45 0
1713206588689 290.27 0
1713206882917 291.26 0
1713207187670 302.05 0
1713207502435 311.76 0
1713207809884 283.09 0
1713208108285 289.01 0
1713208421127 308.69 0
1713208723036 299.14 0
1713209032056 305.81 0
1713209334099 299.05 0
1713209637936 300.9 0
1713209936768 295.71 0
1713210215606 276.13 0
1713210512768 293.62 0
1713210815609 300.2 0
1713211139794 319.65 0
1713211433089 290.48 0
1713211733937 297.89 0
1713212042252 304.84 0
1713212365776 320.66 0
1713212663128 286.28 0
1713212948577 282.51 0
1713213272326 319.71 0
1713213563630 288.52 0
1713213879313 312.83 0
1713214183406 300.46 0
1713214491560 305.36 0
1713214789881 287.64 0
1713215081920 289.31 0
1713215372637 287.87 0
1713215694726 319.13 0
1713215998463 299.78 0
1713216278022 276.72 0
1713216596169 280.62 0
1713216882757 275.61 0
1713217174943 288.09 0
1713217491257 313.25 0
1713217811543 317.33 0
1713218084471 270.04 0
1713218386588 297.13 0
1713218692190 302.45 0
1713219002722 307.66 0
1713219332603 320.09 0
1713219615177 279.58 0
1713219927741 309.25 0
1713220241253 270.06 0
1713220540383 295.9 0
1713220836831 293.74 0
1713221135834 295.19 0
1713221438473 292.64 0
1713221732931 264.78 0
1713222052057 316.47 0
1713222369374 314.22 0
1713222686601 276.7 0
1713222985560 296.13 0
1713223286339 297.72 0
1713223587232 297.97 0
1713223880053 289.63 0
1713224186767 303.51 0
1713224501262 311.46 0
1713224768685 264.27 0
1713225093831 321.9 0
1713225374561 277.75 0
1713225672730 295.21 0
1713225975006 299.3 0
1713226284344 306.06 0
1713226595771 308.8 0
1713226891742 293.12 0
1713227179543 284.44 0
1713227498242 315.55 0
1713227791914 284.42 0
1713228081738 287.06 0
1713228359066 274.04 0
1713228662387 300.6 0
1713228951081 285.33 0
1713229256993 302.71 0
1713229566851 304.73 0
1713229834296 263.79 0
1713230137964 293.31 0
1713230420400 278.93 0
1713230694127 271.01 0
1713230991844 293.5 0
1713231320616 325.09 0
1713231609127 285.93 0
1713231908082 295.85 0
1713232210546 299.22 0
1713232515201 266.11 0
1713232824145 304.01 0
1713233100193 271.75 0
1713233389070 286.07 0
1713233670180 278.32 0
1713233964154 262.45 0
1713234281783 277.23 0
1713234611189 326.55 0
1713234902352 287.44 0
1713235200028 265.68 0
1713235491088 288.52 0
1713235792072 297.11 0
1713236099505 304.65 0
1713236403571 300.85 0
1713236696974 288.28 0
1713236979227 279.4 0
1713237266230 284.11 0
1713237563665 293.21 0
1713237871821 304.22 0
1713238158926 284.15 0
1713238470721 308.48 0
1713238764564 284.57 0
1713239046268 278.67 0
1713239351442 299.74 0
1713239660674 269.26 0
1713239963987 265.17 0
1713240250530 283.42 0
1713240552654 297.24 0
1713240848468 286.45 0
1713241123458 272.45 0
1713241434008 306.22 0
1713241729009 290.57 0
1713242016581 284.75 0
1713242321424 301.34 0
1713242622220 297.23 0
1713242945667 318.34 0
1713243257953 303.1 0
1713243556217 293.99 0
1713243863305 304.38 0
1713244136520 268.69 0
1713244462429 323.24 0
1713244746253 280.97 0
1713245045884 296.27 0
1713245333339 284.08 0
1713245626838 284.25 0
1713245940879 311.09 0
1713246242524 297.31 0
1713246535005 289.5 0
1713246820585 282.67 0
1713247133141 309.9 0
1713247427009 290.07 0
1713247713285 283.03 0
1713248024069 299.47 0
1713248333939 306.91 0
1713248603622 266.79 0
1713248907189 300.62 0
1713249176154 266.35 0
1713249488104 309.12 0
1713249772710 281.8 0
1713250090426 272.45 0
1713250400067 306.93 0
1713250720539 317.72 0
1713251015710 291.98 0
1713251325117 305.24 0
1713251616894 264.02 0
1713251918412 257.78 0
1713252240209 317.8 0
1713252532706 288.67 0
1713252828559 293.13 0
1713253167261 335.71 0
1713253515062 295.21 0
1713253796311 278.36 0
1713254110284 310.86 0
1713254393137 280.17 0
1713254710121 311.18 0
1713255008285 295.37 0
1713255326023 313.2 0
1713255621969 291.27 0
1713255925854 300.03 0
1713256245530 316.86 0
1713256541263 292.32 0
1713256836311 283.92 0
1713257129163 290.11 0
1713257415852 283.09 0
1713257731539 312.55 0
1713258054407 319.51 0
1713258366072 308.66 0
1713258665539 296.55 0
1713258974393 305.34 0
1713259276137 291.78 0
1713259593866 314.95 0
1713259895846 299.12 0
1713260206568 306.28 0
1713260511757 302.46 0
1713260790316 275.86 0
1713261107441 314.17 0
1713261413536 303.13 0
1713261721726 297.79 0
1713261999480 274.88 0
1713262309209 307.13 0
1713262609495 297.21 0
1713262917180 305.0 0
1713263207624 287.68 0
1713263522305 311.65 0
1713263818038 292.91 0
1713264113589 285.01 0
1713264404915 264.19 0
1713264712392 304.3 0
1713265028032 312.57 0
1713265348192 285.98 0
1713265668434 317.35 0
1713265973838 301.11 0
1713266269937 286.73 0
1713266583504 310.39 0
1713266893107 306.69 0
1713267183309 285.18 0
1713267489640 303.46 0
1713267776934 283.32 0
1713268071901 292.03 0
1713268365513 290.53 0
1713268671818 296.59 0
1713268973958 299.0 0
1713269273902 296.03 0
1713269567152 290.34 0
1713269880113 309.22 0
1713270200444 317.13 0
1713270478874 275.52 0
1713270774134 292.05 0
1713271072067 294.49 0
1713271376250 301.0 0
1713271682282 302.83 0
1713271989800 304.1 0
1713272279358 286.72 0
1713272587659 304.9 0
1713272887252 296.21 0
1713273188056 290.91 0
1713273493333 302.29 0
1713273789322 256.2 0
1713274126117 333.1 0
1713274432124 303.19 0
1713274748353 313.41 0
1713275042903 291.64 0
1713275354000 301.51 0
1713275663554 306.5 0
1713275958907 292.56 0
1713276244357 282.54 0
1713276549809 302.29 0
1713276868122 313.85 0
1713277153023 282.01 0
1713277457224 300.26 0
1713277764556 304.42 0
1713278081852 314.49 0
1713278383390 298.38 0
1713278675020 287.73 0
1713278957149 278.8 0
1713279260388 299.67 0
1713279560936 297.17 0
1713279853783 282.43 0
1713280162030 305.16 0
