1713189840044 0.7550487522227406 700
1713190091845 0.7820798944771984 701
1713190414350 0.8002873067774022 702
1713190711186 0.8137114702983543 703
1713191006491 0.8010382932666255 704
1713191297029 0.7731640122587922 705
1713191571131 0.7636190005832602 706
1713191891184 0.8050267345587018 707
1713192215123 0.762141301137314 708
1713192505103 0.7275881502956835 709
1713192829146 0.7349783692899675 710
1713193131596 0.7984860807967441 711
1713193432812 0.7114635052143202 712
1713193738468 0.799376503155366 713
1713194040621 0.7916713365279093 714
1713194336340 0.7294212822962456 715
1713194640739 0.8376496591787799 716
1713194946189 0.7761271650029937 717
1713195268158 0.800212452580261 718
1713195569992 0.7583155869622631 719
1713195895806 0.7685039204934564 720
1713196214109 0.8070670980601642 721
1713196511081 0.7756885407228274 722
1713196839646 0.816074043136082 723
1713197122809 0.7231990299385398 724
1713197422921 0.7705889993604705 725
1713197719290 0.835016713772925 726
1713198035050 0.7909195317327664 727
1713198342217 0.8153313353961631 728
1713198661437 0.7376171703594345 729
1713198951452 0.8091018160763725 730
1713199258270 0.7837174599480683 731
1713199541740 0.7266478458452372 732
1713199857674 0.8013766401414518 733
1713200139735 0.7833628395270595 734
1713200464485 0.8233404416674154 735
1713200777749 0.7788338392327925 736
1713201079694 0.8214112375713676 737
1713201394720 0.7925067293080701 738
1713201712107 0.8119254480117764 739
1713201999815 0.8329219386849469 740
1713202303707 0.8196204105950177 741
1713202618155 0.8107011155637539 742
1713202924166 0.8087216464728516 743
1713203240824 0.8014486696513121 744
1713203542681 0.8367689389800316 745
1713203854688 0.8165800236136592 746
1713204168222 0.7965800556824337 747
1713204449471 0.7873222866103412 748
1713204759574 0.7534615347655005 749
1713205076689 0.8166711558050449 750
1713205382388 0.8026813619906635 751
1713205661112 0.8126844756485936 752
1713205973738 0.8137743703111348 753
1713206295376 0.783741875574963 754
1713206588523 0.7779295261697377 755
1713206882652 0.8007814090952585 756
1713207187432 0.8502969283664578 757
1713207501752 0.8184744384254438 758
1713207809645 0.7464699897089869 759
1713208107661 0.7976958813397025 760
1713208419319 0.7823486653544852 761
1713208722843 0.8373426146154166 762
1713209031343 0.798018217360649 763
1713209333215 0.794829514035406 764
1713209637727 0.7161002724690424 765
1713209936417 0.7927120140136503 766
1713210215469 0.8185806592931171 767
1713210511726 0.8166881976045992 768
1713210815543 0.8314964091686933 769
1713211137613 0.7545279239516757 770
1713211432978 0.7808510640844983 771
1713211733663 0.8349366311552444 772
1713212041621 0.8074241265523959 773
1713212365600 0.8285680860018663 774
1713212661700 0.7516773312876934 775
1713212948184 0.7879629437582788 776
1713213270601 0.7754013417298975 777
1713213563272 0.8030309165125504 778
1713213878661 0.8031570955213557 779
1713214182668 0.8126683230830815 780
1713214491509 0.8083657052820273 781
1713214787119 0.7736311992396538 782
1713215081850 0.8043919610489993 783
1713215372275 0.7789299169694007 784
1713215694476 0.818969630746637 785
1713215996510 0.8129098169799761 786
1713216277497 0.8465497308327985 787
1713216596079 0.7935520865688283 788
1713216880291 0.801367269707107 789
1713217173330 0.8176528075186873 790
1713217490798 0.7911760387246038 791
1713217809776 0.8239336618776371 792
1713218084244 0.8055848781074862 793
1713218384208 0.7643456587747941 794
1713218691747 0.7882521506788355 795
1713219002407 0.765539086095026 796
1713219331716 0.7960629829255924 797
1713219614949 0.8043943999659814 798
1713219927387 0.77495184459775 799
1713220240526 0.791775629823486 800
1713220539828 0.8242575692539452 801
1713220836344 0.8159215584918634 802
1713221134397 0.8252279457398807 803
1713221438074 0.8391412507740061 804
1713221732548 0.8055116638792522 805
1713222051981 0.7862477911787992 806
1713222368928 0.8374408362048879 807
1713222685815 0.7692636399000974 808
1713222984674 0.8230405077321572 809
1713223284607 0.7469612906630503 810
1713223586908 0.7744576756154011 811
1713223879357 0.7946515645174544 812
1713224184579 0.8263081369304248 813
1713224501126 0.7887911323596906 814
1713224768172 0.8140288944101126 815
1713225093343 0.7594765355788256 816
1713225373984 0.8290762286686066 817
1713225672323 0.7365289086268529 818
1713225974745 0.7811524847170556 819
1713226283369 0.7597045653246425 820
1713226595604 0.777452871464326 821
1713226890406 0.7872255193362484 822
1713227178071 0.7584520031912216 823
1713227497796 0.8088826030176681 824
1713227791581 0.7699557332621147 825
1713228080650 0.8293009418560116 826
1713228358186 0.8220909505308743 827
1713228662068 0.7702171912382931 828
1713228950188 0.8011855788081509 829
1713229256155 0.8322253704998496 830
1713229564205 0.7798556496201218 831
1713229833316 0.8119906222202863 832
1713230136462 0.8210003917601931 833
1713230419588 0.8044235591167538 834
1713230694070 0.8158810867872697 835
1713230990340 0.8358904358947234 836
1713231319333 0.7987326977818533 837
1713231609075 0.8130082173169436 838
1713231907408 0.8026771167505842 839
1713232208739 0.8311347909045106 840
1713232515094 0.7937356169199242 841
1713232819533 0.7947589829588035 842
1713233098607 0.8129609463728948 843
1713233388951 0.8104908581275958 844
1713233669708 0.8330426211662768 845
1713233961797 0.8094423589144402 846
1713234281151 0.7666246209803416 847
1713234610652 0.7717730753020909 848
1713234901096 0.7558798495201191 849
1713235199714 0.7772514863611946 850
1713235490805 0.7801871860719397 851
1713235791142 0.8205248925538073 852
1713236099058 0.8125165064999945 853
1713236402638 0.8246272766884691 854
1713236693350 0.7424746336998688 855
1713236979097 0.7962725435311511 856
1713237265845 0.81656626921558 857
1713237562217 0.8293966744942709 858
1713237870740 0.8056373201571784 859
1713238157937 0.8075228582954558 860
1713238469806 0.8140084403093615 861
1713238764386 0.8381908650914507 862
1713239045165 0.8235701411840141 863
1713239348091 0.8519389465018719 864
1713239659635 0.8299009616536621 865
1713239963168 0.8072149676608938 866
1713240249919 0.7817572847052875 867
1713240549219 0.7507659814484292 868
1713240847746 0.6935566360045169 869
1713241123297 0.8004577353856632 870
1713241431601 0.830484912827227 871
1713241726831 0.7610525397779125 872
1713242016467 0.7531928912712018 873
1713242320750 0.8579892687426216 874
1713242621890 0.8293990628920017 875
1713242943085 0.7934659078756403 876
1713243257769 0.8342305613754136 877
1713243554739 0.8288291301536453 878
1713243862574 0.7807258810581057 879
1713244134682 0.8070109121545767 880
1713244461403 0.7838450188438039 881
1713244745382 0.8432682640499017 882
1713245045060 0.8133843570634803 883
1713245331791 0.7949020501148971 884
1713245625683 0.8529658740190792 885
1713245940467 0.8085624783686025 886
1713246240532 0.7748553645718393 887
1713246534959 0.8001825974362504 888
1713246820297 0.8119920602475775 889
1713247132633 0.8000445324357861 890
1713247425797 0.8165647503372407 891
1713247712742 0.806279981116462 892
1713248019503 0.7833850357604972 893
1713248333158 0.8498898021984246 894
1713248603404 0.8164555633997664 895
1713248905234 0.8118724526397723 896
1713249176099 0.8076974912754336 897
1713249487997 0.8428140469073366 898
1713249771718 0.810395725054977 899
1713250090210 0.7896086436095625 900
1713250399117 0.8240533155398313 901
1713250720467 0.8204581947813974 902
1713251015646 0.7967600552588352 903
1713251323163 0.8441820718861839 904
1713251616830 0.8718821830264326 905
1713251917635 0.7888588423464662 906
1713252238646 0.8296482313162284 907
1713252531452 0.8075529412324686 908
1713252828494 0.805822402414036 909
1713253167007 0.8580913849311536 910
1713253514990 0.791100498799656 911
1713253795874 0.8260582536849991 912
1713254109757 0.7853222603238937 913
1713254393066 0.8031688765227882 914
1713254706941 0.8286943914894882 915
1713255007977 0.7447115966429022 916
1713255323675 0.8290904760018502 917
1713255619895 0.8032830131468456 918
1713255924529 0.8176558717015205 919
1713256243301 0.7972497460065028 920
1713256540212 0.7732725310584616 921
1713256835960 0.8259260210122416 922
1713257129000 0.8152051633962486 923
1713257414733 0.8194903675080226 924
1713257730877 0.7916845192932028 925
1713258054267 0.8476268547229995 926
1713258365550 0.7957722874911182 927
1713258665365 0.7868486747761129 928
1713258973054 0.7914338460234607 929
1713259276088 0.8056422394002225 930
1713259593337 0.7285338729294646 931
1713259895599 0.8040473633936658 932
1713260205067 0.8296092769879654 933
1713260511689 0.8065492702006283 934
1713260790236 0.8371123731448994 935
1713261107032 0.8384797177801404 936
1713261413388 0.8333146744005239 937
1713261721314 0.8333934309544343 938
1713261999026 0.8168003049689735 939
1713262309146 0.8084169483963245 940
1713262608690 0.8253890038888898 941
1713262916983 0.7988685873433323 942
1713263206920 0.8035747568444117 943
1713263522218 0.8344832432338606 944
1713263817874 0.8240321075816434 945
1713264113154 0.8512800597732366 946
1713264404852 0.7686741022954078 947
1713264711380 0.7561401818904067 948
1713265027431 0.7988227131845105 949
1713265348103 0.811641730020511 950
1713265667730 0.8218080673359406 951
1713265972219 0.8393386917452788 952
1713266269670 0.8133453515027271 953
1713266581743 0.806039063767299 954
1713266892642 0.7880307788995796 955
1713267182493 0.8311693638013303 956
1713267489152 0.8064937178029249 957
1713267775497 0.7927597125050363 958
1713268070478 0.820326105637135 959
1713268364934 0.7011157968275532 960
1713268670938 0.826260546067867 961
1713268972958 0.7655178617210505 962
1713269272905 0.822436729555715 963
1713269567009 0.8316323090570485 964
1713269878356 0.8029629211730146 965
1713270199741 0.7769694214747211 966
1713270478700 0.7937339373784703 967
1713270773346 0.8315994212610792 968
1713271071269 0.807191222833531 969
1713271375509 0.8023368515179704 970
1713271682026 0.8639464166883818 971
1713271989030 0.7997856905636814 972
1713272279201 0.841962707194398 973
1713272587042 0.8079721090988686 974
1713272886183 0.8200112047414964 975
1713273187414 0.8244451349795145 976
1713273493005 0.8492298009432735 977
1713273789097 0.780596316034763 978
1713274124913 0.8113009091784547 979
1713274431659 0.8349026704633356 980
1713274747739 0.8102618087073824 981
1713275042109 0.7684688487650012 982
1713275353522 0.828692416190792 983
1713275662781 0.8424419183020516 984
1713275956191 0.7626991954406314 985
1713276243950 0.8238990507481528 986
1713276549735 0.8384296444006748 987
1713276866296 0.8245844812489749 988
1713277152934 0.8551518157582877 989
1713277455955 0.7862788485008855 990
1713277764193 0.791581930566343 991
1713278081644 0.7729034057386606 992
1713278382845 0.844929408426926 993
1713278673591 0.8233276042675123 994
1713278956482 0.7901529033329789 995
1713279259571 0.7728866186329931 996
1713279560225 0.8289276030610909 997
1713279852872 0.8056272827527352 998
1713280161090 0.8330498860014987 999
