1712954585538 0.15034963030143703 0
1712954803795 0.2672858646493604 1
1712955086689 0.34528718809149733 2
1712955373735 0.3918133582255802 3
1712955679708 0.368701258687555 4
1712955953062 0.44134389819274317 5
1712956248854 0.41417263356861567 6
1712956541258 0.4758512253035896 7
1712956861568 0.5379789250918535 8
1712957170856 0.5533053737923476 9
1712957479800 0.48349801002706977 10
1712957772820 0.42401613332918636 11
1712958093167 0.4795311856787094 12
1712958398975 0.6281441573317813 13
1712958695970 0.5600677161915387 14
1712959004618 0.5074643268705878 15
1712959290555 0.5681551938467799 16
1712959581623 0.4534590516786748 17
1712959876190 0.5947037586583435 18
1712960201246 0.6831030541349937 19
1712960505618 0.5898645338987656 20
1712960811948 0.577342390230391 21
1712961086462 0.6413549115801398 22
1712961381797 0.5687203212479381 23
1712961693070 0.6041856250130475 24
1712961996021 0.5648277048531125 25
1712962299854 0.6467782922112354 26
1712962589928 0.5876922414518732 27
1712962891654 0.530620600213967 28
1712963182660 0.5792360394817201 29
1712963480234 0.5147280288186977 30
1712963757766 0.5497332277938936 31
1712964028884 0.3766280762639248 32
1712964336450 0.5081979451340116 33
1712964629742 0.5871906730815019 34
1712964906875 0.6402559896093322 35
1712965182794 0.7066953484291941 36
1712965498976 0.5881386392733439 37
1712965835269 0.5073399044794334 38
1712966114031 0.543861186493242 39
1712966417915 0.5329829768492814 40
1712966694844 0.5586313229984553 41
1712966984825 0.6110039782314599 42
1712967288273 0.5953561504980281 43
1712967593262 0.601900429571259 44
1712967903409 0.5707590540581057 45
1712968200336 0.6537635282811635 46
1712968505610 0.6407697018548137 47
1712968801075 0.6542458464805347 48
1712969101260 0.6688907264488415 49
1712969405551 0.6802842260102936 50
1712969709005 0.609551855805799 51
1712969992979 0.5709968565696736 52
1712970307801 0.6651278320816332 53
1712970608912 0.5645300139937924 54
1712970882716 0.6346818082396198 55
1712971177043 0.6256395462177697 56
1712971487651 0.6761705834855464 57
1712971772535 0.5941616300345306 58
1712972071254 0.5022328030724156 59
1712972393178 0.606329109710678 60
1712972680137 0.44227506119607773 61
1712972979226 0.5650328134923246 62
1712973279324 0.6847103552935304 63
1712973553136 0.42583291819681157 64
1712973872424 0.508865994722874 65
1712974153115 0.7005840494086258 66
1712974445789 0.6650362041131772 67
1712974734302 0.7115394342004842 68
1712975040988 0.5422383386847245 69
1712975328570 0.6334433616434202 70
1712975610450 0.592556312186243 71
1712975908531 0.5469810112413608 72
1712976213514 0.491038796115018 73
1712976503459 0.6697591120729349 74
1712976789666 0.6526588804822022 75
1712977106828 0.6278036274065905 76
1712977390804 0.6842697829741583 77
1712977682789 0.721328946377436 78
1712977980004 0.6715190217219168 79
1712978269167 0.6090342712492153 80
1712978555181 0.6341544801079272 81
1712978830614 0.5920409879574063 82
1712979136514 0.5530078874694239 83
1712979425692 0.643041306527869 84
1712979733050 0.6454270406120401 85
1712980021097 0.6027648237319853 86
1712980311316 0.6735369060628414 87
1712980619692 0.6788020114117544 88
1712980931956 0.5146521069462268 89
1712981220319 0.712641896632291 90
1712981501913 0.5785401353177316 91
1712981780931 0.6143386974736117 92
1712982108273 0.719199772491536 93
1712982397241 0.6780014827250478 94
1712982702955 0.668217026203879 95
1712983015014 0.6628967324490546 96
1712983308601 0.60308423051419 97
1712983605064 0.6990167824248525 98
1712983901119 0.6617617969505504 99
1712984199752 0.5576765030191347 100
1712984483117 0.701098698880425 101
1712984745703 0.5661839321802514 102
1712985050476 0.5517957166666478 103
1712985320653 0.6054253316433608 104
1712985612562 0.6523561917022334 105
1712985920590 0.7308978678301685 106
1712986215589 0.6846993709993823 107
1712986525436 0.6830923985815645 108
1712986815760 0.6955164123419878 109
1712987104289 0.6474578561834595 110
1712987405810 0.7042205667881788 111
1712987712546 0.7097418711288643 112
1712987989221 0.6962937020844969 113
1712988304442 0.5968035589613451 114
1712988609466 0.5768154253719897 115
1712988908821 0.5890783765403949 116
1712989209840 0.6579102195956126 117
1712989520950 0.7051272117822958 118
1712989842358 0.7137642777946307 119
1712990132106 0.6621293348370239 120
1712990427364 0.7031636792103685 121
1712990718798 0.611763073220411 122
1712991021875 0.6869241204548491 123
1712991301814 0.6624746802312631 124
1712991603086 0.6895057504686888 125
1712991901056 0.67553271127219 126
1712992204252 0.6614184899891327 127
1712992477324 0.6212856778967387 128
1712992769746 0.70222623880092 129
1712993072150 0.6867332886886353 130
1712993362900 0.6924333108575715 131
1712993663978 0.7378940471512454 132
1712993975532 0.7098363397846469 133
1712994288437 0.7506527553369586 134
1712994611144 0.6452605108357171 135
1712994924264 0.6728342696486019 136
1712995214011 0.6489639485818995 137
1712995520842 0.6278422514906569 138
1712995825467 0.6448664396281086 139
1712996122754 0.6883098336544499 140
1712996419845 0.6780819950170633 141
1712996707172 0.5850952039614609 142
1712997026777 0.6871653400619007 143
1712997339406 0.7270938400427025 144
1712997626075 0.7812379087241328 145
1712997915909 0.710097747900505 146
1712998206254 0.663737433983041 147
1712998507029 0.6355697586857906 148
1712998791901 0.6651094247496026 149
1712999106349 0.6681110465756591 150
1712999395637 0.7358232661346188 151
1712999692696 0.7529671942623308 152
1713000016665 0.6161301384840578 153
1713000286950 0.7169999981893314 154
1713000599508 0.653570183632224 155
1713000907530 0.3998267863825279 156
1713001176125 0.609070869020502 157
1713001505609 0.7406516220235528 158
1713001786202 0.7159971264114874 159
1713002104085 0.7179848866958688 160
1713002393696 0.6614149997449513 161
1713002700818 0.7288066513873269 162
1713003007677 0.7098386493183887 163
1713003309175 0.6507256877202281 164
1713003625883 0.6310007004605777 165
1713003912246 0.631608941008746 166
1713004213656 0.6971022537686129 167
1713004512123 0.679825346198943 168
1713004792311 0.7614644948247627 169
1713005087248 0.6457486761880032 170
1713005382583 0.5900903875921875 171
1713005666654 0.7209008164393432 172
1713005978272 0.7323872236805242 173
1713006282045 0.6811949540905268 174
1713006564528 0.7161413550532507 175
1713006855314 0.666211104913872 176
1713007165912 0.7409075712161761 177
1713007467169 0.7251115617766931 178
1713007787023 0.6675924041908866 179
1713008085648 0.7018717324907855 180
1713008376911 0.7000291999156415 181
1713008677553 0.5678899945892558 182
1713008975344 0.7279141412567391 183
1713009284496 0.7248600555377277 184
1713009575305 0.7273128916860969 185
1713009889254 0.7067752323289168 186
1713010188951 0.6825310992921555 187
1713010464249 0.6741326242256822 188
1713010793250 0.6906193839275095 189
1713011089416 0.6539492253907128 190
1713011395817 0.6960001195434933 191
1713011673984 0.6954985533977592 192
1713011970752 0.7197948890290161 193
1713012267599 0.7237941071034167 194
1713012574778 0.6152610217249378 195
1713012880161 0.6961854590712515 196
1713013186534 0.7669620158128626 197
1713013484110 0.6782942427455949 198
1713013781754 0.64929761557281 199
1713014081884 0.6735667043889123 200
1713014390119 0.6862995940631275 201
1713014682036 0.6110983398783124 202
1713014981910 0.7710617876639007 203
1713015257630 0.6846765067365157 204
1713015573790 0.6817451381258748 205
1713015885156 0.6857801519285124 206
1713016190809 0.6881177323564506 207
1713016469626 0.7438199155478306 208
1713016777506 0.616671753291389 209
1713017067105 0.6491281100968194 210
1713017336070 0.6939141507124772 211
1713017649508 0.7380760079369596 212
1713017939389 0.6781780701359381 213
1713018221345 0.7369510674099367 214
1713018528988 0.7061952213752902 215
1713018800704 0.7531217038805036 216
1713019104540 0.6883057448545155 217
1713019413685 0.6726319559721176 218
1713019705028 0.7348603260768879 219
1713020020836 0.6897820684772678 220
1713020312781 0.7696533101769781 221
1713020627349 0.709847215674689 222
1713020924227 0.7271549079235331 223
1713021226344 0.7050780000291438 224
1713021514117 0.747849321619108 225
1713021813259 0.7342218915832056 226
1713022120609 0.7617989939321911 227
1713022424678 0.7171731112432392 228
1713022704437 0.6388286215788714 229
1713022997872 0.7653688346486882 230
1713023288105 0.7191097933304819 231
1713023568407 0.6947672744543077 232
1713023855641 0.706502989865801 233
1713024155624 0.7300379934211458 234
1713024462754 0.6364900307455051 235
1713024741241 0.720497559446745 236
1713025021459 0.7443520897717488 237
1713025319315 0.6758436430483779 238
1713025614516 0.7198016974028437 239
1713025935918 0.7596411941367455 240
1713026226876 0.6463597126012133 241
1713026513164 0.651302153587882 242
1713026808246 0.6882074992662226 243
1713027116155 0.5922522375706615 244
1713027398021 0.5876699593302067 245
1713027725580 0.7724448708727737 246
1713028046417 0.7740617337811018 247
1713028334125 0.7906133751643639 248
1713028628467 0.7794546090767335 249
1713028914069 0.6426184486668494 250
1713029223039 0.7876471532565889 251
1713029507893 0.6611747188889063 252
1713029810841 0.7287263886711891 253
1713030129972 0.6818085861469713 254
1713030437417 0.7287886462212939 255
1713030744546 0.6831525260892201 256
1713031038587 0.7408224117717279 257
1713031323507 0.7166215968802985 258
1713031626436 0.7193083678717535 259
1713031912806 0.7407912070202818 260
1713032198268 0.7665542964139734 261
1713032517033 0.713352755041618 262
1713032805839 0.7031785531617876 263
1713033103549 0.7112720435674689 264
1713033385566 0.6474040300726085 265
1713033674790 0.7488070865945694 266
1713033979367 0.5865372844918498 267
1713034273308 0.6649854454507238 268
1713034571175 0.7222370898335265 269
1713034870495 0.8019487932635625 270
1713035142386 0.646260165648904 271
1713035452413 0.8015750735719135 272
1713035741743 0.7460825869384905 273
1713036032529 0.6455083454874525 274
1713036345998 0.7515402741121143 275
1713036659133 0.6641329408779204 276
1713036962118 0.7401469961610754 277
1713037278798 0.6345440082665837 278
1713037575585 0.6938904508963473 279
1713037867633 0.7513844525086502 280
1713038149160 0.7082379914643386 281
1713038444209 0.7079449474953948 282
1713038744384 0.7850267777019561 283
1713039088466 0.615310556552236 284
1713039365459 0.7388484206943267 285
1713039648874 0.738837011795512 286
1713039934986 0.7793019683881572 287
1713040216430 0.7167231975271544 288
1713040501270 0.7765438890567484 289
1713040809562 0.7330705018270857 290
1713041100456 0.7023906333430089 291
1713041406774 0.7453103600967143 292
1713041718622 0.7174513686089007 293
1713042017596 0.6753469985381831 294
1713042319016 0.703255936362632 295
1713042621233 0.6480859674581503 296
1713042929046 0.7560536764928681 297
1713043207995 0.7577100423388576 298
1713043518268 0.6917454515348074 299
1713043826368 0.7109439691367369 300
1713044120188 0.7528656512336668 301
1713044406641 0.7396072996426345 302
1713044729966 0.758704400568351 303
1713045027420 0.766001941095102 304
1713045323732 0.712689266171102 305
1713045599441 0.7917688794089703 306
1713045906916 0.7294339547708775 307
1713046191136 0.6873899524457844 308
1713046504027 0.7017992243378147 309
1713046821529 0.6796022821325488 310
1713047139915 0.7110260539298422 311
1713047434282 0.7238324720427574 312
1713047717749 0.725660503488667 313
1713048021715 0.7566028149803112 314
1713048303190 0.7280355543837413 315
1713048613862 0.682413678329978 316
1713048905769 0.6632674257295725 317
1713049205393 0.6278429532129441 318
1713049506390 0.6875928697727332 319
1713049780543 0.7767048224154955 320
1713050092400 0.7762601740248858 321
1713050374791 0.7898386682005696 322
1713050679218 0.6468232203827573 323
1713050975803 0.7332521056963454 324
1713051275304 0.7480341218081332 325
1713051584018 0.6689723549652048 326
1713051887357 0.7264015006674286 327
1713052163353 0.7372133484801147 328
1713052462587 0.7755916949248377 329
1713052747124 0.7384860109232044 330
1713053023136 0.7450295311467953 331
1713053329755 0.7509558705614199 332
1713053646387 0.735976617158879 333
1713053972282 0.730356240566688 334
1713054255548 0.7126997905592617 335
1713054548788 0.7090690842255178 336
1713054861127 0.7521974497840603 337
1713055156897 0.7386173875727792 338
1713055465129 0.7598824396771128 339
1713055748261 0.7210831169459699 340
1713056053972 0.671629454394741 341
1713056333711 0.7587327789896237 342
1713056653906 0.7156557465190682 343
1713056974132 0.7423786046573184 344
1713057260454 0.7638733108757313 345
1713057562797 0.7601454261179329 346
1713057862955 0.7064234780613938 347
1713058157917 0.7040565401394273 348
1713058457091 0.7866803314327983 349
1713058745828 0.6800550748660297 350
1713059041514 0.755231565951558 351
1713059336504 0.7281772884198449 352
1713059657794 0.7416593490143158 353
1713059946648 0.7426153975519798 354
1713060233621 0.7644373204037809 355
1713060548187 0.7536349426076026 356
1713060858037 0.6746859174462313 357
1713061134484 0.7502184153538548 358
1713061408433 0.7877487461805054 359
1713061703004 0.6853799750602252 360
1713062005353 0.7745754796437313 361
1713062295566 0.7785456337917008 362
1713062588237 0.6716324837305354 363
1713062915329 0.722549359348049 364
1713063179999 0.7587468878093678 365
1713063496026 0.7532763840808693 366
1713063800720 0.7017087394974925 367
1713064090416 0.7323258207548783 368
1713064404786 0.7493306672238672 369
1713064710401 0.7055857797287604 370
1713065005983 0.7598456339681263 371
1713065314468 0.7829943592086526 372
1713065615683 0.6439288787763962 373
1713065936034 0.7606986083443066 374
1713066252396 0.7800335825081327 375
1713066538089 0.6843829197366157 376
1713066818315 0.7788286666105122 377
1713067138113 0.7549819995926831 378
1713067447475 0.6976140235568979 379
1713067724062 0.7790628075606629 380
1713068009389 0.7198124352379788 381
1713068316426 0.8055178673119995 382
1713068583312 0.7467104011126636 383
1713068878929 0.7403116339210353 384
1713069168754 0.7602900661199997 385
1713069459970 0.710033387000007 386
1713069761622 0.7725021186361152 387
1713070070136 0.7146559586059276 388
1713070372736 0.782226364314962 389
1713070665451 0.7333492326190915 390
1713070952865 0.7101448827641846 391
1713071261116 0.7024066029836404 392
1713071560138 0.7535659231743843 393
1713071859953 0.7636549745557722 394
1713072168443 0.7698825618333245 395
1713072506328 0.7802103651057187 396
1713072775493 0.7620616774548873 397
1713073065148 0.7382641137542182 398
1713073360080 0.7356968979027225 399
1713073635737 0.7332008546033941 400
1713073929178 0.8073371644255133 401
1713074252054 0.6776206982759259 402
1713074536110 0.761310754258468 403
1713074841891 0.7408630428699035 404
1713075138420 0.7966627416678314 405
1713075422673 0.7988259498543919 406
1713075744225 0.7951562166495542 407
1713076048077 0.7661943228796477 408
1713076356654 0.7176628015626552 409
1713076652539 0.7538822655196165 410
1713076958436 0.726977901715345 411
1713077248194 0.7574938891872304 412
1713077524037 0.7695268022515713 413
1713077830445 0.7806214645604113 414
1713078114610 0.7955330837474688 415
1713078414048 0.7583131198585013 416
1713078713144 0.7654288875589715 417
1713079000531 0.7660807564389851 418
1713079321591 0.779631420840129 419
1713079648973 0.7798470983220986 420
1713079968703 0.7532051658394754 421
1713080279207 0.7808373868477845 422
1713080591482 0.7422358521397893 423
1713080885059 0.7905358164743642 424
1713081175128 0.7368938331469191 425
1713081471491 0.7123955203784533 426
1713081756469 0.7990675730673799 427
1713082060434 0.7643687917312836 428
1713082368364 0.7721890132122418 429
1713082669635 0.6994914784862686 430
1713082977673 0.7581702856245772 431
1713083276849 0.7260156259336777 432
1713083592138 0.7588330862490789 433
1713083910732 0.7503869101390532 434
1713084201128 0.7456498056507764 435
1713084472002 0.7443029855741721 436
1713084785707 0.7253803247697992 437
1713085082807 0.6927749790643402 438
1713085369886 0.7598525416423798 439
1713085665795 0.7435707321020264 440
1713085944972 0.7701668968502029 441
1713086266122 0.7244066621845158 442
1713086569031 0.774168009609832 443
1713086867692 0.6514934997287961 444
1713087164693 0.7908923492015878 445
1713087494284 0.7164600229705385 446
1713087776112 0.7112190363725642 447
1713088074267 0.66741650594216 448
1713088379911 0.776139990710965 449
1713088671790 0.7974528533507194 450
1713088959161 0.7904257566798526 451
1713089260827 0.7986530493288156 452
1713089547607 0.7255753845137521 453
1713089862756 0.8188189368044706 454
1713090151084 0.7765338043191025 455
1713090433449 0.810311746424573 456
1713090760325 0.7691286425018696 457
1713091058121 0.7634046089510801 458
1713091355581 0.7838245910976915 459
1713091628607 0.7489620353905455 460
1713091921916 0.7480992473031169 461
1713092217686 0.7353181597463078 462
1713092499267 0.8057930950440432 463
1713092769399 0.7731696859959387 464
1713093121166 0.7324159705607733 465
1713093419095 0.7591613563953259 466
1713093704527 0.7595670130214219 467
1713094007906 0.7967524878855438 468
1713094298419 0.7636133859667017 469
1713094592128 0.7528335136669394 470
1713094895392 0.7207136887868728 471
1713095189047 0.7507022252379439 472
1713095491473 0.777608616086959 473
1713095793504 0.7376437907990022 474
1713096079911 0.750044136514245 475
1713096369629 0.6841906155602334 476
1713096660661 0.733498668923487 477
1713096947115 0.7783215451926936 478
1713097252573 0.7826536713261247 479
1713097542539 0.7498093441676458 480
1713097838986 0.7545847452224231 481
1713098126967 0.7571635179228948 482
1713098429806 0.7246797569415807 483
1713098715753 0.735763281226704 484
1713099019926 0.7606662255695732 485
1713099305218 0.7672544387039993 486
1713099605222 0.7701790551197037 487
1713099894188 0.7302412569020815 488
1713100176950 0.7955543908450119 489
1713100480443 0.815563277641638 490
1713100757939 0.8053292215782143 491
1713101075916 0.8230286095808684 492
1713101401529 0.7221793017219585 493
1713101676350 0.7744494131219182 494
1713101947564 0.7028157419843075 495
1713102225413 0.6729358943033681 496
1713102519916 0.7367530866736182 497
1713102848305 0.6892892322434776 498
1713103153922 0.7764431226651543 499
1713103465284 0.7594849539951105 500
1713103775962 0.6872390128108872 501
1713104070051 0.7633316245906923 502
1713104367465 0.7626875214376789 503
1713104681707 0.8030668021891123 504
1713104965767 0.8123677218611817 505
1713105260601 0.7576523420977964 506
1713105538973 0.7869748720795419 507
1713105831869 0.74577610317716 508
1713106137889 0.7757911944233643 509
1713106429047 0.7575228569426062 510
1713106746768 0.7813335321282774 511
1713107029521 0.793765773961242 512
1713107337654 0.7636334630054977 513
1713107642293 0.7913109883873598 514
1713107934356 0.7978766745124525 515
1713108251282 0.7759752517747901 516
1713108552590 0.7831300171111252 517
1713108845231 0.7663858244495646 518
1713109148813 0.7536364064989086 519
1713109433879 0.778908426058724 520
1713109714320 0.7058524480430968 521
1713109998125 0.7743500736307447 522
1713110304286 0.7700671269051222 523
1713110597888 0.7130127388670822 524
1713110909370 0.7724128835247932 525
1713111208990 0.7513118666389054 526
1713111502702 0.8114815973541738 527
1713111782298 0.7465765724971923 528
1713112070335 0.7677021301476346 529
1713112377901 0.7205253242890827 530
1713112685341 0.8008192009770753 531
1713112989935 0.7944339126836906 532
1713113272284 0.7386493742953026 533
1713113560945 0.8137650368823354 534
1713113861824 0.7242119581792664 535
1713114131755 0.789854284538788 536
1713114451378 0.7337294521639115 537
1713114781258 0.7682827968428518 538
1713115083686 0.7847886502517398 539
1713115366554 0.7860941753038517 540
1713115680632 0.792915160204461 541
1713115995515 0.7843408735348482 542
1713116287782 0.7596846308973162 543
1713116600323 0.7942433791780565 544
1713116899741 0.7429379258390638 545
1713117170305 0.7919820661588474 546
1713117466573 0.7990840146335987 547
1713117762533 0.7933588384367428 548
1713118074954 0.8181362404467518 549
1713118390090 0.797093896225406 550
1713118687253 0.8351408474444765 551
1713118995924 0.7129741639752342 552
1713119315286 0.7865428995256064 553
1713119620914 0.791609857035053 554
1713119921689 0.8034463883777525 555
1713120210997 0.7805540475212744 556
1713120517014 0.8147769194363395 557
1713120774601 0.8200012510927114 558
1713121057587 0.7143844949224056 559
1713121357637 0.8163147503387713 560
1713121659490 0.716397249341241 561
1713121947074 0.7924673966444737 562
1713122250097 0.7728545015853644 563
1713122544976 0.7685803048265122 564
1713122832697 0.7361158390065025 565
1713123132448 0.7517679880915281 566
1713123417677 0.804780130678413 567
1713123715794 0.7697107150484925 568
1713124008095 0.792736169123021 569
1713124297847 0.8183077917435482 570
1713124601416 0.8183740529273131 571
1713124875630 0.7992736780721689 572
1713125181524 0.7375205169562516 573
1713125483032 0.802378159537727 574
1713125803531 0.7915106964579594 575
1713126076141 0.8154144733291583 576
1713126379134 0.7644139007500663 577
1713126684449 0.7935157551834818 578
1713126968049 0.7896751735356513 579
1713127255571 0.7590393006743649 580
1713127543617 0.7010376569672001 581
1713127839452 0.6975146889741431 582
1713128140037 0.7877298781433287 583
1713128432330 0.7285934509379668 584
1713128714596 0.7805403107586028 585
1713129013349 0.7860458875077293 586
1713129290014 0.8168978739014598 587
1713129583762 0.6262904176195244 588
1713129881245 0.7655409692877909 589
1713130166624 0.8247629892754657 590
1713130470107 0.8011684303739787 591
1713130746319 0.7504677878044073 592
1713131041124 0.8359745292897371 593
1713131318320 0.8072343240875288 594
1713131629728 0.7626375397416499 595
1713131917730 0.7543894407047875 596
1713132230064 0.7685005695996566 597
1713132509619 0.7563992279349384 598
1713132799824 0.7926554529803516 599
1713133097576 0.7766464088149088 600
1713133393933 0.7646463980802862 601
1713133686026 0.6724962817436055 602
1713133980093 0.7879480602538645 603
1713134278238 0.740615634920045 604
1713134572556 0.8213356954754676 605
1713134882374 0.7619627737102557 606
1713135186898 0.7499718916984457 607
1713135484487 0.7919611465036521 608
1713135781229 0.8112345379771381 609
1713136077679 0.8110378141786312 610
1713136381074 0.7337081323564584 611
1713136677241 0.7986020916351738 612
1713136997125 0.7046702109718984 613
1713137296542 0.7959881605976555 614
1713137575374 0.7945945470678041 615
1713137882141 0.7811870167653151 616
1713138173258 0.7765407656969443 617
1713138471699 0.7198597766452077 618
1713138766520 0.7669017958895511 619
1713139059973 0.8141181027891553 620
1713139364827 0.7492152306996317 621
1713139651593 0.7744946897454136 622
1713139955327 0.7517322125232013 623
1713140262492 0.7746163497932645 624
1713140565140 0.8479111947597282 625
1713140856142 0.7896381256378321 626
1713141155878 0.769463685501344 627
1713141468458 0.7517103777299348 628
1713141767898 0.7198251168365842 629
1713142073225 0.8075278402044734 630
1713142373929 0.6910545270224617 631
1713142660327 0.7459367877053185 632
1713142962370 0.7251648534513582 633
1713143293219 0.7258417710029147 634
1713143586321 0.7773318572843958 635
1713143865962 0.7312657147203246 636
1713144160488 0.7898886963200892 637
1713144478160 0.8284293177844864 638
1713144778856 0.789348207016385 639
1713145057875 0.8080515096292575 640
1713145340613 0.8097709785962807 641
1713145632622 0.808503652696291 642
1713145934079 0.7712166741885534 643
1713146233499 0.8233524974531353 644
1713146526026 0.8001973390597995 645
1713146838757 0.7933947031771075 646
1713147125353 0.7291978949028693 647
1713147418664 0.8290141864864604 648
1713147708753 0.678693697503155 649
1713148022338 0.7650359047185905 650
1713148318008 0.7740900382441889 651
1713148612463 0.7500672831469264 652
1713148924402 0.7777664946417088 653
1713149223704 0.7717768465326066 654
1713149526435 0.7847850098560814 655
1713149832189 0.7760844429119328 656
1713150117784 0.7478646738379193 657
1713150426308 0.7716176106570085 658
1713150714018 0.7771965506738165 659
1713151003628 0.7982453002450574 660
1713151316826 0.7652153427012933 661
1713151587133 0.7792274905688834 662
1713151882072 0.7959453065207416 663
1713152179158 0.7614610752855681 664
1713152479377 0.7584613476335911 665
1713152780491 0.7799822123874699 666
1713153088683 0.7736199491675336 667
1713153375070 0.7722117199924942 668
1713153674751 0.8144408964422147 669
1713153986427 0.7702685908017155 670
1713154286737 0.7369884350411363 671
1713154575289 0.7875801097653398 672
1713154855446 0.8210047139708242 673
1713155145938 0.8075030309344643 674
1713155430972 0.7649272072607718 675
1713155734075 0.8423252224449111 676
1713156038606 0.7506133239016078 677
1713156338663 0.7671248134632316 678
1713156626690 0.8066434046963343 679
1713156907140 0.8030461369320023 680
1713157197717 0.8276673939313681 681
1713157499112 0.7852162489782809 682
1713157793969 0.7944105465691316 683
1713158088976 0.8281966212695399 684
1713158380865 0.768628556465672 685
1713158667752 0.7756918630097053 686
1713158985930 0.7331999384527724 687
1713159272886 0.7125437964220533 688
1713159576183 0.806662725957882 689
1713159873175 0.8201584181445942 690
1713160175285 0.7578173669925757 691
1713160486025 0.8351707594992746 692
1713160775028 0.7611622043784465 693
1713161072542 0.7796576857705537 694
1713161381458 0.8080273944972842 695
1713161689670 0.8116117926780758 696
1713162005530 0.7225188319167112 697
1713162301255 0.7531521110969999 698
1713162606579 0.7830936975793761 699
1713162921370 0.7055261536040478 700
1713163238886 0.7853540284002485 701
1713163548253 0.7863447185094258 702
