1712954585578 1.2245 0
1712954803825 0.2183 0
1712955087074 0.1179 0
1712955373785 0.0616 0
1712955680008 0.0297 0
1712955953083 0.0066 0
1712956248892 -0.0111 0
1712956541295 -0.0219 0
1712956861593 -0.0495 0
1712957170880 -0.0373 0
1712957479893 -0.0534 0
1712957772842 -0.084 0
1712958095008 -0.1001 0
1712958399001 -0.1277 0
1712958695994 -0.1251 0
1712959004644 -0.0837 0
1712959290581 -0.1025 0
1712959581668 -0.0857 0
1712959876218 -0.1105 0
1712960201477 -0.0581 0
1712960505642 -0.1129 0
1712960812754 -0.1237 0
1712961086493 -0.1393 0
1712961382062 -0.1365 0
1712961693560 -0.0841 0
1712961996044 -0.1339 0
1712962299941 -0.1436 0
1712962589946 -0.1294 0
1712962891718 -0.1354 0
1712963182683 -0.1656 0
1712963480288 -0.0997 0
1712963757800 -0.1266 0
1712964028962 -0.1837 0
1712964336483 -0.1301 0
1712964629776 -0.152 0
1712964906895 -0.1594 0
1712965182817 -0.176 0
1712965499020 -0.1579 0
1712965835661 -0.1256 0
1712966114060 -0.1827 0
1712966418020 -0.1212 0
1712966694877 -0.159 0
1712966984967 -0.1466 0
1712967288305 -0.1705 0
1712967593296 -0.1678 0
1712967903431 -0.183 0
1712968200631 -0.1789 0
1712968505781 -0.1967 0
1712968801099 -0.16 0
1712969101339 -0.1679 0
1712969405584 -0.1357 0
1712969709062 -0.2157 0
1712969993001 -0.1929 0
1712970307825 -0.1642 0
1712970608934 -0.1411 0
1712970882751 -0.1852 0
1712971177073 -0.2049 0
1712971488212 -0.1479 0
1712971772566 -0.1973 0
1712972072428 -0.1877 0
1712972393921 -0.176 0
1712972680158 -0.1767 0
1712972979291 -0.196 0
1712973279413 -0.1949 0
1712973553158 -0.1814 0
1712973872467 -0.1687 0
1712974153134 -0.1731 0
1712974445872 -0.1784 0
1712974734333 -0.1963 0
1712975041099 -0.1872 0
1712975328597 -0.2284 0
1712975610566 -0.2506 0
1712975908549 -0.135 0
1712976213756 -0.2529 0
1712976503482 -0.2369 0
1712976789697 -0.2098 0
1712977106853 -0.1907 0
1712977390975 -0.2251 0
1712977682811 -0.2379 0
1712977980024 -0.1963 0
1712978269232 -0.2284 0
1712978555228 -0.1971 0
1712978830638 -0.2176 0
1712979136543 -0.2228 0
1712979425727 -0.2448 0
1712979733080 -0.2105 0
1712980021126 -0.2095 0
1712980311338 -0.2026 0
1712980619810 -0.2025 0
1712980932027 -0.1533 0
1712981220337 -0.2067 0
1712981501966 -0.2168 0
1712981781832 -0.1653 0
1712982108295 -0.2564 0
1712982397526 -0.2131 0
1712982702982 -0.2756 0
1712983015037 -0.2302 0
1712983308624 -0.1842 0
1712983605275 -0.2392 0
1712983901138 -0.2426 0
1712984200032 -0.2433 0
1712984483140 -0.2305 0
1712984745732 -0.1951 0
1712985050542 -0.206 0
1712985320675 -0.2142 0
1712985612878 -0.2006 0
1712985921343 -0.1949 0
1712986215659 -0.2383 0
1712986525511 -0.1798 0
1712986815782 -0.234 0
1712987104601 -0.1936 0
1712987405832 -0.2324 0
1712987712570 -0.2268 0
1712987989258 -0.261 0
1712988304471 -0.2309 0
1712988609655 -0.2454 0
1712988908843 -0.2517 0
1712989209863 -0.2484 0
1712989521011 -0.2545 0
1712989842572 -0.2576 0
1712990132136 -0.2735 0
1712990428010 -0.2581 0
1712990718825 -0.2401 0
1712991021945 -0.2318 0
1712991301843 -0.2527 0
1712991603126 -0.2112 0
1712991901083 -0.2548 0
1712992204330 -0.2262 0
1712992477348 -0.2117 0
1712992769917 -0.2496 0
1712993072228 -0.2108 0
1712993362922 -0.2409 0
1712993663998 -0.2558 0
1712993975558 -0.2789 0
1712994288454 -0.2638 0
1712994611172 -0.2754 0
1712994924431 -0.2793 0
1712995214181 -0.2637 0
1712995520869 -0.241 0
1712995826082 -0.2481 0
1712996122775 -0.2385 0
1712996420257 -0.2499 0
1712996707193 -0.2389 0
1712997026809 -0.2747 0
1712997339565 -0.2952 0
1712997626100 -0.2799 0
1712997916844 -0.2844 0
1712998206277 -0.263 0
1712998507058 -0.2872 0
1712998791923 -0.2761 0
1712999106519 -0.2471 0
1712999395657 -0.2653 0
1712999692740 -0.2923 0
1713000016684 -0.2643 0
1713000287058 -0.2434 0
1713000599525 -0.2343 0
1713000907975 -0.2911 0
1713001176154 -0.252 0
1713001505664 -0.272 0
1713001786233 -0.276 0
1713002104136 -0.2954 0
1713002393718 -0.1953 0
1713002701020 -0.2726 0
1713003007705 -0.3064 0
1713003309565 -0.262 0
1713003625902 -0.2344 0
1713003912574 -0.3409 0
1713004213680 -0.2597 0
1713004512183 -0.2406 0
1713004792328 -0.2856 0
1713005087302 -0.2627 0
1713005382603 -0.2902 0
1713005666685 -0.2538 0
1713005978342 -0.2712 0
1713006282074 -0.2448 0
1713006565673 -0.2666 0
1713006855341 -0.2627 0
1713007165968 -0.2824 0
1713007467193 -0.2713 0
1713007787050 -0.2732 0
1713008086366 -0.306 0
1713008376936 -0.276 0
1713008677575 -0.2744 0
1713008975555 -0.2524 0
1713009284521 -0.3036 0
1713009575341 -0.3022 0
1713009889274 -0.2728 0
1713010189058 -0.2378 0
1713010464269 -0.2433 0
1713010793348 -0.296 0
1713011089457 -0.3242 0
1713011395836 -0.2891 0
1713011674141 -0.2247 0
1713011970960 -0.3009 0
1713012267627 -0.3067 0
1713012574895 -0.3032 0
1713012880183 -0.2902 0
1713013187168 -0.3069 0
1713013484132 -0.2942 0
1713013781798 -0.3021 0
1713014081917 -0.2888 0
1713014390482 -0.3071 0
1713014682056 -0.2566 0
1713014982090 -0.2771 0
1713015257662 -0.2561 0
1713015574563 -0.2977 0
1713015885221 -0.3051 0
1713016191326 -0.3433 0
1713016469666 -0.268 0
1713016777585 -0.2808 0
1713017067316 -0.2731 0
1713017336157 -0.316 0
1713017649732 -0.3161 0
1713017939611 -0.3028 0
1713018221393 -0.3028 0
1713018529084 -0.3145 0
1713018800855 -0.2781 0
1713019104717 -0.3051 0
1713019414225 -0.3228 0
1713019705293 -0.288 0
1713020020940 -0.295 0
1713020312857 -0.2838 0
1713020627571 -0.3317 0
1713020924489 -0.3264 0
1713021226495 -0.3356 0
1713021514143 -0.2966 0
1713021813397 -0.3043 0
1713022120795 -0.3231 0
1713022424779 -0.2961 0
1713022705247 -0.2403 0
1713022998632 -0.3174 0
1713023288199 -0.3187 0
1713023568443 -0.3163 0
1713023856050 -0.2896 0
1713024155660 -0.2929 0
1713024462802 -0.2827 0
1713024741266 -0.3453 0
1713025021629 -0.3413 0
1713025319855 -0.3327 0
1713025614970 -0.3431 0
1713025936157 -0.35 0
1713026227465 -0.2627 0
1713026513218 -0.2839 0
1713026808698 -0.2292 0
1713027116311 -0.3137 0
1713027398233 -0.3042 0
1713027725610 -0.2948 0
1713028046491 -0.3237 0
1713028334142 -0.3229 0
1713028628491 -0.3014 0
1713028914093 -0.2791 0
1713029223088 -0.2964 0
1713029507970 -0.3537 0
1713029810873 -0.3099 0
1713030130053 -0.288 0
1713030437443 -0.2948 0
1713030744616 -0.2902 0
1713031038669 -0.2894 0
1713031323529 -0.2641 0
1713031626925 -0.3326 0
1713031912830 -0.3551 0
1713032198358 -0.28 0
1713032517061 -0.3147 0
1713032805914 -0.3388 0
1713033103572 -0.3537 0
1713033385913 -0.3283 0
1713033674814 -0.3391 0
1713033979757 -0.3309 0
1713034273328 -0.3423 0
1713034571281 -0.3412 0
1713034870539 -0.311 0
1713035142409 -0.27 0
1713035452458 -0.3124 0
1713035741767 -0.304 0
1713036032552 -0.3387 0
1713036346029 -0.3347 0
1713036659158 -0.3287 0
1713036962214 -0.3153 0
1713037278833 -0.3231 0
1713037575704 -0.2924 0
1713037867676 -0.3076 0
1713038149185 -0.332 0
1713038444241 -0.3197 0
1713038744408 -0.3256 0
1713039088499 -0.3422 0
1713039365483 -0.3328 0
1713039649134 -0.3544 0
1713039935015 -0.3185 0
1713040216824 -0.3256 0
1713040501294 -0.3011 0
1713040809937 -0.3457 0
1713041100480 -0.3029 0
1713041406877 -0.3447 0
1713041718650 -0.3592 0
1713042017835 -0.3503 0
1713042319436 -0.3392 0
1713042621256 -0.3534 0
1713042929096 -0.3137 0
1713043208016 -0.3358 0
1713043518310 -0.3222 0
1713043826696 -0.3334 0
1713044120220 -0.358 0
1713044406664 -0.331 0
1713044730009 -0.3206 0
1713045027442 -0.3338 0
1713045323753 -0.3104 0
1713045599890 -0.332 0
1713045906942 -0.3433 0
1713046191160 -0.3549 0
1713046504050 -0.3289 0
1713046822102 -0.3301 0
1713047139931 -0.3077 0
1713047434448 -0.3107 0
1713047717771 -0.3556 0
1713048021886 -0.3031 0
1713048303213 -0.3764 0
1713048613941 -0.3338 0
1713048905788 -0.313 0
1713049207534 -0.2904 0
1713049506970 -0.3662 0
1713049780570 -0.2989 0
1713050092522 -0.3371 0
1713050374813 -0.3632 0
1713050679446 -0.3531 0
1713050975830 -0.3223 0
1713051275347 -0.348 0
1713051584047 -0.3436 0
1713051887396 -0.3125 0
1713052163374 -0.346 0
1713052462607 -0.3194 0
1713052747225 -0.3304 0
1713053023170 -0.3823 0
1713053329823 -0.3263 0
1713053646408 -0.337 0
1713053972316 -0.3407 0
1713054255845 -0.353 0
1713054548822 -0.3702 0
1713054861196 -0.33 0
1713055156915 -0.2822 0
1713055465151 -0.3362 0
1713055748346 -0.3971 0
1713056054000 -0.3809 0
1713056333926 -0.3241 0
1713056654047 -0.3386 0
1713056974158 -0.3399 0
1713057260559 -0.3378 0
1713057562821 -0.3795 0
1713057862979 -0.3386 0
1713058157941 -0.351 0
1713058457114 -0.3439 0
1713058745858 -0.3531 0
1713059041827 -0.3996 0
1713059336528 -0.3566 0
1713059657979 -0.3262 0
1713059946675 -0.355 0
1713060235749 -0.3543 0
1713060548220 -0.327 0
1713060858070 -0.3449 0
1713061134800 -0.3347 0
1713061408458 -0.3063 0
1713061703072 -0.3586 0
1713062005399 -0.3499 0
1713062296219 -0.3477 0
1713062588266 -0.3389 0
1713062915679 -0.3298 0
1713063180023 -0.3359 0
1713063496117 -0.3586 0
1713063800746 -0.3574 0
1713064090669 -0.3557 0
1713064404809 -0.3785 0
1713064710529 -0.3617 0
1713065006004 -0.3883 0
1713065314744 -0.3383 0
1713065615723 -0.3548 0
1713065936878 -0.342 0
1713066252697 -0.3611 0
1713066538111 -0.3749 0
1713066818416 -0.3644 0
1713067138139 -0.329 0
1713067447538 -0.3857 0
1713067724085 -0.3357 0
1713068009606 -0.3574 0
1713068316452 -0.3335 0
1713068583346 -0.3059 0
1713068878956 -0.3537 0
1713069168779 -0.3599 0
1713069460050 -0.3487 0
1713069761662 -0.3461 0
1713070070196 -0.336 0
1713070372780 -0.3085 0
1713070665485 -0.3752 0
1713070953333 -0.3769 0
1713071261159 -0.3427 0
1713071560193 -0.3548 0
1713071859978 -0.3621 0
1713072168922 -0.3485 0
1713072507317 -0.3298 0
1713072775754 -0.3563 0
1713073065179 -0.3905 0
1713073360358 -0.3473 0
1713073635755 -0.374 0
1713073929219 -0.3927 0
1713074252083 -0.361 0
1713074536129 -0.3895 0
1713074842196 -0.3541 0
1713075138443 -0.3432 0
1713075422700 -0.3792 0
1713075744281 -0.3561 0
1713076048100 -0.3691 0
1713076356681 -0.3543 0
1713076652589 -0.3532 0
1713076958762 -0.3887 0
1713077248224 -0.3515 0
1713077524126 -0.3835 0
1713077830467 -0.3758 0
1713078114638 -0.4194 0
1713078414762 -0.3652 0
1713078713176 -0.3578 0
1713079000638 -0.336 0
1713079321618 -0.3512 0
1713079649177 -0.4048 0
1713079968725 -0.3884 0
1713080279809 -0.3868 0
1713080591505 -0.3631 0
1713080885103 -0.3623 0
1713081175159 -0.3727 0
1713081471902 -0.375 0
1713081756494 -0.3539 0
1713082060945 -0.3868 0
1713082368392 -0.3831 0
1713082669674 -0.3387 0
1713082977733 -0.363 0
1713083276974 -0.3678 0
1713083592164 -0.3738 0
1713083910805 -0.3554 0
1713084201710 -0.3901 0
1713084472153 -0.3845 0
1713084785761 -0.3624 0
1713085083225 -0.3953 0
1713085369917 -0.4057 0
1713085666029 -0.3865 0
1713085945020 -0.3674 0
1713086266781 -0.3681 0
1713086569069 -0.3616 0
1713086867731 -0.3509 0
1713087164726 -0.351 0
1713087494467 -0.3849 0
1713087776137 -0.3878 0
1713088074347 -0.3311 0
1713088380078 -0.3922 0
1713088671835 -0.4122 0
1713088959339 -0.371 0
1713089260857 -0.3331 0
1713089547643 -0.3921 0
1713089862865 -0.3764 0
1713090151329 -0.3457 0
1713090433479 -0.3603 0
1713090760424 -0.3759 0
1713091058148 -0.3829 0
1713091355638 -0.3845 0
1713091629389 -0.3716 0
1713091922123 -0.3144 0
1713092217717 -0.3857 0
1713092499298 -0.3605 0
1713092769815 -0.3903 0
1713093122010 -0.3483 0
1713093419345 -0.3806 0
1713093704677 -0.4176 0
1713094007943 -0.3771 0
1713094298445 -0.3877 0
1713094592351 -0.3917 0
1713094895469 -0.3774 0
1713095189137 -0.3542 0
1713095492076 -0.3694 0
1713095793543 -0.3588 0
1713096080086 -0.3998 0
1713096369656 -0.375 0
1713096660868 -0.3864 0
1713096947441 -0.3778 0
1713097253070 -0.3698 0
1713097542571 -0.3929 0
1713097839372 -0.4035 0
1713098126994 -0.3766 0
1713098430113 -0.3653 0
1713098715780 -0.389 0
1713099021088 -0.3564 0
1713099305781 -0.389 0
1713099605289 -0.3849 0
1713099894368 -0.4003 0
1713100176996 -0.3718 0
1713100481332 -0.3965 0
1713100758117 -0.4343 0
1713101075953 -0.3797 0
1713101401914 -0.3731 0
1713101676394 -0.3891 0
1713101947650 -0.4024 0
1713102225865 -0.3908 0
1713102520038 -0.3708 0
1713102848536 -0.4011 0
1713103153951 -0.3398 0
1713103465413 -0.4108 0
1713103776027 -0.3826 0
1713104071433 -0.3844 0
1713104367590 -0.3814 0
1713104681807 -0.4339 0
1713104965936 -0.3566 0
1713105260880 -0.3644 0
1713105538994 -0.3806 0
1713105832085 -0.4049 0
1713106137935 -0.3856 0
1713106429351 -0.3668 0
1713106746793 -0.3908 0
1713107030772 -0.403 0
1713107337688 -0.4025 0
1713107642529 -0.4078 0
1713107934720 -0.3879 0
1713108251310 -0.3816 0
1713108553357 -0.4202 0
1713108845353 -0.3727 0
1713109148938 -0.3815 0
1713109433911 -0.4147 0
1713109714691 -0.4023 0
1713109998154 -0.3397 0
1713110304460 -0.3643 0
1713110598146 -0.3995 0
1713110909784 -0.3848 0
1713111209020 -0.3804 0
1713111502930 -0.4151 0
1713111782329 -0.3923 0
1713112070523 -0.3603 0
1713112378033 -0.3523 0
1713112685406 -0.3718 0
1713112990288 -0.3786 0
1713113272314 -0.3194 0
1713113561259 -0.3791 0
1713113861868 -0.4342 0
1713114132252 -0.4295 0
1713114451412 -0.3945 0
1713114781282 -0.382 0
1713115083769 -0.3833 0
1713115366594 -0.3869 0
1713115680670 -0.4177 0
1713115995705 -0.4209 0
1713116287869 -0.4195 0
1713116600502 -0.3881 0
1713116899864 -0.4047 0
1713117170547 -0.3869 0
1713117466601 -0.3779 0
1713117762588 -0.3858 0
1713118075330 -0.3681 0
1713118390435 -0.382 0
1713118687601 -0.3867 0
1713118995948 -0.369 0
1713119315324 -0.3703 0
1713119621017 -0.3936 0
1713119922247 -0.4079 0
1713120211116 -0.446 0
1713120517046 -0.4127 0
1713120775308 -0.3705 0
1713121057656 -0.4042 0
1713121357664 -0.4499 0
1713121659517 -0.3733 0
1713121947106 -0.4252 0
1713122250720 -0.3791 0
1713122545012 -0.3882 0
1713122832856 -0.4346 0
1713123132823 -0.4062 0
1713123417714 -0.4639 0
1713123715987 -0.385 0
1713124008129 -0.3751 0
1713124298735 -0.4075 0
1713124601442 -0.4058 0
1713124875750 -0.3611 0
1713125181550 -0.3933 0
1713125483827 -0.4335 0
1713125803552 -0.3897 0
1713126076362 -0.3892 0
1713126379204 -0.4042 0
1713126684628 -0.3842 0
1713126968082 -0.3897 0
1713127255674 -0.4202 0
1713127543811 -0.3909 0
1713127839917 -0.4195 0
1713128140134 -0.4247 0
1713128433292 -0.3878 0
1713128715064 -0.4054 0
1713129013451 -0.3921 0
1713129290104 -0.4244 0
1713129583814 -0.3731 0
1713129881461 -0.3994 0
1713130168367 -0.378 0
1713130470288 -0.402 0
1713130746938 -0.4095 0
1713131041162 -0.3809 0
1713131318850 -0.4163 0
1713131630000 -0.4144 0
1713131917898 -0.42 0
1713132230129 -0.4357 0
1713132509940 -0.4407 0
1713132799856 -0.4027 0
1713133098016 -0.425 0
1713133394075 -0.4387 0
1713133686145 -0.4064 0
1713133980701 -0.3716 0
1713134278281 -0.3997 0
1713134572888 -0.3992 0
1713134882553 -0.3767 0
1713135187674 -0.3567 0
1713135484508 -0.4065 0
1713135782838 -0.3697 0
1713136077728 -0.3913 0
1713136381235 -0.3784 0
1713136677304 -0.4082 0
1713136997930 -0.3999 0
1713137296579 -0.4648 0
1713137575648 -0.3906 0
1713137882170 -0.3972 0
1713138173313 -0.4003 0
1713138471974 -0.3849 0
1713138766678 -0.3652 0
1713139060692 -0.4029 0
1713139365211 -0.4042 0
1713139651626 -0.4086 0
1713139955452 -0.4227 0
1713140262790 -0.4254 0
1713140565312 -0.4192 0
1713140856403 -0.3991 0
1713141155906 -0.4125 0
1713141468911 -0.4057 0
1713141767923 -0.4078 0
1713142073880 -0.3945 0
1713142373955 -0.4193 0
1713142660495 -0.4181 0
1713142962535 -0.4412 0
1713143293406 -0.4212 0
1713143586347 -0.3925 0
1713143866524 -0.3828 0
1713144160796 -0.4012 0
1713144478545 -0.4346 0
1713144778985 -0.4255 0
1713145058184 -0.4499 0
1713145341109 -0.4457 0
1713145633266 -0.4224 0
1713145934232 -0.384 0
1713146233895 -0.44 0
1713146526061 -0.3944 0
1713146838786 -0.4057 0
1713147125380 -0.4507 0
1713147418692 -0.4335 0
1713147708921 -0.4101 0
1713148022374 -0.4096 0
1713148318155 -0.419 0
1713148612584 -0.428 0
1713148924762 -0.4162 0
1713149223746 -0.3858 0
1713149526708 -0.3729 0
1713149832221 -0.4266 0
1713150118038 -0.4097 0
1713150426437 -0.4356 0
1713150714281 -0.4017 0
1713151003714 -0.4381 0
1713151317113 -0.4199 0
1713151587170 -0.404 0
1713151882815 -0.4357 0
1713152179337 -0.4302 0
1713152479676 -0.4384 0
1713152780820 -0.4256 0
1713153088711 -0.3987 0
1713153377008 -0.4464 0
1713153675180 -0.4233 0
1713153986690 -0.4204 0
1713154286892 -0.3717 0
1713154575460 -0.4463 0
1713154855508 -0.4567 0
1713155146172 -0.4577 0
1713155431266 -0.4153 0
1713155734315 -0.4467 0
1713156038636 -0.4305 0
1713156340151 -0.4525 0
1713156627148 -0.4375 0
1713156907195 -0.4233 0
1713157197883 -0.4159 0
1713157499410 -0.4141 0
1713157794481 -0.4347 0
1713158089007 -0.4057 0
1713158381322 -0.4429 0
1713158667927 -0.4332 0
1713158985956 -0.37 0
1713159272993 -0.4254 0
1713159576269 -0.4095 0
1713159873717 -0.3921 0
1713160175725 -0.4183 0
1713160486537 -0.4066 0
1713160775790 -0.4337 0
1713161072597 -0.4124 0
1713161381796 -0.44 0
1713161690052 -0.4327 0
1713162005565 -0.4531 0
1713162302547 -0.4363 0
1713162606610 -0.4311 0
1713162921501 -0.436 0
1713163239185 -0.4163 0
1713163549066 -0.435 0
