1712429968364 0.0 0
1712430034425 0.0 1
1712430095627 0.05854671404988407 2
1712430157570 0.08101132413516797 3
1712430218835 0.14640314051939687 4
1712430285590 0.07171744516986028 5
1712430346652 0.18737344728412836 6
1712430412766 0.1163992779485255 7
1712430473921 0.2511489621349441 8
1712430540543 0.22536335235962235 9
1712430601466 0.20429451570940727 10
1712430662661 0.22321922944227074 11
1712430723784 0.1989016764638057 12
1712430785012 0.15590146731685844 13
1712430846218 0.11965591908588732 14
1712430902084 0.2224216348459182 15
1712430963252 0.20504345220161074 16
1712431024713 0.17739912851227865 17
1712431085916 0.3246935116661185 18
1712431152436 0.1986309871239686 19
1712431213781 0.2931282901425095 20
1712431275350 0.19094989723446165 21
1712431336462 0.3242182880955977 22
1712431403016 0.28696432287596185 23
1712431463737 0.28863255181367287 24
1712431524364 0.20174534371885383 25
1712431579989 0.25182334157550956 26
1712431641355 0.30763617701042767 27
1712431702734 0.2955374631355799 28
1712431763796 0.15231831265467624 29
1712431819839 0.2814882365181838 30
1712431876125 0.30091631521182893 31
1712431937485 0.3137203477601687 32
1712431998465 0.28027041812773545 33
1712432059430 0.31491609853976277 34
1712432125942 0.3317736171771972 35
1712432186882 0.2904304282872296 36
1712432248032 0.28670666189002003 37
1712432309152 0.3397489803418702 38
1712432375775 0.3173054359205307 39
1712432437564 0.3331372490947642 40
1712432503967 0.2311525401513067 41
1712432559755 0.36141026272931265 42
1712432626128 0.3422502991996965 43
1712432692776 0.35132063833586635 44
1712432753705 0.3078482851150226 45
1712432814914 0.2929157742528772 46
1712432871054 0.23358227272492066 47
1712432927090 0.315491707423172 48
1712432983064 0.24962354434802791 49
1712433041043 0.29442800293553695 50
1712433096874 0.26291967832516105 51
1712433152688 0.32990593200702045 52
1712433209114 0.3679935868820856 53
1712433275402 0.33902517303662777 54
1712433336643 0.39500987443179253 55
1712433403140 0.3705097891633019 56
1712433464242 0.3826532198828849 57
1712433530580 0.35833212178034457 58
1712433591356 0.4041470033080636 59
1712433657549 0.4198377608237194 60
1712433718224 0.37065863849050285 61
1712433779533 0.3021324594153121 62
1712433835422 0.42748343416109114 63
1712433902027 0.3673568255892803 64
1712433963020 0.3634150400805727 65
1712434024564 0.3248592839055877 66
1712434080702 0.4989492422518812 67
1712434146670 0.44332392050324265 68
1712434207937 0.3691585238085673 69
1712434264216 0.3475882843092016 70
1712434319968 0.4322614479276363 71
1712434381076 0.3900681224704577 72
1712434442233 0.3699252796931147 73
1712434498018 0.33532689841416896 74
1712434553871 0.48058333547537163 75
1712434614934 0.3335054013928228 76
1712434671495 0.2730695599229602 77
1712434727685 0.3544182452257203 78
1712434783670 0.37832221963776724 79
1712434839495 0.40271701972500185 80
1712434895255 0.48102051873478546 81
1712434951142 0.476067737302557 82
1712435012146 0.4542969104495388 83
1712435073754 0.4140778937239584 84
1712435135097 0.3776880691118262 85
1712435191150 0.4321692021649429 86
1712435252068 0.39514073353297957 87
1712435307829 0.4107252590896505 88
1712435368594 0.4150488579742424 89
1712435429531 0.36906211399035227 90
1712435485574 0.4422583076604801 91
1712435546569 0.3939846480122472 92
1712435602143 0.379465776983516 93
1712435657734 0.4052468253882938 94
1712435713413 0.4066452768268418 95
1712435769148 0.44754173535628666 96
1712435830148 0.4273096286221912 97
1712435891700 0.44255744400839286 98
1712435953082 0.44363884911259666 99
1712436019447 0.4685333079982367 100
1712436080803 0.3744338790749595 101
1712436136725 0.4908329387796127 102
1712436198100 0.39999550932842987 103
1712436253904 0.5113851093654532 104
1712436314847 0.50601712305867 105
1712436375690 0.4994445843599419 106
1712436436580 0.4194953477025185 107
1712436492557 0.4216012071557837 108
1712436548378 0.4677023759980404 109
1712436604618 0.5018958498038391 110
1712436670976 0.5207152392952924 111
1712436737217 0.4507835580263646 112
1712436792883 0.48576028233149204 113
1712436853878 0.4745159608836567 114
1712436914935 0.4660767869608524 115
1712436976046 0.4722672173584126 116
1712437036820 0.3880065578070807 117
1712437092507 0.438211530951933 118
1712437148241 0.4093187472063674 119
1712437203984 0.4640192963661002 120
1712437259777 0.43673453251702465 121
1712437315627 0.572576094936721 122
1712437377171 0.4911364588409567 123
1712437438273 0.5324352290646241 124
1712437499570 0.4766018716345821 125
1712437560559 0.4849655119674194 126
1712437621506 0.3645178319749992 127
1712437677481 0.5201056330396909 128
1712437733658 0.4497354254718139 129
1712437789456 0.4050885987513165 130
1712437845315 0.4448729301176346 131
1712437901219 0.48627189442505203 132
1712437957063 0.38768973821446034 133
1712438012931 0.356399884833756 134
1712438068904 0.3935858002160215 135
1712438125186 0.5019220187555999 136
1712438181170 0.4751156460435732 137
1712438237013 0.5616350822495184 138
1712438293010 0.5069247738135545 139
1712438348876 0.518140480786826 140
1712438404830 0.5164170296379826 141
1712438466221 0.4627853883700853 142
1712438522486 0.5333694803679094 143
1712438583522 0.423319925517809 144
1712438639406 0.428608552804357 145
1712438695350 0.5117325799880597 146
1712438751223 0.45104690112931933 147
1712438807091 0.44206430183371415 148
1712438863113 0.5007330877468593 149
1712438924916 0.5228361402382461 150
1712438980882 0.5172601658892426 151
1712439041959 0.4309346399146 152
1712439098085 0.5368078935836399 153
1712439159305 0.5423022901692941 154
1712439220786 0.5002345072481095 155
1712439282494 0.6054349296661515 156
1712439349347 0.43332251163986046 157
1712439405319 0.4854269899182209 158
1712439461421 0.4505576923571991 159
1712439517379 0.5167690629116847 160
1712439573209 0.4817460176349887 161
1712439629071 0.4275332534320894 162
1712439685368 0.5010081545483372 163
1712439741295 0.5034268602005993 164
1712439797125 0.5267136601424722 165
1712439853049 0.4681443045839538 166
1712439908996 0.483838325766333 167
1712439965038 0.5045348013368941 168
1712440021069 0.477077315731801 169
1712440077227 0.44889731941342514 170
1712440133323 0.47325270844292633 171
1712440189147 0.5331879415704592 172
1712440245020 0.5495878430634308 173
1712440300995 0.5252074314919721 174
1712440356979 0.5216629491219136 175
1712440412929 0.5882654436376207 176
1712440480114 0.5204015023106818 177
1712440541481 0.5091271097284661 178
1712440597559 0.596064350235751 179
1712440658727 0.4974662469386459 180
1712440714615 0.5310427998604275 181
1712440770407 0.6416890129024198 182
1712440837146 0.493640903296093 183
1712440893206 0.5696277711034416 184
1712440954646 0.5362671712879025 185
1712441016087 0.5347578234257446 186
1712441077527 0.5396456379366893 187
1712441138759 0.47541702158510624 188
1712441195142 0.571866035094238 189
1712441251120 0.4972642352315133 190
1712441307147 0.5024771591672682 191
1712441363353 0.6155527675163469 192
1712441424778 0.5419547203019452 193
1712441485959 0.5440176088368885 194
1712441547009 0.39635922360382464 195
1712441603632 0.5499325614457983 196
1712441659500 0.6028314867385431 197
1712441715438 0.5609819845910992 198
1712441771373 0.4792344939049383 199
1712441832417 0.479147010186762 200
1712441888464 0.49758776910937474 201
1712441944937 0.6401289527034001 202
1712442000826 0.5189969436317886 203
1712442056644 0.5560520905823045 204
1712442112558 0.5792397266852785 205
1712442173429 0.530297513675271 206
1712442229000 0.5507144925628547 207
1712442289649 0.5696940174698004 208
1712442351368 0.5431724598874479 209
1712442412243 0.5198702395357926 210
1712442467837 0.5379388222799893 211
1712442523460 0.5086766624236791 212
1712442579210 0.4957418940404435 213
1712442634885 0.4921880098734026 214
1712442690491 0.5223653095071309 215
1712442746738 0.5510798521230661 216
1712442802648 0.5492999485999188 217
1712442858358 0.5392378337147127 218
1712442914049 0.6289984613507394 219
1712442969861 0.5736839502887178 220
1712443030880 0.5890232082555223 221
1712443091787 0.6426758196063411 222
1712443153381 0.5474622915993193 223
1712443209362 0.5688847147468812 224
1712443265086 0.5195149918388079 225
1712443321020 0.5911247624195731 226
1712443376990 0.5407779341455058 227
1712443432891 0.6293588129644285 228
1712443493778 0.4968689102807604 229
1712443550104 0.5555273788214942 230
1712443605944 0.5500268190486857 231
1712443661932 0.5750686067156469 232
1712443717537 0.6156228945229523 233
1712443773255 0.6119294042464025 234
1712443834201 0.5725405673305904 235
1712443895139 0.5894885394426402 236
1712443956639 0.46332125895934506 237
1712444012500 0.5447341237264058 238
1712444068353 0.5441519323597597 239
1712444124149 0.4108787902507158 240
1712444180179 0.6060719343200944 241
1712444235999 0.4585943847778437 242
1712444291913 0.567121029024018 243
1712444347873 0.5898882674187559 244
1712444403610 0.5038910230694015 245
1712444459372 0.5693991496479907 246
1712444515084 0.5310683956357187 247
1712444570931 0.5572090861894038 248
1712444626799 0.5425425943230953 249
1712444687925 0.5876225953514066 250
1712444743950 0.517427911684282 251
1712444799913 0.5733803423206894 252
1712444855848 0.5790027557361044 253
1712444911888 0.5142890935935964 254
1712444967678 0.6602042074307959 255
1712445023451 0.5816367268820418 256
1712445079150 0.5011874427082279 257
1712445134869 0.5368781575636798 258
1712445190959 0.6357106662161436 259
1712445246576 0.5884582201951067 260
1712445302369 0.5386634453092136 261
1712445358116 0.5889140903998129 262
1712445413968 0.5950453747901305 263
1712445469864 0.5451100552647314 264
1712445525612 0.5059736528262063 265
1712445582092 0.5528873663566237 266
1712445638031 0.5693568699260677 267
1712445693905 0.6288059544267162 268
1712445749657 0.591657759537427 269
1712445805398 0.5678142317333136 270
1712445861204 0.439199181081756 271
1712445917076 0.5601352469175928 272
1712445973137 0.5958978726170867 273
1712446028986 0.5802118580675428 274
1712446084700 0.6402840348479603 275
1712446145621 0.5921887407188584 276
1712446206716 0.5808902372092376 277
1712446267481 0.5373337017007391 278
1712446323346 0.6198814986624925 279
1712446384485 0.559999474180847 280
1712446440282 0.6214238876754488 281
1712446501015 0.5972184925510317 282
1712446562242 0.5908409806698113 283
1712446623476 0.5490808067422248 284
1712446679416 0.567608818389134 285
1712446735630 0.5551402225969843 286
1712446791480 0.5839284409248446 287
1712446847445 0.6193704662844717 288
1712446903318 0.6045284706652593 289
1712446964486 0.5643039349608184 290
1712447020390 0.6776918569940992 291
1712447081914 0.5671503149793691 292
1712447137882 0.49568919917575094 293
1712447193819 0.5903828208785251 294
1712447249733 0.652008305759033 295
1712447305665 0.5274684217884635 296
1712447361631 0.6274235599955427 297
1712447417611 0.6199544766545325 298
1712447473827 0.6211092642040639 299
1712447540235 0.5711995573359562 300
1712447596136 0.5295191197459826 301
1712447652127 0.5587183499637913 302
1712447707893 0.5343210873954692 303
1712447763863 0.5873980735349602 304
1712447819794 0.5682041544128856 305
1712447876021 0.6215825296381381 306
1712447931951 0.6820718694356898 307
1712447993018 0.6546138872303511 308
1712448054063 0.6867295229741102 309
1712448120301 0.6370020039344393 310
1712448181878 0.5385569042340485 311
1712448237945 0.5624915616746793 312
1712448293918 0.6107518632495075 313
1712448349746 0.6217478652526585 314
1712448405904 0.5521333498027481 315
1712448461866 0.6331970964030744 316
1712448523110 0.6266542979040048 317
1712448579522 0.6064210574980337 318
1712448635511 0.5974621218376661 319
1712448691538 0.6235614800404591 320
1712448747433 0.6510028135224746 321
1712448803292 0.5222099453824594 322
1712448859290 0.6816062208907457 323
1712448920211 0.6586973384052164 324
1712448981822 0.5766880916441264 325
1712449037767 0.5345290917103771 326
1712449093680 0.6358799173523362 327
1712449149632 0.6489616012767125 328
1712449205487 0.6116318845991884 329
1712449261644 0.6020016072195837 330
1712449317503 0.5825524647241667 331
1712449373843 0.6117725100875395 332
1712449429927 0.6725755416841575 333
1712449485721 0.6364968157051769 334
1712449546851 0.6124523848232615 335
1712449602670 0.5695151235164373 336
1712449658569 0.6648053087227077 337
1712449720213 0.501698394896792 338
1712449776247 0.6543070383084704 339
1712449832156 0.6863479153501275 340
1712449893348 0.697926129351963 341
1712449954528 0.6385448291558325 342
1712450015812 0.6609370668236101 343
1712450077337 0.5786710991900684 344
1712450133191 0.6398446617929425 345
1712450189001 0.5946400464754189 346
1712450244861 0.684169288366743 347
1712450300784 0.61942384083709 348
1712450356623 0.6103362905994557 349
1712450417894 0.6527911994875932 350
1712450473935 0.6088713940124069 351
1712450529849 0.6547047000428358 352
1712450585879 0.5348715519860692 353
1712450641826 0.6347254413474936 354
1712450697666 0.5840435595281332 355
1712450753440 0.6370927490353047 356
1712450809698 0.5772166814371963 357
1712450865491 0.640049624220854 358
1712450921306 0.6138836188107846 359
1712450977453 0.619884672779508 360
1712451033386 0.5890297307223791 361
1712451089086 0.6261976963629619 362
1712451145123 0.6701999890054253 363
1712451201395 0.6186287085419774 364
1712451257457 0.6430169521165059 365
1712451313426 0.6251588075722073 366
1712451369353 0.6198794380386751 367
1712451425226 0.5537050763163884 368
1712451481088 0.6613869312424263 369
1712451537010 0.5687013224091257 370
1712451593264 0.6321330072633375 371
1712451649187 0.555080118992297 372
1712451705123 0.6141500150871511 373
1712451761041 0.5704235147888037 374
1712451816967 0.5392070425516314 375
1712451872916 0.5670574353679484 376
1712451928869 0.5819814203600002 377
1712451985028 0.597575573418072 378
1712452041077 0.6898671130444765 379
1712452102380 0.5100374772140874 380
1712452158526 0.6569806846156545 381
1712452214485 0.5171967564035731 382
1712452270559 0.6805179337066132 383
1712452326463 0.660723451537762 384
1712452382798 0.6786305282128082 385
1712452438717 0.6239236362844367 386
1712452494624 0.677930068715622 387
1712452550687 0.6088263428001226 388
1712452606446 0.5825336731417616 389
1712452662459 0.5722486705692443 390
1712452718434 0.552999223853907 391
1712452774906 0.6689245051740003 392
1712452830944 0.6043231213321367 393
1712452886821 0.6705465518825092 394
1712452942908 0.6644041104716114 395
1712452999016 0.6611297698198131 396
1712453055152 0.6437330015509033 397
1712453111241 0.6927087893127124 398
1712453172957 0.6731689407898113 399
1712453239581 0.612975902128817 400
1712453295408 0.6194773799851936 401
1712453351276 0.6653705230135062 402
1712453407163 0.5756013249556493 403
1712453463086 0.5823041223219486 404
1712453519567 0.6187226925742859 405
1712453575731 0.6130530122413509 406
1712453631706 0.6096501348962224 407
1712453687679 0.6287925713360094 408
1712453743678 0.570666844387075 409
1712453799551 0.6509159202771265 410
1712453855380 0.6659360218694997 411
1712453911512 0.5993258063786915 412
1712453967349 0.6236259277211351 413
1712454023195 0.5893456861283721 414
1712454079035 0.6328586560124457 415
1712454134913 0.687797868096455 416
1712454190745 0.6234739286905756 417
1712454246582 0.6750776197269096 418
1712454302607 0.5963906715627171 419
1712454358420 0.6724649441449028 420
1712454414209 0.6527199060629384 421
1712454470050 0.6081914948099849 422
1712454525976 0.5952979508891332 423
1712454581935 0.6737406978505374 424
1712454643128 0.6482515961537394 425
1712454699499 0.625694799372569 426
1712454755451 0.5842145574490589 427
1712454811468 0.6485689542039207 428
1712454867316 0.6379090520080185 429
1712454923050 0.6714904827100054 430
1712454978898 0.6453706547032587 431
1712455034884 0.6474225194212355 432
1712455090808 0.6795753995078577 433
1712455151836 0.6675100503006839 434
1712455213017 0.6596286802926536 435
1712455274184 0.6590031672205624 436
1712455335365 0.6684271471919299 437
1712455402192 0.6786592848785664 438
1712455463775 0.6763490995624759 439
1712455525083 0.5910868396474565 440
1712455580929 0.6423760221945769 441
1712455636676 0.6979079544938502 442
1712455692452 0.7014089949337852 443
1712455758628 0.6531050592150751 444
1712455814576 0.6435263422136206 445
1712455870353 0.6766055705092568 446
1712455931305 0.6521713731316177 447
1712455987191 0.606382042817238 448
1712456043122 0.7124790477480405 449
1712456109535 0.6455838405463641 450
1712456165436 0.6777737663342178 451
1712456226381 0.683447726234163 452
1712456287679 0.6324119657284649 453
1712456343443 0.6378176945631064 454
1712456399470 0.6060190205905933 455
1712456455227 0.6033849499590401 456
1712456511189 0.5756459256643629 457
1712456567813 0.6593863973555625 458
1712456623793 0.6626076381796926 459
1712456679824 0.6977722640158144 460
1712456735684 0.5478455507356857 461
1712456791631 0.6579174393030374 462
1712456847474 0.6946967009200992 463
1712456903313 0.5892590218335437 464
1712456959627 0.6562711810984232 465
1712457015657 0.6737266144301123 466
1712457071595 0.5805109262717539 467
1712457127584 0.7087064522077615 468
1712457183473 0.6729012842791369 469
1712457239238 0.6096913085320369 470
1712457295184 0.5861534040315897 471
1712457351197 0.632930410704405 472
1712457407015 0.6886422594231332 473
1712457462911 0.6541508868003691 474
1712457518822 0.6363197666962359 475
1712457574751 0.6217541727619884 476
1712457630545 0.5949443688660976 477
1712457686356 0.6519751384123784 478
1712457742183 0.6383921965223823 479
1712457798447 0.6923495527246455 480
1712457859570 0.664057676198587 481
1712457915457 0.6411486344245292 482
1712457971395 0.598524356183577 483
1712458027405 0.5837649743849528 484
1712458083419 0.6570863802580005 485
1712458139868 0.5745275079054909 486
1712458195851 0.5775785646332543 487
1712458251730 0.657313170373953 488
1712458307640 0.6149733921343262 489
1712458363586 0.6726334486951233 490
1712458419424 0.6432743051624599 491
1712458475370 0.702417385752047 492
1712458531421 0.6008251313558446 493
1712458587342 0.6266248486988157 494
1712458643254 0.6256870606589171 495
1712458699324 0.6077364424603091 496
1712458755373 0.6823583758440847 497
1712458811303 0.6500692988001504 498
1712458867297 0.5992082241181285 499
1712458928933 0.622458287807361 500
1712458984695 0.6300629210033706 501
1712459040518 0.5747517645387434 502
1712459096195 0.657938385258652 503
1712459151925 0.6512453698290664 504
1712459207662 0.5691073944542816 505
1712459263485 0.6771431872542915 506
1712459319903 0.6739792019420232 507
1712459375863 0.6620515793401458 508
1712459431814 0.6023496869287502 509
1712459487648 0.6634207693920211 510
1712459543539 0.6523864289139829 511
1712459599501 0.5434912377190305 512
1712459655385 0.5913856134808693 513
1712459711480 0.6188562823208293 514
1712459767334 0.5960251246272504 515
1712459823288 0.6290660088876923 516
1712459879038 0.7116316354139487 517
1712459934707 0.6379358734792868 518
1712459990757 0.61491868279628 519
1712460046659 0.6819330082538992 520
1712460102701 0.6671419950706654 521
1712460158711 0.6867219717809427 522
1712460214827 0.6322102114934941 523
1712460270586 0.6980933654442494 524
1712460326493 0.6563215284587849 525
1712460382327 0.7169892479643114 526
1712460438318 0.6735158287600412 527
1712460494364 0.6519389012047712 528
1712460550092 0.670808388448085 529
1712460605799 0.7086950223111323 530
1712460666950 0.6478717764371198 531
1712460722756 0.6818671384463066 532
1712460783663 0.6918618878000741 533
1712460845290 0.6580702556737649 534
1712460901096 0.6994686612457386 535
1712460962100 0.6634979465281152 536
1712461017824 0.6709359711824854 537
1712461073706 0.6084735344519223 538
1712461129562 0.6066138380723811 539
1712461185511 0.6865054059210829 540
1712461241735 0.6399608314274376 541
1712461297789 0.6273191392862612 542
1712461353730 0.6199716421107444 543
1712461409643 0.6672924375546574 544
1712461465401 0.6478003575837066 545
1712461521485 0.6451375100157424 546
1712461577425 0.6379400155992534 547
1712461633908 0.6679295569430345 548
1712461689741 0.7048624809905158 549
1712461750870 0.6406316113451871 550
1712461806796 0.7157627858220984 551
1712461862698 0.6653120527895727 552
1712461918525 0.6865797014545816 553
1712461974646 0.6864137089054471 554
1712462031019 0.6921065764134238 555
1712462092255 0.7233442241278742 556
1712462153137 0.6853800067273685 557
1712462214299 0.6901129563582564 558
1712462275432 0.6688929763451817 559
1712462331372 0.6432303892282908 560
1712462387217 0.6382672843990536 561
1712462443180 0.6959284026699599 562
1712462498937 0.5292830336359018 563
1712462554720 0.68377579971341 564
1712462610619 0.6911342562637975 565
1712462666333 0.6431879690536448 566
1712462722302 0.6929785856944686 567
1712462778076 0.6907000070022228 568
1712462833943 0.6935006830882431 569
1712462889919 0.6434541062423995 570
1712462945734 0.6183621123705794 571
1712463001670 0.6882040618066234 572
1712463057681 0.689590207325711 573
1712463113776 0.6468208659093222 574
1712463169711 0.6378412204473451 575
1712463225805 0.6342872946213003 576
1712463281809 0.5768092538591678 577
1712463337824 0.6397477426230246 578
1712463393677 0.7067984664628422 579
1712463449559 0.6468991955412122 580
1712463505620 0.6412448680721756 581
1712463561736 0.6694970569017529 582
1712463617607 0.6265139011086733 583
1712463673528 0.5615867859877255 584
1712463729492 0.7072240675652544 585
1712463785420 0.6649741135336626 586
1712463841298 0.6737976646718289 587
1712463897683 0.6532627280136041 588
1712463953771 0.6810932539491806 589
1712464009875 0.6675055788178885 590
1712464065882 0.6616756787356559 591
1712464121839 0.6902320807212897 592
1712464177804 0.6624206303397031 593
1712464233866 0.6842656023582165 594
1712464290195 0.703694286336545 595
1712464346148 0.6275232674244569 596
1712464402163 0.6649105334511228 597
1712464458012 0.6529398353298537 598
1712464513969 0.6754735449016012 599
