1712429968373 0.3772 0
1712430034431 0.0752 0
1712430095634 0.0291 0
1712430157580 -0.0133 0
1712430218842 -0.0251 0
1712430285600 -0.0174 0
1712430346659 -0.0274 0
1712430412773 -0.0284 0
1712430473929 -0.0515 0
1712430540551 -0.0515 0
1712430601474 -0.0905 0
1712430662669 -0.0742 0
1712430723791 -0.1103 0
1712430785020 -0.0891 0
1712430846226 -0.0816 0
1712430902094 -0.0777 0
1712430963258 -0.1211 0
1712431024722 -0.0944 0
1712431085924 -0.1071 0
1712431152444 -0.146 0
1712431213793 -0.1205 0
1712431275358 -0.1388 0
1712431336469 -0.1658 0
1712431403024 -0.1486 0
1712431463745 -0.171 0
1712431524375 -0.1683 0
1712431580000 -0.1242 0
1712431641367 -0.1832 0
1712431702742 -0.1609 0
1712431763803 -0.1693 0
1712431819846 -0.1651 0
1712431876133 -0.1856 0
1712431937498 -0.1912 0
1712431998473 -0.2111 0
1712432059438 -0.1866 0
1712432125956 -0.1829 0
1712432186890 -0.1944 0
1712432248041 -0.1918 0
1712432309159 -0.1976 0
1712432375786 -0.2382 0
1712432437572 -0.2358 0
1712432503975 -0.223 0
1712432559766 -0.2055 0
1712432626136 -0.1932 0
1712432692786 -0.1991 0
1712432753713 -0.1986 0
1712432814921 -0.2412 0
1712432871061 -0.1875 0
1712432927098 -0.1886 0
1712432983071 -0.2386 0
1712433041050 -0.2606 0
1712433096883 -0.2107 0
1712433152696 -0.2103 0
1712433209123 -0.2661 0
1712433275413 -0.2179 0
1712433336651 -0.2518 0
1712433403149 -0.2351 0
1712433464250 -0.2626 0
1712433530588 -0.2703 0
1712433591364 -0.2529 0
1712433657562 -0.2454 0
1712433718233 -0.2613 0
1712433779540 -0.2596 0
1712433835431 -0.2407 0
1712433902035 -0.2568 0
1712433963027 -0.2531 0
1712434024572 -0.2606 0
1712434080710 -0.2466 0
1712434146678 -0.2723 0
1712434207945 -0.2676 0
1712434264224 -0.2906 0
1712434319979 -0.2819 0
1712434381088 -0.3228 0
1712434442240 -0.2952 0
1712434498027 -0.2764 0
1712434553883 -0.3396 0
1712434614942 -0.2949 0
1712434671503 -0.3075 0
1712434727694 -0.2918 0
1712434783683 -0.3031 0
1712434839503 -0.3111 0
1712434895264 -0.3108 0
1712434951150 -0.2973 0
1712435012154 -0.2995 0
1712435073760 -0.3262 0
1712435135105 -0.303 0
1712435191157 -0.3256 0
1712435252076 -0.3333 0
1712435307835 -0.2824 0
1712435368602 -0.294 0
1712435429540 -0.3198 0
1712435485582 -0.3113 0
1712435546578 -0.2888 0
1712435602151 -0.3285 0
1712435657742 -0.3395 0
1712435713420 -0.3401 0
1712435769156 -0.3438 0
1712435830156 -0.3549 0
1712435891708 -0.3079 0
1712435953090 -0.3449 0
1712436019457 -0.3511 0
1712436080814 -0.3371 0
1712436136736 -0.3484 0
1712436198107 -0.3317 0
1712436253912 -0.3598 0
1712436314855 -0.3505 0
1712436375698 -0.3512 0
1712436436587 -0.3239 0
1712436492564 -0.3497 0
1712436548386 -0.3598 0
1712436604626 -0.3751 0
1712436670988 -0.3818 0
1712436737225 -0.3788 0
1712436792891 -0.3349 0
1712436853886 -0.3603 0
1712436914942 -0.3953 0
1712436976054 -0.3235 0
1712437036827 -0.3791 0
1712437092516 -0.3768 0
1712437148248 -0.3632 0
1712437203996 -0.3606 0
1712437259786 -0.3897 0
1712437315636 -0.3646 0
1712437377179 -0.3486 0
1712437438280 -0.3706 0
1712437499578 -0.357 0
1712437560568 -0.3692 0
1712437621517 -0.3696 0
1712437677488 -0.3424 0
1712437733665 -0.3622 0
1712437789468 -0.3679 0
1712437845323 -0.3746 0
1712437901227 -0.3693 0
1712437957076 -0.3838 0
1712438012938 -0.3311 0
1712438068911 -0.3736 0
1712438125195 -0.3776 0
1712438181177 -0.3957 0
1712438237020 -0.3942 0
1712438293021 -0.404 0
1712438348885 -0.4247 0
1712438404837 -0.4294 0
1712438466229 -0.3738 0
1712438522495 -0.3981 0
1712438583530 -0.4116 0
1712438639414 -0.3838 0
1712438695358 -0.3998 0
1712438751230 -0.4037 0
1712438807098 -0.3977 0
1712438863121 -0.4105 0
1712438924925 -0.4271 0
1712438980889 -0.4087 0
1712439041967 -0.404 0
1712439098093 -0.4278 0
1712439159313 -0.4177 0
1712439220793 -0.4429 0
1712439282502 -0.4223 0
1712439349354 -0.4368 0
1712439405328 -0.397 0
1712439461429 -0.3932 0
1712439517387 -0.428 0
1712439573217 -0.3731 0
1712439629092 -0.4162 0
1712439685375 -0.4097 0
1712439741303 -0.3856 0
1712439797133 -0.3777 0
1712439853056 -0.4441 0
1712439909006 -0.3986 0
1712439965046 -0.4039 0
1712440021078 -0.3991 0
1712440077235 -0.4199 0
1712440133330 -0.4341 0
1712440189156 -0.4636 0
1712440245032 -0.4222 0
1712440301003 -0.4369 0
1712440356992 -0.439 0
1712440412938 -0.4207 0
1712440480123 -0.4041 0
1712440541489 -0.392 0
1712440597567 -0.4377 0
1712440658734 -0.4188 0
1712440714623 -0.4459 0
1712440770415 -0.429 0
1712440837154 -0.4322 0
1712440893214 -0.429 0
1712440954654 -0.4285 0
1712441016099 -0.4071 0
1712441077535 -0.4466 0
1712441138767 -0.4368 0
1712441195150 -0.4428 0
1712441251133 -0.4556 0
1712441307155 -0.4055 0
1712441363361 -0.4774 0
1712441424786 -0.4851 0
1712441485967 -0.4298 0
1712441547016 -0.4542 0
1712441603639 -0.454 0
1712441659508 -0.4613 0
1712441715446 -0.4821 0
1712441771384 -0.4482 0
1712441832425 -0.4154 0
1712441888472 -0.4119 0
1712441944945 -0.4447 0
1712442000833 -0.4404 0
1712442056655 -0.427 0
1712442112565 -0.4565 0
1712442173441 -0.4107 0
1712442229008 -0.4435 0
1712442289657 -0.3973 0
1712442351376 -0.4745 0
1712442412255 -0.4456 0
1712442467846 -0.4238 0
1712442523469 -0.4547 0
1712442579218 -0.4153 0
1712442634892 -0.46 0
1712442690504 -0.4815 0
1712442746745 -0.4184 0
1712442802655 -0.4394 0
1712442858366 -0.4978 0
1712442914056 -0.4622 0
1712442969868 -0.4678 0
1712443030893 -0.4318 0
1712443091796 -0.4731 0
1712443153389 -0.4448 0
1712443209370 -0.4843 0
1712443265093 -0.4299 0
1712443321028 -0.4531 0
1712443376999 -0.4407 0
1712443432899 -0.438 0
1712443493785 -0.478 0
1712443550114 -0.4659 0
1712443605951 -0.4976 0
1712443661938 -0.4573 0
1712443717544 -0.4388 0
1712443773263 -0.4641 0
1712443834209 -0.4692 0
1712443895151 -0.4579 0
1712443956647 -0.4951 0
1712444012508 -0.4673 0
1712444068361 -0.4452 0
1712444124156 -0.4505 0
1712444180187 -0.493 0
1712444236005 -0.4762 0
1712444291920 -0.4839 0
1712444347884 -0.491 0
1712444403617 -0.4595 0
1712444459379 -0.4454 0
1712444515091 -0.4891 0
1712444570940 -0.4841 0
1712444626809 -0.4579 0
1712444687934 -0.486 0
1712444743957 -0.4372 0
1712444799923 -0.4755 0
1712444855860 -0.4403 0
1712444911896 -0.4215 0
1712444967686 -0.5115 0
1712445023459 -0.4491 0
1712445079157 -0.4525 0
1712445134877 -0.4909 0
1712445190966 -0.4606 0
1712445246583 -0.4724 0
1712445302377 -0.4748 0
1712445358123 -0.4531 0
1712445413976 -0.4472 0
1712445469872 -0.4822 0
1712445525619 -0.4812 0
1712445582100 -0.4563 0
1712445638039 -0.4855 0
1712445693912 -0.5047 0
1712445749666 -0.5064 0
1712445805405 -0.5083 0
1712445861212 -0.4798 0
1712445917084 -0.5363 0
1712445973144 -0.4667 0
1712446028994 -0.4918 0
1712446084707 -0.4813 0
1712446145629 -0.5102 0
1712446206724 -0.5064 0
1712446267488 -0.5004 0
1712446323354 -0.5078 0
1712446384493 -0.5008 0
1712446440289 -0.4859 0
1712446501022 -0.4288 0
1712446562250 -0.487 0
1712446623484 -0.447 0
1712446679424 -0.5024 0
1712446735641 -0.4826 0
1712446791487 -0.4604 0
1712446847453 -0.4838 0
1712446903325 -0.5207 0
1712446964495 -0.4915 0
1712447020397 -0.5256 0
1712447081921 -0.4674 0
1712447137889 -0.5164 0
1712447193827 -0.5024 0
1712447249741 -0.4898 0
1712447305673 -0.4983 0
1712447361639 -0.4801 0
1712447417619 -0.4577 0
1712447473835 -0.5337 0
1712447540243 -0.4832 0
1712447596143 -0.5073 0
1712447652135 -0.5004 0
1712447707905 -0.5188 0
1712447763870 -0.4706 0
1712447819802 -0.4926 0
1712447876029 -0.4893 0
1712447931958 -0.521 0
1712447993025 -0.4792 0
1712448054070 -0.4401 0
1712448120308 -0.4972 0
1712448181886 -0.498 0
1712448237951 -0.488 0
1712448293926 -0.4929 0
1712448349753 -0.5001 0
1712448405912 -0.4968 0
1712448461873 -0.4924 0
1712448523121 -0.5206 0
1712448579530 -0.5296 0
1712448635519 -0.541 0
1712448691546 -0.5266 0
1712448747440 -0.5079 0
1712448803300 -0.5355 0
1712448859298 -0.4677 0
1712448920218 -0.5132 0
1712448981830 -0.5661 0
1712449037774 -0.5108 0
1712449093687 -0.5342 0
1712449149639 -0.5037 0
1712449205494 -0.5406 0
1712449261652 -0.5444 0
1712449317512 -0.5304 0
1712449373851 -0.5064 0
1712449429934 -0.53 0
1712449485728 -0.5385 0
1712449546859 -0.5177 0
1712449602678 -0.5261 0
1712449658576 -0.5281 0
1712449720221 -0.5388 0
1712449776254 -0.5132 0
1712449832163 -0.5154 0
1712449893356 -0.5287 0
1712449954540 -0.5097 0
1712450015819 -0.5129 0
1712450077344 -0.5308 0
1712450133200 -0.5213 0
1712450189010 -0.5426 0
1712450244869 -0.4814 0
1712450300791 -0.5029 0
1712450356631 -0.5514 0
1712450417903 -0.5199 0
1712450473943 -0.4794 0
1712450529861 -0.5228 0
1712450585887 -0.5283 0
1712450641834 -0.5085 0
1712450697674 -0.5192 0
1712450753448 -0.5201 0
1712450809707 -0.5282 0
1712450865500 -0.5275 0
1712450921318 -0.4902 0
1712450977460 -0.5209 0
1712451033393 -0.5717 0
1712451089098 -0.5348 0
1712451145130 -0.4991 0
1712451201406 -0.5253 0
1712451257464 -0.5166 0
1712451313434 -0.5414 0
1712451369360 -0.5489 0
1712451425235 -0.5037 0
1712451481095 -0.5628 0
1712451537017 -0.5205 0
1712451593272 -0.531 0
1712451649196 -0.5313 0
1712451705131 -0.5443 0
1712451761048 -0.5285 0
1712451816978 -0.5132 0
1712451872924 -0.5258 0
1712451928878 -0.5555 0
1712451985034 -0.5746 0
1712452041085 -0.5241 0
1712452102388 -0.5059 0
1712452158533 -0.5353 0
1712452214495 -0.5247 0
1712452270567 -0.5283 0
1712452326470 -0.5434 0
1712452382805 -0.5388 0
1712452438724 -0.5217 0
1712452494632 -0.5886 0
1712452550695 -0.5177 0
1712452606453 -0.5498 0
1712452662468 -0.5232 0
1712452718442 -0.521 0
1712452774913 -0.527 0
1712452830951 -0.5276 0
1712452886828 -0.5429 0
1712452942916 -0.556 0
1712452999025 -0.5434 0
1712453055160 -0.5323 0
1712453111248 -0.5326 0
1712453172965 -0.5334 0
1712453239589 -0.5781 0
1712453295415 -0.5637 0
1712453351283 -0.538 0
1712453407171 -0.5218 0
1712453463093 -0.5371 0
1712453519575 -0.5453 0
1712453575739 -0.5672 0
1712453631712 -0.5513 0
1712453687686 -0.5199 0
1712453743686 -0.5501 0
1712453799559 -0.5358 0
1712453855387 -0.5385 0
1712453911519 -0.5408 0
1712453967357 -0.5578 0
1712454023206 -0.5403 0
1712454079042 -0.573 0
1712454134920 -0.5494 0
1712454190752 -0.541 0
1712454246589 -0.5607 0
1712454302615 -0.5519 0
1712454358428 -0.5686 0
1712454414217 -0.5486 0
1712454470059 -0.5427 0
1712454525984 -0.5572 0
1712454581943 -0.5629 0
1712454643135 -0.5893 0
1712454699507 -0.5861 0
1712454755459 -0.5612 0
1712454811476 -0.5447 0
1712454867324 -0.5499 0
1712454923059 -0.595 0
1712454978909 -0.5529 0
1712455034891 -0.5639 0
1712455090816 -0.5766 0
1712455151843 -0.5523 0
1712455213025 -0.5834 0
1712455274192 -0.5314 0
1712455335372 -0.564 0
1712455402200 -0.555 0
1712455463783 -0.5959 0
1712455525090 -0.5619 0
1712455580937 -0.5594 0
1712455636684 -0.5298 0
1712455692459 -0.5309 0
1712455758636 -0.5526 0
1712455814584 -0.5743 0
1712455870359 -0.5804 0
1712455931313 -0.5988 0
1712455987198 -0.5448 0
1712456043130 -0.533 0
1712456109543 -0.5281 0
1712456165444 -0.5481 0
1712456226388 -0.5774 0
1712456287687 -0.5878 0
1712456343451 -0.5349 0
1712456399478 -0.5475 0
1712456455235 -0.57 0
1712456511197 -0.5506 0
1712456567821 -0.5295 0
1712456623800 -0.5618 0
1712456679832 -0.5721 0
1712456735691 -0.5954 0
1712456791638 -0.5483 0
1712456847481 -0.5324 0
1712456903320 -0.589 0
1712456959638 -0.5637 0
1712457015665 -0.5523 0
1712457071603 -0.5601 0
1712457127591 -0.5435 0
1712457183481 -0.5676 0
1712457239245 -0.5811 0
1712457295190 -0.5108 0
1712457351204 -0.5929 0
1712457407023 -0.5352 0
1712457462919 -0.586 0
1712457518830 -0.5047 0
1712457574758 -0.5516 0
1712457630552 -0.6114 0
1712457686363 -0.5445 0
1712457742191 -0.5921 0
1712457798454 -0.5882 0
1712457859578 -0.5766 0
1712457915465 -0.5569 0
1712457971402 -0.562 0
1712458027414 -0.5549 0
1712458083430 -0.5685 0
1712458139875 -0.5768 0
1712458195858 -0.577 0
1712458251738 -0.5575 0
1712458307648 -0.5982 0
1712458363593 -0.6 0
1712458419432 -0.5782 0
1712458475378 -0.5639 0
1712458531428 -0.5689 0
1712458587350 -0.5738 0
1712458643262 -0.5795 0
1712458699332 -0.5248 0
1712458755380 -0.5946 0
1712458811311 -0.5939 0
1712458867305 -0.5565 0
1712458928939 -0.5596 0
1712458984703 -0.5687 0
1712459040525 -0.5775 0
1712459096205 -0.5593 0
1712459151932 -0.6315 0
1712459207669 -0.5779 0
1712459263492 -0.5785 0
1712459319911 -0.6152 0
1712459375871 -0.5655 0
1712459431821 -0.5753 0
1712459487656 -0.5877 0
1712459543546 -0.589 0
1712459599508 -0.6196 0
1712459655393 -0.5656 0
1712459711488 -0.5701 0
1712459767342 -0.5822 0
1712459823296 -0.5989 0
1712459879046 -0.5846 0
1712459934718 -0.6022 0
1712459990765 -0.6073 0
1712460046666 -0.587 0
1712460102708 -0.586 0
1712460158718 -0.5738 0
1712460214835 -0.5943 0
1712460270594 -0.5511 0
1712460326500 -0.6112 0
1712460382334 -0.6114 0
1712460438326 -0.5772 0
1712460494372 -0.5773 0
1712460550099 -0.5978 0
1712460605806 -0.5851 0
1712460666958 -0.5838 0
1712460722764 -0.5894 0
1712460783672 -0.5804 0
1712460845298 -0.6018 0
1712460901103 -0.624 0
1712460962107 -0.5771 0
1712461017832 -0.6244 0
1712461073713 -0.6043 0
1712461129570 -0.5815 0
1712461185519 -0.5972 0
1712461241743 -0.5958 0
1712461297796 -0.5874 0
1712461353738 -0.5808 0
1712461409651 -0.5888 0
1712461465408 -0.5793 0
1712461521493 -0.5838 0
1712461577433 -0.5995 0
1712461633916 -0.5739 0
1712461689748 -0.6135 0
1712461750877 -0.5894 0
1712461806802 -0.5904 0
1712461862704 -0.5852 0
1712461918534 -0.5693 0
1712461974653 -0.5735 0
1712462031027 -0.6058 0
1712462092263 -0.5797 0
1712462153144 -0.5673 0
1712462214305 -0.5632 0
1712462275440 -0.6005 0
1712462331380 -0.5918 0
1712462387225 -0.6064 0
1712462443188 -0.6123 0
1712462498944 -0.6172 0
1712462554727 -0.6132 0
1712462610628 -0.5785 0
1712462666340 -0.595 0
1712462722309 -0.5787 0
1712462778084 -0.6079 0
1712462833951 -0.5779 0
1712462889928 -0.5915 0
1712462945742 -0.5883 0
1712463001678 -0.6212 0
1712463057689 -0.5898 0
1712463113784 -0.5755 0
1712463169719 -0.62 0
1712463225813 -0.5812 0
1712463281816 -0.5842 0
1712463337831 -0.6025 0
1712463393688 -0.5781 0
1712463449567 -0.6163 0
1712463505628 -0.6197 0
1712463561743 -0.6221 0
1712463617615 -0.5627 0
1712463673535 -0.587 0
1712463729500 -0.5881 0
1712463785428 -0.598 0
1712463841305 -0.5728 0
1712463897689 -0.5927 0
1712463953779 -0.5654 0
1712464009882 -0.5708 0
1712464065890 -0.601 0
1712464121846 -0.6042 0
1712464177812 -0.6239 0
1712464233873 -0.5918 0
1712464290202 -0.618 0
1712464346155 -0.6321 0
1712464402171 -0.6164 0
1712464458020 -0.619 0
1712464513976 -0.5832 0
