1716817824840 29.61 0
1716817847087 12.31 0
1716817869370 12.31 0
1716817892165 12.22 0
1716817914235 12.38 0
1716817936510 12.26 0
1716817958645 12.22 0
1716817980784 12.2 0
1716817999242 12.32 0
1716818022186 12.5 0
1716818044441 12.36 0
1716818066613 12.21 0
1716818085166 12.52 0
1716818107326 12.39 0
1716818129273 12.26 0
1716818147965 12.25 0
1716818166146 12.21 0
1716818184578 12.37 0
1716818203197 12.38 0
1716818225354 12.36 0
1716818243965 12.45 0
1716818266384 12.5 0
1716818289193 12.35 0
1716818307763 12.57 0
1716818326218 12.44 0
1716818344651 12.42 0
1716818366705 12.22 0
1716818385519 12.77 0
1716818403905 12.27 0
1716818426803 12.42 0
1716818445570 12.7 0
1716818464493 12.62 0
1716818483237 12.52 0
1716818505861 12.58 0
1716818528515 12.6 0
1716818547051 12.37 0
1716818566239 12.38 0
1716818584805 12.4 0
1716818604175 13.01 0
1716818623060 12.67 0
