1716321132030 0.0 0
1716321148752 0.03699264450569466 1
1716321166497 0.21201358025015196 2
1716321185037 0.22324952641039672 3
1716321203021 0.16730768553692696 4
1716321220775 0.5577440801244004 5
1716321239286 0.45027813880632533 6
1716321256989 0.3807957752498476 7
1716321275213 0.6463522758544152 8
1716321293134 0.6163762429294614 9
1716321311172 0.5418519350150713 10
1716321329638 0.5483389521370593 11
1716321347584 0.6893649835350836 12
1716321365728 0.461020435335499 13
1716321384028 0.7119633332011644 14
1716321402029 0.7293146520089385 15
1716321420443 0.6867326270477636 16
1716321439015 0.7500911311793522 17
1716321458232 0.7766974071117293 18
1716321476489 0.7914225635404663 19
1716321496401 0.7858830798924367 20
1716321515733 0.7694118821992845 21
1716321533681 0.7919442335109624 22
1716321552028 0.8080372791430953 23
1716321570768 0.8082032968544555 24
1716321590368 0.8225194173757454 25
1716321608564 0.8415087856864657 26
1716321626713 0.7610320625864416 27
1716321645083 0.825412522437801 28
1716321663072 0.83753750016849 29
1716321681304 0.7355783490619308 30
1716321700015 0.8640419697535906 31
1716321718490 0.8459042284668987 32
1716321737749 0.8293241720570071 33
1716321755799 0.8232469752134003 34
1716321773617 0.8478059316557092 35
1716321791915 0.8240579561514552 36
1716321809926 0.8510113632297399 37
1716321828683 0.8470350728085929 38
1716321846837 0.5803705515874104 39
1716321861367 0.8134115311153204 40
1716321876095 0.8535503003879521 41
1716321892909 0.8418612229767426 42
1716321907445 0.8592481032233237 43
1716321926533 0.8468115888597408 44
1716321945363 0.8653525900737424 45
1716321964051 0.8542616480041237 46
1716321982074 0.8746630658411907 47
1716322000473 0.8523124072113749 48
1716322019079 0.8565549957855111 49
1716322039282 0.8637250861949944 50
1716322058080 0.7554987445745874 51
1716322072551 0.8655638877267681 52
1716322087720 0.7921920435240423 53
1716322104714 0.8276406453376496 54
1716322119388 0.852194928562262 55
1716322134140 0.8759245136695095 56
1716322152272 0.8672658214347081 57
1716322170177 0.8774932026480732 58
1716322188512 0.880201679620621 59
1716322206636 0.8741874260663568 60
1716322226736 0.8731314018951579 61
1716322245827 0.8808454353226111 62
1716322264560 0.868595769285101 63
1716322282721 0.8907630855677197 64
1716322301165 0.8806008953102465 65
1716322319513 0.8833220564750096 66
1716322337523 0.8825490830136284 67
1716322355946 0.8903040651257422 68
1716322374097 0.8913022980599337 69
1716322392314 0.8927440352493275 70
1716322410608 0.8893382152097612 71
1716322428887 0.8798357212999726 72
1716322446665 0.7605710368232206 73
1716322461377 0.8749834600031822 74
1716322476749 0.8937125691357529 75
1716322491378 0.8901593902184596 76
1716322506003 0.8881883589622678 77
1716322521659 0.8744694474827585 78
1716322536523 0.8734233659777004 79
1716322551046 0.8945905572499674 80
1716322565896 0.890688624489688 81
1716322586137 0.8178014812904587 82
1716322601366 0.8900788333858386 83
1716322615704 0.8904444208958252 84
1716322630108 0.8950088227535252 85
1716322648565 0.9037121725299904 86
1716322666716 0.8850093309245586 87
1716322684833 0.8923577581757972 88
1716322703397 0.8984349378200159 89
1716322721982 0.8964986741986416 90
1716322740182 0.8916520446553662 91
1716322758678 0.9031638249841906 92
1716322776746 0.9023979779076295 93
1716322796703 0.8913355304964661 94
1716322815132 0.8914162577056395 95
1716322833171 0.8799918016220011 96
1716322847840 0.9081599382114 97
1716322865738 0.9037497624834089 98
1716322884176 0.8980414335154476 99
1716322906544 0.8906939133572527 100
1716322921135 0.8734416857600795 101
1716322935813 0.8943182257419412 102
1716322950109 0.8930088206761088 103
1716322964436 0.9006365077946149 104
1716322979935 0.8908214277314533 105
1716322994375 0.90230090295348 106
1716323012611 0.9120071854153866 107
1716323031079 0.9122156741230764 108
1716323049202 0.9042846094956793 109
1716323068090 0.9027427339652259 110
1716323086606 0.9031742177499379 111
1716323105806 0.9061662636653631 112
1716323124165 0.9059604555077042 113
1716323142462 0.888020559052762 114
1716323157307 0.9111801812185468 115
1716323175932 0.9016445918304897 116
1716323194231 0.9109755555747282 117
1716323214343 0.9030238793645754 118
1716323232839 0.9060332170429691 119
1716323251524 0.8887068392890979 120
1716323266036 0.8952635306068352 121
1716323280679 0.9006183844072623 122
1716323295179 0.881362429637345 123
1716323309662 0.9051876295111251 124
1716323323905 0.8951428021898984 125
1716323338246 0.9109015546582544 126
1716323353323 0.8925509100297019 127
1716323368471 0.9156943478850842 128
1716323383935 0.9089275971863607 129
1716323398413 0.9037543420582277 130
1716323413354 0.916005474320659 131
1716323431678 0.9069206002784246 132
1716323449728 0.9040996518942109 133
1716323468674 0.9156372884639444 134
1716323486797 0.9101473115479161 135
1716323506005 0.8993999429738277 136
1716323520589 0.8994507561938643 137
1716323535074 0.9076083908903806 138
1716323549676 0.883931647877744 139
1716323564600 0.9006686761272972 140
1716323581335 0.9101627861917322 141
1716323596547 0.8915267230771978 142
1716323610858 0.9089475850721741 143
1716323625472 0.9095170078076635 144
1716323640256 0.9086497725863804 145
1716323654967 0.9084988667512057 146
1716323669531 0.9029283676041517 147
1716323684108 0.9139451011561625 148
1716323698489 0.9108531987656248 149
1716323720394 0.9147366988808389 150
1716323740666 0.9055483245296214 151
1716323755239 0.9062386730517463 152
1716323771410 0.9045975209386561 153
1716323786027 0.9046120336122853 154
1716323800508 0.9077224409372068 155
1716323814951 0.9186570443077668 156
1716323833498 0.9162960613401633 157
1716323852993 0.9071934471478477 158
1716323867398 0.9196184227267438 159
1716323886560 0.9117103524365392 160
1716323905319 0.9073879627814551 161
1716323920112 0.9152070873589527 162
1716323938519 0.9086205665439581 163
1716323953973 0.906327730115282 164
1716323968341 0.9045038890948742 165
1716323983246 0.9125409913184198 166
1716323997707 0.916490519180093 167
1716324016830 0.9125419634879033 168
1716324034945 0.9093972056797179 169
1716324049353 0.9138654778266835 170
1716324068662 0.9097428209119052 171
1716324083108 0.9161657541266877 172
1716324101631 0.9159602483228331 173
1716324119532 0.8891464197208786 174
1716324134650 0.915932213068518 175
1716324149129 0.9048129202166842 176
1716324163750 0.9109477010098033 177
1716324178275 0.9117108702873717 178
1716324192876 0.9037664137242497 179
1716324207561 0.9167445392633978 180
1716324222532 0.9078966322260369 181
1716324237155 0.9149840652757598 182
1716324252261 0.9016708748126989 183
1716324267787 0.9086174913945246 184
1716324282374 0.911352641477181 185
1716324297042 0.9129268899428137 186
1716324313711 0.918622171297816 187
1716324328279 0.9161147955777791 188
1716324342947 0.8946058507558478 189
1716324357833 0.9033763940012616 190
1716324372254 0.913045940596905 191
1716324387842 0.9068497807904734 192
1716324402367 0.9088158269190858 193
1716324416963 0.9108237190959625 194
1716324431585 0.9111551377963879 195
1716324446798 0.9141777372530248 196
1716324461460 0.915822049828272 197
1716324476035 0.9197009703195057 198
1716324490756 0.9189396836046192 199
1716324512998 0.9124696486142643 200
1716324531044 0.9183908704728151 201
1716324549103 0.9077185017565436 202
1716324564003 0.9216266634910557 203
1716324582905 0.9176500976169287 204
1716324601530 0.9138954712405537 205
1716324619836 0.9097679313016203 206
1716324634939 0.9200548361700646 207
1716324653798 0.9221767277734451 208
1716324672801 0.9163651301112351 209
1716324690742 0.9191781994954852 210
1716324708816 0.9209982694362906 211
1716324727323 0.9092699264339276 212
1716324741951 0.9108255211087904 213
1716324756648 0.9090987044861448 214
1716324772011 0.9218216847980999 215
1716324786492 0.9169475142245908 216
1716324800885 0.906482022693937 217
1716324815716 0.9200340731740965 218
1716324830173 0.9274748401774016 219
1716324848285 0.9223707035642118 220
1716324866705 0.9261122332946439 221
1716324885607 0.9245445415648117 222
1716324904010 0.9284585460313749 223
1716324922482 0.9175472974028773 224
1716324937331 0.9119593660331639 225
1716324952074 0.9088568299782723 226
1716324966455 0.9041976293047767 227
1716324980630 0.9154303592425094 228
1716324995033 0.9174627656372438 229
1716325009950 0.9150038089017954 230
1716325024938 0.9199704615711687 231
1716325039683 0.9197254213965708 232
1716325054062 0.9219628947742513 233
1716325068708 0.9169197192845818 234
1716325083395 0.9153934557700388 235
1716325097860 0.9260696412335193 236
1716325112341 0.9256750509435304 237
1716325126604 0.9227658150956991 238
1716325142132 0.923872067762414 239
1716325159908 0.9183717974423135 240
1716325174366 0.9195369871694457 241
1716325188915 0.910095530544608 242
1716325203467 0.9221183769276129 243
1716325218136 0.931335945980898 244
1716325236105 0.920034226141636 245
1716325250867 0.9174617104343018 246
1716325265715 0.9208944487419188 247
1716325280325 0.9237562354153824 248
1716325298687 0.9207237467438721 249
1716325321057 0.9180141632039561 250
1716325335450 0.9173115072257433 251
1716325349793 0.9190485471047566 252
1716325366190 0.9256967595884964 253
1716325380414 0.9164130825637766 254
1716325395303 0.9219621606256417 255
1716325409696 0.9289533819775766 256
1716325427851 0.9218940263341885 257
1716325446343 0.9223714089870145 258
1716325464674 0.929348146086694 259
1716325482535 0.9215081234348452 260
1716325497281 0.9060219979830976 261
1716325511789 0.9209634133034896 262
1716325527533 0.9208783932185355 263
1716325542675 0.9210004906190395 264
1716325557189 0.9202927718746975 265
1716325571741 0.9313204491244558 266
1716325586282 0.9246759982756712 267
1716325600904 0.9160133792477024 268
1716325615711 0.9255812873610041 269
1716325630982 0.9268841299737289 270
1716325649801 0.9196701121742278 271
1716325664385 0.930764168082408 272
1716325682826 0.9305999233590869 273
1716325701463 0.9259807468357254 274
1716325719523 0.9242574072137931 275
1716325737828 0.9270355676808305 276
1716325755860 0.925879648678669 277
1716325774637 0.9225185106288162 278
1716325788980 0.926333225332776 279
1716325807256 0.9264828359389817 280
1716325825408 0.9264179422040643 281
1716325843722 0.9303233994765988 282
1716325862280 0.9293591434859386 283
1716325880768 0.9195692350233355 284
1716325896621 0.9260555722667609 285
1716325911998 0.9255672201679433 286
1716325926496 0.9254451288170998 287
1716325941350 0.8987511736244236 288
1716325956011 0.9199626888659314 289
1716325971043 0.917919588560928 290
1716325985603 0.9137876363184249 291
1716326000554 0.9212315310129652 292
1716326015551 0.9054809423076092 293
1716326030465 0.9119889985579653 294
1716326045371 0.9150714327566284 295
1716326059909 0.918577455575034 296
1716326074355 0.9245353278690417 297
1716326088990 0.9263124695325714 298
1716326103384 0.9263912125290737 299
1716326123036 0.922596503408241 300
1716326138059 0.920988443010461 301
1716326153401 0.9182994258220356 302
1716326167973 0.921926276043371 303
1716326182520 0.9260567032297199 304
1716326197125 0.9211145096392116 305
1716326211588 0.9183423639688119 306
1716326227017 0.9244669588019786 307
1716326241578 0.9289684631107437 308
1716326258032 0.9205194472131223 309
1716326272492 0.925147423577742 310
1716326287893 0.9195855221875497 311
1716326302415 0.9300682898549227 312
1716326316988 0.9181383728121943 313
1716326331381 0.9276995632297806 314
1716326345889 0.9237022858420535 315
1716326360497 0.9259275013698481 316
1716326374948 0.9232314148634151 317
1716326389775 0.928131430520741 318
1716326404650 0.926908067502305 319
1716326419108 0.923975694331075 320
1716326433401 0.9231507513571001 321
1716326447882 0.9290119716855578 322
1716326462398 0.9287860893602714 323
1716326476964 0.9281194373569249 324
1716326491752 0.9263172894616605 325
1716326506309 0.9235857355389211 326
1716326520675 0.9262959985358368 327
1716326535898 0.9198884679771474 328
1716326550258 0.9298413690952452 329
1716326565537 0.930311418786186 330
1716326581436 0.9245002908705873 331
1716326596207 0.9331820132884414 332
1716326614704 0.926997350363341 333
1716326632662 0.9202144783829339 334
1716326647906 0.9193836797180585 335
1716326662380 0.9214268835931797 336
1716326676756 0.9218789237595839 337
1716326691413 0.9250641208417013 338
1716326705847 0.9266993200491559 339
1716326722562 0.9238359894982975 340
1716326737971 0.9179606886656456 341
1716326752651 0.920294955433444 342
1716326767794 0.9244176458159803 343
1716326783565 0.9284462609339958 344
1716326798635 0.9221925103549432 345
1716326812965 0.9248303951285305 346
1716326827291 0.9237138984290713 347
1716326842461 0.9299428841723807 348
1716326857696 0.9325086954997409 349
1716326876028 0.929836353424903 350
1716326890445 0.9112778635782061 351
1716326905742 0.9302890451666852 352
1716326920031 0.9251260906540916 353
1716326934863 0.9287788801289659 354
1716326949370 0.9222988605461785 355
1716326964120 0.9200400717126406 356
1716326978712 0.9322656177494261 357
1716326993341 0.9265247189670095 358
1716327010924 0.9193726266273664 359
1716327025908 0.933592766011441 360
1716327040566 0.9248612710406435 361
1716327055692 0.927212125918806 362
1716327071123 0.9198829388373985 363
1716327085488 0.9284447055301112 364
1716327100078 0.923742153435864 365
1716327115372 0.9272656926488034 366
1716327129849 0.9317367955828778 367
1716327144955 0.9245579797234139 368
1716327159293 0.9283855948484602 369
1716327173928 0.9209333944855652 370
1716327188491 0.929784758384154 371
1716327206201 0.9303950488074966 372
1716327224282 0.9282933085658024 373
1716327242711 0.9295382019557729 374
1716327260995 0.9205730479777534 375
1716327275356 0.9217482673092294 376
1716327290786 0.9196937435491958 377
1716327305143 0.9278616628010218 378
1716327319808 0.928045449629921 379
1716327334391 0.9265233324031653 380
1716327348920 0.922724022511975 381
1716327363766 0.924625203838795 382
1716327378996 0.9284628590537118 383
1716327393583 0.9296514667803075 384
1716327408373 0.9221072282455364 385
1716327423038 0.9240799566048304 386
1716327437352 0.9145621818663665 387
1716327452521 0.9170129661910505 388
1716327466951 0.9238872883278765 389
1716327481502 0.920582503474339 390
1716327497592 0.9270911296753979 391
1716327513330 0.921436353078144 392
1716327528162 0.9124400784213575 393
1716327542610 0.9262854394673256 394
1716327557274 0.9357432649213862 395
1716327572028 0.9299205833420774 396
1716327586611 0.9352927621846797 397
1716327601330 0.925655439213592 398
1716327615992 0.9329057067218361 399
1716327634560 0.9220877939680396 400
1716327649594 0.9311965388443714 401
1716327664068 0.9243780187995317 402
1716327678861 0.9278669612477285 403
1716327693563 0.9259692907189366 404
1716327708717 0.9292919242843097 405
1716327723215 0.9297424352862382 406
1716327742159 0.9227666865453501 407
1716327756715 0.9205306357610518 408
1716327771767 0.9242903199487841 409
1716327786127 0.9244500179508462 410
1716327800630 0.9241571636670937 411
1716327815071 0.9267190617348494 412
1716327830501 0.9237784745410608 413
1716327845477 0.9264916790447509 414
1716327860636 0.9305261054040491 415
1716327875056 0.92871432770146 416
1716327889388 0.9201867843832358 417
1716327904268 0.9301971750616204 418
1716327919429 0.928681807054109 419
1716327933866 0.929830023069241 420
1716327948224 0.9285563906403097 421
1716327962871 0.9311132309540885 422
1716327981315 0.9306363920222229 423
1716327999538 0.9289412512004397 424
1716328017676 0.9250332847963806 425
1716328032210 0.9273608542092133 426
1716328046651 0.9261775245030056 427
1716328061043 0.92292181010945 428
1716328075494 0.9267903911160453 429
1716328090213 0.9198271648905246 430
1716328105862 0.9316851323091978 431
1716328120474 0.9277087293263149 432
1716328135781 0.9249349950906137 433
1716328150213 0.9250709765876239 434
1716328164801 0.9356866385762223 435
1716328180030 0.9299097919464191 436
1716328194179 0.9182264166528608 437
1716328208966 0.917298464316345 438
1716328223999 0.9259753166059069 439
1716328238803 0.9301685050835123 440
1716328253248 0.9269613295584986 441
1716328267763 0.9207409274103172 442
1716328282586 0.9249684827691892 443
1716328296944 0.9143556858930716 444
1716328311233 0.9218685695564539 445
1716328327740 0.925588928370976 446
1716328342201 0.9203272761634093 447
1716328356575 0.9295328332107632 448
1716328371432 0.9300056453065727 449
1716328389619 0.924501948458499 450
1716328403930 0.9270835101909158 451
1716328418293 0.9281573053213753 452
1716328433380 0.9291962386088729 453
1716328447606 0.9280772472367639 454
1716328462144 0.9314238845049 455
1716328476753 0.9253956521714177 456
1716328491698 0.9259764790538529 457
1716328505939 0.9277871245509993 458
1716328520271 0.9351955328934439 459
1716328534757 0.9224706177856676 460
1716328549861 0.9209064479595689 461
1716328564363 0.9327822348530486 462
1716328578789 0.9305007843402366 463
1716328593100 0.9298346921733228 464
1716328607527 0.9296207867145937 465
1716328622532 0.9278537621326487 466
1716328637535 0.9334565168789263 467
1716328655494 0.9263530827534329 468
1716328669966 0.9325059747650603 469
1716328688258 0.9278416613613358 470
1716328702889 0.934561095500651 471
1716328720956 0.9314161920832006 472
1716328739214 0.9293033634020267 473
1716328753664 0.9287895901020748 474
1716328768577 0.9329849980368113 475
1716328787981 0.9270380017246906 476
1716328802242 0.9273222928657715 477
1716328816947 0.9284027215198098 478
1716328831476 0.9270197920525799 479
1716328845815 0.9321983734468967 480
1716328860025 0.9307151555530574 481
1716328875048 0.9305605087490032 482
1716328889536 0.9202105802718376 483
1716328903949 0.9321403478959414 484
1716328918583 0.9292330656352483 485
1716328933426 0.9279286796791731 486
1716328947874 0.930218857291567 487
1716328962770 0.9262479092765812 488
1716328977588 0.9264385173240276 489
1716328992755 0.932375885718078 490
1716329007434 0.928320304701772 491
1716329021869 0.9269312944217111 492
1716329036204 0.9306952971161945 493
1716329050496 0.9338484537509077 494
1716329065119 0.925534890989359 495
1716329079728 0.9284410614407754 496
1716329094194 0.9291612170969721 497
1716329108557 0.9283456273529 498
1716329124219 0.9312784864166934 499
1716329142340 0.9249908850800502 500
1716329157098 0.9293878504248108 501
1716329171713 0.9271079958321594 502
1716329186126 0.9294548702781174 503
1716329200843 0.9321552731439394 504
1716329215027 0.927921188044191 505
1716329229453 0.9323673449977332 506
1716329244800 0.9314470953573583 507
1716329259364 0.9286404488296943 508
1716329273822 0.9215447581569468 509
1716329288216 0.9334885110053016 510
1716329303092 0.934691627606762 511
1716329317555 0.929267360099756 512
1716329331955 0.9332749501809178 513
1716329350215 0.9212114998037214 514
1716329365069 0.9253205891318294 515
1716329379398 0.9304572891792421 516
1716329393727 0.9232359334524501 517
1716329408147 0.9304676434900582 518
1716329422664 0.928657068288275 519
1716329437208 0.9320749016761646 520
1716329451326 0.9258671156175016 521
1716329465926 0.9319450676613249 522
1716329480292 0.9297579339366292 523
1716329495565 0.9316309812502076 524
1716329509946 0.9283676464515759 525
1716329524546 0.9354053805533017 526
1716329539121 0.9308051890751985 527
1716329553783 0.9174861577053671 528
1716329569499 0.9223325623799595 529
1716329584255 0.9305229267303212 530
1716329598937 0.9302246740499758 531
1716329613650 0.9333716144487739 532
1716329627968 0.9373450651708364 533
1716329642704 0.922271652597943 534
1716329657626 0.9262442274053363 535
1716329672303 0.9320344349013233 536
1716329686573 0.923474195227305 537
1716329701013 0.9302441826981093 538
1716329715608 0.9294759096730578 539
1716329730131 0.9271359610390801 540
1716329745059 0.9195600730316595 541
1716329759396 0.9263553455594433 542
1716329773822 0.9348700132862598 543
1716329788461 0.9266514746023647 544
1716329803007 0.9258969044391244 545
1716329817743 0.9316754435993908 546
1716329832155 0.9271177793421107 547
1716329846868 0.9305133639782461 548
1716329861513 0.9306093393947655 549
1716329880992 0.9311291997798018 550
1716329895322 0.9189435547801814 551
1716329910123 0.9290762127141866 552
1716329925010 0.9262696140775214 553
1716329939587 0.9313917595884539 554
1716329954211 0.9226201549356202 555
1716329968625 0.9275264070291627 556
1716329982996 0.9259046072961871 557
1716329997855 0.9305282662010793 558
1716330012896 0.9298680071166711 559
1716330027294 0.925852214471124 560
1716330041882 0.931132854542314 561
1716330056552 0.9201639507315523 562
1716330071150 0.9288269082212933 563
1716330085834 0.9300360423978096 564
1716330100445 0.9311463106742154 565
1716330114845 0.9272316229496308 566
1716330130038 0.9252306428695777 567
1716330144842 0.9281930040591525 568
1716330159598 0.9274774002054196 569
1716330174016 0.9275264386180851 570
1716330188350 0.9219419912163561 571
1716330202911 0.9243424079485582 572
1716330217714 0.92950274195227 573
1716330232899 0.9244162992575822 574
1716330250079 0.9305953132343273 575
1716330265206 0.9257960584588529 576
1716330279982 0.9288701664763795 577
1716330294270 0.930131676718042 578
1716330308800 0.9264321717648102 579
1716330323211 0.9319515991302995 580
1716330337979 0.9381427285821529 581
1716330352690 0.92801351121548 582
1716330367187 0.9302048201061924 583
1716330381746 0.9214625434585137 584
1716330397168 0.9301565895342514 585
1716330411716 0.9296329551733837 586
1716330426496 0.9198946874185268 587
1716330440971 0.9283819412037014 588
1716330455564 0.9261633461337276 589
1716330470300 0.9320414547896524 590
1716330484879 0.9243512304651319 591
1716330499396 0.9225730657320196 592
1716330514415 0.9273894152193668 593
1716330529139 0.9333179796200354 594
1716330543594 0.9266306902071296 595
1716330558255 0.9139637213322075 596
1716330573282 0.9247284862171679 597
1716330588065 0.9360252260504964 598
1716330602909 0.9305547780174804 599
1716330621597 0.926807843250705 600
1716330636940 0.9227548134434725 601
1716330651561 0.9342157144665061 602
1716330666230 0.924464274932926 603
1716330680827 0.9359510968465398 604
1716330695319 0.9216315133192339 605
1716330709929 0.9244989350802554 606
1716330724285 0.9329261112523145 607
1716330738733 0.9298079940038866 608
1716330753351 0.9284160138671864 609
1716330768712 0.9242113240069841 610
1716330783173 0.9268793379693787 611
1716330797677 0.9299047864236241 612
1716330812213 0.9276181414004254 613
1716330826710 0.9264348167749176 614
1716330841329 0.9290176002749219 615
1716330856067 0.9317598527013059 616
1716330870563 0.9275410581135288 617
1716330885633 0.9312296183514842 618
1716330900229 0.9297108566695541 619
1716330914789 0.9275741835189736 620
1716330929754 0.9300018924970418 621
1716330944306 0.9307941179970936 622
1716330958868 0.9209002713481601 623
1716330973457 0.9331484366357765 624
1716330987890 0.9319403245911945 625
1716331002348 0.9289271729553179 626
1716331017630 0.9252867456817045 627
1716331032190 0.930370960753677 628
1716331046598 0.9328350789986972 629
1716331060967 0.9320780121487497 630
1716331076072 0.9264840878426698 631
1716331090858 0.9284472034308054 632
1716331105451 0.9230302323142423 633
1716331120131 0.9297468116355069 634
1716331137654 0.9291476066295475 635
1716331154213 0.9330817990548644 636
1716331169189 0.9264063965036858 637
1716331183605 0.9231497584372056 638
1716331198240 0.9271943634137368 639
1716331213002 0.9281553283449275 640
1716331227435 0.9254332264851959 641
1716331242125 0.9241402950068384 642
1716331256589 0.9306799912739688 643
1716331271329 0.9258850313861732 644
1716331285816 0.9270006099915279 645
1716331300519 0.9273563969110942 646
1716331315190 0.9284402988637154 647
1716331330002 0.9281038950347545 648
1716331344681 0.9278571693299318 649
1716331362928 0.9344129982405938 650
1716331377499 0.9283341898223592 651
1716331392652 0.9262263712483177 652
1716331407353 0.9267967300349009 653
1716331421906 0.9276998771899049 654
1716331436832 0.9267951296863668 655
1716331454852 0.9186623716912569 656
1716331469618 0.9211272882461804 657
1716331484177 0.9315701227366414 658
1716331498794 0.9294288848257958 659
1716331513571 0.9192579792104955 660
1716331529440 0.9300798054788771 661
1716331544198 0.9290616305709788 662
1716331558543 0.925263783429291 663
1716331573041 0.9274139118222289 664
1716331588055 0.9372960707574371 665
1716331602496 0.9275135461206382 666
1716331617118 0.9257432057312475 667
1716331631913 0.9371519923638539 668
1716331647220 0.9328954018273053 669
1716331661991 0.9276743664755269 670
1716331676499 0.9204823522611901 671
1716331691108 0.9271588395431115 672
1716331705765 0.9327242160625149 673
1716331720491 0.9246621166199374 674
1716331734967 0.9304530597454832 675
1716331749742 0.9274177667038405 676
1716331765007 0.9297753926067482 677
1716331779815 0.925620034520095 678
1716331794961 0.9263870978764217 679
1716331809451 0.9325717411592134 680
1716331824018 0.9239880520483671 681
1716331838418 0.9325867700741252 682
1716331852988 0.9298588052463584 683
1716331867690 0.9331450571226946 684
1716331882205 0.9229335645676319 685
1716331897242 0.9313227773704861 686
1716331912149 0.9261871377578226 687
1716331926825 0.9305974378711088 688
1716331941411 0.9267410217189322 689
1716331956214 0.9238817467869341 690
1716331970671 0.9378199044746623 691
1716331985412 0.9318635677512539 692
1716332000014 0.9284114259321937 693
1716332015342 0.9167152894026436 694
1716332030392 0.927179611230037 695
1716332044813 0.9318930399431459 696
1716332059172 0.93125704674092 697
1716332074011 0.9271158845412205 698
1716332088788 0.933027830271813 699
1716332106693 0.9285515334088866 700
1716332120972 0.9241862466185483 701
1716332136011 0.9307240237634989 702
1716332150335 0.9286124248848645 703
1716332164846 0.929449762373061 704
1716332179435 0.9303857212863752 705
1716332194164 0.9286764860705999 706
1716332209030 0.9323540883652083 707
1716332223499 0.9335446804078794 708
1716332238272 0.9235839465182568 709
1716332253277 0.9319417962763352 710
1716332267751 0.9350732903697624 711
1716332282475 0.9339095331919447 712
1716332300855 0.9308251362739691 713
1716332318882 0.9311183818391742 714
1716332337511 0.930464328478644 715
1716332356558 0.9174173332616218 716
1716332371597 0.9246183766592765 717
1716332386768 0.9153690399492466 718
1716332401480 0.9256304117066332 719
1716332416199 0.9302678855578531 720
1716332430923 0.9284191290853229 721
1716332445861 0.9270080809703583 722
1716332461262 0.9319546532603685 723
1716332475857 0.9343479765926288 724
1716332491060 0.9333125184901009 725
1716332508291 0.928770988748498 726
1716332522941 0.9276375985917807 727
1716332537404 0.9353048207997302 728
1716332552053 0.9293986082159119 729
1716332566663 0.9205669084177949 730
1716332581228 0.9297810937145158 731
1716332595934 0.9318620514043491 732
1716332611081 0.9300447557031317 733
1716332625858 0.9315916932102817 734
1716332640717 0.931523491630645 735
1716332655657 0.9244948561961327 736
1716332670103 0.9279678497953036 737
1716332684576 0.9252898363838601 738
1716332699392 0.9280191116484197 739
1716332716552 0.9395506370973418 740
1716332732157 0.9352723509794569 741
1716332746897 0.9338351702416275 742
1716332765178 0.9304692612504132 743
1716332779873 0.9292273639844072 744
1716332794562 0.925374031199647 745
1716332809206 0.9328960057841496 746
1716332823987 0.9309910347602756 747
1716332838472 0.9369881818889857 748
1716332857788 0.9285869502335483 749
1716332876224 0.9277544597971596 750
1716332890620 0.9263400051197054 751
1716332905661 0.9381093823619593 752
1716332920197 0.9290959489552016 753
1716332934830 0.9212192312088691 754
1716332949496 0.9287811796201103 755
1716332964747 0.9321415562174171 756
1716332979691 0.934335910621495 757
1716332994124 0.9268495215491507 758
1716333008847 0.9258992064783279 759
1716333023213 0.9365196339228353 760
1716333037868 0.9239495253632247 761
1716333052389 0.9292017920420319 762
1716333067039 0.9304734522104393 763
1716333082241 0.9222833198331898 764
1716333096741 0.9348386598722441 765
1716333111329 0.9300539278566472 766
1716333125884 0.9248921406643911 767
1716333140222 0.9258199214514868 768
1716333154682 0.9276760471904647 769
1716333169482 0.9297873658772406 770
1716333184050 0.9330681448547068 771
1716333199103 0.930591353040824 772
1716333213939 0.9302455197656966 773
1716333228510 0.9270215198269552 774
1716333243652 0.930882155923686 775
1716333258193 0.9268418792715108 776
1716333273207 0.92705468166929 777
1716333287664 0.934046303075518 778
1716333302217 0.9313871634072001 779
1716333317249 0.9302342400449719 780
1716333331801 0.9216433364255004 781
1716333346758 0.9272659690464299 782
1716333361950 0.9325960571425416 783
1716333376683 0.9388062631069957 784
1716333391158 0.9305095277590832 785
1716333406649 0.9294040826932655 786
1716333421241 0.9310545308983172 787
1716333436284 0.9333434381087699 788
1716333451142 0.9302234498838088 789
1716333465605 0.9298068193745666 790
1716333480088 0.931802799555487 791
1716333494706 0.9342670885798029 792
1716333509349 0.9345047285322186 793
1716333527670 0.932814513582544 794
1716333546907 0.9301316266043941 795
1716333561378 0.9251645079831515 796
1716333575960 0.9333222369408722 797
1716333590675 0.9331286216286067 798
1716333605121 0.9228711833458675 799
1716333623530 0.9308952520428274 800
1716333638138 0.9286598847392692 801
1716333652888 0.9301726335616163 802
1716333668028 0.9275498923106941 803
1716333682634 0.9269030419593726 804
1716333697216 0.9312059745235405 805
1716333711918 0.9370548434599101 806
1716333726782 0.924359021867662 807
1716333741447 0.9317159454960985 808
1716333756091 0.9328047596098795 809
1716333770799 0.929323198658214 810
1716333785953 0.9241957463977307 811
1716333801318 0.9344309215439752 812
1716333816091 0.9233505171645034 813
1716333833040 0.9235850803366369 814
1716333847823 0.9339073616604447 815
1716333862402 0.9323939723573543 816
1716333876980 0.9368567622716294 817
1716333893054 0.924946429422958 818
1716333908355 0.9320827289660222 819
1716333922759 0.9291272094786341 820
1716333937250 0.9294463411670574 821
1716333952022 0.9279921938898305 822
1716333966439 0.931689211106835 823
1716333981028 0.9249568221120842 824
1716333995589 0.939994789232125 825
1716334009851 0.928686092358665 826
1716334025059 0.92862225358226 827
1716334039570 0.9330742210451534 828
1716334053998 0.9267316557126479 829
1716334069074 0.9289487705684708 830
1716334083426 0.9283840607569583 831
1716334098026 0.9263375428041044 832
1716334112513 0.9260834117419562 833
1716334126831 0.9263787865636051 834
1716334141485 0.9248905756884408 835
1716334156790 0.9359084135095109 836
1716334171387 0.9259090016576268 837
1716334185997 0.9332180911781357 838
1716334200589 0.9279311624900618 839
1716334215036 0.9280785076013128 840
1716334229602 0.9312222192036455 841
1716334244087 0.9248818842597943 842
1716334258643 0.933881354046426 843
1716334273571 0.9308285712021985 844
1716334288217 0.9341725704320211 845
1716334302621 0.933784851421231 846
1716334317044 0.9318174072637531 847
1716334331818 0.9351651124821533 848
1716334346534 0.9272815089686478 849
1716334364526 0.9265977610623096 850
1716334379132 0.9245003792716787 851
1716334393884 0.9339676345966685 852
1716334409159 0.927144485960172 853
1716334423791 0.9231885253442713 854
1716334438586 0.9338939847358843 855
1716334452933 0.9307259309985653 856
1716334467639 0.9350003184461886 857
1716334482272 0.9300168793399272 858
1716334496822 0.9360705129425938 859
1716334511522 0.9289637321889374 860
1716334526324 0.9194973071479259 861
1716334541136 0.9323570985580547 862
1716334555868 0.9293539886472303 863
1716334570707 0.93068783134678 864
1716334585418 0.9303570233739796 865
1716334599917 0.9292559222403498 866
1716334614458 0.9341829206804828 867
1716334628917 0.9280864105612384 868
1716334643686 0.9291801045905941 869
1716334658617 0.9359513634610667 870
1716334673203 0.9322194147157007 871
1716334687707 0.9287747688218254 872
1716334702158 0.934189774481411 873
1716334717176 0.9304243121678297 874
1716334731646 0.9253686200490895 875
1716334746174 0.9300410869885862 876
1716334761061 0.9284308767455016 877
1716334775807 0.9234432997943386 878
1716334791090 0.9344933914162651 879
1716334805487 0.9350253756234416 880
1716334820297 0.9349744704024219 881
1716334834601 0.9245148542568344 882
1716334849202 0.9272377097709404 883
1716334863875 0.9308320706387908 884
1716334878494 0.9328567591476786 885
1716334893473 0.931139426859652 886
1716334908095 0.931268476493386 887
1716334923019 0.9262156272474625 888
1716334937638 0.9295603434478256 889
1716334952019 0.9306422326923706 890
1716334967137 0.9319057126954332 891
1716334981771 0.9325958238524263 892
1716334996554 0.9330609483501856 893
1716335011122 0.9368538654578339 894
1716335025796 0.93018194580287 895
1716335041332 0.9291177702672354 896
1716335055782 0.9226717138639531 897
1716335070589 0.9285029097640364 898
1716335085022 0.9354225787238626 899
1716335103660 0.9239648096861646 900
1716335118189 0.9381428601971279 901
1716335133089 0.9353935509324062 902
1716335147611 0.9353986093959668 903
1716335166637 0.9258063906312454 904
1716335181127 0.9321286131809075 905
1716335195849 0.9306241334738558 906
1716335210333 0.9292601720509372 907
1716335224874 0.9230501782924136 908
1716335239442 0.9348103199235446 909
1716335254171 0.9315533099748182 910
1716335268864 0.9340580627629834 911
1716335283368 0.9255148353215912 912
1716335298520 0.9299198794263709 913
1716335313095 0.9300986881645789 914
1716335327926 0.9399912540586012 915
1716335342910 0.9246265341072014 916
1716335357398 0.9252408960959064 917
1716335372281 0.9277204221306036 918
1716335387047 0.9324202795332729 919
1716335401580 0.9328270869410374 920
1716335416719 0.9295985451785701 921
1716335431174 0.9302596776551174 922
1716335445719 0.9273386988663616 923
1716335460346 0.9413150773930109 924
1716335474891 0.9352791868211647 925
1716335489972 0.9284042710116052 926
1716335504582 0.9249140138358842 927
1716335521609 0.9288850622699797 928
1716335536267 0.9286809916248983 929
1716335551466 0.9260065313548108 930
1716335565930 0.9316326125851351 931
1716335580632 0.9311535816215603 932
1716335594887 0.9332031701936083 933
1716335609512 0.9279184884322383 934
1716335624057 0.9273124947523336 935
1716335638557 0.9317218444499596 936
1716335653075 0.9389328457047811 937
1716335667912 0.9316936701593431 938
1716335682834 0.9303282348142566 939
1716335697448 0.9377164752313774 940
1716335715742 0.9268209029240526 941
1716335730179 0.9264570401991722 942
1716335744805 0.9308992875077856 943
1716335759227 0.9246303531214258 944
1716335773789 0.9295178459488582 945
1716335788316 0.9305832980282998 946
1716335803616 0.9325953029087511 947
1716335818044 0.9297303874178741 948
1716335832724 0.9276655052565568 949
1716335850755 0.9296767370095522 950
1716335865420 0.9351053753678258 951
1716335880204 0.9256814809517385 952
1716335894780 0.9297886078264085 953
1716335909271 0.9251916549303264 954
1716335924392 0.9324840909181883 955
1716335938988 0.9299078024961819 956
1716335953543 0.9358312662582197 957
1716335968108 0.9314792397858267 958
1716335982674 0.9301040444137669 959
1716335997870 0.9276288395897395 960
1716336012715 0.92991406630274 961
1716336027302 0.9290824643982364 962
1716336042048 0.9242015641412543 963
1716336057067 0.9310414880247301 964
1716336071644 0.9345114137542844 965
1716336086487 0.9301935578510744 966
1716336101313 0.9330260460526368 967
1716336116124 0.9346118550792654 968
1716336130591 0.9367402511570929 969
1716336145186 0.925903164601058 970
1716336159713 0.9299025344360817 971
1716336174311 0.9351786358344732 972
1716336189428 0.9306513060850153 973
1716336204142 0.9317963931954143 974
1716336218983 0.9325691254230235 975
1716336233424 0.9277918623068072 976
1716336248074 0.9241712430974885 977
1716336262481 0.9280544167602686 978
1716336277123 0.9331614337323094 979
1716336291694 0.9337638550665064 980
1716336306321 0.9250085337012468 981
1716336324839 0.9357804912577664 982
1716336339550 0.9314924738353758 983
1716336354612 0.9216358249816347 984
1716336369284 0.9226597071776169 985
1716336384141 0.9321251937360412 986
1716336398683 0.9309695617587384 987
1716336413482 0.9261763550120161 988
1716336428002 0.9290999789513347 989
1716336443009 0.9298212816690715 990
1716336457725 0.9276915630225392 991
1716336472390 0.9247493751604092 992
1716336486945 0.9221811486376361 993
1716336501426 0.9330139528401924 994
1716336516312 0.9294817670100515 995
1716336530665 0.9280967776565205 996
1716336545092 0.9271874714795421 997
1716336559615 0.932529946617663 998
1716336574625 0.9312939359555695 999
