1715455431128 0.00191 49
1715455946376 0.00191 50
1715456125523 0.00191 51
1715456380724 0.00191 52
1715456648617 0.00191 53
1715456909889 0.0019 54
1715457137469 0.0019 55
1715457374365 0.0019 56
1715457645252 0.0019 57
1715457906876 0.0019 58
1715458180144 0.0019 59
1715458458130 0.00189 60
1715458720139 0.00189 61
1715458981644 0.00189 62
1715459269767 0.00189 63
1715459500898 0.00189 64
1715459761450 0.00188 65
1715460046155 0.00188 66
1715460343243 0.00188 67
1715460545642 0.00188 68
1715460832070 0.00188 69
1715461079118 0.00188 70
1715461331483 0.00187 71
1715461655685 0.00187 72
1715461911787 0.00187 73
1715462153078 0.00187 74
1715462420374 0.00187 75
1715462721458 0.00186 76
1715462929648 0.00186 77
1715463215105 0.00186 78
1715463490794 0.00186 79
1715463715377 0.00186 80
1715464021336 0.00186 81
1715464268806 0.00185 82
1715464563316 0.00185 83
1715464826387 0.00185 84
1715465057012 0.00185 85
1715465313719 0.00185 86
1715465580645 0.00184 87
1715465851118 0.00184 88
1715466127181 0.00184 89
1715466374090 0.00184 90
1715466607373 0.00184 91
1715466889605 0.00184 92
1715467192936 0.00183 93
1715467405194 0.00183 94
1715467668219 0.00183 95
1715467943338 0.00183 96
1715468173042 0.00183 97
1715468438138 0.00182 98
1715468698565 0.00182 99
1715468974035 0.00182 100
1715469218363 0.00182 101
1715469483976 0.00182 102
1715469779899 0.00182 103
1715470020824 0.00181 104
1715470300042 0.00181 105
1715470593536 0.00181 106
1715470827519 0.00181 107
1715471085853 0.00181 108
1715471413162 0.0018 109
1715471667742 0.0018 110
1715471891664 0.0018 111
1715472148080 0.0018 112
1715472486235 0.0018 113
1715472726057 0.0018 114
1715472959506 0.00179 115
1715473219075 0.00179 116
1715473449830 0.00179 117
1715473715789 0.00179 118
1715474057381 0.00179 119
1715474272450 0.00178 120
1715474569030 0.00178 121
1715474825688 0.00178 122
1715475111616 0.00178 123
1715475341481 0.00178 124
1715475601576 0.00178 125
1715475933791 0.00177 126
1715476132449 0.00177 127
1715476368028 0.00177 128
1715476623351 0.00177 129
1715476992060 0.00177 130
1715477209171 0.00176 131
1715477442601 0.00176 132
1715477704123 0.00176 133
1715477942233 0.00176 134
1715478181128 0.00176 135
1715478425155 0.00176 136
1715478696496 0.00175 137
1715478979999 0.00175 138
1715479230339 0.00175 139
1715479513107 0.00175 140
1715479766945 0.00175 141
1715480076635 0.00174 142
1715480280582 0.00174 143
1715480547843 0.00174 144
1715480868435 0.00174 145
1715481112418 0.00174 146
1715481384099 0.00174 147
1715481607925 0.00173 148
1715481940521 0.00173 149
1715482198564 0.00173 150
1715482414276 0.00173 151
1715482649254 0.00173 152
1715482970413 0.00172 153
1715483212335 0.00172 154
1715483464809 0.00172 155
1715483789608 0.00172 156
1715484057247 0.00172 157
1715484299200 0.00172 158
1715484584559 0.00171 159
1715484832001 0.00171 160
1715485172600 0.00171 161
1715485381942 0.00171 162
1715485654198 0.00171 163
1715485870648 0.0017 164
1715486093904 0.0017 165
1715486369391 0.0017 166
1715486638443 0.0017 167
1715486948382 0.0017 168
1715487251573 0.00169 169
1715487481354 0.00169 170
1715487768788 0.00169 171
1715488013504 0.00169 172
1715488291602 0.00169 173
1715488575440 0.00169 174
1715488844665 0.00168 175
1715489073499 0.00168 176
1715489362362 0.00168 177
1715489626826 0.00168 178
1715489830697 0.00168 179
1715490078191 0.00167 180
1715490396762 0.00167 181
1715490609413 0.00167 182
1715490871904 0.00167 183
1715491196528 0.00167 184
1715491404916 0.00167 185
1715491645951 0.00166 186
1715491938297 0.00166 187
1715492241432 0.00166 188
1715492433371 0.00166 189
1715492701425 0.00166 190
1715493049908 0.00165 191
1715493318692 0.00165 192
1715493517827 0.00165 193
1715493764567 0.00165 194
1715494036290 0.00165 195
1715494334986 0.00165 196
1715494576502 0.00164 197
1715494835631 0.00164 198
1715495090739 0.00164 199
1715495437242 0.00164 200
1715495667554 0.00164 201
1715495952242 0.00163 202
1715496200396 0.00163 203
1715496528770 0.00163 204
1715496714396 0.00163 205
1715496994708 0.00163 206
1715497241667 0.00163 207
1715497508876 0.00162 208
1715497777243 0.00162 209
1715497993330 0.00162 210
1715498272972 0.00162 211
1715498543270 0.00162 212
1715498763145 0.00161 213
1715499058608 0.00161 214
1715499309021 0.00161 215
1715499620238 0.00161 216
1715499885282 0.00161 217
1715500113267 0.0016 218
1715500359527 0.0016 219
1715500591442 0.0016 220
1715500918157 0.0016 221
1715501185839 0.0016 222
1715501367889 0.0016 223
1715501643065 0.00159 224
1715501881560 0.00159 225
1715502157284 0.00159 226
1715502416393 0.00159 227
1715502657891 0.00159 228
1715502928840 0.00158 229
1715503232093 0.00158 230
1715503525276 0.00158 231
1715503791515 0.00158 232
1715504033502 0.00158 233
1715504270609 0.00158 234
1715504528512 0.00157 235
1715504803026 0.00157 236
1715505132768 0.00157 237
1715505323763 0.00157 238
1715505642744 0.00157 239
1715505867784 0.00156 240
1715506107755 0.00156 241
1715506336815 0.00156 242
1715506602950 0.00156 243
1715506854542 0.00156 244
1715507129793 0.00155 245
1715507391982 0.00155 246
1715507674139 0.00155 247
1715507895054 0.00155 248
1715508184311 0.00155 249
1715508466814 0.00155 250
1715508677400 0.00154 251
1715509015969 0.00154 252
1715509246762 0.00154 253
1715509481920 0.00154 254
1715509821403 0.00154 255
1715510038652 0.00153 256
1715510273840 0.00153 257
1715510559426 0.00153 258
1715510784670 0.00153 259
1715511054118 0.00153 260
1715511317721 0.00153 261
1715511587375 0.00152 262
1715511846699 0.00152 263
1715512092733 0.00152 264
1715512363860 0.00152 265
1715512625644 0.00152 266
1715512880900 0.00151 267
1715513122486 0.00151 268
1715513447723 0.00151 269
1715513640355 0.00151 270
1715513904822 0.00151 271
1715514160370 0.0015 272
1715514421010 0.0015 273
1715514674456 0.0015 274
1715514921821 0.0015 275
1715515184792 0.0015 276
1715515457755 0.0015 277
1715515706103 0.00149 278
1715516030439 0.00149 279
1715516258636 0.00149 280
1715516514089 0.00149 281
1715516758863 0.00149 282
1715517019511 0.00148 283
1715517260716 0.00148 284
1715517569534 0.00148 285
1715517828879 0.00148 286
1715518106253 0.00148 287
1715518337614 0.00148 288
1715518576940 0.00147 289
1715518811880 0.00147 290
1715519077043 0.00147 291
1715519339318 0.00147 292
1715519596836 0.00147 293
1715519962533 0.00146 294
1715520162968 0.00146 295
1715520447750 0.00146 296
1715520746014 0.00146 297
1715520962826 0.00146 298
1715521239141 0.00145 299
1715521539484 0.00145 300
1715521721452 0.00145 301
1715521981873 0.00145 302
1715522244095 0.00145 303
1715522487148 0.00145 304
1715522796951 0.00144 305
1715523023454 0.00144 306
1715523267071 0.00144 307
1715523531529 0.00144 308
1715523780574 0.00144 309
1715524057793 0.00143 310
1715524303163 0.00143 311
1715524559345 0.00143 312
1715524814668 0.00143 313
1715525136736 0.00143 314
1715525431369 0.00142 315
1715525627809 0.00142 316
1715525935087 0.00142 317
1715526186581 0.00142 318
1715526459212 0.00142 319
1715526689197 0.00142 320
1715526937257 0.00141 321
1715527184813 0.00141 322
1715527441249 0.00141 323
1715527689074 0.00141 324
1715527935819 0.00141 325
1715528205507 0.0014 326
1715528440502 0.0014 327
1715528729562 0.0014 328
1715528963361 0.0014 329
1715529196631 0.0014 330
1715529464202 0.00139 331
1715529714710 0.00139 332
1715529981282 0.00139 333
1715530210622 0.00139 334
1715530488073 0.00139 335
1715530745711 0.00139 336
1715530977573 0.00138 337
1715531249916 0.00138 338
1715531483498 0.00138 339
1715531765024 0.00138 340
1715531992469 0.00138 341
1715532247358 0.00137 342
1715532535394 0.00137 343
1715532796435 0.00137 344
1715533014641 0.00137 345
1715533273996 0.00137 346
1715533537662 0.00136 347
1715533792411 0.00136 348
1715534023716 0.00136 349
1715534332787 0.00136 350
1715534566555 0.00136 351
1715534836290 0.00136 352
1715535067729 0.00135 353
1715535317560 0.00135 354
1715535580543 0.00135 355
1715535857682 0.00135 356
1715536085417 0.00135 357
1715536356064 0.00134 358
1715536591993 0.00134 359
1715536870278 0.00134 360
1715537116351 0.00134 361
1715537366991 0.00134 362
1715537616338 0.00133 363
1715537876086 0.00133 364
1715538105904 0.00133 365
1715538405530 0.00133 366
1715538660448 0.00133 367
1715538900625 0.00133 368
1715539158483 0.00132 369
1715539442462 0.00132 370
1715539706696 0.00132 371
1715539980952 0.00132 372
1715540262723 0.00132 373
1715540568805 0.00131 374
1715540816337 0.00131 375
1715541047724 0.00131 376
1715541361113 0.00131 377
1715541576225 0.00131 378
1715541900440 0.0013 379
1715542097749 0.0013 380
1715542355078 0.0013 381
1715542669110 0.0013 382
1715542866708 0.0013 383
1715543251188 0.0013 384
1715543446053 0.00129 385
1715543672883 0.00129 386
1715543961380 0.00129 387
1715544185924 0.00129 388
1715544457503 0.00129 389
1715544698505 0.00128 390
1715544932158 0.00128 391
1715545237762 0.00128 392
1715545539244 0.00128 393
1715545807957 0.00128 394
1715546024400 0.00127 395
1715546265237 0.00127 396
1715546521561 0.00127 397
1715546773142 0.00127 398
1715546991124 0.00127 399
1715547294260 0.00126 400
1715547549340 0.00126 401
1715547825443 0.00126 402
1715548051152 0.00126 403
1715548283113 0.00126 404
1715548534073 0.00126 405
1715548862333 0.00125 406
1715549061123 0.00125 407
1715549313919 0.00125 408
1715549553707 0.00125 409
1715549838070 0.00125 410
1715550056816 0.00124 411
1715550294788 0.00124 412
1715550549703 0.00124 413
1715550805650 0.00124 414
1715551051602 0.00124 415
1715551317639 0.00123 416
1715551600292 0.00123 417
1715551830791 0.00123 418
1715552080502 0.00123 419
1715552325066 0.00123 420
1715552594554 0.00122 421
1715552847467 0.00122 422
1715553070034 0.00122 423
1715553321054 0.00122 424
1715553580963 0.00122 425
1715553806573 0.00122 426
1715554071414 0.00121 427
1715554304103 0.00121 428
1715554602048 0.00121 429
1715554856766 0.00121 430
1715555096217 0.00121 431
1715555331843 0.0012 432
1715555659587 0.0012 433
1715555833462 0.0012 434
1715556083679 0.0012 435
1715556374866 0.0012 436
1715556612938 0.00119 437
1715556844344 0.00119 438
1715557090961 0.00119 439
1715557409693 0.00119 440
1715557675336 0.00119 441
1715557901611 0.00118 442
1715558158791 0.00118 443
1715558397326 0.00118 444
1715558665071 0.00118 445
1715558902154 0.00118 446
1715559154221 0.00118 447
1715559420465 0.00117 448
1715559666166 0.00117 449
1715559972584 0.00117 450
1715560267310 0.00117 451
1715560495342 0.00117 452
1715560733714 0.00116 453
1715561020477 0.00116 454
1715561276220 0.00116 455
1715561485339 0.00116 456
1715561741918 0.00116 457
1715561991042 0.00115 458
1715562309468 0.00115 459
1715562522789 0.00115 460
1715562784594 0.00115 461
1715563069254 0.00115 462
1715563320285 0.00114 463
1715563542815 0.00114 464
1715563842790 0.00114 465
1715564081256 0.00114 466
1715564367219 0.00114 467
1715564624998 0.00114 468
1715564859628 0.00113 469
1715565111224 0.00113 470
1715565353182 0.00113 471
1715565598070 0.00113 472
1715565883725 0.00113 473
1715566110062 0.00112 474
1715566352804 0.00112 475
1715566611012 0.00112 476
1715566858997 0.00112 477
1715567082838 0.00112 478
1715567370816 0.00111 479
1715567603765 0.00111 480
1715567854266 0.00111 481
1715568131230 0.00111 482
1715568358962 0.00111 483
1715568629781 0.0011 484
1715568880326 0.0011 485
1715569117672 0.0011 486
1715569382198 0.0011 487
1715569641417 0.0011 488
1715569896358 0.00109 489
1715570153681 0.00109 490
1715570410161 0.00109 491
1715570681042 0.00109 492
1715570908025 0.00109 493
1715571169826 0.00109 494
1715571418316 0.00108 495
1715571688806 0.00108 496
1715571930300 0.00108 497
1715572176499 0.00108 498
1715572432124 0.00108 499
1715572736748 0.00107 500
1715572949807 0.00107 501
1715573191472 0.00107 502
1715573455677 0.00107 503
1715573728140 0.00107 504
1715573978776 0.00106 505
1715574201643 0.00106 506
1715574467932 0.00106 507
1715574721334 0.00106 508
1715575007461 0.00106 509
1715575243846 0.00105 510
1715575507056 0.00105 511
1715575774682 0.00105 512
1715575989261 0.00105 513
1715576249197 0.00105 514
1715576492207 0.00104 515
1715576761009 0.00104 516
1715576993751 0.00104 517
1715577270597 0.00104 518
1715577532698 0.00104 519
1715577792396 0.00104 520
1715578021536 0.00103 521
1715578288823 0.00103 522
1715578563799 0.00103 523
1715578814704 0.00103 524
1715579113033 0.00103 525
1715579328710 0.00102 526
1715579609187 0.00102 527
1715579829340 0.00102 528
1715580061059 0.00102 529
1715580319081 0.00102 530
1715580593725 0.00101 531
1715580864749 0.00101 532
1715581087127 0.00101 533
1715581334862 0.00101 534
1715581589770 0.00101 535
1715581875697 0.001 536
1715582159379 0.001 537
1715582454954 0.001 538
1715582743800 0.001 539
1715582926591 0.001 540
1715583193665 0.00099 541
1715583443669 0.00099 542
1715583747225 0.00099 543
1715584000289 0.00099 544
1715584259612 0.00099 545
1715584522957 0.00098 546
1715584791547 0.00098 547
1715585026052 0.00098 548
1715585292391 0.00098 549
1715585625187 0.00098 550
1715585833354 0.00097 551
1715586113360 0.00097 552
1715586453956 0.00097 553
1715586676581 0.00097 554
1715586908349 0.00097 555
1715587212827 0.00097 556
1715587476516 0.00096 557
1715587700901 0.00096 558
1715587953277 0.00096 559
1715588240088 0.00096 560
1715588492144 0.00096 561
1715588716211 0.00095 562
1715588969625 0.00095 563
1715589231698 0.00095 564
1715589463314 0.00095 565
1715589735923 0.00095 566
1715589984623 0.00094 567
1715590280502 0.00094 568
1715590524745 0.00094 569
1715590783031 0.00094 570
1715591022463 0.00094 571
1715591286684 0.00093 572
1715591532798 0.00093 573
1715591788864 0.00093 574
1715592029867 0.00093 575
1715592305967 0.00093 576
1715592562114 0.00092 577
1715592791674 0.00092 578
1715593063822 0.00092 579
1715593320892 0.00092 580
1715593573494 0.00092 581
1715593830721 0.00091 582
1715594093525 0.00091 583
1715594326348 0.00091 584
1715594600762 0.00091 585
1715594840355 0.00091 586
1715595090906 0.0009 587
1715595341967 0.0009 588
1715595617784 0.0009 589
1715595886154 0.0009 590
1715596170308 0.0009 591
1715596392145 0.00089 592
1715596661094 0.00089 593
1715596931144 0.00089 594
1715597165829 0.00089 595
1715597416672 0.00089 596
1715597689518 0.00088 597
1715597937076 0.00088 598
1715598209608 0.00088 599
1715598499904 0.00088 600
1715598706758 0.00088 601
1715598933936 0.00087 602
1715599183790 0.00087 603
1715599459172 0.00087 604
1715599712121 0.00087 605
1715599970301 0.00087 606
1715600233099 0.00086 607
1715600489270 0.00086 608
1715600743295 0.00086 609
1715600991807 0.00086 610
1715601226526 0.00086 611
1715601505665 0.00086 612
1715601742772 0.00085 613
1715601976962 0.00085 614
1715602249784 0.00085 615
1715602471647 0.00085 616
1715602742412 0.00085 617
1715602980903 0.00084 618
1715603232342 0.00084 619
1715603473041 0.00084 620
1715603750691 0.00084 621
1715603989709 0.00084 622
1715604246267 0.00083 623
1715604513051 0.00083 624
1715604808882 0.00083 625
1715605051617 0.00083 626
1715605313164 0.00083 627
1715605550994 0.00082 628
1715605842740 0.00082 629
1715606072400 0.00082 630
1715606321783 0.00082 631
1715606576329 0.00082 632
1715606818994 0.00081 633
1715607100475 0.00081 634
1715607315297 0.00081 635
1715607594693 0.00081 636
1715607826515 0.00081 637
1715608076974 0.0008 638
1715608337240 0.0008 639
1715608559423 0.0008 640
1715608855144 0.0008 641
1715609098342 0.0008 642
1715609363847 0.00079 643
1715609693555 0.00079 644
1715609915365 0.00079 645
1715610212675 0.00079 646
1715610444523 0.00079 647
1715610728121 0.00078 648
1715610946410 0.00078 649
1715611267365 0.00078 650
1715611455292 0.00078 651
1715611727347 0.00078 652
1715611959280 0.00077 653
1715612216699 0.00077 654
1715612520124 0.00077 655
1715612785144 0.00077 656
1715613041986 0.00077 657
1715613253315 0.00076 658
1715613542106 0.00076 659
1715613779437 0.00076 660
1715614048646 0.00076 661
1715614344416 0.00076 662
1715614535998 0.00075 663
1715614827573 0.00075 664
1715615049685 0.00075 665
1715615321834 0.00075 666
1715615558383 0.00075 667
1715615791331 0.00074 668
1715616068507 0.00074 669
1715616330657 0.00074 670
1715616569963 0.00074 671
1715616822026 0.00074 672
1715617097776 0.00073 673
1715617361002 0.00073 674
1715617606474 0.00073 675
1715617882255 0.00073 676
1715618176883 0.00073 677
1715618425854 0.00072 678
1715618686463 0.00072 679
1715618932023 0.00072 680
1715619199767 0.00072 681
1715619428755 0.00072 682
1715619704170 0.00071 683
1715619951966 0.00071 684
1715620181329 0.00071 685
1715620448429 0.00071 686
1715620704809 0.00071 687
1715620958340 0.0007 688
1715621240517 0.0007 689
1715621507885 0.0007 690
1715621761180 0.0007 691
1715622025848 0.0007 692
1715622268222 0.00069 693
1715622525811 0.00069 694
1715622769818 0.00069 695
1715623025218 0.00069 696
1715623269222 0.00068 697
1715623522913 0.00068 698
1715623790994 0.00068 699
1715624185874 0.00068 700
1715624377469 0.00068 701
1715624595049 0.00067 702
1715624883050 0.00067 703
1715625197159 0.00067 704
1715625400868 0.00067 705
1715625682863 0.00067 706
1715625922908 0.00066 707
1715626150435 0.00066 708
1715626437896 0.00066 709
1715626667625 0.00066 710
1715626922129 0.00066 711
1715627208689 0.00065 712
1715627456898 0.00065 713
1715627754287 0.00065 714
1715627966306 0.00065 715
1715628304742 0.00065 716
1715628521456 0.00064 717
1715628768821 0.00064 718
1715628990062 0.00064 719
1715629258190 0.00064 720
1715629482107 0.00064 721
1715629735032 0.00063 722
1715630016183 0.00063 723
1715630311962 0.00063 724
1715630541313 0.00063 725
1715630804104 0.00063 726
1715631058831 0.00062 727
1715631300707 0.00062 728
1715631576223 0.00062 729
1715631815569 0.00062 730
1715632077025 0.00062 731
1715632356039 0.00061 732
1715632599327 0.00061 733
1715632843237 0.00061 734
1715633117561 0.00061 735
1715633425996 0.00061 736
1715633637537 0.0006 737
1715633860805 0.0006 738
1715634140326 0.0006 739
1715634364831 0.0006 740
1715634620490 0.00059 741
1715634885345 0.00059 742
1715635167361 0.00059 743
1715635413286 0.00059 744
1715635701266 0.00059 745
1715635940101 0.00058 746
1715636196540 0.00058 747
1715636466010 0.00058 748
1715636697767 0.00058 749
1715637006479 0.00058 750
1715637240403 0.00057 751
1715637487161 0.00057 752
1715637774838 0.00057 753
1715638008657 0.00057 754
1715638275767 0.00057 755
1715638551275 0.00056 756
1715638784950 0.00056 757
1715639056874 0.00056 758
1715639285430 0.00056 759
1715639582926 0.00056 760
1715639833184 0.00055 761
1715640087652 0.00055 762
1715640347202 0.00055 763
1715640570504 0.00055 764
1715640817081 0.00055 765
1715641092787 0.00054 766
1715641335352 0.00054 767
1715641578381 0.00054 768
1715641865945 0.00054 769
1715642092733 0.00053 770
1715642363420 0.00053 771
1715642649415 0.00053 772
1715642886431 0.00053 773
1715643150268 0.00053 774
1715643390379 0.00052 775
1715643671958 0.00052 776
1715643908319 0.00052 777
1715644181535 0.00052 778
1715644440193 0.00052 779
1715644691965 0.00051 780
1715644973887 0.00051 781
1715645213845 0.00051 782
1715645458767 0.00051 783
1715645730754 0.00051 784
1715645964077 0.0005 785
1715646222939 0.0005 786
1715646476210 0.0005 787
1715646727294 0.0005 788
1715646983709 0.0005 789
1715647215881 0.00049 790
1715647458247 0.00049 791
1715647739898 0.00049 792
1715647974908 0.00049 793
1715648255134 0.00048 794
1715648480946 0.00048 795
1715648752221 0.00048 796
1715648999736 0.00048 797
1715649328651 0.00048 798
1715649575558 0.00047 799
1715649869415 0.00047 800
1715650114796 0.00047 801
1715650381738 0.00047 802
1715650618147 0.00047 803
1715650876817 0.00046 804
1715651162914 0.00046 805
1715651416539 0.00046 806
1715651698928 0.00046 807
1715651947313 0.00046 808
1715652190604 0.00045 809
1715652419484 0.00045 810
1715652700965 0.00045 811
1715652933410 0.00045 812
1715653250523 0.00044 813
1715653501859 0.00044 814
1715653770613 0.00044 815
1715653979633 0.00044 816
1715654217954 0.00044 817
1715654478696 0.00043 818
1715654723757 0.00043 819
1715654978129 0.00043 820
1715655224219 0.00043 821
1715655471081 0.00043 822
1715655732024 0.00042 823
1715655975317 0.00042 824
1715656278782 0.00042 825
1715656498063 0.00042 826
1715656747338 0.00041 827
1715657024377 0.00041 828
1715657261703 0.00041 829
1715657504783 0.00041 830
1715657734129 0.00041 831
1715657979737 0.0004 832
1715658217602 0.0004 833
1715658495174 0.0004 834
1715658797223 0.0004 835
1715659064705 0.0004 836
1715659291565 0.00039 837
1715659524790 0.00039 838
1715659798443 0.00039 839
1715660065042 0.00039 840
1715660344218 0.00038 841
1715660596662 0.00038 842
1715660830817 0.00038 843
1715661107494 0.00038 844
1715661357329 0.00038 845
1715661583228 0.00037 846
1715661839478 0.00037 847
1715662094765 0.00037 848
1715662350019 0.00037 849
1715662670496 0.00036 850
1715662929608 0.00036 851
1715663150550 0.00036 852
1715663369422 0.00036 853
1715663627119 0.00036 854
1715663893935 0.00035 855
1715664129244 0.00035 856
1715664357156 0.00035 857
1715664607523 0.00035 858
1715664858066 0.00035 859
1715665092439 0.00034 860
1715665377146 0.00034 861
1715665630649 0.00034 862
1715665901989 0.00034 863
1715666159943 0.00033 864
1715666461748 0.00033 865
1715666672756 0.00033 866
1715666914709 0.00033 867
1715667204935 0.00033 868
1715667464001 0.00032 869
1715667745136 0.00032 870
1715667963214 0.00032 871
1715668242955 0.00032 872
1715668482022 0.00031 873
1715668747149 0.00031 874
1715668989285 0.00031 875
1715669326254 0.00031 876
1715669525435 0.00031 877
1715669783140 0.0003 878
1715670035191 0.0003 879
1715670311251 0.0003 880
1715670583434 0.0003 881
1715670807303 0.00029 882
1715671086142 0.00029 883
1715671354769 0.00029 884
1715671576844 0.00029 885
1715671833664 0.00029 886
1715672086506 0.00028 887
1715672349021 0.00028 888
1715672601115 0.00028 889
1715672841167 0.00028 890
1715673097428 0.00027 891
1715673341226 0.00027 892
1715673593023 0.00027 893
1715673868846 0.00027 894
1715674122539 0.00027 895
1715674368245 0.00026 896
1715674625629 0.00026 897
1715674893004 0.00026 898
1715675140935 0.00026 899
1715675477959 0.00025 900
1715675673925 0.00025 901
1715675926314 0.00025 902
1715676200496 0.00025 903
1715676444493 0.00024 904
1715676704018 0.00024 905
1715676987905 0.00024 906
1715677237154 0.00024 907
1715677506411 0.00024 908
1715677731515 0.00023 909
1715677992061 0.00023 910
1715678249210 0.00023 911
1715678494783 0.00023 912
1715678738046 0.00022 913
1715678999775 0.00022 914
1715679222421 0.00022 915
1715679519370 0.00022 916
1715679773742 0.00022 917
1715680016969 0.00021 918
1715680261959 0.00021 919
1715680522715 0.00021 920
1715680810859 0.00021 921
1715681044518 0.0002 922
1715681293960 0.0002 923
1715681534742 0.0002 924
1715681832440 0.0002 925
1715682066274 0.00019 926
1715682345500 0.00019 927
1715682615536 0.00019 928
1715682852641 0.00019 929
1715683127343 0.00018 930
1715683373817 0.00018 931
1715683601771 0.00018 932
1715683860233 0.00018 933
1715684101590 0.00018 934
1715684361317 0.00017 935
1715684638207 0.00017 936
1715684896315 0.00017 937
1715685197440 0.00017 938
1715685411642 0.00016 939
1715685669855 0.00016 940
1715685889612 0.00016 941
1715686168037 0.00016 942
1715686418152 0.00015 943
1715686670855 0.00015 944
1715686954949 0.00015 945
1715687232425 0.00015 946
1715687474175 0.00014 947
1715687779901 0.00014 948
1715688058578 0.00014 949
1715688344985 0.00014 950
1715688546393 0.00013 951
1715688803590 0.00013 952
1715689085963 0.00013 953
1715689323520 0.00013 954
1715689593084 0.00013 955
1715689827789 0.00012 956
1715690095530 0.00012 957
1715690350146 0.00012 958
1715690617793 0.00012 959
1715690836451 0.00011 960
1715691117593 0.00011 961
1715691373993 0.00011 962
1715691618577 0.00011 963
1715691887040 0.0001 964
1715692136017 0.0001 965
1715692383726 0.0001 966
1715692649136 0.0001 967
1715692897926 9e-05 968
1715693138569 9e-05 969
1715693405558 9e-05 970
1715693653983 9e-05 971
1715693899501 8e-05 972
1715694159248 8e-05 973
1715694398586 8e-05 974
1715694634471 7e-05 975
1715694911879 7e-05 976
1715695168397 7e-05 977
1715695423168 7e-05 978
1715695640637 6e-05 979
1715695897857 6e-05 980
1715696154629 6e-05 981
1715696425433 6e-05 982
1715696664054 5e-05 983
1715696928618 5e-05 984
1715697174172 5e-05 985
1715697437286 5e-05 986
1715697696686 4e-05 987
1715697988457 4e-05 988
1715698218843 4e-05 989
1715698471262 3e-05 990
1715698741888 3e-05 991
1715698991266 3e-05 992
1715699266004 3e-05 993
1715699516216 2e-05 994
1715699751136 2e-05 995
1715700039332 2e-05 996
1715700287656 1e-05 997
1715700526665 1e-05 998
1715700769394 1e-05 999
