1715455861206 0.1643197659661431 49
1715456092476 0.1893075257100097 50
1715456344094 0.15793609788095492 51
1715456616927 0.1828185135890087 52
1715456867251 0.17788737554310963 53
1715457134701 0.15264633658363388 54
1715457371922 0.12894835034729374 55
1715457642888 0.17747605013170928 56
1715457880152 0.204855366278234 57
1715458144534 0.18248634878007744 58
1715458418736 0.19214773420063436 59
1715458686958 0.19562438350782105 60
1715458945578 0.17712031885978666 61
1715459201175 0.20702091904753414 62
1715459468154 0.22728716802617027 63
1715459733365 0.21467624945200056 64
1715460016744 0.20685104281924013 65
1715460270878 0.21975748302735887 66
1715460543213 0.17099748429211384 67
1715460825570 0.1890460821649233 68
1715461076656 0.14410641879300556 69
1715461328009 0.17651379737227266 70
1715461577812 0.25466885563916486 71
1715461846028 0.2186847556477967 72
1715462123323 0.22332553705327798 73
1715462385365 0.20870537372016 74
1715462649461 0.2627239204334182 75
1715462926929 0.1998547276371287 76
1715463187948 0.26272223236304176 77
1715463456304 0.23713251470742933 78
1715463690649 0.21411997433957514 79
1715463983327 0.30547131937187355 80
1715464233330 0.23081737396059337 81
1715464511213 0.26976170442828623 82
1715464758146 0.2707043741523096 83
1715465026397 0.2490169172201536 84
1715465283334 0.2589196886445895 85
1715465555848 0.3154929237933989 86
1715465820276 0.24445513580595152 87
1715466073429 0.3160585249666198 88
1715466350272 0.27385797658859706 89
1715466605034 0.23366098743662697 90
1715466866162 0.3740740555463747 91
1715467136236 0.3425985133235208 92
1715467373741 0.28365321566612384 93
1715467644008 0.3174411554668 94
1715467894152 0.3414452573598363 95
1715468147439 0.3276486422920557 96
1715468413188 0.2978378322650808 97
1715468673217 0.34517526141937915 98
1715468928545 0.35943375651247184 99
1715469215941 0.22175471343682926 100
1715469455145 0.37443845822519695 101
1715469714384 0.3450007614998406 102
1715469989409 0.31166182023170735 103
1715470274896 0.3413097073463413 104
1715470538467 0.39661442377370754 105
1715470786052 0.43124608621753235 106
1715471060274 0.3689708214011894 107
1715471359351 0.40066004313694237 108
1715471607517 0.4465623888242787 109
1715471889297 0.33155429458765473 110
1715472145499 0.3645508547622421 111
1715472403759 0.4286785186184571 112
1715472696681 0.3657121835691774 113
1715472957179 0.28912514249807025 114
1715473216486 0.37903480651380317 115
1715473447418 0.3469471690587594 116
1715473713342 0.3983118168685658 117
1715473987613 0.48231068148174283 118
1715474234594 0.4541820095207914 119
1715474510000 0.45369222417154365 120
1715474780696 0.4465366654586175 121
1715475059036 0.427620183312566 122
1715475338969 0.3050933575301606 123
1715475599100 0.4225855929698161 124
1715475859396 0.4941460486799446 125
1715476129132 0.3750433519402555 126
1715476365575 0.35799555713747755 127
1715476619694 0.37765104093739604 128
1715476894975 0.48742711702781805 129
1715477167405 0.449656634311508 130
1715477439322 0.40117192963135273 131
1715477670719 0.4836636402087647 132
1715477939058 0.2846729005148295 133
1715478178648 0.44807484214238175 134
1715478422658 0.428010439795518 135
1715478694056 0.43053333183420783 136
1715478927401 0.46951353054882095 137
1715479226850 0.39114255566876077 138
1715479476292 0.4631453019609402 139
1715479727308 0.4584530482580323 140
1715480025488 0.42972164982285954 141
1715480269872 0.39297597829692954 142
1715480545360 0.3987573213699321 143
1715480777534 0.5526477875758393 144
1715481074574 0.43454590333248677 145
1715481339852 0.5314121105783326 146
1715481584669 0.461309729760065 147
1715481902784 0.544318324680594 148
1715482134466 0.565145974674805 149
1715482410630 0.3346925196258727 150
1715482640032 0.519381317197572 151
1715482927646 0.5419939104392901 152
1715483168360 0.5109955240849035 153
1715483433551 0.5047618289896568 154
1715483683296 0.5588006368734599 155
1715483991947 0.5284250478972042 156
1715484253551 0.5532994933547178 157
1715484525931 0.5472256964379189 158
1715484783331 0.5058002650017464 159
1715485060050 0.5233831652095603 160
1715485346476 0.5065762490489699 161
1715485606546 0.5283405547211949 162
1715485868074 0.4683679774618121 163
1715486091320 0.5319546423957623 164
1715486366986 0.47444129248494077 165
1715486595705 0.5501644510572673 166
1715486889160 0.5326069249296731 167
1715487172132 0.5964584573614476 168
1715487443461 0.5651897527661714 169
1715487723267 0.5639891847442426 170
1715488011011 0.4931249517588204 171
1715488250471 0.5677820096591865 172
1715488514347 0.5723049323577704 173
1715488785501 0.58217261529682 174
1715489025311 0.5879318033783921 175
1715489314129 0.6022285935509226 176
1715489579208 0.5793832411377893 177
1715489828228 0.4944508346923483 178
1715490075484 0.5623049803330956 179
1715490345381 0.5826912496900566 180
1715490606262 0.5016282977934624 181
1715490869102 0.5709479525571822 182
1715491125973 0.5913589582473455 183
1715491402429 0.49394763893672955 184
1715491643409 0.5764004501401846 185
1715491935674 0.5324247699285528 186
1715492181199 0.6085338019605306 187
1715492430209 0.5313533479871229 188
1715492664076 0.6166575666314422 189
1715492984068 0.5754711156467281 190
1715493207514 0.6497003773765703 191
1715493477092 0.5693661352858175 192
1715493761356 0.5427622763841098 193
1715493996035 0.6433642017122406 194
1715494274143 0.5753810021098514 195
1715494573890 0.5450825781280845 196
1715494832685 0.4894248995954659 197
1715495088142 0.5722776815758156 198
1715495325651 0.6482431671880885 199
1715495633520 0.6317795663271326 200
1715495898669 0.6165553007531446 201
1715496171676 0.6377068572207832 202
1715496446899 0.6124671645043913 203
1715496711933 0.5451892280845703 204
1715496965256 0.6543300146948566 205
1715497217099 0.6004271468915542 206
1715497468983 0.5989258923040978 207
1715497744026 0.6067325692846463 208
1715497990824 0.5762497990979513 209
1715498270413 0.5930359250307421 210
1715498540688 0.5981599158952778 211
1715498760017 0.5825920136847178 212
1715499023722 0.6395279269156036 213
1715499275863 0.6399358439874205 214
1715499567578 0.6277530131823242 215
1715499824330 0.6495492755306409 216
1715500110395 0.5892433828514849 217
1715500357136 0.6216455657410982 218
1715500582340 0.5765968798701894 219
1715500848644 0.6497879084001222 220
1715501109848 0.6138520396822514 221
1715501365496 0.5924875164396438 222
1715501640543 0.6143948566604851 223
1715501879072 0.5772799742161101 224
1715502140526 0.5991148288444531 225
1715502413938 0.5672770459676293 226
1715502655518 0.6594731576121948 227
1715502926412 0.632610953982465 228
1715503175152 0.6257375849382638 229
1715503440061 0.6988818178108865 230
1715503732623 0.6231726054814729 231
1715504002064 0.6485676309885537 232
1715504268249 0.5084328110122662 233
1715504525652 0.6559211227703308 234
1715504759010 0.7006133066865011 235
1715505044200 0.6514257593670981 236
1715505321381 0.6244615174318937 237
1715505577999 0.6651746787196374 238
1715505865383 0.606587085097551 239
1715506104396 0.6232267700016185 240
1715506334309 0.6115645875792214 241
1715506600447 0.6056294503915979 242
1715506852121 0.5803140238529518 243
1715507127292 0.6852905669771961 244
1715507362223 0.6828859681323155 245
1715507671627 0.5329000719158913 246
1715507892577 0.6082907960067949 247
1715508181563 0.6550024606189598 248
1715508397488 0.6442181280610185 249
1715508674943 0.6750486620531713 250
1715508926628 0.7076929627942063 251
1715509204674 0.6637170625505756 252
1715509479450 0.6219958962741443 253
1715509735862 0.6937017076350732 254
1715510008075 0.6586239688311443 255
1715510270342 0.6398076205965447 256
1715510518035 0.6936496385621055 257
1715510782239 0.6191322712791822 258
1715511044742 0.594654680687693 259
1715511314933 0.6844855557244072 260
1715511584940 0.5992711404734714 261
1715511844019 0.5832513316740241 262
1715512090177 0.7119861146501002 263
1715512361184 0.6887915572229185 264
1715512623168 0.6063165275295336 265
1715512877371 0.6531909710483592 266
1715513109814 0.6835727745338057 267
1715513386093 0.6775169247360079 268
1715513637177 0.6473667462888558 269
1715513902360 0.6468077973992196 270
1715514157807 0.567505823427071 271
1715514418083 0.6570622045560789 272
1715514671650 0.6304154533068405 273
1715514910668 0.7080497051423331 274
1715515182034 0.6645037845383653 275
1715515431158 0.6673537692794134 276
1715515702435 0.6489590593239137 277
1715515966251 0.6794441762272921 278
1715516256151 0.6178597875716906 279
1715516504171 0.6721092790176313 280
1715516756313 0.66691585755807 281
1715517017055 0.5905396872104273 282
1715517258238 0.6762570797625508 283
1715517519572 0.7273739139624242 284
1715517788812 0.6862775889353875 285
1715518049513 0.6980264491921828 286
1715518334906 0.5335846539445558 287
1715518574468 0.6749925167707013 288
1715518809421 0.6817333921182595 289
1715519074515 0.6613256974773124 290
1715519334733 0.6711234415348105 291
1715519594209 0.6698286640931158 292
1715519839434 0.739073118141674 293
1715520126825 0.7170190845752092 294
1715520404946 0.6900540805693036 295
1715520680250 0.6745896547599561 296
1715520952516 0.6548462392046925 297
1715521177255 0.6984556517476228 298
1715521447370 0.7095742950209062 299
1715521718968 0.6666553529321084 300
1715521979394 0.67989409111676 301
1715522241490 0.643202927848093 302
1715522484605 0.6810362015911688 303
1715522739101 0.713480414769439 304
1715523020932 0.6157222021539529 305
1715523264574 0.6354341232724472 306
1715523528343 0.7033344452141733 307
1715523777887 0.6481683485819283 308
1715524048420 0.6207171153227339 309
1715524300116 0.6601770293944832 310
1715524556904 0.7309187770568549 311
1715524809857 0.7198374293078975 312
1715525074256 0.7380309226292928 313
1715525332203 0.7412749595932084 314
1715525625117 0.6872151995827532 315
1715525879560 0.7128884902168533 316
1715526153423 0.7225544213671707 317
1715526434724 0.7462119583419284 318
1715526686733 0.6309293073064074 319
1715526934661 0.694510358646566 320
1715527182324 0.5443901483379227 321
1715527429164 0.6462175117587692 322
1715527686399 0.7024390886199365 323
1715527932518 0.6248465743216788 324
1715528202917 0.6622821513552718 325
1715528437956 0.684765360611262 326
1715528718635 0.5812869053068045 327
1715528960665 0.7237082700529895 328
1715529194120 0.7322822307660207 329
1715529461588 0.6647167117646067 330
1715529712172 0.6976633224773999 331
1715529977954 0.7345907507702998 332
1715530208000 0.5905951541193908 333
1715530485393 0.5986053395044109 334
1715530731467 0.7437535728638136 335
1715530974847 0.6868421935745452 336
1715531247403 0.6368343339306665 337
1715531480157 0.6349388148944883 338
1715531762042 0.720110484989285 339
1715531989867 0.6571886437007461 340
1715532244720 0.6614812743903463 341
1715532532756 0.7255284425743824 342
1715532793684 0.7218250636162489 343
1715533011727 0.6872194045975427 344
1715533271376 0.7280591796871569 345
1715533535058 0.6544639528941533 346
1715533789764 0.7346902101689526 347
1715534021092 0.7299514199379156 348
1715534264647 0.6804282943117852 349
1715534522277 0.7202347866590418 350
1715534832090 0.6097407511753422 351
1715535065147 0.7248062801874062 352
1715535314940 0.6761768495311729 353
1715535577835 0.6557122287863694 354
1715535808468 0.7310949112259401 355
1715536082902 0.6969277981846066 356
1715536353137 0.666736521012656 357
1715536589434 0.701955118580456 358
1715536867463 0.7176056860683176 359
1715537113554 0.7333874359903056 360
1715537364289 0.713422829944456 361
1715537612410 0.6787915891037926 362
1715537873305 0.6637328846227002 363
1715538103401 0.6671013079994675 364
1715538402136 0.7247550799530547 365
1715538657636 0.6755676672388291 366
1715538897981 0.702717299504002 367
1715539155097 0.703148065209863 368
1715539394056 0.7274520078217375 369
1715539662631 0.7156479889915826 370
1715539917554 0.7088945596113031 371
1715540168952 0.7566275867645534 372
1715540520077 0.7133695886800155 373
1715540762572 0.7099426201121333 374
1715541037729 0.6989176834540651 375
1715541271451 0.7744865784678006 376
1715541573304 0.6994708592792718 377
1715541829912 0.7337905202216262 378
1715542095201 0.7015803700288319 379
1715542352548 0.7183709193039534 380
1715542620846 0.7254207398817194 381
1715542864169 0.6460136889498108 382
1715543141992 0.7972717412666183 383
1715543443406 0.7068963616645223 384
1715543669432 0.6985494471539463 385
1715543924068 0.7728773070516813 386
1715544183345 0.7148234336420103 387
1715544446925 0.6973582206449241 388
1715544694893 0.7069323604700964 389
1715544929529 0.7418548478645116 390
1715545185102 0.7331496849053117 391
1715545494967 0.7655551339037895 392
1715545742340 0.7332986449546741 393
1715546021359 0.720426570320811 394
1715546262664 0.6712810465427604 395
1715546516944 0.6996847231690116 396
1715546770546 0.7637554425422246 397
1715546988439 0.7160505510389636 398
1715547245192 0.7219817242209623 399
1715547505323 0.7443188393812207 400
1715547769827 0.7487691026442871 401
1715548048600 0.6932664275226801 402
1715548279734 0.7156873875625689 403
1715548531491 0.734901395765361 404
1715548811377 0.774764162929118 405
1715549058490 0.7135583019887626 406
1715549309587 0.7090201005625082 407
1715549550654 0.6934823575970309 408
1715549834982 0.7467200285972593 409
1715550054236 0.692678988943049 410
1715550292133 0.7254172498153141 411
1715550546635 0.6523839704636261 412
1715550803124 0.6976300719903423 413
1715551049111 0.6626791398716106 414
1715551315064 0.6793197932565977 415
1715551597390 0.7651308315674821 416
1715551826857 0.7061114665602912 417
1715552076826 0.7014024367965109 418
1715552322503 0.7002797682904008 419
1715552583315 0.70875222599232 420
1715552845043 0.7189893954191725 421
1715553067508 0.6711804892631101 422
1715553318553 0.6952169654813127 423
1715553577439 0.7261401146403068 424
1715553804017 0.7448654953310925 425
1715554068682 0.7574737830783076 426
1715554301593 0.7437303792977502 427
1715554591100 0.7065937168740568 428
1715554853215 0.7413656310984046 429
1715555093726 0.7399381474325086 430
1715555329255 0.7346406325976348 431
1715555601532 0.7846794549404821 432
1715555830933 0.64560473162437 433
1715556081241 0.7348955458772978 434
1715556361017 0.6943296782318817 435
1715556610476 0.7486719619372864 436
1715556841896 0.7488755015938452 437
1715557087876 0.7279517755803415 438
1715557356622 0.7957275892047447 439
1715557627875 0.763799766791162 440
1715557891367 0.7334870532553344 441
1715558155994 0.7178574138599557 442
1715558394801 0.7106746649381427 443
1715558661040 0.7040199273562006 444
1715558898684 0.7391768169316589 445
1715559151693 0.7166096124628073 446
1715559416201 0.7553736755043075 447
1715559663680 0.729355362773406 448
1715559915017 0.7669661392655038 449
1715560202684 0.7506557157128857 450
1715560455364 0.7534909587508903 451
1715560730958 0.7237218543507945 452
1715560974371 0.7555644865766677 453
1715561218340 0.7973926709695058 454
1715561482573 0.6883898303477051 455
1715561739354 0.7269398018460365 456
1715561988608 0.755747008348942 457
1715562253322 0.7910209352848895 458
1715562520163 0.6875328808520764 459
1715562774231 0.7337828652595112 460
1715563035570 0.7811857177125364 461
1715563317726 0.7457410446845254 462
1715563540343 0.7461275628812793 463
1715563792174 0.7645340774012352 464
1715564048789 0.7652770563835756 465
1715564355606 0.7461918318974071 466
1715564586677 0.7857337250664806 467
1715564856795 0.721541556994439 468
1715565108725 0.7598798401314342 469
1715565350146 0.6959160248704468 470
1715565595606 0.6560470680482593 471
1715565847311 0.7988374731530182 472
1715566105191 0.7646691728221344 473
1715566350363 0.7192830083069487 474
1715566607960 0.7198987682689603 475
1715566854949 0.7570659852256794 476
1715567080285 0.7552330462034688 477
1715567368251 0.7427309218691881 478
1715567601138 0.7642193706317464 479
1715567843135 0.7170970107314323 480
1715568128720 0.724360633399012 481
1715568356474 0.7573448187799421 482
1715568627216 0.7792759539244168 483
1715568877321 0.6896319680594487 484
1715569115057 0.8059855955435327 485
1715569379418 0.7304961493190584 486
1715569638346 0.7610775882527315 487
1715569885075 0.7163633025791367 488
1715570151081 0.7129307074466897 489
1715570407557 0.7296323873096391 490
1715570678473 0.7726615342508987 491
1715570905475 0.7758966287985306 492
1715571167098 0.7044878265310578 493
1715571415594 0.7215721290490463 494
1715571686187 0.692773885671326 495
1715571918238 0.6922112517323257 496
1715572173998 0.7264746598206037 497
1715572429488 0.7702912951341147 498
1715572683459 0.7607514836753816 499
1715572946906 0.7704556341763741 500
1715573188969 0.7416588184276439 501
1715573453099 0.7287039957404068 502
1715573725611 0.7128663715642654 503
1715573976254 0.7724943869109518 504
1715574199061 0.7493997982609143 505
1715574465343 0.7435457764233403 506
1715574715736 0.7713693134869073 507
1715575004460 0.6933764268054211 508
1715575241208 0.7553240823941488 509
1715575504467 0.7351578824496215 510
1715575763341 0.7625675881788558 511
1715575986415 0.7154939080819706 512
1715576245428 0.7365160842939608 513
1715576489490 0.6930888768997362 514
1715576758378 0.8155711281288159 515
1715576990736 0.7737881926861943 516
1715577267972 0.7167603623789035 517
1715577529734 0.7540151562531421 518
1715577781262 0.73408716953368 519
1715578019000 0.7626869413034612 520
1715578281358 0.7980446317234964 521
1715578510423 0.7721733390498028 522
1715578781702 0.7578491311490514 523
1715579078219 0.7863439995067901 524
1715579326177 0.7490302959581364 525
1715579574222 0.7663377739768042 526
1715579826758 0.7197426503121778 527
1715580058602 0.7561407674555177 528
1715580316514 0.7809955590524299 529
1715580591166 0.7003598287054776 530
1715580853105 0.7453691127011024 531
1715581084598 0.7813788955003604 532
1715581332405 0.7616684228903418 533
1715581586890 0.762243925832855 534
1715581873137 0.7703299828871226 535
1715582107174 0.7695191550351166 536
1715582410009 0.7696846483584157 537
1715582687855 0.762831592161438 538
1715582924145 0.7403054914895645 539
1715583190854 0.7559385013132492 540
1715583441167 0.7563308215842148 541
1715583680094 0.820620795836999 542
1715583954493 0.7934101366459283 543
1715584232008 0.7960840594605884 544
1715584493617 0.7778131069693734 545
1715584788752 0.7411112362527206 546
1715585023573 0.7850215738443554 547
1715585287855 0.7629276931283084 548
1715585556653 0.7455975011135517 549
1715585830794 0.795849450039105 550
1715586107942 0.7666430434227652 551
1715586360878 0.7976259067835928 552
1715586643027 0.8130645633049055 553
1715586898350 0.7584870681934954 554
1715587182744 0.8002554211988063 555
1715587444505 0.7858584373822439 556
1715587698306 0.729361324015345 557
1715587950750 0.745414057881679 558
1715588237246 0.7484786272896318 559
1715588481469 0.7689745532332213 560
1715588713587 0.799389806505234 561
1715588967082 0.7380389331812137 562
1715589229087 0.7949814945800759 563
1715589460780 0.7678529814081029 564
1715589733391 0.8153250859016842 565
1715589981888 0.7320354632730698 566
1715590277622 0.8121263164232949 567
1715590513795 0.7597759227552477 568
1715590780478 0.7869265443718665 569
1715591019828 0.7694573827585134 570
1715591282939 0.7763351440201259 571
1715591530262 0.7349193868102629 572
1715591786150 0.7653068596143472 573
1715592027301 0.7252018835399863 574
1715592303364 0.7690960114915067 575
1715592550885 0.7182805676524195 576
1715592789194 0.7878719874066772 577
1715593061116 0.765647997990349 578
1715593318310 0.791033294782917 579
1715593570888 0.751658616817068 580
1715593828109 0.7475534665930498 581
1715594089440 0.7874611931415423 582
1715594323741 0.7158607492287473 583
1715594589908 0.7107092845005972 584
1715594837790 0.7797889309610857 585
1715595088372 0.7499583166254503 586
1715595339419 0.7846852882077896 587
1715595615199 0.8067828203959586 588
1715595883268 0.8133695069947936 589
1715596130503 0.7910688655005794 590
1715596389583 0.7909825808460537 591
1715596658581 0.7207425600079873 592
1715596928213 0.7377809879637989 593
1715597163320 0.7807408357749767 594
1715597414114 0.7340024093421837 595
1715597686749 0.7830723719904884 596
1715597933884 0.7403622087455888 597
1715598206933 0.7670126511113515 598
1715598436743 0.7676764985295941 599
1715598704266 0.7825042214156 600
1715598931462 0.7872990274266624 601
1715599181259 0.7408043742209796 602
1715599454864 0.7297290085594528 603
1715599708532 0.7519385648892882 604
1715599967588 0.7540071129520476 605
1715600221481 0.7863527898720525 606
1715600486190 0.8071582149881871 607
1715600740280 0.7832450556333336 608
1715600989206 0.7861893178697174 609
1715601223891 0.7950378787448545 610
1715601501922 0.7777268132675765 611
1715601740070 0.7992025957999189 612
1715601974386 0.7925622125917424 613
1715602238109 0.756470178698071 614
1715602468233 0.7675246308152432 615
1715602739327 0.7412481692194343 616
1715602978338 0.7907229339200587 617
1715603229510 0.7372134659743863 618
1715603470443 0.801362483746601 619
1715603744781 0.7786006027441488 620
1715603987060 0.8045870391793888 621
1715604235538 0.7596663614683897 622
1715604509820 0.8010851203068244 623
1715604747398 0.8148583405794827 624
1715605011117 0.8046531181630062 625
1715605284535 0.7909027674395357 626
1715605547973 0.750193658939066 627
1715605840104 0.7765271360389219 628
1715606069856 0.7696004833498391 629
1715606318828 0.7605209759460131 630
1715606573756 0.7990774223656303 631
1715606816237 0.743127604902279 632
1715607097549 0.7462985756987127 633
1715607312452 0.7618641180251468 634
1715607582390 0.7926320620083829 635
1715607823353 0.7704568246502007 636
1715608074442 0.7880452609612677 637
1715608332234 0.7959845777013029 638
1715608556863 0.7357744849848699 639
1715608851173 0.7513549371599361 640
1715609095706 0.7624669266073394 641
1715609361266 0.7710234867035517 642
1715609642751 0.845383471680493 643
1715609912787 0.8037812352580579 644
1715610209406 0.7975641436346536 645
1715610441973 0.7935550264016158 646
1715610675429 0.836186137936739 647
1715610943822 0.7197005671735276 648
1715611210423 0.7368722162501157 649
1715611452737 0.7883894185486721 650
1715611724517 0.7881758481128668 651
1715611956357 0.8208586818286958 652
1715612214111 0.8149649235252119 653
1715612469638 0.8104612284052932 654
1715612732792 0.7955381539114975 655
1715612993460 0.8038083730340708 656
1715613250667 0.7626668044633855 657
1715613539471 0.7883863529441419 658
1715613776832 0.8002432411529571 659
1715614042091 0.8043101114876458 660
1715614272649 0.810669488155609 661
1715614533447 0.724468474077334 662
1715614824931 0.7644588553069569 663
1715615046331 0.8168255293287463 664
1715615319051 0.7831320599610784 665
1715615555639 0.7909762428405513 666
1715615788631 0.8086751397490536 667
1715616065631 0.8058587083946854 668
1715616319663 0.7863350383650415 669
1715616567412 0.8101574979320889 670
1715616819394 0.782335128816385 671
1715617095171 0.7755966936904382 672
1715617358295 0.8082307638464883 673
1715617603815 0.7888218726467862 674
1715617841751 0.8163711455413288 675
1715618114439 0.8159891298783309 676
1715618423175 0.7516220298436339 677
1715618683838 0.7957042927489463 678
1715618929416 0.7929011716002983 679
1715619197076 0.7637930925308507 680
1715619426093 0.8025052352406945 681
1715619701066 0.8023156346431899 682
1715619941467 0.8187275988365417 683
1715620178789 0.7823811578495642 684
1715620445850 0.7790656842637985 685
1715620701352 0.7865703256372784 686
1715620955688 0.7790903515658024 687
1715621237647 0.7678545557500105 688
1715621505030 0.7843441217087753 689
1715621758607 0.7420162787441477 690
1715622015052 0.7949746210055023 691
1715622265332 0.7539939054016984 692
1715622523153 0.8189221062475535 693
1715622767078 0.8068755926026387 694
1715623022232 0.82722170932249 695
1715623266308 0.8083081781146798 696
1715623520128 0.8043639450967074 697
1715623788268 0.7899442622215112 698
1715624062842 0.8224903251753272 699
1715624335770 0.8121212920646119 700
1715624592347 0.7731667725795622 701
1715624841029 0.8232635755629716 702
1715625136791 0.7996822541608102 703
1715625398314 0.7856141775950642 704
1715625654272 0.8150965663090055 705
1715625920114 0.7483254853035315 706
1715626147764 0.7951821067467804 707
1715626434468 0.8119786568285945 708
1715626665048 0.7761697748399317 709
1715626919519 0.8033732368558989 710
1715627205148 0.7902948734406942 711
1715627454161 0.81163154241309 712
1715627687019 0.8351647070690673 713
1715627963820 0.7745037335676636 714
1715628228073 0.8240121865722666 715
1715628486967 0.8206811221364948 716
1715628765835 0.7934305485666823 717
1715628987513 0.7898309233926446 718
1715629255541 0.7466258203329932 719
1715629479435 0.8004358990831092 720
1715629731760 0.7847271998605886 721
1715630005808 0.7608474219908103 722
1715630309185 0.7575947644130567 723
1715630538198 0.8229585409242559 724
1715630801429 0.820462908113411 725
1715631055898 0.7975007395041691 726
1715631297983 0.8049764485166847 727
1715631573031 0.6971228951096692 728
1715631812897 0.8013918012087465 729
1715632066449 0.8110587563369965 730
1715632353423 0.8281641361126028 731
1715632596555 0.7620185223016297 732
1715632840636 0.7809338957615247 733
1715633114816 0.7998017455939905 734
1715633372052 0.8490939993256007 735
1715633632831 0.7859490636623349 736
1715633858213 0.7759133387118882 737
1715634137670 0.7809060530106062 738
1715634361928 0.7929477252620549 739
1715634617009 0.825746573973736 740
1715634882347 0.8016096973629805 741
1715635164576 0.787360216790726 742
1715635410403 0.7659614606479344 743
1715635689296 0.8099279554659291 744
1715635937154 0.8035906006514971 745
1715636193946 0.7724877629902684 746
1715636463315 0.79664591167296 747
1715636695130 0.7897025290849221 748
1715636946093 0.8008202030025539 749
1715637237201 0.8310445626824887 750
1715637476144 0.8141763680609542 751
1715637772202 0.7870158127635531 752
1715638006052 0.8004777522249285 753
1715638273072 0.8181550009818154 754
1715638548536 0.8009142566001264 755
1715638781830 0.7694849154077902 756
1715639054163 0.7983567913068365 757
1715639282222 0.8283533772362998 758
1715639571204 0.7871845581403848 759
1715639830100 0.8144312644034745 760
1715640084606 0.7757750092613444 761
1715640344409 0.7978663623457429 762
1715640567826 0.799200368235875 763
1715640812770 0.7529925721143622 764
1715641090009 0.7632521142270304 765
1715641332694 0.8139286812706942 766
1715641575733 0.7965422755518304 767
1715641863065 0.8219638011742025 768
1715642089942 0.8000682882963467 769
1715642360643 0.752280826652674 770
1715642600463 0.8504697065525979 771
1715642883819 0.8168244375894115 772
1715643138783 0.8113302591867042 773
1715643387775 0.7867254210171006 774
1715643669027 0.807280087311512 775
1715643905611 0.7703105283887087 776
1715644178692 0.7886034571376442 777
1715644437455 0.7793031101146906 778
1715644688878 0.7910169880873809 779
1715644971288 0.8147313231098062 780
1715645211120 0.7780340811922659 781
1715645456137 0.8003216497347698 782
1715645727659 0.8323849156399018 783
1715645961356 0.7945597188139293 784
1715646219782 0.7832252620110712 785
1715646473413 0.8182376683435848 786
1715646724529 0.7875184304431742 787
1715646972481 0.7969065258191291 788
1715647212997 0.7475102793833849 789
1715647455307 0.8220002373273766 790
1715647737196 0.7831670392733251 791
1715647969885 0.8204168944689545 792
1715648251724 0.8187072866138043 793
1715648478211 0.8073764298778285 794
1715648749572 0.795976119352074 795
1715648995038 0.8151055467793704 796
1715649268560 0.8218360808870797 797
1715649524524 0.8135677098334455 798
1715649821005 0.7850914575984479 799
1715650104024 0.8194813640802444 800
1715650351006 0.8192054195889202 801
1715650615564 0.7202149859785546 802
1715650873091 0.835993158447867 803
1715651158875 0.8057301665494548 804
1715651413655 0.8410213751691082 805
1715651651585 0.8147648462960261 806
1715651915390 0.8150797247051462 807
1715652165359 0.8189876967051126 808
1715652416631 0.786353606971069 809
1715652698230 0.8178969745488425 810
1715652930661 0.8142167316258746 811
1715653187842 0.8288084512792117 812
1715653468765 0.8328891337675773 813
1715653709253 0.8288505556852518 814
1715653975161 0.7759313540453585 815
1715654215282 0.8136930265092498 816
1715654474955 0.8308842706253653 817
1715654721046 0.7815542418490867 818
1715654971500 0.8026496064927128 819
1715655221360 0.7832477506705342 820
1715655468368 0.8600125171419026 821
1715655728861 0.8163910388367918 822
1715655972603 0.8226331659241556 823
1715656230964 0.8328188506846431 824
1715656494683 0.8080027269534845 825
1715656742046 0.8048207106124684 826
1715657021289 0.7971351057331207 827
1715657259100 0.8073422982002838 828
1715657502139 0.7949290060151655 829
1715657731365 0.8054620304327023 830
1715657976753 0.8116520565632522 831
1715658206660 0.8223772776972441 832
1715658491880 0.8222225685726238 833
1715658762619 0.8537239292931523 834
1715659015077 0.8413495228715412 835
1715659289082 0.7932220269291468 836
1715659521199 0.7983410259333448 837
1715659793754 0.8282052362996271 838
1715660062450 0.8160521688350398 839
1715660341548 0.8187056791755648 840
1715660594139 0.8134804811038944 841
1715660828263 0.8289472335788813 842
1715661104898 0.8048512197721391 843
1715661354667 0.8111442079468183 844
1715661580701 0.8397234622545425 845
1715661837020 0.8130834809822919 846
1715662092209 0.7934880296160834 847
1715662347478 0.7995291262171654 848
1715662607825 0.7605374248377482 849
1715662860718 0.8499903265353084 850
1715663148041 0.8091186356760266 851
1715663366916 0.8165082700725697 852
1715663624499 0.7968273547193699 853
1715663891386 0.8268934622603498 854
1715664126720 0.8301000500974403 855
1715664354190 0.815169974005466 856
1715664604922 0.8379370086760838 857
1715664855334 0.8174643433078023 858
1715665089926 0.8224288332057388 859
1715665374635 0.8007664214141438 860
1715665628093 0.8333715228418703 861
1715665899464 0.7988830290219542 862
1715666157306 0.8343905383739922 863
1715666411358 0.8378832913293305 864
1715666670053 0.8186727298916093 865
1715666912089 0.8117936409071663 866
1715667167615 0.8318701525134559 867
1715667411813 0.825991610760592 868
1715667696721 0.8352262220328976 869
1715667960341 0.8002720380912902 870
1715668240455 0.8182588274700051 871
1715668479454 0.8279185697954952 872
1715668737349 0.8213868561883475 873
1715668986291 0.8155105823751552 874
1715669241565 0.8708075789084 875
1715669522983 0.8124664571798629 876
1715669780658 0.7945548482845808 877
1715670032183 0.8433211306833731 878
1715670308642 0.7865167724822619 879
1715670573704 0.7859736929995117 880
1715670804765 0.8183217137353519 881
1715671083435 0.8271131093169214 882
1715671352177 0.768810081322839 883
1715671574181 0.8396971564345702 884
1715671831081 0.7718377269386352 885
1715672083124 0.8023555400407582 886
1715672346544 0.8422289712443436 887
1715672598651 0.8035581038128818 888
1715672838641 0.8019935796211909 889
1715673094864 0.8043098176352301 890
1715673338592 0.8250276855215991 891
1715673590387 0.808815193827479 892
1715673865662 0.8381297014891259 893
1715674119896 0.8462331277450622 894
1715674365292 0.8404834425848906 895
1715674615938 0.8160887878294432 896
1715674890395 0.7838976908908823 897
1715675138411 0.801373448160208 898
1715675402183 0.8177639469946286 899
1715675671483 0.7913441902283727 900
1715675923851 0.7941934874086063 901
1715676197546 0.8384945248159362 902
1715676441812 0.8339588048394257 903
1715676701436 0.821704743701454 904
1715676985329 0.8057003056191642 905
1715677234573 0.8203090486677446 906
1715677501646 0.8412970625257663 907
1715677728829 0.8458443925805176 908
1715677988972 0.7442045708615742 909
1715678245949 0.8121544620202795 910
1715678483737 0.8478289449003866 911
1715678734845 0.8072178629045971 912
1715678997269 0.8187534686131546 913
1715679219112 0.7957433220075945 914
1715679516089 0.8307293584257046 915
1715679771027 0.8367548115684674 916
1715680014330 0.8311006202212193 917
1715680259282 0.7723447914153051 918
1715680520233 0.8255399937875083 919
1715680746672 0.8415315504590078 920
1715681042091 0.8248071700722855 921
1715681290367 0.8025035700633154 922
1715681531811 0.8206384743112185 923
1715681829296 0.7942490078544115 924
1715682063594 0.8343432691941967 925
1715682342324 0.8303421736455401 926
1715682612996 0.8088569913607973 927
1715682850025 0.8167165461445057 928
1715683121752 0.8234222219770007 929
1715683371150 0.8376836023711153 930
1715683599093 0.8244989042800156 931
1715683857535 0.8382176292122084 932
1715684098808 0.8351645196886105 933
1715684358660 0.8383884021102636 934
1715684635429 0.7921590456796911 935
1715684893826 0.8154551546746458 936
1715685192014 0.8309719860712528 937
1715685408985 0.8240875850757722 938
1715685667133 0.7963304272724556 939
1715685886978 0.8460193198410324 940
1715686163939 0.8315401705981463 941
1715686408283 0.8348174408425951 942
1715686668297 0.8083588179965423 943
1715686952262 0.7838047405727836 944
1715687228231 0.8312903732580333 945
1715687471601 0.8461894084500483 946
1715687734727 0.839594064281455 947
1715687989756 0.8346115048624977 948
1715688271927 0.8155407736853922 949
1715688543928 0.8201899941410956 950
1715688801063 0.8307811385095442 951
1715689082961 0.7855913090964495 952
1715689320628 0.8392796809257341 953
1715689589167 0.8020804899101641 954
1715689824911 0.830048275644707 955
1715690093002 0.8128284124322273 956
1715690347431 0.8229694195457787 957
1715690614493 0.8351020449575047 958
1715690833655 0.821133896178177 959
1715691114804 0.8092051868467505 960
1715691371111 0.783433749078957 961
1715691615861 0.7941185009064257 962
1715691884145 0.8451834645016877 963
1715692133371 0.7891690951924484 964
1715692381001 0.8082609834921795 965
1715692646445 0.8155263341958442 966
1715692895281 0.826919782788156 967
1715693135873 0.835537404330417 968
1715693402785 0.8266462748751153 969
1715693650553 0.777851741028679 970
1715693888688 0.814879113083948 971
1715694154499 0.7937091697425085 972
1715694395961 0.841196375059697 973
1715694631835 0.8115754155916418 974
1715694909151 0.8101519415888074 975
1715695165292 0.8426068858124688 976
1715695419893 0.7694891938056305 977
1715695638001 0.7972359440582824 978
1715695887122 0.845217206744287 979
1715696151538 0.8056147787692257 980
1715696420043 0.828901145690306 981
1715696661350 0.8316094510946394 982
1715696925669 0.8485614072907873 983
1715697171465 0.8163155335783377 984
1715697434578 0.8007507020795106 985
1715697693950 0.8250456119582379 986
1715697977785 0.7976902646936418 987
1715698215890 0.8544379758020695 988
1715698468605 0.8480177222714912 989
1715698736948 0.8193098381178978 990
1715698988498 0.7972154980769851 991
1715699261675 0.8016248254917485 992
1715699513477 0.791468716261703 993
1715699748474 0.8540865644612196 994
1715700028404 0.7452064529749196 995
1715700285078 0.848269821829059 996
1715700523273 0.8322144635653138 997
1715700766742 0.8178771850192242 998
1715701032383 0.809501689186923 999
