1711527315443 36.74 0
1711527327696 3.07 0
1711527338304 3.04 0
1711527343991 3.15 0
1711527355361 3.05 0
1711527366679 3.02 0
1711527377413 3.06 0
1711527388347 3.04 0
1711527399422 3.04 0
1711527410815 3.07 0
1711527421695 3.05 0
1711527427424 3.06 0
1711527437893 3.03 0
1711527448627 3.03 0
1711527459320 3.08 0
1711527470161 3.08 0
1711527480934 3.1 0
1711527492461 3.08 0
1711527503214 3.11 0
1711527513947 3.06 0
1711527524006 3.04 0
1711527534714 3.08 0
1711527545226 3.09 0
1711527556306 3.08 0
1711527567524 3.11 0
1711527573004 3.08 0
1711527578372 3.04 0
1711527583778 3.05 0
1711527594633 3.07 0
1711527605437 3.14 0
1711527616412 3.41 0
1711527621807 3.06 0
1711527627205 3.05 0
1711527632611 3.07 0
1711527643232 3.06 0
1711527653948 3.05 0
1711527659442 3.09 0
1711527665075 3.1 0
1711527676415 3.02 0
1711527687189 3.05 0
1711527692635 3.03 0
1711527698265 3.09 0
1711527703632 3.06 0
1711527709098 3.09 0
1711527714445 3.06 0
1711527720227 3.05 0
1711527725553 3.03 0
1711527730972 3.13 0
1711527736304 3.06 0
1711527741694 3.08 0
1711527748943 3.08 0
1711527754369 3.07 0
1711527759769 3.08 0
1711527765550 3.09 0
1711527770916 3.06 0
1711527776289 3.04 0
1711527781693 3.08 0
1711527787062 3.05 0
1711527792467 3.04 0
1711527797908 3.09 0
1711527803395 3.08 0
1711527808829 3.05 0
1711527814687 3.09 0
1711527820182 3.1 0
1711527825810 3.1 0
1711527831298 3.08 0
1711527836818 3.1 0
1711527842282 3.07 0
1711527853141 3.09 0
1711527858599 3.05 0
1711527869704 3.07 0
1711527875381 3.05 0
1711527880870 3.06 0
1711527886364 3.07 0
1711527897323 3.08 0
1711527908016 3.09 0
1711527919225 3.09 0
1711527929865 3.03 0
1711527935422 3.12 0
1711527940981 3.08 0
1711527946601 3.1 0
1711527952142 3.09 0
1711527957686 3.08 0
1711527963119 3.1 0
1711527969015 3.1 0
1711527974385 3.06 0
1711527979779 3.05 0
1711527985175 3.07 0
1711527990647 3.09 0
1711527996130 3.12 0
1711528001565 3.08 0
1711528007007 3.09 0
1711528012463 3.09 0
1711528018253 3.08 0
1711528023684 3.11 0
1711528029128 3.09 0
1711528034596 3.12 0
1711528040055 3.1 0
1711528045487 3.09 0
1711528050988 3.16 0
1711528061701 3.07 0
1711528067640 3.1 0
1711528073122 3.12 0
1711528078605 3.11 0
1711528084089 3.14 0
1711528089618 3.12 0
1711528095097 3.08 0
1711528100539 3.08 0
1711528106030 3.09 0
1711528111504 3.09 0
1711528117313 3.07 0
1711528122782 3.1 0
1711528128288 3.09 0
1711528134113 3.08 0
1711528139577 3.11 0
1711528145040 3.07 0
1711528150525 3.1 0
1711528156109 3.15 0
1711528161782 3.19 0
1711528167828 3.1 0
1711528173333 3.1 0
1711528178830 3.09 0
1711528184300 3.08 0
1711528189823 3.1 0
1711528195328 3.11 0
1711528200817 3.08 0
1711528206294 3.07 0
1711528211735 3.08 0
1711528217847 3.11 0
1711528223360 3.12 0
1711528228911 3.11 0
1711528234429 3.1 0
1711528239987 3.13 0
1711528245473 3.09 0
1711528250982 3.11 0
1711528256651 3.16 0
1711528262670 3.12 0
1711528268156 3.06 0
1711528273621 3.06 0
1711528279183 3.11 0
1711528284782 3.11 0
1711528295746 3.13 0
1711528306793 3.09 0
1711528312781 3.14 0
1711528323639 3.1 0
1711528334480 3.1 0
1711528345383 3.1 0
1711528350867 3.06 0
1711528361719 3.1 0
1711528372884 3.04 0
1711528388977 3.09 0
1711528399947 3.08 0
1711528410733 3.07 0
1711528416245 3.08 0
1711528422226 3.1 0
1711528427845 3.1 0
1711528433454 3.07 0
1711528439017 3.1 0
1711528444596 3.09 0
1711528450233 3.07 0
1711528455834 3.1 0
1711528461462 3.11 0
1711528467418 3.07 0
1711528473040 3.1 0
1711528478586 3.09 0
1711528489487 3.09 0
1711528500324 3.07 0
1711528511173 3.12 0
1711528521305 3.25 0
1711528526797 3.08 0
1711528537798 3.14 0
1711528543375 3.17 0
1711528548926 3.09 0
1711528554550 3.11 0
1711528565460 3.08 0
1711528571368 3.07 0
1711528582076 3.08 0
1711528587650 3.13 0
1711528598440 3.05 0
1711528603993 3.11 0
1711528609551 3.09 0
1711528615130 3.11 0
1711528626386 3.09 0
1711528637184 3.07 0
1711528647875 3.1 0
1711528657570 3.04 0
1711528668390 3.11 0
1711528679932 3.12 0
1711528690890 3.06 0
1711528696416 3.09 0
1711528701985 3.16 0
1711528707627 3.13 0
1711528713212 3.09 0
1711528718732 3.09 0
1711528724236 3.06 0
1711528730216 3.08 0
1711528735752 3.07 0
1711528741338 3.11 0
1711528752532 3.12 0
1711528763739 3.1 0
1711528779830 3.1 0
1711528790977 3.06 0
1711528801853 3.05 0
1711528807478 3.15 0
1711528818249 3.08 0
1711528829171 3.08 0
1711528834624 3.11 0
1711528845689 3.09 0
1711528856612 3.1 0
1711528862069 3.13 0
1711528872805 3.06 0
1711528883581 3.08 0
1711528889051 3.15 0
1711528900184 3.06 0
1711528905593 3.11 0
1711528911003 3.1 0
1711528916413 3.08 0
1711528921803 3.07 0
1711528927233 3.11 0
1711528932630 3.07 0
1711528938009 3.08 0
1711528943466 3.12 0
1711528949259 3.08 0
1711528954635 3.07 0
1711528960038 3.08 0
1711528965448 3.1 0
1711528971010 3.21 0
1711528976504 3.14 0
1711528982026 3.17 0
1711528992710 3.1 0
1711529003981 3.1 0
1711529014962 3.11 0
1711529025785 3.09 0
1711529031180 3.08 0
1711529041851 3.06 0
1711529052882 3.1 0
1711529063506 3.09 0
1711529073469 3.08 0
1711529084310 3.11 0
1711529089708 3.06 0
1711529095131 3.07 0
1711529100588 3.1 0
1711529106451 3.11 0
1711529111884 3.08 0
1711529117340 3.11 0
1711529122787 3.09 0
1711529128238 3.11 0
1711529133696 3.11 0
1711529139153 3.08 0
1711529144649 3.16 0
1711529155066 3.08 0
1711529160955 3.1 0
1711529166450 3.13 0
1711529171904 3.11 0
1711529177390 3.11 0
1711529182917 3.16 0
1711529188484 3.14 0
1711529194020 3.16 0
1711529199538 3.11 0
1711529205444 3.1 0
1711529210973 3.15 0
1711529216515 3.09 0
1711529222039 3.13 0
1711529227534 3.1 0
1711529233052 3.08 0
1711529238547 3.09 0
1711529244082 3.13 0
1711529249546 3.08 0
1711529255455 3.08 0
1711529260937 3.1 0
1711529271699 3.1 0
1711529282526 3.08 0
1711529287976 3.1 0
1711529298879 3.09 0
1711529310032 3.12 0
1711529315490 3.11 0
1711529321030 3.13 0
1711529326534 3.1 0
1711529331967 3.1 0
1711529337431 3.12 0
1711529342889 3.11 0
1711529348315 3.09 0
1711529354006 3.36 0
1711529359430 3.1 0
1711529364862 3.11 0
1711529370355 3.13 0
1711529375835 3.14 0
1711529381305 3.1 0
1711529386806 3.1 0
1711529392250 3.07 0
1711529397759 3.09 0
1711529403693 3.1 0
1711529414456 3.12 0
1711529419905 3.07 0
1711529425474 3.17 0
1711529430965 3.13 0
1711529436468 3.12 0
1711529441955 3.1 0
1711529447426 3.1 0
1711529459021 3.1 0
1711529475061 3.13 0
1711529486035 3.09 0
1711529497061 3.11 0
1711529507902 3.09 0
1711529519067 3.08 0
1711529529911 3.11 0
1711529540731 3.1 0
1711529551560 3.12 0
1711529562641 3.08 0
1711529573821 3.06 0
1711529584636 3.06 0
1711529590079 3.06 0
1711529595496 3.04 0
1711529600944 3.07 0
1711529606409 3.06 0
1711529611962 3.08 0
1711529617479 3.1 0
1711529623381 3.11 0
1711529628837 3.08 0
1711529634392 3.09 0
1711529639960 3.15 0
1711529645497 3.09 0
1711529651034 3.08 0
1711529656541 3.05 0
1711529662043 3.09 0
1711529667895 3.06 0
1711529673478 3.14 0
1711529679006 3.07 0
1711529684485 3.09 0
1711529689962 3.1 0
1711529695422 3.08 0
1711529700923 3.12 0
1711529711893 3.09 0
1711529723251 3.07 0
1711529734027 3.08 0
1711529739667 3.1 0
1711529745168 3.08 0
1711529750671 3.07 0
1711529756142 3.07 0
1711529767161 3.08 0
1711529773069 3.06 0
1711529783980 3.05 0
1711529789497 3.08 0
1711529800354 3.05 0
1711529805846 3.05 0
1711529811428 3.1 0
1711529816967 3.1 0
1711529822890 3.1 0
1711529828411 3.08 0
1711529833899 3.06 0
1711529844778 3.04 0
1711529850261 3.06 0
1711529855810 3.1 0
1711529861367 3.1 0
1711529867326 3.11 0
1711529872913 3.1 0
1711529878513 3.15 0
1711529884221 3.21 0
1711529889889 3.15 0
1711529895471 3.11 0
1711529906400 3.12 0
1711529917721 3.07 0
1711529928605 3.08 0
1711529934098 3.06 0
1711529939658 3.1 0
1711529945185 3.09 0
1711529950779 3.15 0
1711529956283 3.08 0
1711529967985 3.12 0
1711529978952 3.1 0
1711529989929 3.09 0
1711530000853 3.08 0
1711530011949 3.08 0
1711530017449 3.06 0
1711530023445 3.09 0
1711530029077 3.14 0
1711530040086 3.17 0
1711530045708 3.11 0
1711530051396 3.08 0
1711530057042 3.14 0
1711530062604 3.09 0
1711530068152 3.09 0
1711530074330 3.11 0
1711530079938 3.08 0
1711530085479 3.07 0
1711530091055 3.08 0
1711530096652 3.1 0
1711530102240 3.12 0
1711530107784 3.06 0
1711530113395 3.08 0
1711530119369 3.09 0
1711530124969 3.1 0
1711530130533 3.09 0
1711530136093 3.08 0
1711530141844 3.14 0
1711530147460 3.1 0
1711530153155 3.12 0
1711530158750 3.1 0
1711530164596 3.38 0
1711530170194 3.12 0
1711530181208 3.09 0
1711530186748 3.07 0
1711530192295 3.07 0
1711530197898 3.09 0
1711530203625 3.1 0
1711530209236 3.13 0
1711530220690 3.12 0
1711530231641 3.1 0
1711530237223 3.1 0
1711530242777 3.09 0
1711530248398 3.13 0
1711530259368 3.09 0
1711530270619 3.06 0
1711530276070 3.1 0
1711530286919 3.08 0
1711530297826 3.07 0
1711530308694 3.09 0
1711530314149 3.12 0
1711530319630 3.1 0
1711530325532 3.18 0
1711530330972 3.1 0
1711530336445 3.13 0
1711530341922 3.11 0
1711530347359 3.1 0
1711530352797 3.1 0
1711530358315 3.13 0
1711530363787 3.07 0
1711530375149 3.09 0
1711530386092 3.08 0
1711530396982 3.14 0
1711530407887 3.07 0
1711530418776 3.15 0
1711530424492 3.31 0
1711530429950 3.08 0
1711530435531 3.16 0
1711530441103 3.12 0
1711530446521 3.07 0
1711530451976 3.08 0
1711530457472 3.09 0
1711530463016 3.11 0
1711530468498 3.11 0
1711530474399 3.09 0
1711530479852 3.08 0
1711530485335 3.09 0
1711530490907 3.11 0
1711530496413 3.15 0
1711530501968 3.17 0
1711530507423 3.1 0
1711530512977 3.19 0
1711530518492 3.12 0
1711530529964 3.13 0
1711530535396 3.07 0
1711530540868 3.13 0
1711530546360 3.12 0
1711530551848 3.13 0
1711530557275 3.07 0
1711530562719 3.1 0
1711530568164 3.11 0
1711530573661 3.18 0
1711530579560 3.11 0
1711530584990 3.12 0
1711530590512 3.16 0
1711530595960 3.09 0
1711530601444 3.17 0
1711530612308 3.08 0
1711530623159 3.11 0
1711530628999 3.12 0
1711530634449 3.13 0
1711530639916 3.14 0
1711530645380 3.12 0
1711530650839 3.12 0
1711530656315 3.13 0
1711530661758 3.11 0
1711530667218 3.13 0
1711530672655 3.1 0
1711530678349 3.36 0
1711530683920 3.15 0
1711530689370 3.1 0
1711530694960 3.16 0
1711530705685 3.08 0
1711530716644 3.15 0
1711530727648 3.09 0
1711530733574 3.12 0
1711530739153 3.17 0
1711530744621 3.1 0
1711530750145 3.14 0
1711530755589 3.1 0
1711530761031 3.1 0
1711530766583 3.13 0
1711530772125 3.11 0
1711530777597 3.07 0
1711530783468 3.1 0
1711530789026 3.14 0
1711530794539 3.11 0
1711530800039 3.1 0
1711530805503 3.09 0
1711530811022 3.15 0
1711530816565 3.12 0
1711530822042 3.11 0
1711530827501 3.1 0
1711530838987 3.09 0
1711530844540 3.19 0
1711530850155 3.19 0
1711530855736 3.16 0
1711530861223 3.12 0
1711530866711 3.11 0
1711530872218 3.1 0
1711530877764 3.12 0
1711530883659 3.12 0
1711530889239 3.17 0
1711530894808 3.11 0
1711530900276 3.1 0
1711530905763 3.09 0
1711530911234 3.1 0
1711530916796 3.14 0
1711530927715 3.13 0
1711530933589 3.07 0
1711530939109 3.12 0
1711530950160 3.11 0
1711530961134 3.09 0
1711530966659 3.11 0
1711530977712 3.08 0
1711530983232 3.12 0
1711530989098 3.12 0
1711530994546 3.07 0
1711531000057 3.15 0
1711531005537 3.11 0
1711531011056 3.11 0
1711531016573 3.12 0
1711531022061 3.1 0
1711531027563 3.11 0
1711531033045 3.09 0
1711531039052 3.08 0
1711531050016 3.07 0
1711531060872 3.08 0
1711531071932 3.13 0
1711531077420 3.11 0
1711531082874 3.09 0
1711531088382 3.1 0
1711531094215 3.08 0
1711531099700 3.08 0
1711531105192 3.09 0
1711531116166 3.1 0
1711531127058 3.09 0
1711531132542 3.12 0
1711531138039 3.12 0
1711531143910 3.09 0
1711531149400 3.11 0
1711531154843 3.06 0
1711531160329 3.08 0
1711531171346 3.09 0
1711531176820 3.13 0
1711531182287 3.1 0
1711531187733 3.1 0
1711531193588 3.07 0
1711531199055 3.12 0
1711531204519 3.12 0
1711531209968 3.11 0
1711531215412 3.1 0
1711531220875 3.11 0
1711531226456 3.19 0
1711531231903 3.09 0
1711531237420 3.11 0
1711531243318 3.1 0
1711531254477 3.08 0
1711531260057 3.11 0
1711531265545 3.12 0
1711531271067 3.12 0
1711531276560 3.1 0
1711531282036 3.13 0
1711531287582 3.11 0
1711531293025 3.09 0
1711531298925 3.08 0
1711531304388 3.08 0
1711531309888 3.12 0
1711531315432 3.13 0
1711531320912 3.1 0
1711531326381 3.09 0
1711531331850 3.09 0
1711531337379 3.11 0
1711531343446 3.13 0
1711531349007 3.13 0
1711531360060 3.12 0
1711531365561 3.11 0
1711531371061 3.13 0
1711531376521 3.07 0
1711531382003 3.1 0
1711531392785 3.31 0
1711531403912 3.11 0
1711531414853 3.07 0
1711531420331 3.1 0
1711531425820 3.12 0
1711531431331 3.1 0
1711531436875 3.15 0
1711531442382 3.08 0
1711531448228 3.1 0
1711531459293 3.07 0
1711531464775 3.1 0
1711531470355 3.14 0
1711531475838 3.08 0
1711531486872 3.14 0
1711531492411 3.12 0
1711531498456 3.1 0
1711531503998 3.17 0
1711531509487 3.09 0
1711531514977 3.09 0
1711531520471 3.1 0
1711531526027 3.15 0
1711531537081 3.11 0
1711531548012 3.08 0
1711531559435 3.1 0
1711531564920 3.1 0
1711531570489 3.13 0
1711531576121 3.2 0
1711531581713 3.13 0
1711531587177 3.11 0
1711531592675 3.09 0
1711531598180 3.13 0
1711531604100 3.11 0
1711531609627 3.15 0
1711531615123 3.12 0
1711531620623 3.1 0
1711531626067 3.08 0
1711531631575 3.12 0
1711531637150 3.17 0
1711531642637 3.09 0
1711531648168 3.15 0
1711531654084 3.12 0
1711531659587 3.08 0
1711531665055 3.08 0
1711531670566 3.12 0
1711531676067 3.11 0
1711531681546 3.1 0
1711531687019 3.1 0
1711531692539 3.13 0
1711531698033 3.08 0
1711531703975 3.07 0
1711531709493 3.11 0
1711531714977 3.07 0
1711531720542 3.14 0
1711531726122 3.08 0
1711531737160 3.05 0
1711531742633 3.09 0
1711531748105 3.08 0
1711531754037 3.1 0
1711531759545 3.11 0
1711531770672 3.11 0
1711531776164 3.11 0
1711531781655 3.08 0
1711531787124 3.08 0
1711531798236 3.11 0
1711531803706 3.08 0
1711531809666 3.1 0
1711531815185 3.08 0
1711531826276 3.07 0
1711531831825 3.11 0
1711531837347 3.1 0
1711531842841 3.09 0
1711531848304 3.08 0
1711531853842 3.09 0
1711531859757 3.09 0
1711531865293 3.11 0
1711531870757 3.07 0
1711531881789 3.11 0
1711531887274 3.08 0
1711531892799 3.09 0
1711531898265 3.07 0
1711531903726 3.08 0
1711531909697 3.08 0
1711531915222 3.08 0
1711531920800 3.13 0
1711531926497 3.13 0
1711531932050 3.08 0
1711531937640 3.15 0
1711531943197 3.1 0
1711531948804 3.15 0
1711531954413 3.15 0
1711531960413 3.09 0
1711531966009 3.09 0
1711531971545 3.1 0
1711531977094 3.09 0
1711531982706 3.14 0
1711531988287 3.11 0
1711531993851 3.11 0
1711531999387 3.07 0
1711532005253 3.37 0
1711532010820 3.12 0
1711532016388 3.13 0
1711532021970 3.13 0
1711532027529 3.09 0
1711532033094 3.11 0
1711532038702 3.14 0
1711532044277 3.12 0
1711532049839 3.12 0
1711532055820 3.11 0
1711532066835 3.09 0
1711532072356 3.09 0
1711532077946 3.09 0
1711532083531 3.11 0
1711532089064 3.09 0
1711532100183 3.13 0
1711532106144 3.1 0
1711532111718 3.11 0
1711532117260 3.11 0
1711532122837 3.13 0
1711532128415 3.15 0
1711532133968 3.12 0
1711532139493 3.1 0
1711532150134 3.06 0
1711532156054 3.08 0
1711532161652 3.11 0
1711532167207 3.11 0
1711532172798 3.12 0
1711532183876 3.11 0
1711532189451 3.11 0
1711532200528 3.09 0
1711532211963 3.08 0
1711532223107 3.16 0
1711532234247 3.1 0
1711532239760 3.06 0
1711532245384 3.16 0
1711532257124 3.07 0
1711532263046 3.09 0
1711532268628 3.1 0
1711532274253 3.13 0
1711532279776 3.1 0
1711532290923 3.09 0
1711532301835 3.07 0
1711532307419 3.12 0
1711532313324 3.08 0
1711532324289 3.06 0
1711532329826 3.07 0
1711532340921 3.11 0
1711532352064 3.07 0
1711532357636 3.1 0
1711532363158 3.08 0
1711532369066 3.08 0
1711532374678 3.12 0
1711532380296 3.17 0
1711532385892 3.1 0
1711532391508 3.11 0
1711532397128 3.13 0
1711532402738 3.11 0
1711532408315 3.12 0
1711532413870 3.12 0
1711532419933 3.17 0
1711532425498 3.11 0
1711532431161 3.15 0
1711532436743 3.07 0
1711532442362 3.15 0
1711532453260 3.11 0
1711532458867 3.13 0
1711532464861 3.13 0
1711532470457 3.13 0
1711532476043 3.14 0
1711532481626 3.08 0
1711532487227 3.13 0
1711532492891 3.13 0
1711532498452 3.09 0
1711532504068 3.16 0
1711532509649 3.11 0
1711532515657 3.11 0
1711532521285 3.18 0
1711532526917 3.1 0
1711532532598 3.19 0
1711532538292 3.18 0
1711532543932 3.08 0
1711532549555 3.12 0
1711532555155 3.12 0
1711532561224 3.13 0
1711532566856 3.12 0
1711532572558 3.15 0
1711532578153 3.09 0
1711532583757 3.1 0
1711532589359 3.12 0
1711532594965 3.13 0
1711532600660 3.18 0
1711532606544 3.39 0
1711532612164 3.12 0
1711532617736 3.09 0
1711532623357 3.11 0
1711532628992 3.11 0
1711532634636 3.12 0
1711532640253 3.12 0
1711532645849 3.11 0
1711532651833 3.1 0
1711532657417 3.11 0
1711532662943 3.09 0
1711532668625 3.21 0
1711532674230 3.11 0
1711532679802 3.1 0
1711532685377 3.1 0
1711532691008 3.14 0
1711532696671 3.11 0
1711532702689 3.1 0
1711532708249 3.07 0
1711532713843 3.08 0
1711532719461 3.11 0
1711532725013 3.06 0
1711532730652 3.14 0
1711532741919 3.1 0
1711532747966 3.13 0
1711532753594 3.11 0
1711532759181 3.1 0
1711532764788 3.11 0
1711532770382 3.11 0
1711532775930 3.08 0
1711532781552 3.1 0
1711532787132 3.1 0
1711532793171 3.15 0
1711532798756 3.12 0
1711532804396 3.12 0
1711532810081 3.14 0
1711532815739 3.14 0
1711532821379 3.14 0
1711532827090 3.18 0
1711532832715 3.12 0
1711532838344 3.12 0
1711532844389 3.1 0
1711532849994 3.13 0
1711532855557 3.17 0
1711532861052 3.12 0
1711532866580 3.11 0
1711532877674 3.09 0
1711532883138 3.12 0
1711532888612 3.09 0
1711532894435 3.08 0
1711532899856 3.11 0
1711532905319 3.11 0
1711532910763 3.11 0
1711532916214 3.1 0
1711532921692 3.1 0
1711532927147 3.11 0
1711532932595 3.11 0
1711532944119 3.12 0
1711532955097 3.09 0
1711532960588 3.11 0
1711532966070 3.12 0
1711532971644 3.21 0
1711532977064 3.07 0
1711532982501 3.08 0
1711532988320 3.1 0
1711532999445 3.12 0
1711533004968 3.12 0
1711533010424 3.08 0
1711533015908 3.1 0
1711533021339 3.07 0
1711533026758 3.08 0
1711533032230 3.1 0
1711533038077 3.07 0
1711533049113 3.11 0
1711533054629 3.1 0
1711533065703 3.15 0
1711533076747 3.12 0
1711533087814 3.1 0
1711533093712 3.13 0
1711533099200 3.09 0
1711533110447 3.14 0
1711533121119 3.09 0
1711533126634 3.13 0
1711533132139 3.11 0
1711533137555 3.06 0
1711533143026 3.09 0
1711533148959 3.1 0
1711533154476 3.14 0
1711533159991 3.13 0
1711533165503 3.08 0
1711533170991 3.11 0
1711533176469 3.1 0
1711533181926 3.09 0
1711533187447 3.14 0
1711533192937 3.14 0
1711533198911 3.1 0
1711533204323 3.08 0
1711533209798 3.11 0
1711533215256 3.09 0
1711533220735 3.1 0
1711533226230 3.09 0
1711533231695 3.1 0
1711533237228 3.17 0
1711533242769 3.16 0
1711533248656 3.09 0
1711533254112 3.11 0
1711533259601 3.09 0
1711533265108 3.12 0
1711533270600 3.12 0
1711533276118 3.11 0
1711533281598 3.12 0
1711533287039 3.09 0
1711533292518 3.08 0
1711533298420 3.11 0
1711533303864 3.1 0
1711533309485 3.17 0
1711533320317 3.16 0
1711533325846 3.13 0
1711533331310 3.13 0
1711533336757 3.09 0
1711533347855 3.06 0
1711533353361 3.08 0
1711533364224 3.11 0
1711533374923 3.09 0
1711533380382 3.09 0
1711533385815 3.07 0
1711533396673 3.07 0
1711533407712 3.08 0
1711533413172 3.09 0
1711533418620 3.09 0
1711533424054 3.1 0
1711533429609 3.13 0
1711533435125 3.11 0
1711533440635 3.12 0
1711533446171 3.11 0
1711533452013 3.1 0
1711533457515 3.17 0
1711533462966 3.09 0
1711533468409 3.1 0
1711533473890 3.11 0
1711533479334 3.08 0
1711533484824 3.09 0
1711533490265 3.1 0
1711533495744 3.1 0
1711533501666 3.14 0
1711533507112 3.08 0
1711533512552 3.1 0
1711533518023 3.1 0
1711533523474 3.13 0
1711533528941 3.1 0
1711533534375 3.09 0
1711533545444 3.17 0
1711533556508 3.09 0
1711533561966 3.11 0
1711533567440 3.12 0
1711533572909 3.11 0
1711533578388 3.15 0
1711533583881 3.08 0
1711533589314 3.09 0
1711533594753 3.1 0
1711533600192 3.12 0
1711533606113 3.11 0
1711533611632 3.16 0
1711533622668 3.1 0
1711533628139 3.12 0
1711533639029 3.13 0
1711533644536 3.13 0
1711533649924 3.06 0
1711533655371 3.11 0
1711533661357 3.12 0
1711533666794 3.13 0
1711533672251 3.12 0
1711533677749 3.15 0
1711533688827 3.15 0
1711533694269 3.1 0
1711533699732 3.11 0
1711533705266 3.17 0
1711533711177 3.11 0
1711533716711 3.11 0
1711533722241 3.13 0
1711533727808 3.14 0
1711533733335 3.1 0
1711533738879 3.14 0
1711533744333 3.07 0
1711533755252 3.1 0
1711533760950 3.34 0
1711533766464 3.11 0
1711533771982 3.14 0
1711533777436 3.11 0
1711533782908 3.09 0
1711533788384 3.1 0
1711533799237 3.11 0
1711533809960 3.06 0
1711533821221 3.09 0
1711533831913 3.05 0
1711533837368 3.09 0
1711533848411 3.09 0
1711533853876 3.1 0
1711533859390 3.09 0
1711533864936 3.11 0
1711533870918 3.15 0
1711533876401 3.11 0
1711533881851 3.08 0
1711533892629 3.13 0
1711533898139 3.12 0
1711533903605 3.11 0
1711533909100 3.09 0
1711533914605 3.11 0
1711533925857 3.08 0
1711533931333 3.11 0
1711533936787 3.08 0
1711533942251 3.1 0
1711533947727 3.09 0
1711533953182 3.06 0
1711533958679 3.09 0
1711533964160 3.13 0
1711533970077 3.13 0
1711533975647 3.15 0
1711533981099 3.08 0
1711533986658 3.15 0
1711533992226 3.16 0
1711533997756 3.11 0
1711534003283 3.13 0
1711534014005 3.07 0
1711534019728 3.35 0
1711534025237 3.13 0
1711534030761 3.12 0
1711534036286 3.14 0
1711534041822 3.12 0
1711534047378 3.12 0
1711534052953 3.17 0
1711534058445 3.1 0
1711534063969 3.15 0
1711534069981 3.16 0
1711534075481 3.1 0
1711534081026 3.12 0
1711534086547 3.14 0
1711534092041 3.11 0
1711534102902 3.11 0
1711534108380 3.08 0
1711534113870 3.12 0
1711534119816 3.1 0
1711534125284 3.1 0
1711534130784 3.12 0
1711534136342 3.1 0
1711534141827 3.1 0
1711534147392 3.16 0
1711534153013 3.17 0
1711534158508 3.09 0
1711534164127 3.12 0
1711534170010 3.08 0
1711534175496 3.09 0
1711534180937 3.09 0
1711534186424 3.08 0
1711534197467 3.08 0
1711534202936 3.06 0
1711534208427 3.1 0
1711534219146 3.08 0
1711534225005 3.1 0
1711534235517 3.09 0
1711534240994 3.1 0
1711534246460 3.09 0
1711534251969 3.14 0
1711534262582 3.1 0
1711534273061 3.07 0
1711534278898 3.08 0
1711534284355 3.08 0
1711534289832 3.08 0
1711534295269 3.09 0
1711534300766 3.09 0
1711534306249 3.12 0
1711534311784 3.14 0
1711534317264 3.1 0
1711534327900 3.1 0
1711534333406 3.11 0
1711534338895 3.07 0
1711534344493 3.14 0
1711534349996 3.12 0
1711534355523 3.11 0
1711534361057 3.11 0
1711534366586 3.11 0
1711534372165 3.11 0
1711534378150 3.09 0
1711534383696 3.12 0
1711534389230 3.08 0
1711534394703 3.09 0
1711534400253 3.16 0
1711534405797 3.14 0
1711534411322 3.12 0
1711534416860 3.13 0
1711534422343 3.12 0
1711534428270 3.08 0
1711534433859 3.19 0
1711534439404 3.1 0
1711534444949 3.12 0
1711534450492 3.13 0
1711534456071 3.14 0
1711534461583 3.13 0
1711534467063 3.11 0
1711534472573 3.12 0
1711534478557 3.13 0
1711534484068 3.11 0
1711534489554 3.07 0
1711534495060 3.12 0
1711534500604 3.13 0
1711534506125 3.11 0
1711534511581 3.07 0
1711534517083 3.12 0
1711534528247 3.09 0
1711534538663 3.06 0
1711534549151 3.07 0
1711534558483 3.08 0
1711534569037 3.11 0
1711534574507 3.11 0
1711534580396 3.12 0
1711534585944 3.11 0
1711534591507 3.16 0
1711534597045 3.09 0
1711534602526 3.1 0
1711534608034 3.11 0
1711534613537 3.1 0
1711534618987 3.08 0
1711534624481 3.12 0
1711534635545 3.11 0
1711534641031 3.08 0
1711534646508 3.12 0
1711534652007 3.09 0
1711534657441 3.07 0
1711534662907 3.09 0
1711534668394 3.1 0
1711534673924 3.11 0
1711534679844 3.1 0
1711534685369 3.09 0
1711534690900 3.11 0
1711534696455 3.15 0
1711534701987 3.12 0
1711534707533 3.09 0
1711534713014 3.1 0
1711534718543 3.15 0
1711534724016 3.1 0
1711534729938 3.1 0
1711534735466 3.12 0
1711534741003 3.12 0
1711534746551 3.12 0
1711534752039 3.1 0
1711534757567 3.14 0
1711534763084 3.14 0
1711534768628 3.15 0
1711534774196 3.13 0
1711534780139 3.13 0
1711534785669 3.12 0
1711534791266 3.17 0
1711534796835 3.14 0
1711534802355 3.11 0
1711534807837 3.1 0
1711534813341 3.11 0
1711534818866 3.16 0
1711534824758 3.09 0
1711534830258 3.08 0
1711534835746 3.1 0
1711534841324 3.14 0
1711534846868 3.11 0
1711534852361 3.1 0
1711534857847 3.11 0
1711534863396 3.16 0
1711534868951 3.14 0
1711534874893 3.1 0
1711534880400 3.09 0
1711534885982 3.14 0
1711534891535 3.13 0
1711534897098 3.11 0
1711534902701 3.12 0
1711534908300 3.16 0
1711534918990 3.11 0
1711534924958 3.09 0
1711534930485 3.1 0
1711534936017 3.1 0
1711534941538 3.1 0
1711534947032 3.08 0
1711534952573 3.1 0
1711534958164 3.15 0
1711534963676 3.07 0
1711534969487 3.36 0
1711534975019 3.09 0
1711534980655 3.15 0
1711534986207 3.11 0
1711534991760 3.13 0
1711534997277 3.1 0
1711535002797 3.1 0
1711535008336 3.13 0
1711535013841 3.05 0
1711535019775 3.11 0
1711535025315 3.1 0
1711535030798 3.06 0
1711535036288 3.07 0
1711535041870 3.11 0
1711535047377 3.07 0
1711535052878 3.08 0
1711535058471 3.12 0
1711535064035 3.11 0
1711535070042 3.09 0
1711535075671 3.17 0
1711535081141 3.06 0
1711535086633 3.08 0
1711535092203 3.08 0
1711535097750 3.14 0
1711535103271 3.09 0
1711535108868 3.13 0
1711535114810 3.1 0
1711535120392 3.14 0
1711535125962 3.12 0
1711535131592 3.11 0
1711535137143 3.1 0
1711535142676 3.09 0
1711535148246 3.09 0
1711535153750 3.08 0
1711535159235 3.07 0
1711535165200 3.1 0
1711535170704 3.06 0
1711535176186 3.07 0
1711535181669 3.07 0
1711535187274 3.12 0
1711535192844 3.08 0
1711535203451 3.09 0
1711535208961 3.09 0
1711535214900 3.09 0
1711535220660 3.15 0
1711535226242 3.13 0
1711535231787 3.11 0
1711535237370 3.11 0
1711535242859 3.07 0
1711535248441 3.16 0
1711535254000 3.11 0
1711535259831 3.37 0
1711535265390 3.11 0
1711535271005 3.12 0
1711535276638 3.19 0
1711535282155 3.07 0
1711535287673 3.1 0
1711535293241 3.13 0
1711535298770 3.09 0
1711535304374 3.11 0
1711535310369 3.12 0
1711535315892 3.11 0
1711535321437 3.09 0
1711535326967 3.12 0
1711535332456 3.07 0
1711535337975 3.08 0
1711535343479 3.09 0
1711535349010 3.09 0
1711535354520 3.1 0
1711535360571 3.18 0
1711535366101 3.08 0
1711535371574 3.09 0
1711535377099 3.09 0
1711535382643 3.09 0
1711535388243 3.15 0
1711535393766 3.08 0
1711535399297 3.1 0
1711535405253 3.08 0
1711535410761 3.07 0
1711535416304 3.13 0
1711535421802 3.09 0
1711535427302 3.08 0
1711535432781 3.07 0
1711535438281 3.09 0
1711535443795 3.09 0
1711535449336 3.1 0
1711535455344 3.1 0
1711535460924 3.14 0
1711535466494 3.1 0
1711535472097 3.11 0
1711535477620 3.08 0
1711535488443 3.1 0
1711535493977 3.11 0
1711535499651 3.12 0
1711535505607 3.14 0
1711535511165 3.1 0
1711535516669 3.07 0
1711535522173 3.09 0
1711535527702 3.11 0
1711535533246 3.08 0
1711535538805 3.12 0
1711535544356 3.1 0
1711535550105 3.33 0
1711535555644 3.12 0
1711535561226 3.11 0
1711535566740 3.09 0
1711535572284 3.09 0
1711535577823 3.1 0
1711535583354 3.1 0
1711535588935 3.11 0
1711535594468 3.12 0
1711535600340 3.07 0
1711535605853 3.09 0
1711535611419 3.1 0
1711535616918 3.07 0
1711535622433 3.09 0
1711535627928 3.07 0
1711535633452 3.08 0
1711535638968 3.08 0
1711535644491 3.1 0
1711535650468 3.11 0
1711535656042 3.13 0
1711535661545 3.06 0
1711535667077 3.08 0
1711535672593 3.1 0
1711535678155 3.13 0
1711535683669 3.09 0
1711535689247 3.08 0
1711535695234 3.15 0
1711535700882 3.11 0
1711535706435 3.11 0
1711535712066 3.12 0
1711535717688 3.11 0
1711535723218 3.09 0
1711535728731 3.07 0
1711535734293 3.09 0
1711535739836 3.08 0
1711535745776 3.11 0
1711535751260 3.07 0
1711535756811 3.09 0
1711535762385 3.12 0
1711535773194 3.12 0
1711535778759 3.14 0
1711535784284 3.09 0
1711535789833 3.13 0
1711535795740 3.06 0
1711535801239 3.07 0
1711535806838 3.12 0
1711535812321 3.07 0
1711535817892 3.16 0
1711535823401 3.09 0
1711535828894 3.08 0
1711535834412 3.1 0
1711535839953 3.11 0
1711535845907 3.09 0
1711535851527 3.12 0
1711535857023 3.07 0
1711535862639 3.07 0
1711535868159 3.1 0
1711535873765 3.15 0
1711535879266 3.07 0
1711535884837 3.13 0
1711535890773 3.09 0
1711535896248 3.07 0
1711535901841 3.09 0
1711535907374 3.11 0
1711535912894 3.12 0
1711535918395 3.09 0
1711535923902 3.11 0
1711535929457 3.15 0
1711535935042 3.17 0
1711535940954 3.07 0
1711535946498 3.13 0
1711535952082 3.11 0
1711535957708 3.12 0
1711535963241 3.1 0
1711535968824 3.1 0
1711535974379 3.1 0
1711535979910 3.07 0
1711535985934 3.09 0
1711535991577 3.19 0
1711535997199 3.1 0
1711536002751 3.1 0
1711536008311 3.11 0
1711536013870 3.12 0
1711536019394 3.07 0
1711536024890 3.07 0
1711536030439 3.07 0
1711536036380 3.06 0
1711536041900 3.08 0
1711536047475 3.09 0
1711536058300 3.08 0
1711536063904 3.11 0
1711536069487 3.09 0
1711536075072 3.12 0
1711536081029 3.1 0
1711536086604 3.13 0
1711536092139 3.07 0
1711536097715 3.12 0
1711536103262 3.1 0
1711536108873 3.13 0
1711536114416 3.08 0
1711536119988 3.1 0
1711536125603 3.09 0
1711536131588 3.1 0
1711536137112 3.08 0
1711536142663 3.1 0
1711536148212 3.09 0
1711536153790 3.13 0
1711536159324 3.09 0
1711536164880 3.1 0
1711536170490 3.16 0
1711536176451 3.09 0
1711536182088 3.16 0
1711536187690 3.11 0
1711536193234 3.09 0
1711536198812 3.11 0
1711536204362 3.1 0
1711536209896 3.09 0
1711536215511 3.1 0
1711536221490 3.09 0
1711536227085 3.13 0
1711536232633 3.08 0
1711536238196 3.1 0
1711536243747 3.09 0
1711536249339 3.1 0
1711536254890 3.07 0
1711536260505 3.14 0
1711536266046 3.1 0
1711536272040 3.11 0
1711536277545 3.06 0
1711536283088 3.09 0
1711536288642 3.14 0
1711536294219 3.1 0
1711536299834 3.13 0
1711536305385 3.11 0
1711536310907 3.08 0
1711536316930 3.07 0
1711536322543 3.14 0
1711536328066 3.05 0
1711536333632 3.12 0
1711536344519 3.09 0
1711536350056 3.09 0
1711536355564 3.07 0
1711536361106 3.09 0
1711536367038 3.09 0
1711536372535 3.06 0
1711536378075 3.1 0
1711536383603 3.08 0
1711536389105 3.07 0
1711536394690 3.1 0
1711536400223 3.09 0
1711536405785 3.14 0
1711536411716 3.07 0
1711536417265 3.09 0
1711536422799 3.08 0
1711536428349 3.1 0
1711536433945 3.1 0
1711536439511 3.11 0
1711536445056 3.1 0
1711536450598 3.09 0
1711536456133 3.1 0
1711536462236 3.1 0
1711536467775 3.08 0
1711536473359 3.11 0
1711536478891 3.08 0
1711536484465 3.12 0
1711536490000 3.07 0
1711536495573 3.11 0
1711536501107 3.09 0
1711536507084 3.11 0
1711536512611 3.06 0
1711536518146 3.1 0
1711536523668 3.08 0
1711536529214 3.09 0
1711536534759 3.1 0
1711536540256 3.07 0
1711536545769 3.07 0
1711536551552 3.34 0
1711536557258 3.09 0
1711536562772 3.08 0
1711536568346 3.1 0
1711536573891 3.11 0
1711536579510 3.13 0
1711536585092 3.11 0
1711536590639 3.09 0
1711536596226 3.12 0
1711536602556 3.11 0
1711536608144 3.11 0
1711536613657 3.06 0
1711536619238 3.09 0
1711536629973 3.09 0
1711536635491 3.07 0
1711536641060 3.08 0
1711536646635 3.09 0
1711536652634 3.08 0
1711536658155 3.07 0
1711536663719 3.09 0
1711536669260 3.1 0
1711536674781 3.09 0
1711536680339 3.12 0
1711536685925 3.08 0
1711536691477 3.1 0
1711536697516 3.12 0
1711536703053 3.06 0
1711536708618 3.11 0
1711536714145 3.08 0
1711536719659 3.06 0
1711536725241 3.12 0
1711536730794 3.08 0
1711536736405 3.14 0
1711536742360 3.08 0
1711536747905 3.1 0
1711536753421 3.05 0
1711536758979 3.1 0
1711536764505 3.09 0
1711536770059 3.07 0
1711536775587 3.1 0
1711536781285 3.12 0
1711536786866 3.11 0
1711536793289 3.18 0
1711536798877 3.11 0
1711536804539 3.1 0
1711536810168 3.1 0
1711536815740 3.11 0
1711536821280 3.07 0
1711536826808 3.09 0
1711536832381 3.09 0
1711536838693 3.11 0
1711536844432 3.09 0
1711536850064 3.14 0
1711536855713 3.07 0
1711536861385 3.16 0
1711536866992 3.07 0
1711536872573 3.09 0
1711536878174 3.14 0
1711536883745 3.09 0
1711536889837 3.05 0
1711536895428 3.14 0
1711536900968 3.08 0
1711536906510 3.07 0
1711536917453 3.11 0
1711536922975 3.07 0
1711536928578 3.13 0
1711536934470 3.04 0
1711536940023 3.1 0
1711536945603 3.1 0
1711536951121 3.07 0
1711536956695 3.13 0
1711536962207 3.05 0
1711536967732 3.08 0
1711536973328 3.13 0
1711536979183 3.4 0
1711536984788 3.08 0
1711536990315 3.09 0
1711536995893 3.12 0
1711537001420 3.08 0
1711537006926 3.06 0
1711537012506 3.08 0
1711537018000 3.07 0
1711537023935 3.1 0
1711537029515 3.08 0
1711537035121 3.12 0
1711537040769 3.12 0
1711537046319 3.1 0
1711537051941 3.13 0
1711537057529 3.11 0
1711537063099 3.06 0
1711537068685 3.11 0
1711537074709 3.12 0
1711537080283 3.08 0
1711537085908 3.11 0
1711537091537 3.1 0
1711537097080 3.08 0
1711537102669 3.11 0
1711537108219 3.08 0
1711537114200 3.09 0
1711537119811 3.13 0
1711537125338 3.04 0
1711537130940 3.1 0
1711537136499 3.06 0
1711537142040 3.1 0
1711537147688 3.13 0
1711537153243 3.07 0
1711537158818 3.09 0
1711537164762 3.06 0
1711537170318 3.1 0
1711537175888 3.07 0
1711537181444 3.09 0
1711537187021 3.13 0
1711537192610 3.12 0
1711537203421 3.08 0
1711537209354 3.08 0
1711537215001 3.13 0
1711537220641 3.12 0
1711537226201 3.07 0
1711537231837 3.15 0
1711537237369 3.08 0
1711537242928 3.09 0
1711537248472 3.07 0
1711537254475 3.09 0
1711537260014 3.06 0
1711537265581 3.08 0
1711537271123 3.07 0
1711537276709 3.11 0
1711537282313 3.11 0
1711537287885 3.07 0
1711537293470 3.11 0
1711537299433 3.07 0
1711537305052 3.16 0
1711537310674 3.13 0
1711537316465 3.12 0
1711537322066 3.11 0
1711537327699 3.13 0
1711537333295 3.12 0
1711537338896 3.09 0
1711537344874 3.08 0
1711537350412 3.08 0
1711537356044 3.14 0
1711537361716 3.09 0
1711537367361 3.09 0
1711537372997 3.1 0
1711537378581 3.09 0
1711537384157 3.1 0
1711537390004 3.37 0
1711537395574 3.1 0
1711537401198 3.12 0
1711537406779 3.1 0
1711537412433 3.11 0
1711537418039 3.09 0
1711537423645 3.13 0
1711537429192 3.07 0
1711537435213 3.05 0
1711537440793 3.11 0
1711537446381 3.09 0
1711537451976 3.12 0
1711537457619 3.09 0
1711537463166 3.07 0
1711537468740 3.11 0
1711537474300 3.07 0
1711537480336 3.07 0
1711537491131 3.08 0
1711537496660 3.05 0
1711537502236 3.1 0
1711537507782 3.07 0
1711537513386 3.12 0
1711537519036 3.12 0
1711537524657 3.1 0
1711537530668 3.08 0
1711537536249 3.1 0
1711537541753 3.03 0
1711537547340 3.11 0
1711537552890 3.08 0
1711537558457 3.1 0
1711537564059 3.09 0
1711537569624 3.1 0
1711537575673 3.15 0
1711537581404 3.23 0
1711537587080 3.09 0
1711537592705 3.1 0
1711537598301 3.1 0
1711537603939 3.09 0
1711537609600 3.13 0
1711537615160 3.08 0
1711537621002 3.37 0
1711537626581 3.08 0
1711537632138 3.06 0
1711537637707 3.11 0
1711537643260 3.12 0
1711537648847 3.09 0
1711537654403 3.08 0
1711537659984 3.1 0
1711537665555 3.07 0
1711537671555 3.1 0
1711537677196 3.12 0
1711537682765 3.1 0
1711537688343 3.07 0
1711537693937 3.12 0
1711537699487 3.09 0
1711537704965 3.08 0
1711537710813 3.34 0
1711537716364 3.1 0
1711537721880 3.1 0
1711537727371 3.05 0
1711537732877 3.1 0
1711537738375 3.09 0
1711537743883 3.1 0
1711537749455 3.17 0
1711537754983 3.12 0
1711537760916 3.09 0
1711537766411 3.1 0
1711537777281 3.16 0
1711537782819 3.12 0
1711537788437 3.13 0
1711537793911 3.08 0
1711537799427 3.09 0
1711537804948 3.1 0
1711537810861 3.1 0
1711537816310 3.07 0
1711537821813 3.07 0
1711537827390 3.14 0
1711537832921 3.11 0
1711537838387 3.06 0
1711537843893 3.1 0
1711537849376 3.09 0
1711537855145 3.36 0
1711537860620 3.08 0
1711537866086 3.06 0
1711537871557 3.08 0
1711537877137 3.13 0
1711537882702 3.1 0
1711537888372 3.17 0
1711537893941 3.12 0
1711537899541 3.1 0
1711537905558 3.11 0
1711537911151 3.11 0
1711537916692 3.09 0
1711537922228 3.09 0
1711537927812 3.15 0
1711537933356 3.09 0
1711537938929 3.15 0
1711537944472 3.08 0
1711537950407 3.08 0
1711537956004 3.15 0
1711537961531 3.08 0
1711537967102 3.08 0
1711537972675 3.12 0
1711537978205 3.11 0
1711537983747 3.08 0
1711537989331 3.09 0
1711537994873 3.09 0
1711538000863 3.08 0
1711538006353 3.06 0
1711538011990 3.17 0
1711538017625 3.13 0
1711538023143 3.09 0
1711538028671 3.09 0
1711538034222 3.09 0
1711538040075 3.36 0
1711538045619 3.1 0
1711538051200 3.06 0
1711538062036 3.07 0
1711538067600 3.08 0
1711538073177 3.1 0
1711538078701 3.06 0
1711538084212 3.08 0
1711538090216 3.05 0
1711538095732 3.09 0
1711538101241 3.09 0
1711538106793 3.1 0
1711538112293 3.07 0
1711538117838 3.09 0
1711538123369 3.1 0
1711538128991 3.12 0
1711538134973 3.11 0
1711538140557 3.14 0
1711538146068 3.07 0
1711538151621 3.12 0
1711538157148 3.07 0
1711538162682 3.1 0
1711538168226 3.1 0
1711538173756 3.08 0
1711538179291 3.1 0
1711538185281 3.08 0
1711538190914 3.13 0
1711538196580 3.19 0
1711538202114 3.09 0
1711538207696 3.13 0
1711538213258 3.12 0
1711538218799 3.11 0
1711538224424 3.19 0
1711538230511 3.11 0
1711538236071 3.08 0
1711538241652 3.14 0
1711538247220 3.09 0
1711538252765 3.12 0
1711538258273 3.07 0
1711538263828 3.11 0
1711538269359 3.06 0
1711538275312 3.09 0
1711538280913 3.08 0
1711538286446 3.1 0
1711538292044 3.12 0
1711538297685 3.16 0
1711538303383 3.13 0
1711538308954 3.12 0
1711538314511 3.09 0
1711538320121 3.11 0
1711538326177 3.08 0
1711538331669 3.05 0
1711538337247 3.11 0
1711538348064 3.07 0
1711538353567 3.08 0
1711538359203 3.11 0
1711538364790 3.07 0
1711538370674 3.07 0
1711538376250 3.12 0
1711538381785 3.09 0
1711538387297 3.07 0
1711538392831 3.07 0
1711538398349 3.07 0
1711538403869 3.08 0
1711538409444 3.09 0
1711538415424 3.09 0
1711538421013 3.14 0
1711538426523 3.08 0
1711538432150 3.07 0
1711538437720 3.13 0
1711538443275 3.09 0
1711538448833 3.07 0
1711538454355 3.08 0
1711538459897 3.1 0
1711538465875 3.1 0
1711538471378 3.08 0
1711538476932 3.12 0
1711538482424 3.08 0
1711538487929 3.08 0
1711538493473 3.09 0
1711538499018 3.09 0
1711538504520 3.07 0
1711538510475 3.09 0
1711538516127 3.14 0
1711538521675 3.1 0
1711538527245 3.13 0
1711538532778 3.11 0
1711538538296 3.1 0
1711538543906 3.11 0
1711538549553 3.09 0
1711538555661 3.12 0
1711538561223 3.11 0
1711538566803 3.09 0
1711538572347 3.11 0
1711538577856 3.08 0
1711538583334 3.07 0
1711538588845 3.11 0
1711538594387 3.14 0
1711538600008 3.11 0
1711538605933 3.07 0
1711538611426 3.08 0
1711538616927 3.07 0
1711538622434 3.1 0
1711538633126 3.07 0
1711538638630 3.1 0
1711538644201 3.15 0
1711538650171 3.1 0
1711538655684 3.09 0
1711538661225 3.1 0
1711538666719 3.11 0
1711538672247 3.1 0
1711538677706 3.06 0
1711538683209 3.08 0
1711538688753 3.11 0
1711538694341 3.17 0
1711538700621 3.12 0
1711538706156 3.09 0
1711538711654 3.1 0
1711538717182 3.11 0
1711538722781 3.13 0
1711538728345 3.16 0
1711538733897 3.09 0
1711538739444 3.11 0
1711538745351 3.43 0
1711538750903 3.14 0
1711538756485 3.14 0
1711538762172 3.13 0
1711538767676 3.11 0
1711538773193 3.07 0
1711538778745 3.09 0
1711538784277 3.12 0
1711538789829 3.14 0
1711538795821 3.09 0
1711538801367 3.11 0
1711538806921 3.07 0
1711538812473 3.08 0
1711538818010 3.08 0
1711538823498 3.08 0
1711538829001 3.08 0
1711538834578 3.16 0
1711538840076 3.1 0
1711538846067 3.11 0
1711538851551 3.09 0
1711538857012 3.07 0
1711538862588 3.09 0
1711538868131 3.12 0
1711538873661 3.1 0
1711538879192 3.13 0
1711538884705 3.11 0
1711538890692 3.09 0
1711538896197 3.1 0
1711538901674 3.08 0
1711538907132 3.05 0
1711538917805 3.06 0
1711538923345 3.09 0
1711538928907 3.12 0
1711538934398 3.08 0
1711538940287 3.07 0
1711538945799 3.06 0
1711538951271 3.09 0
1711538956835 3.15 0
1711538962324 3.09 0
1711538967802 3.1 0
1711538973287 3.07 0
1711538978824 3.09 0
1711538984344 3.09 0
1711538990291 3.09 0
1711538995794 3.1 0
1711539001352 3.11 0
1711539006896 3.13 0
1711539012397 3.1 0
1711539017902 3.12 0
1711539023409 3.11 0
1711539028907 3.1 0
1711539034669 3.37 0
1711539040178 3.08 0
1711539045680 3.08 0
1711539051178 3.11 0
1711539056747 3.11 0
1711539062275 3.13 0
1711539067788 3.08 0
1711539073356 3.13 0
1711539078827 3.07 0
1711539084783 3.07 0
1711539090298 3.11 0
1711539095797 3.09 0
1711539101242 3.06 0
1711539106779 3.1 0
1711539112294 3.09 0
1711539117798 3.1 0
1711539123273 3.08 0
1711539128757 3.08 0
1711539134750 3.13 0
1711539140279 3.09 0
1711539145844 3.15 0
1711539151342 3.06 0
1711539156849 3.09 0
1711539162400 3.13 0
1711539167922 3.1 0
1711539173447 3.08 0
1711539179379 3.11 0
1711539184934 3.15 0
1711539190433 3.09 0
1711539201382 3.11 0
1711539206887 3.1 0
1711539212371 3.1 0
1711539217892 3.1 0
1711539223389 3.08 0
1711539229370 3.12 0
1711539234931 3.09 0
1711539240463 3.08 0
1711539245974 3.07 0
1711539251514 3.09 0
1711539257034 3.08 0
1711539262534 3.04 0
1711539268046 3.07 0
1711539273880 3.41 0
1711539279508 3.13 0
1711539285034 3.08 0
1711539290604 3.11 0
1711539296193 3.14 0
1711539301913 3.16 0
1711539307527 3.17 0
1711539313104 3.08 0
1711539318694 3.12 0
1711539324679 3.12 0
1711539330213 3.09 0
1711539335812 3.12 0
1711539341370 3.1 0
1711539346919 3.1 0
1711539352528 3.14 0
1711539358068 3.1 0
1711539363664 3.13 0
1711539369684 3.12 0
1711539375218 3.07 0
1711539380804 3.15 0
1711539386333 3.09 0
1711539391880 3.1 0
1711539397394 3.09 0
1711539403015 3.13 0
1711539408560 3.11 0
1711539414392 3.38 0
1711539419898 3.08 0
1711539425444 3.1 0
1711539431003 3.07 0
1711539436564 3.11 0
1711539442089 3.08 0
1711539447588 3.07 0
1711539453174 3.09 0
1711539458710 3.11 0
1711539464753 3.07 0
1711539470283 3.08 0
1711539475848 3.13 0
1711539486733 3.07 0
1711539492272 3.09 0
1711539497839 3.1 0
1711539503467 3.14 0
1711539509433 3.12 0
1711539514968 3.09 0
1711539520590 3.09 0
1711539526130 3.11 0
1711539531695 3.1 0
1711539537233 3.11 0
1711539542792 3.1 0
1711539548417 3.14 0
1711539553939 3.08 0
1711539559964 3.13 0
1711539565506 3.09 0
1711539571107 3.15 0
1711539576857 3.1 0
1711539582479 3.1 0
1711539588061 3.12 0
1711539593657 3.16 0
1711539599226 3.1 0
1711539605186 3.09 0
1711539610684 3.08 0
1711539616183 3.09 0
1711539621761 3.14 0
1711539627294 3.11 0
1711539632880 3.16 0
1711539638395 3.06 0
1711539643931 3.1 0
1711539649866 3.1 0
1711539655386 3.08 0
1711539660973 3.13 0
1711539666472 3.06 0
1711539671973 3.07 0
1711539677530 3.11 0
1711539683086 3.09 0
1711539688668 3.11 0
1711539694218 3.07 0
1711539700224 3.08 0
1711539705764 3.08 0
1711539711349 3.09 0
1711539716846 3.08 0
1711539722353 3.09 0
1711539727960 3.14 0
1711539733503 3.09 0
1711539739123 3.18 0
1711539745128 3.14 0
1711539750697 3.12 0
1711539756295 3.12 0
1711539761856 3.12 0
1711539772938 3.08 0
1711539778493 3.08 0
1711539784062 3.13 0
1711539789618 3.07 0
1711539795600 3.1 0
1711539801096 3.05 0
1711539806670 3.13 0
1711539812203 3.09 0
1711539817806 3.08 0
1711539823353 3.1 0
1711539828954 3.16 0
1711539834451 3.07 0
1711539840475 3.1 0
1711539846211 3.06 0
1711539851770 3.1 0
1711539857351 3.15 0
1711539862886 3.1 0
1711539868437 3.11 0
1711539873946 3.09 0
1711539879518 3.15 0
1711539885030 3.08 0
1711539891006 3.11 0
1711539896557 3.12 0
1711539902099 3.1 0
1711539907624 3.09 0
1711539913235 3.12 0
1711539918765 3.1 0
1711539924316 3.11 0
1711539930150 3.37 0
1711539935737 3.08 0
1711539941247 3.07 0
1711539946807 3.1 0
1711539952360 3.1 0
1711539957996 3.13 0
1711539963620 3.1 0
1711539969161 3.1 0
1711539974737 3.11 0
1711539980701 3.12 0
1711539986222 3.09 0
1711539991781 3.15 0
1711539997363 3.13 0
1711540002888 3.09 0
1711540008457 3.08 0
1711540014023 3.12 0
1711540019547 3.1 0
1711540025513 3.09 0
1711540031019 3.07 0
1711540036479 3.09 0
1711540041880 3.12 0
1711540047260 3.09 0
1711540057989 3.08 0
1711540063372 3.07 0
1711540068773 3.1 0
1711540074227 3.1 0
1711540080088 3.1 0
1711540085542 3.15 0
1711540091008 3.15 0
1711540096420 3.1 0
1711540101856 3.11 0
1711540107268 3.11 0
1711540112625 3.08 0
1711540118041 3.11 0
1711540123867 3.14 0
1711540129258 3.07 0
1711540134640 3.1 0
1711540140030 3.1 0
1711540145390 3.08 0
1711540150830 3.16 0
1711540156241 3.1 0
1711540161696 3.15 0
1711540167083 3.09 0
1711540172771 3.37 0
1711540178171 3.1 0
1711540183626 3.16 0
1711540189063 3.11 0
1711540194458 3.11 0
1711540199861 3.1 0
1711540205259 3.1 0
1711540210678 3.12 0
1711540216128 3.11 0
1711540221669 3.21 0
1711540227662 3.13 0
1711540233066 3.09 0
1711540238524 3.11 0
1711540243920 3.09 0
1711540249357 3.11 0
1711540254813 3.14 0
1711540260272 3.12 0
1711540265749 3.15 0
1711540271218 3.15 0
1711540277070 3.1 0
1711540282493 3.14 0
1711540287948 3.09 0
1711540293346 3.1 0
1711540298752 3.1 0
1711540304173 3.09 0
1711540309597 3.11 0
1711540315041 3.13 0
1711540320416 3.1 0
1711540326228 3.08 0
1711540336968 3.07 0
1711540342388 3.13 0
1711540347834 3.14 0
1711540353281 3.13 0
1711540358727 3.15 0
1711540364252 3.11 0
1711540369852 3.31 0
1711540375247 3.11 0
1711540380675 3.1 0
1711540386076 3.12 0
1711540391488 3.13 0
1711540396873 3.1 0
1711540402272 3.07 0
1711540407669 3.08 0
1711540413047 3.1 0
1711540418883 3.53 0
1711540424472 3.18 0
1711540429888 3.08 0
1711540435296 3.12 0
1711540440736 3.11 0
1711540446184 3.1 0
1711540451559 3.08 0
1711540456938 3.11 0
1711540462418 3.13 0
1711540468335 3.59 0
1711540473811 3.17 0
1711540479232 3.1 0
1711540484780 3.14 0
1711540490342 3.13 0
1711540495790 3.11 0
1711540501252 3.09 0
1711540506720 3.06 0
1711540512148 3.07 0
1711540517525 3.07 0
1711540523474 3.07 0
1711540528925 3.11 0
1711540534365 3.12 0
1711540539843 3.18 0
1711540545320 3.18 0
1711540550840 3.16 0
1711540556376 3.13 0
1711540561885 3.1 0
1711540567317 3.11 0
1711540573230 3.06 0
1711540578690 3.15 0
1711540584177 3.08 0
1711540589621 3.1 0
1711540595031 3.1 0
1711540600437 3.11 0
1711540605816 3.07 0
1711540616714 3.12 0
1711540622732 3.08 0
1711540628183 3.13 0
1711540633582 3.09 0
1711540639017 3.12 0
1711540644487 3.11 0
1711540649992 3.17 0
1711540655498 3.16 0
1711540660967 3.1 0
1711540666425 3.14 0
1711540672295 3.07 0
1711540677698 3.12 0
1711540683152 3.15 0
1711540688632 3.11 0
1711540694051 3.11 0
1711540699476 3.09 0
1711540704915 3.11 0
1711540710499 3.16 0
1711540715944 3.07 0
1711540721885 3.13 0
1711540727289 3.09 0
1711540732714 3.05 0
1711540738062 3.07 0
1711540743494 3.08 0
1711540748869 3.07 0
1711540754262 3.1 0
1711540759684 3.08 0
1711540765263 3.17 0
1711540771199 3.13 0
1711540776586 3.06 0
1711540782008 3.13 0
1711540787460 3.09 0
1711540792976 3.11 0
1711540798372 3.08 0
1711540803851 3.13 0
1711540809241 3.09 0
1711540814616 3.09 0
1711540820511 3.08 0
1711540825958 3.16 0
1711540831362 3.1 0
1711540836767 3.1 0
1711540842169 3.11 0
1711540847556 3.11 0
1711540853047 3.16 0
1711540858462 3.09 0
1711540863837 3.1 0
1711540869695 3.09 0
1711540875052 3.08 0
1711540880442 3.1 0
1711540885802 3.08 0
1711540896487 3.09 0
1711540901927 3.1 0
1711540907309 3.1 0
1711540912732 3.12 0
1711540918594 3.14 0
1711540924008 3.07 0
1711540929387 3.08 0
1711540934889 3.15 0
1711540940322 3.09 0
1711540945801 3.18 0
1711540951203 3.11 0
1711540956695 3.15 0
1711540962235 3.22 0
1711540968104 3.07 0
1711540973560 3.14 0
1711540978943 3.08 0
1711540984378 3.12 0
1711540989769 3.12 0
1711540995182 3.08 0
1711541000593 3.14 0
1711541006048 3.14 0
1711541011406 3.08 0
1711541017184 3.07 0
1711541022604 3.12 0
1711541028129 3.13 0
1711541033554 3.1 0
1711541038930 3.09 0
1711541044334 3.12 0
1711541049805 3.14 0
1711541055219 3.13 0
1711541060647 3.08 0
1711541066551 3.16 0
1711541071999 3.12 0
1711541077389 3.09 0
1711541082842 3.12 0
1711541088254 3.09 0
1711541093636 3.08 0
1711541099098 3.12 0
1711541104544 3.16 0
1711541109971 3.1 0
1711541115791 3.08 0
1711541121251 3.13 0
1711541126687 3.08 0
1711541132113 3.1 0
1711541137504 3.09 0
1711541142864 3.08 0
1711541148217 3.07 0
1711541153569 3.08 0
1711541158924 3.08 0
1711541164603 3.39 0
1711541175322 3.07 0
1711541180776 3.14 0
1711541186174 3.1 0
1711541191579 3.08 0
1711541196955 3.08 0
1711541202377 3.11 0
1711541207774 3.09 0
1711541213396 3.34 0
1711541218796 3.07 0
1711541224176 3.09 0
1711541229561 3.09 0
1711541234979 3.1 0
1711541240366 3.11 0
1711541245700 3.07 0
1711541251057 3.09 0
1711541256410 3.08 0
1711541261824 3.1 0
1711541267638 3.1 0
1711541273024 3.1 0
1711541278447 3.13 0
1711541283916 3.1 0
1711541289284 3.09 0
1711541294684 3.09 0
1711541300049 3.08 0
1711541305449 3.1 0
1711541311269 3.12 0
1711541316691 3.12 0
1711541322108 3.09 0
1711541327559 3.08 0
1711541332962 3.13 0
1711541338431 3.1 0
1711541343806 3.09 0
1711541349211 3.07 0
1711541354629 3.09 0
1711541360462 3.07 0
1711541365842 3.09 0
1711541371198 3.08 0
1711541376724 3.19 0
1711541382116 3.1 0
1711541387588 3.16 0
1711541393014 3.13 0
1711541398441 3.1 0
1711541403879 3.13 0
1711541409777 3.16 0
1711541415177 3.1 0
1711541420569 3.11 0
1711541425998 3.09 0
1711541431374 3.09 0
1711541436761 3.08 0
1711541442199 3.14 0
1711541453119 3.06 0
1711541458518 3.11 0
1711541464361 3.11 0
1711541469812 3.1 0
1711541475234 3.11 0
1711541480690 3.12 0
1711541486128 3.11 0
1711541491519 3.1 0
1711541496962 3.17 0
1711541502417 3.13 0
1711541507830 3.11 0
1711541513761 3.15 0
1711541519116 3.09 0
1711541524520 3.08 0
1711541529881 3.1 0
1711541535257 3.09 0
1711541540645 3.09 0
1711541546072 3.14 0
1711541551487 3.15 0
1711541556916 3.16 0
1711541562804 3.12 0
1711541568224 3.1 0
1711541573647 3.12 0
1711541579152 3.16 0
1711541584567 3.09 0
1711541590001 3.11 0
1711541595413 3.12 0
1711541600865 3.1 0
1711541606293 3.13 0
1711541612099 3.09 0
1711541617447 3.06 0
1711541622878 3.12 0
1711541628353 3.15 0
1711541633833 3.14 0
1711541639274 3.15 0
1711541644753 3.12 0
1711541650186 3.12 0
1711541655659 3.15 0
1711541661530 3.13 0
1711541666941 3.11 0
1711541672296 3.08 0
1711541677710 3.09 0
1711541683117 3.1 0
1711541688529 3.11 0
1711541693955 3.11 0
1711541699375 3.08 0
1711541704798 3.11 0
1711541710695 3.09 0
1711541716098 3.13 0
1711541721578 3.11 0
1711541732487 3.12 0
1711541737930 3.13 0
1711541743318 3.1 0
1711541748698 3.08 0
1711541754061 3.1 0
1711541759924 3.15 0
1711541765320 3.08 0
1711541770695 3.08 0
1711541776221 3.17 0
1711541781633 3.08 0
1711541787027 3.09 0
1711541792447 3.11 0
1711541797960 3.19 0
1711541803432 3.16 0
1711541809274 3.11 0
1711541814665 3.1 0
1711541820067 3.08 0
1711541825501 3.15 0
1711541830867 3.1 0
1711541836250 3.08 0
1711541841638 3.08 0
1711541847025 3.11 0
1711541852396 3.08 0
1711541858289 3.1 0
1711541863798 3.17 0
1711541869280 3.15 0
1711541874673 3.08 0
1711541880025 3.07 0
1711541885381 3.08 0
1711541890750 3.08 0
1711541896152 3.13 0
1711541901551 3.1 0
1711541907391 3.09 0
1711541912808 3.1 0
1711541918229 3.1 0
1711541923660 3.12 0
1711541929120 3.13 0
1711541934490 3.07 0
1711541939916 3.12 0
1711541945339 3.12 0
1711541950813 3.16 0
1711541956766 3.12 0
1711541962157 3.07 0
1711541967582 3.11 0
1711541972990 3.09 0
1711541978426 3.11 0
1711541983847 3.09 0
1711541989227 3.07 0
1711541994668 3.1 0
1711542000076 3.1 0
1711542011385 3.08 0
1711542016802 3.12 0
1711542022193 3.07 0
1711542027648 3.12 0
1711542033078 3.09 0
1711542038517 3.12 0
1711542043956 3.12 0
1711542049410 3.1 0
1711542055086 3.35 0
1711542060553 3.11 0
1711542065981 3.09 0
1711542071391 3.1 0
1711542076775 3.08 0
1711542082270 3.09 0
1711542087766 3.15 0
1711542093276 3.12 0
1711542098793 3.12 0
1711542104607 3.07 0
1711542110084 3.12 0
1711542115561 3.1 0
1711542120985 3.1 0
1711542126429 3.11 0
1711542131893 3.11 0
1711542137329 3.1 0
1711542142733 3.09 0
1711542148153 3.08 0
1711542154074 3.14 0
1711542159516 3.12 0
1711542164903 3.07 0
1711542170385 3.16 0
1711542175841 3.15 0
1711542181347 3.14 0
1711542186788 3.13 0
1711542192313 3.15 0
1711542197807 3.1 0
1711542203774 3.14 0
1711542209170 3.05 0
1711542214646 3.15 0
1711542220111 3.14 0
1711542225558 3.1 0
1711542231056 3.14 0
1711542236454 3.07 0
1711542241870 3.07 0
1711542247325 3.15 0
1711542253158 3.08 0
1711542258530 3.08 0
1711542263933 3.08 0
1711542269408 3.11 0
1711542274850 3.13 0
1711542280315 3.13 0
1711542291145 3.08 0
1711542296571 3.09 0
1711542302360 3.08 0
1711542307842 3.17 0
1711542313364 3.12 0
1711542318855 3.11 0
1711542324315 3.11 0
1711542329816 3.12 0
1711542335223 3.1 0
1711542340682 3.13 0
1711542346056 3.07 0
1711542351926 3.08 0
1711542357363 3.09 0
1711542362871 3.19 0
1711542368319 3.12 0
1711542373758 3.06 0
1711542379194 3.07 0
1711542384668 3.13 0
1711542390077 3.09 0
1711542395530 3.12 0
1711542401387 3.1 0
1711542406843 3.11 0
1711542412248 3.08 0
1711542417699 3.07 0
1711542423181 3.09 0
1711542428608 3.11 0
1711542434109 3.18 0
1711542439486 3.08 0
1711542444895 3.08 0
1711542450750 3.09 0
1711542456143 3.09 0
1711542461529 3.09 0
1711542466966 3.12 0
1711542472384 3.11 0
1711542477857 3.15 0
1711542483321 3.11 0
1711542488822 3.14 0
1711542494716 3.11 0
1711542500232 3.18 0
1711542505676 3.11 0
1711542511113 3.11 0
1711542516565 3.1 0
1711542522014 3.13 0
1711542527418 3.06 0
1711542532823 3.07 0
1711542538300 3.09 0
1711542544351 3.13 0
1711542549858 3.12 0
1711542555378 3.14 0
1711542560797 3.08 0
1711542571659 3.06 0
1711542577085 3.08 0
1711542582531 3.07 0
1711542588010 3.13 0
1711542593902 3.12 0
1711542599337 3.07 0
1711542604795 3.11 0
1711542610287 3.17 0
1711542615725 3.07 0
1711542621167 3.11 0
1711542626618 3.1 0
1711542632052 3.11 0
1711542637893 3.13 0
1711542643280 3.07 0
1711542648684 3.06 0
1711542654149 3.16 0
1711542659583 3.11 0
1711542665040 3.13 0
1711542670445 3.08 0
1711542675873 3.09 0
1711542681332 3.13 0
1711542687148 3.08 0
1711542692621 3.12 0
1711542698017 3.08 0
1711542703557 3.11 0
