1711527315412 0.004669820402059881 0
1711527327679 0.005850349963126028 1
1711527338284 0.00436110218311113 2
1711527343964 0.0072647123903584404 3
1711527355334 0.011726512359521251 4
1711527366660 0.016098178855535387 5
1711527377394 0.032469135334875505 6
1711527388317 0.02854527116434198 7
1711527399402 0.024619240495726336 8
1711527410795 0.02964663476767152 9
1711527421677 0.006385636195740993 10
1711527427403 0.037612367517794856 11
1711527437868 0.03569789939439265 12
1711527448604 0.05155564687799912 13
1711527459300 0.052469391816281914 14
1711527470139 0.051660275813836073 15
1711527480907 0.03651300773739024 16
1711527492437 0.04313064248184922 17
1711527503190 0.05766499834882163 18
1711527513924 0.044013619553005756 19
1711527523984 0.047816087611718704 20
1711527534699 0.0500178056787938 21
1711527545197 0.04643388847146687 22
1711527556283 0.037748347649203914 23
1711527567502 0.014462064423410106 24
1711527572984 0.028180659429771958 25
1711527578352 0.0535538344844063 26
1711527583758 0.055267060087320595 27
1711527594611 0.04906718867063299 28
1711527605415 0.060246264081871614 29
1711527616391 0.03196773733923943 30
1711527621785 0.0349808877939513 31
1711527627183 0.039149824830217485 32
1711527632588 0.05977171263878542 33
1711527643209 0.05699998955393877 34
1711527653928 0.03771340620494218 35
1711527659423 0.04560407921467745 36
1711527665054 0.061465516991038756 37
1711527676393 0.05565574421694107 38
1711527687168 0.023049782765020062 39
1711527692614 0.05148476407139447 40
1711527698243 0.0426028855306072 41
1711527703610 0.05600589472375909 42
1711527709078 0.019440630919656646 43
1711527714424 0.045386802122926215 44
1711527720207 0.05021402632407405 45
1711527725531 0.048386746709701264 46
1711527730948 0.05940339086835728 47
1711527736283 0.024938427942912636 48
1711527741671 0.0 49
1711527748917 0.01695971050942016 50
1711527754347 0.03209535429729749 51
1711527759746 0.05536437717401937 52
1711527765529 0.05423299814390765 53
1711527770896 0.05082808355336416 54
1711527776271 0.038877612544291035 55
1711527781673 0.059510120876201784 56
1711527787042 0.051239447067777825 57
1711527792445 0.03356052338012166 58
1711527797888 0.0583033948756729 59
1711527803375 0.06124374996019825 60
1711527808807 0.016244527224943225 61
1711527814665 0.040172121106413695 62
1711527820161 0.046166976579624576 63
1711527825788 0.05319212371783472 64
1711527831277 0.057468153196430664 65
1711527836798 0.0457529699926577 66
1711527842260 0.05692443360840734 67
1711527853120 0.046387128326437876 68
1711527858584 0.048109649756935095 69
1711527869686 0.04481659488662816 70
1711527875362 0.047627567192255534 71
1711527880838 0.04169168453107368 72
1711527886341 0.06278526597988082 73
1711527897303 0.05758839160868449 74
1711527907993 0.059829696566582505 75
1711527919204 0.050396469757501186 76
1711527929846 0.04444448700087615 77
1711527935398 0.027787944583062437 78
1711527940957 0.02781743072937813 79
1711527946576 0.04407228586421635 80
1711527952119 0.041680957250864625 81
1711527957664 0.0668138251903107 82
1711527963094 0.038491886199240447 83
1711527968994 0.048760728102302635 84
1711527974362 0.040156263709517005 85
1711527979761 0.04316657895913578 86
1711527985157 0.04726014665701942 87
1711527990625 0.02811617209540497 88
1711527996107 0.04262817999870909 89
1711528001546 0.01793906722633872 90
1711528006985 0.0440601334647056 91
1711528012439 0.039511993594459185 92
1711528018234 0.06215041967340533 93
1711528023661 0.024672798103726613 94
1711528029107 0.01707617681358771 95
1711528034575 0.042319873110911226 96
1711528040037 0.04873242504875827 97
1711528045468 0.038520514921044254 98
1711528050963 0.05426118757050697 99
1711528061680 0.06314977087962356 100
1711528067621 0.04714470284822502 101
1711528073099 0.05891983366095953 102
1711528078590 0.050905238231335574 103
1711528084070 0.040653193492006794 104
1711528089593 0.05550922786271501 105
1711528095078 0.05622488926729387 106
1711528100516 0.03615841095774007 107
1711528106010 0.04375808138646346 108
1711528111480 0.03658899986207232 109
1711528117294 0.030620934497090795 110
1711528122765 0.04719459704334029 111
1711528128272 0.04692666989050942 112
1711528134091 0.05874533622610064 113
1711528139554 0.06504521258065345 114
1711528145018 0.05311712879830029 115
1711528150507 0.04928044801722108 116
1711528156088 0.05098245164916811 117
1711528161759 0.044257053716130104 118
1711528167797 0.06474294358088303 119
1711528173310 0.050670393744889644 120
1711528178809 0.03822713738938531 121
1711528184278 0.04823366850565683 122
1711528189800 0.05649265702794355 123
1711528195310 0.04456843913374804 124
1711528200796 0.015043589276750445 125
1711528206274 0.0412458120201339 126
1711528211715 0.04753888080782443 127
1711528217824 0.062106767578018994 128
1711528223339 0.038495638306249816 129
1711528228889 0.059272340304547574 130
1711528234406 0.04626489019401568 131
1711528239966 0.036549745048387774 132
1711528245446 0.054088439344830916 133
1711528250962 0.053651735090434534 134
1711528256629 0.055965869256988925 135
1711528262651 0.040107329300606856 136
1711528268133 0.04636027880329758 137
1711528273599 0.04586821082230531 138
1711528279159 0.061620490445499436 139
1711528284758 0.06223149972841453 140
1711528295726 0.06369102638820501 141
1711528306771 0.04178587253368098 142
1711528312759 0.06868243187963939 143
1711528323618 0.05654009787449917 144
1711528334459 0.053177840402079526 145
1711528345360 0.04269528052155425 146
1711528350851 0.06907185358251182 147
1711528361694 0.0664077113922981 148
1711528372867 0.06377690896900257 149
1711528388955 0.05885872191850021 150
1711528399927 0.061388817657089464 151
1711528410711 0.048966688861466524 152
1711528416223 0.05841143164777011 153
1711528422207 0.039263419068891144 154
1711528427825 0.06636526447938558 155
1711528433431 0.05139792041518732 156
1711528438996 0.040106725756216516 157
1711528444577 0.05363092555911238 158
1711528450211 0.06057223778803852 159
1711528455813 0.04913528291466925 160
1711528461441 0.059493509704347976 161
1711528467395 0.06182763512694412 162
1711528473015 0.06457707952919775 163
1711528478563 0.06758119928140281 164
1711528489464 0.08090565894209346 165
1711528500303 0.07800401320111552 166
1711528511152 0.08992102162967895 167
1711528521284 0.06044309152314261 168
1711528526768 0.10778291118723836 169
1711528537779 0.06312031697232114 170
1711528543353 0.06166592715444142 171
1711528548908 0.07562926722755957 172
1711528554528 0.08197415427064693 173
1711528565444 0.061429672169950926 174
1711528571347 0.07690656349896294 175
1711528582051 0.0658041724527061 176
1711528587628 0.09785174608325477 177
1711528598421 0.05034528801761557 178
1711528603970 0.06319615334710972 179
1711528609531 0.08434420242310497 180
1711528615107 0.08726149127300067 181
1711528626365 0.09913220583256176 182
1711528637161 0.08546602472901 183
1711528647853 0.07649514651887662 184
1711528657555 0.09618049879379396 185
1711528668367 0.09200042969999701 186
1711528679913 0.11602135556826029 187
1711528690868 0.06101469896243597 188
1711528696398 0.07700762511034102 189
1711528701964 0.08037063062244698 190
1711528707604 0.1011807435290816 191
1711528713194 0.08025320967567881 192
1711528718717 0.06846180065708182 193
1711528724215 0.06836743463651464 194
1711528730196 0.09500331956122705 195
1711528735729 0.075488767184333 196
1711528741314 0.10610591024691808 197
1711528752511 0.10393691523545735 198
1711528763715 0.113712390562164 199
1711528779811 0.13168260601206444 200
1711528790958 0.14858204517205284 201
1711528801832 0.0914016196970122 202
1711528807455 0.14910914644478743 203
1711528818220 0.13265575240548225 204
1711528829150 0.10189459076257851 205
1711528834604 0.11762069246425831 206
1711528845669 0.12116405177545674 207
1711528856591 0.10569591722696806 208
1711528862047 0.13027847162654707 209
1711528872782 0.1345471313579975 210
1711528883560 0.11075854544015523 211
1711528889029 0.14681145667084528 212
1711528900162 0.08410053250589453 213
1711528905571 0.1274926721849193 214
1711528910979 0.06121555034475723 215
1711528916393 0.13326642147358883 216
1711528921784 0.11594666940488113 217
1711528927212 0.10303972685522121 218
1711528932607 0.09443833200765703 219
1711528937988 0.10126290758015477 220
1711528943450 0.12017660437156627 221
1711528949239 0.09145597378927389 222
1711528954612 0.08934798212432139 223
1711528960015 0.150453126631168 224
1711528965423 0.12075742547126743 225
1711528970989 0.1404362189338775 226
1711528976484 0.12677676537668547 227
1711528982001 0.12341466576646204 228
1711528992687 0.12840517280784214 229
1711529003964 0.13948218462004852 230
1711529014941 0.13647889748801942 231
1711529025760 0.11746143240705899 232
1711529031155 0.16779142909482372 233
1711529041833 0.12692433157967645 234
1711529052860 0.13220506587688471 235
1711529063489 0.15107386981412488 236
1711529073448 0.17023785937393204 237
1711529084290 0.12079740447128152 238
1711529089688 0.10330214332966742 239
1711529095108 0.09917971739626183 240
1711529100565 0.1498444093768109 241
1711529106428 0.1434306944724493 242
1711529111864 0.14379751799974377 243
1711529117321 0.06908899728392785 244
1711529122767 0.13121116476277475 245
1711529128218 0.12587472267410812 246
1711529133674 0.11625753871549081 247
1711529139133 0.12574819017478728 248
1711529144628 0.10047094333499083 249
1711529155047 0.10933329330057336 250
1711529160935 0.11878705821471677 251
1711529166429 0.16229086448115712 252
1711529171880 0.15852040320393554 253
1711529177370 0.15596884360331 254
1711529182895 0.13802904163441027 255
1711529188462 0.10038621168287541 256
1711529193998 0.15997460032257857 257
1711529199518 0.087419189966463 258
1711529205423 0.10463072387958164 259
1711529210940 0.1092831463476335 260
1711529216494 0.08765132008266775 261
1711529222016 0.11060300981452126 262
1711529227515 0.15586187849567154 263
1711529233029 0.12690414748781667 264
1711529238523 0.09538481399009517 265
1711529244064 0.11240563238188161 266
1711529249526 0.15693794482246634 267
1711529255433 0.1871104541951676 268
1711529260917 0.1792631387774913 269
1711529271681 0.2055854582555721 270
1711529282505 0.10497963504809832 271
1711529287957 0.18386095731616114 272
1711529298856 0.16079840789222194 273
1711529310009 0.06977321955515958 274
1711529315472 0.1454159476614359 275
1711529321005 0.06684696868011165 276
1711529326511 0.22215447728524704 277
1711529331947 0.14445605967082317 278
1711529337410 0.14818153869646483 279
1711529342865 0.10582050751708937 280
1711529348295 0.12416190458457571 281
1711529353985 0.08704666242710037 282
1711529359409 0.12254188625568595 283
1711529364844 0.1453908246629163 284
1711529370333 0.13104371519611469 285
1711529375814 0.15928552938688062 286
1711529381287 0.21165375630023575 287
1711529386786 0.13515333467732488 288
1711529392229 0.13881434586928482 289
1711529397734 0.15743777941595788 290
1711529403676 0.21959750401228295 291
1711529414435 0.13215282523486585 292
1711529419886 0.1602579409070613 293
1711529425452 0.15352381730555725 294
1711529430942 0.09642113376602003 295
1711529436447 0.1592384164417599 296
1711529441934 0.16416751391912282 297
1711529447405 0.20084099269859632 298
1711529459000 0.2339964943339822 299
1711529475037 0.18225125730704786 300
1711529486012 0.16981576838659523 301
1711529497044 0.16479346987825433 302
1711529507879 0.18390139331079353 303
1711529519047 0.19710593767879614 304
1711529529862 0.21220942195209924 305
1711529540710 0.19654371362821083 306
1711529551542 0.20475041683030074 307
1711529562624 0.18820806988240735 308
1711529573805 0.20763117675947454 309
1711529584613 0.12903019351466746 310
1711529590060 0.2097352410187318 311
1711529595473 0.14559386897067259 312
1711529600922 0.11995408786548876 313
1711529606383 0.13490052805874633 314
1711529611939 0.17168919390596674 315
1711529617454 0.13811095810861024 316
1711529623362 0.1939429725143674 317
1711529628818 0.12299659908287319 318
1711529634369 0.039816464952649004 319
1711529639936 0.13450756406538758 320
1711529645478 0.1853819844678473 321
1711529651018 0.12470237266046978 322
1711529656520 0.1583428006835058 323
1711529662020 0.20486779167598446 324
1711529667871 0.19541468834630807 325
1711529673455 0.19759588195241098 326
1711529678990 0.16176925524362856 327
1711529684466 0.18002981149199873 328
1711529689939 0.2023203237641402 329
1711529695405 0.2693479399822216 330
1711529700903 0.21966424364359588 331
1711529711877 0.19767389675277006 332
1711529723231 0.2283096676472929 333
1711529734008 0.13614386588761349 334
1711529739629 0.14509185101646846 335
1711529745144 0.23581258146183762 336
1711529750652 0.22091227793941248 337
1711529756122 0.19711044127134475 338
1711529767143 0.17856062145503618 339
1711529773047 0.22245199912071778 340
1711529783958 0.16151177157460106 341
1711529789474 0.2668455534495267 342
1711529800335 0.18373579213181143 343
1711529805826 0.14590654702390277 344
1711529811407 0.07120184707324044 345
1711529816946 0.24638897342387767 346
1711529822868 0.08463104665262587 347
1711529828392 0.18191111585592637 348
1711529833872 0.2460878897408779 349
1711529844756 0.18878499194475365 350
1711529850245 0.13884171185598385 351
1711529855790 0.19190193880519238 352
1711529861345 0.1755342486591192 353
1711529867306 0.2145258890154163 354
1711529872894 0.1852687881102941 355
1711529878489 0.2600026694474582 356
1711529884197 0.1547475186554704 357
1711529889869 0.22365317045173982 358
1711529895449 0.2751006996124445 359
1711529906381 0.22031804335805177 360
1711529917699 0.20788270111166496 361
1711529928582 0.18675442189611813 362
1711529934078 0.17687894667628343 363
1711529939636 0.22453759660787528 364
1711529945161 0.1873500551188874 365
1711529950760 0.19247433231595096 366
1711529956260 0.2635856737780028 367
1711529967967 0.23175225247460174 368
1711529978933 0.25741096978413813 369
1711529989907 0.29420230690302673 370
1711530000829 0.30262453739912215 371
1711530011929 0.21075056811659104 372
1711530017426 0.16159362066186903 373
1711530023425 0.2930071538047293 374
1711530029055 0.2573738263616652 375
1711530040067 0.22735021475465253 376
1711530045689 0.18234555725872575 377
1711530051372 0.16824793022748874 378
1711530057020 0.29441322724941155 379
1711530062584 0.17701571584306247 380
1711530068131 0.14141697099453593 381
1711530074306 0.1252876750411975 382
1711530079918 0.2187641177060383 383
1711530085457 0.1964396168362229 384
1711530091032 0.19208689800549553 385
1711530096628 0.22862337971567245 386
1711530102218 0.2277172850504763 387
1711530107764 0.22639773382918432 388
1711530113371 0.21400581717557915 389
1711530119350 0.28012420147912337 390
1711530124946 0.17167837011392895 391
1711530130511 0.1535974989638179 392
1711530136071 0.20059031232017646 393
1711530141822 0.2721650671594074 394
1711530147438 0.2269429387176182 395
1711530153134 0.28314769739576057 396
1711530158727 0.19517284715480754 397
1711530164576 0.18442931377444227 398
1711530170173 0.3069045419201891 399
1711530181187 0.23018943853873866 400
1711530186727 0.23652407680435059 401
1711530192274 0.20635646174481653 402
1711530197874 0.23972664580407496 403
1711530203604 0.25776507294582435 404
1711530209214 0.34301971208456694 405
1711530220671 0.25961627008478877 406
1711530231623 0.2350181619999319 407
1711530237204 0.17218877609021752 408
1711530242755 0.26373701880508355 409
1711530248376 0.285800151629402 410
1711530259349 0.2881984330072008 411
1711530270596 0.24411287078218863 412
1711530276047 0.2837184555271181 413
1711530286897 0.3296880813801603 414
1711530297804 0.2737004122456326 415
1711530308678 0.16299084786216278 416
1711530314128 0.22177862017191258 417
1711530319608 0.173847134762713 418
1711530325509 0.21800704426194842 419
1711530330953 0.2677292568939145 420
1711530336425 0.2691333437533432 421
1711530341900 0.24163623283844518 422
1711530347339 0.30436794164318864 423
1711530352778 0.2629449842160389 424
1711530358294 0.3198840196342813 425
1711530363767 0.30676969589548464 426
1711530375127 0.30772454864532606 427
1711530386072 0.3126062936931323 428
1711530396962 0.28104467128185034 429
1711530407866 0.33040771901723665 430
1711530418753 0.2758989341610572 431
1711530424473 0.24073249451945508 432
1711530429928 0.24562174645243073 433
1711530435506 0.1624836060182284 434
1711530441081 0.19419208949315545 435
1711530446498 0.18951903221366473 436
1711530451951 0.24114886425419327 437
1711530457446 0.21477242687950138 438
1711530462999 0.2743529198785826 439
1711530468477 0.19857279864798713 440
1711530474379 0.2439856036897076 441
1711530479833 0.2601599207920566 442
1711530485315 0.2984769055223907 443
1711530490884 0.2078182631178257 444
1711530496392 0.30140860953082005 445
1711530501944 0.2696982152246591 446
1711530507406 0.2037716287760933 447
1711530512959 0.2591493238905267 448
1711530518472 0.30341053731370304 449
1711530529945 0.2443225375743078 450
1711530535370 0.2035707862865143 451
1711530540847 0.24569160371967944 452
1711530546339 0.28622379072326504 453
1711530551828 0.3231837273851604 454
1711530557256 0.2747402243203004 455
1711530562694 0.204226085703387 456
1711530568137 0.23357637849158003 457
1711530573642 0.2526361567002099 458
1711530579541 0.289112398003157 459
1711530584969 0.32859719401814436 460
1711530590485 0.2709999554763385 461
1711530595936 0.3316107343432464 462
1711530601422 0.3468708778857988 463
1711530612287 0.3273828980213986 464
1711530623134 0.20373237065234726 465
1711530628976 0.26199577061061835 466
1711530634427 0.22249359711799999 467
1711530639893 0.22683754453109012 468
1711530645361 0.31127305293987145 469
1711530650820 0.25713947959289774 470
1711530656295 0.35320644771929055 471
1711530661736 0.24416067677401146 472
1711530667199 0.29491211305158255 473
1711530672631 0.32123038955167665 474
1711530678328 0.21173137702603145 475
1711530683902 0.2280355979529924 476
1711530689348 0.2969369935849448 477
1711530694938 0.3926375553044344 478
1711530705665 0.3790786600465866 479
1711530716623 0.3282989749623456 480
1711530727628 0.2571649960713386 481
1711530733549 0.26160240959969233 482
1711530739133 0.3002734468373113 483
1711530744602 0.29769713046188184 484
1711530750126 0.3445705669696729 485
1711530755574 0.20792542493984842 486
1711530761009 0.283283639610348 487
1711530766557 0.17080982549122806 488
1711530772100 0.287352429309071 489
1711530777578 0.2829723991970936 490
1711530783446 0.36992817400312317 491
1711530789007 0.1436309043314405 492
1711530794518 0.2369176837598963 493
1711530800019 0.3312684357152413 494
1711530805481 0.2158321127444872 495
1711530811006 0.30571855794807196 496
1711530816543 0.22438007099587087 497
1711530822017 0.29302550878145284 498
1711530827480 0.21535848038307087 499
1711530838972 0.20072456803566482 500
1711530844518 0.22589557105984207 501
1711530850127 0.26078801085644954 502
1711530855713 0.38010349334181925 503
1711530861200 0.34209513973302474 504
1711530866691 0.28065682218270205 505
1711530872197 0.36180198514711026 506
1711530877748 0.2930280255689834 507
1711530883641 0.32840276688540987 508
1711530889216 0.26520747409019285 509
1711530894782 0.23716169737354492 510
1711530900253 0.2590985381145608 511
1711530905743 0.3435257670961994 512
1711530911212 0.36812462192794015 513
1711530916776 0.35619713388773244 514
1711530927683 0.26430699469197183 515
1711530933568 0.2975585880908659 516
1711530939085 0.34764674177433097 517
1711530950138 0.3112140613200437 518
1711530961111 0.2844936539900513 519
1711530966640 0.36999210870908733 520
1711530977687 0.2589077599466335 521
1711530983211 0.25896321771266034 522
1711530989076 0.2939951887422414 523
1711530994527 0.3337481300736347 524
1711531000038 0.1988800956732864 525
1711531005514 0.327798668303257 526
1711531011029 0.33064852032748215 527
1711531016548 0.3323698660016683 528
1711531022040 0.3291626955950403 529
1711531027540 0.24022873178387258 530
1711531033024 0.3498737237947278 531
1711531039033 0.3633563976329015 532
1711531049994 0.3498177128840484 533
1711531060849 0.34833834165595534 534
1711531071909 0.2883471653042139 535
1711531077397 0.3073681357782503 536
1711531082854 0.21441402078073618 537
1711531088365 0.34422612725217583 538
1711531094193 0.2892115659606009 539
1711531099681 0.374197799704853 540
1711531105166 0.41477673972970874 541
1711531116148 0.3368339981151831 542
1711531127036 0.2300104341300498 543
1711531132520 0.34818355150575153 544
1711531138016 0.21403561712323838 545
1711531143887 0.3472134095595512 546
1711531149377 0.33932140205347167 547
1711531154821 0.31364136133113474 548
1711531160302 0.2151337416264577 549
1711531171324 0.161665399947758 550
1711531176792 0.2163314538102131 551
1711531182264 0.34458407811307007 552
1711531187713 0.28405229030686824 553
1711531193563 0.23934928182490633 554
1711531199032 0.294869852639093 555
1711531204492 0.3084637894740649 556
1711531209944 0.3906821074829884 557
1711531215388 0.28246730463657177 558
1711531220848 0.3907286456836209 559
1711531226436 0.3852907052247332 560
1711531231881 0.31133671525241685 561
1711531237399 0.40547367230214026 562
1711531243300 0.4059327560565906 563
1711531254455 0.2911390579987024 564
1711531260034 0.3370677875434095 565
1711531265525 0.27046522133027306 566
1711531271042 0.3314801943958751 567
1711531276542 0.24184550580218778 568
1711531282013 0.1662686334778439 569
1711531287560 0.3871783337521993 570
1711531293004 0.36025699246874904 571
1711531298906 0.38146341669292 572
1711531304370 0.33750600314268414 573
1711531309867 0.3237330254212545 574
1711531315410 0.2959068657610645 575
1711531320891 0.2851615660915915 576
1711531326360 0.3182739384121981 577
1711531331824 0.3230720569641523 578
1711531337357 0.43191248753144185 579
1711531343425 0.31032232915661945 580
1711531348988 0.36958238018052236 581
1711531360044 0.2648947217868407 582
1711531365540 0.3246893822197531 583
1711531371040 0.2926412752180287 584
1711531376499 0.36349448304030724 585
1711531381981 0.44981703034682324 586
1711531392765 0.3740799669999953 587
1711531403891 0.41632969872324127 588
1711531414834 0.23249110656051014 589
1711531420307 0.3554491266222621 590
1711531425801 0.3663125461305422 591
1711531431312 0.3580254915684841 592
1711531436848 0.3512063287346799 593
1711531442360 0.365341937685196 594
1711531448206 0.4100340231324849 595
1711531459275 0.22387739699418202 596
1711531464750 0.3738337375960468 597
1711531470333 0.3582087232648124 598
1711531475819 0.42048133413767447 599
1711531486850 0.3530153930341556 600
1711531492387 0.31267792346833956 601
1711531498439 0.31519522418034385 602
1711531503978 0.2749098635854025 603
1711531509465 0.372561284042102 604
1711531514953 0.33656708352603115 605
1711531520449 0.4286685684836211 606
1711531526010 0.4133739019836395 607
1711531537061 0.42317439598758777 608
1711531547990 0.38902446722208384 609
1711531559414 0.27694968036891576 610
1711531564893 0.3227716960838346 611
1711531570466 0.31094962235497425 612
1711531576102 0.3472349480728107 613
1711531581692 0.34727416573097614 614
1711531587159 0.30229917546873575 615
1711531592649 0.34517623738032377 616
1711531598158 0.31833080088772814 617
1711531604079 0.2958124458292661 618
1711531609609 0.37114341117442723 619
1711531615103 0.4047143998387241 620
1711531620603 0.21353778622243913 621
1711531626045 0.26237273955898655 622
1711531631553 0.2657256814491475 623
1711531637129 0.35084817872319374 624
1711531642613 0.3532979058244056 625
1711531648149 0.3987869834819086 626
1711531654066 0.3768602563365104 627
1711531659566 0.2896848484442263 628
1711531665037 0.3958874587868173 629
1711531670543 0.34447493394949047 630
1711531676045 0.38656489617620476 631
1711531681525 0.4406209221022641 632
1711531686998 0.38871835250018993 633
1711531692515 0.3526272653489839 634
1711531698013 0.3586936214890312 635
1711531703960 0.27593444541373663 636
1711531709474 0.3896707886440387 637
1711531714954 0.4122837930138096 638
1711531720519 0.40666562279094975 639
1711531726106 0.4343316729235449 640
1711531737139 0.296475536916342 641
1711531742611 0.3244610187739842 642
1711531748088 0.32812053980722306 643
1711531754015 0.46091957983564413 644
1711531759522 0.4423376100892321 645
1711531770643 0.30811106142722733 646
1711531776146 0.3626641728475669 647
1711531781632 0.34459802262653294 648
1711531787105 0.3259442361820609 649
1711531798213 0.37514547330743786 650
1711531803685 0.3713029121998338 651
1711531809642 0.4564364770626434 652
1711531815162 0.4036974542345963 653
1711531826255 0.3535395177079736 654
1711531831796 0.3324271453638789 655
1711531837327 0.3745154403953557 656
1711531842821 0.23873777008410035 657
1711531848284 0.3883759565308446 658
1711531853822 0.399286646993342 659
1711531859736 0.4181066099137387 660
1711531865271 0.4117597418054973 661
1711531870732 0.42650076826447497 662
1711531881768 0.26362967406260374 663
1711531887250 0.433957238674132 664
1711531892779 0.35614668556564094 665
1711531898243 0.39573066597435635 666
1711531903706 0.3712522177910269 667
1711531909676 0.32219095512711515 668
1711531915204 0.3338987307180928 669
1711531920775 0.28415239790171204 670
1711531926473 0.4777828119700429 671
1711531932030 0.38128997454635993 672
1711531937618 0.33694177972166073 673
1711531943176 0.223564505054883 674
1711531948780 0.2915920048784648 675
1711531954389 0.3361148259226577 676
1711531960394 0.4057008216724199 677
1711531965988 0.2859890886722262 678
1711531971523 0.3362349604287958 679
1711531977073 0.3413145087732551 680
1711531982686 0.4640074379015806 681
1711531988264 0.284398584370456 682
1711531993829 0.4106749649832034 683
1711531999365 0.3537431159011198 684
1711532005232 0.345940265890775 685
1711532010800 0.3358690845388702 686
1711532016373 0.4227551229945832 687
1711532021947 0.3312792702293809 688
1711532027508 0.38691398605360505 689
1711532033071 0.4270285290232785 690
1711532038682 0.37633809952675656 691
1711532044260 0.4733611966285722 692
1711532049818 0.3321420177162197 693
1711532055798 0.4471193486236003 694
1711532066816 0.30329925271785996 695
1711532072339 0.21420028913006844 696
1711532077926 0.3026674491471055 697
1711532083509 0.2225632669402723 698
1711532089049 0.3516432471737441 699
1711532100161 0.4661649648431427 700
1711532106121 0.41623812599535637 701
1711532111703 0.37614660964734586 702
1711532117241 0.3603313985471033 703
1711532122815 0.3675476425164979 704
1711532128397 0.44549366001626545 705
1711532133945 0.44354465643147567 706
1711532139472 0.42531375983286845 707
1711532150112 0.3351141293015822 708
1711532156031 0.3871699648297936 709
1711532161628 0.39804842305989296 710
1711532167187 0.3373545764714818 711
1711532172771 0.48028428320272754 712
1711532183851 0.37294896811866507 713
1711532189433 0.4077444419788115 714
1711532200507 0.4318189295520836 715
1711532211944 0.40645926029214363 716
1711532223078 0.41831365690098843 717
1711532234224 0.3843757731157489 718
1711532239738 0.3555442189042918 719
1711532245359 0.4881675059003907 720
1711532257103 0.35240510759371296 721
1711532263026 0.3195339337714395 722
1711532268603 0.38903260495242653 723
1711532274231 0.5093883431460718 724
1711532279756 0.4363352973927951 725
1711532290903 0.4845947412696511 726
1711532301818 0.3413329493788307 727
1711532307397 0.4585097037239227 728
1711532313304 0.45621282248636924 729
1711532324270 0.38545562288561636 730
1711532329807 0.50937427603491 731
1711532340900 0.47954443545954956 732
1711532352045 0.28687754916191666 733
1711532357621 0.4608074142114853 734
1711532363138 0.48189436192502755 735
1711532369043 0.42517281605855817 736
1711532374660 0.4389094368718705 737
1711532380280 0.37904886888957245 738
1711532385873 0.36652258969136425 739
1711532391488 0.44787644760499135 740
1711532397105 0.3476475001667075 741
1711532402717 0.4085546251323873 742
1711532408294 0.3650529460844042 743
1711532413850 0.4853404823489202 744
1711532419910 0.25770704847961967 745
1711532425471 0.3647243292800585 746
1711532431136 0.37687803581446083 747
1711532436720 0.4306460646899932 748
1711532442339 0.4274593867495957 749
1711532453240 0.15834163954335795 750
1711532458846 0.43433631924695715 751
1711532464840 0.42048347516145057 752
1711532470436 0.510694761114203 753
1711532476022 0.49720926466454435 754
1711532481595 0.3906301232656789 755
1711532487203 0.4631302198108843 756
1711532492870 0.5007637951070713 757
1711532498434 0.3213961315580975 758
1711532504047 0.3942315602160883 759
1711532509627 0.44338325267983136 760
1711532515638 0.43908195664239347 761
1711532521261 0.3459994858311081 762
1711532526897 0.4889039598434772 763
1711532532572 0.4284961228387496 764
1711532538270 0.32875750000200993 765
1711532543913 0.4121952991813243 766
1711532549535 0.4596710271955089 767
1711532555129 0.33192670198662605 768
1711532561201 0.2879465807030276 769
1711532566837 0.41899678405458035 770
1711532572537 0.4544103101873395 771
1711532578127 0.5401131734191147 772
1711532583732 0.37032527853837427 773
1711532589341 0.37895317740840745 774
1711532594947 0.32474646717526146 775
1711532600639 0.38266552133613063 776
1711532606528 0.3764668723437222 777
1711532612143 0.4750446331627177 778
1711532617715 0.4376363041034331 779
1711532623335 0.4400472264025227 780
1711532628968 0.3477992050578364 781
1711532634611 0.43587496534150577 782
1711532640231 0.5575802744102496 783
1711532645827 0.4316129518732286 784
1711532651818 0.4484313237801175 785
1711532657400 0.34843656170682813 786
1711532662923 0.40663650972398274 787
1711532668603 0.3674471489817002 788
1711532674210 0.36714450730926096 789
1711532679778 0.383455646063347 790
1711532685354 0.3997151737148744 791
1711532690984 0.4280536955392548 792
1711532696651 0.42068512726472207 793
1711532702669 0.39927563955511736 794
1711532708226 0.40265765545356785 795
1711532713821 0.46411777183187425 796
1711532719441 0.32215430345527063 797
1711532724990 0.4398299003700439 798
1711532730630 0.26462134963656225 799
1711532741896 0.3844991503758109 800
1711532747941 0.4468899774626882 801
1711532753571 0.3750522254365999 802
1711532759158 0.4150008986669768 803
1711532764768 0.32382487155160694 804
1711532770361 0.35364456818073814 805
1711532775913 0.3791597742920079 806
1711532781532 0.3824550962396926 807
1711532787108 0.48533533434551657 808
1711532793149 0.34620734503531697 809
1711532798738 0.48210732579221344 810
1711532804373 0.39900487290629016 811
1711532810062 0.4820078288874229 812
1711532815719 0.437765381305744 813
1711532821358 0.4233089048760134 814
1711532827068 0.3674489697094497 815
1711532832695 0.36549584932437224 816
1711532838321 0.473509295934475 817
1711532844368 0.41290031360483687 818
1711532849975 0.5112157640573826 819
1711532855536 0.4393670313361197 820
1711532861034 0.46011494031718403 821
1711532866564 0.5464309182497923 822
1711532877653 0.3787636245956758 823
1711532883116 0.4797453084636714 824
1711532888588 0.42264225103366776 825
1711532894420 0.35008393991376735 826
1711532899838 0.4860004054902456 827
1711532905299 0.4392962568441839 828
1711532910737 0.38261374809549575 829
1711532916197 0.3914373521354324 830
1711532921670 0.4009512752389094 831
1711532927126 0.5477011357285596 832
1711532932576 0.5201628829562259 833
1711532944095 0.5978808096407091 834
1711532955074 0.32377983138346267 835
1711532960565 0.37312016946186205 836
1711532966041 0.42381611828902344 837
1711532971619 0.4809522081885549 838
1711532977042 0.5223719296122871 839
1711532982478 0.5372834708707468 840
1711532988301 0.5558338847640337 841
1711532999423 0.4332433545692512 842
1711533004936 0.34108772073162064 843
1711533010403 0.44285354010785805 844
1711533015884 0.39716585594837467 845
1711533021315 0.5298953407198407 846
1711533026738 0.491282008951618 847
1711533032209 0.39207938138507603 848
1711533038054 0.44670433806151816 849
1711533049089 0.5237833923912022 850
1711533054607 0.5571289044924228 851
1711533065675 0.5047082688986456 852
1711533076725 0.5323119952739999 853
1711533087798 0.3902717816728867 854
1711533093692 0.5197248106525518 855
1711533099178 0.5548771356611744 856
1711533110424 0.49873306570437104 857
1711533121096 0.43318162149654654 858
1711533126610 0.3561618043685756 859
1711533132120 0.39260661483364906 860
1711533137537 0.40511950213084397 861
1711533142999 0.48043142380104287 862
1711533148932 0.49116224763003036 863
1711533154454 0.38299571264691057 864
1711533159971 0.47282856253841526 865
1711533165482 0.4990871536512867 866
1711533170964 0.4496026857739078 867
1711533176441 0.5094097233089954 868
1711533181906 0.43560811221233176 869
1711533187420 0.42153043037511295 870
1711533192914 0.5777787766272835 871
1711533198892 0.5096643320907795 872
1711533204301 0.4364883259677039 873
1711533209777 0.3851095474549124 874
1711533215234 0.49997632543100234 875
1711533220709 0.4646502575863287 876
1711533226202 0.5237466825592407 877
1711533231674 0.44159941579928336 878
1711533237204 0.48219299957058664 879
1711533242749 0.4438151742678622 880
1711533248630 0.551875941898811 881
1711533254089 0.5355167127826309 882
1711533259584 0.47600051032553164 883
1711533265086 0.49196689843464114 884
1711533270575 0.4546047482207204 885
1711533276096 0.41814583094101965 886
1711533281577 0.49472066962272926 887
1711533287021 0.48800598123049677 888
1711533292495 0.4572881918221674 889
1711533298399 0.5663169276298196 890
1711533303842 0.44487851761718833 891
1711533309463 0.6001182675550261 892
1711533320295 0.38658242109217206 893
1711533325825 0.4120913131103156 894
1711533331291 0.5993806592292208 895
1711533336733 0.5725831441722226 896
1711533347836 0.4817978623276374 897
1711533353340 0.606833183431281 898
1711533364199 0.4588022584102828 899
1711533374901 0.44432806928576557 900
1711533380359 0.5590953398065269 901
1711533385795 0.5544019136013424 902
1711533396657 0.5280624772485659 903
1711533407693 0.3460907789278456 904
1711533413151 0.4641044690135641 905
1711533418597 0.5692736532948369 906
1711533424028 0.31578398134743113 907
1711533429581 0.5173281433032935 908
1711533435106 0.5471772995975962 909
1711533440614 0.3656459931182844 910
1711533446150 0.5808847857733888 911
1711533451991 0.5291793485601393 912
1711533457494 0.5759459567844887 913
1711533462946 0.31535208008237803 914
1711533468389 0.5901810484700432 915
1711533473868 0.556862294001148 916
1711533479318 0.48519620364051474 917
1711533484804 0.47774253338615924 918
1711533490244 0.5845264633189762 919
1711533495721 0.4439393943406578 920
1711533501643 0.5134718098883682 921
1711533507091 0.46895708797859925 922
1711533512527 0.4345520550216495 923
1711533518004 0.6277074728654454 924
1711533523459 0.512494282160724 925
1711533528916 0.5239521020013254 926
1711533534354 0.6272340835474091 927
1711533545422 0.5392714874153625 928
1711533556487 0.330384702868022 929
1711533561940 0.4842462009153005 930
1711533567421 0.3884851013225442 931
1711533572888 0.5791342543732463 932
1711533578364 0.5576319312611998 933
1711533583861 0.48234662642565573 934
1711533589294 0.4115015847838283 935
1711533594736 0.6234504416625624 936
1711533600173 0.59710628588164 937
1711533606092 0.5401024293366078 938
1711533611608 0.5837438826350932 939
1711533622644 0.5158940377636442 940
1711533628121 0.5972495638018096 941
1711533639006 0.4499366932825449 942
1711533644512 0.5143230319448727 943
1711533649901 0.5766361789966623 944
1711533655342 0.4732554944412399 945
1711533661338 0.5600233086287496 946
1711533666774 0.40316041946516995 947
1711533672231 0.4485055449296319 948
1711533677728 0.5311278989469919 949
1711533688806 0.5580717731116634 950
1711533694245 0.47652642932576966 951
1711533699705 0.48671284211195825 952
1711533705246 0.5013599137160367 953
1711533711158 0.46795944184217214 954
1711533716688 0.5445441539142607 955
1711533722225 0.5811422873162225 956
1711533727791 0.6055305625941622 957
1711533733314 0.48613373938110616 958
1711533738858 0.5722789971271913 959
1711533744307 0.6155611342204044 960
1711533755229 0.4965442407085521 961
1711533760929 0.451705742145841 962
1711533766442 0.4578383417115311 963
1711533771961 0.5252886324662591 964
1711533777417 0.5166301457373726 965
1711533782884 0.655237929300789 966
1711533788361 0.6437040381073292 967
1711533799210 0.5954126927537334 968
1711533809942 0.5733834436431636 969
1711533821200 0.5824583162338389 970
1711533831894 0.5148403820506242 971
1711533837351 0.6178092735923812 972
1711533848384 0.5011756325160299 973
1711533853855 0.5522374293176197 974
1711533859368 0.5922522909513176 975
1711533864913 0.5640091036085682 976
1711533870896 0.5503479305103508 977
1711533876379 0.5561918740073833 978
1711533881829 0.5821849006483582 979
1711533892608 0.3788616223629455 980
1711533898120 0.6457317613629096 981
1711533903583 0.518797365388523 982
1711533909071 0.6419793764577266 983
1711533914577 0.6334089502023623 984
1711533925835 0.5093133424535379 985
1711533931311 0.5727705587457821 986
1711533936769 0.581149025023011 987
1711533942229 0.4757753423021737 988
1711533947708 0.5609448090019226 989
1711533953162 0.3762126125312195 990
1711533958657 0.5914013610780977 991
1711533964141 0.515998522361621 992
1711533970057 0.513856843306002 993
1711533975626 0.45490013554564585 994
1711533981078 0.6587282305582269 995
1711533986639 0.46120565057991614 996
1711533992201 0.47570119030656033 997
1711533997733 0.5317985284430933 998
1711534003260 0.5682617720212222 999
1711534013981 0.4640223331570359 1000
1711534019707 0.4003879363761115 1001
1711534025211 0.5966383189109583 1002
1711534030733 0.503673080680855 1003
1711534036266 0.3665910546650898 1004
1711534041800 0.5728850906590812 1005
1711534047355 0.47868202590497766 1006
1711534052930 0.6947995979374386 1007
1711534058425 0.6460530673588717 1008
1711534063946 0.6103630596792001 1009
1711534069959 0.593593407845927 1010
1711534075458 0.5981849002161489 1011
1711534081000 0.6303713693861384 1012
1711534086525 0.550379245989846 1013
1711534092020 0.6008693409780471 1014
1711534102877 0.532485435551713 1015
1711534108359 0.4168927954931182 1016
1711534113842 0.6018238970283482 1017
1711534119796 0.4956367371424778 1018
1711534125259 0.4989404670853625 1019
1711534130753 0.42801945571891853 1020
1711534136317 0.6219742548515567 1021
1711534141802 0.5959089318813956 1022
1711534147375 0.6639761861077977 1023
1711534152997 0.4715317183579144 1024
1711534158487 0.4731914577026712 1025
1711534164106 0.5782088262986108 1026
1711534169988 0.551222652981446 1027
1711534175480 0.5800658637771661 1028
1711534180915 0.578747415116016 1029
1711534186401 0.6988776174514277 1030
1711534197445 0.45954596993915564 1031
1711534202914 0.6383571529625619 1032
1711534208404 0.6050727431692337 1033
1711534219122 0.4991481110988523 1034
1711534224985 0.6655836773952757 1035
1711534235496 0.5345711763217982 1036
1711534240972 0.5747265020724687 1037
1711534246439 0.5521768493879813 1038
1711534251948 0.6324731755785434 1039
1711534262563 0.6526419861019439 1040
1711534273044 0.5597914369503123 1041
1711534278883 0.5511891527666436 1042
1711534284332 0.5224498919873456 1043
1711534289805 0.5921591292479126 1044
1711534295247 0.4650613712437253 1045
1711534300739 0.5739413298284245 1046
1711534306229 0.47727218150463246 1047
1711534311761 0.4035308485927093 1048
1711534317240 0.6829989945607357 1049
1711534327877 0.6817907200015003 1050
1711534333379 0.4263021799711151 1051
1711534338873 0.531646179160284 1052
1711534344466 0.5056616225828784 1053
1711534349974 0.6590427014066478 1054
1711534355498 0.5648857372903212 1055
1711534361035 0.6102740610242514 1056
1711534366557 0.5225263099270319 1057
1711534372140 0.6845106317498112 1058
1711534378129 0.5371195713086159 1059
1711534383670 0.5154618188776189 1060
1711534389206 0.6561439136909255 1061
1711534394682 0.4700825681969857 1062
1711534400231 0.5607408173644888 1063
1711534405780 0.4900904755952566 1064
1711534411303 0.5683230109956301 1065
1711534416837 0.5220446860796419 1066
1711534422321 0.6363066765158331 1067
1711534428249 0.532327100593478 1068
1711534433842 0.6114301984101725 1069
1711534439382 0.6361335902722159 1070
1711534444926 0.5265053346519812 1071
1711534450467 0.5215878656399467 1072
1711534456051 0.5986635763984837 1073
1711534461562 0.4611599861568999 1074
1711534467043 0.6078947359817679 1075
1711534472545 0.5653199414764519 1076
1711534478534 0.6132697254696585 1077
1711534484046 0.47838672473694194 1078
1711534489531 0.6844064187151175 1079
1711534495044 0.5304198194210505 1080
1711534500578 0.49309818834653973 1081
1711534506105 0.6601649666229646 1082
1711534511564 0.6549994456225741 1083
1711534517064 0.6880703706717337 1084
1711534528226 0.7061369591624536 1085
1711534538645 0.6126820879296514 1086
1711534549132 0.6261147909622662 1087
1711534558461 0.6194166625255112 1088
1711534569016 0.5102543935188616 1089
1711534574483 0.5621198515119572 1090
1711534580377 0.40261587370167895 1091
1711534585922 0.4665626313573279 1092
1711534591488 0.5673853781346214 1093
1711534597024 0.6770345680856535 1094
1711534602510 0.6035911602449293 1095
1711534608015 0.6575221244028332 1096
1711534613515 0.5409302227209166 1097
1711534618967 0.43397011384795686 1098
1711534624459 0.5512496234119753 1099
1711534635522 0.5661479147171081 1100
1711534641008 0.6023851152572589 1101
1711534646488 0.4455429676936528 1102
1711534651985 0.517448897961786 1103
1711534657418 0.4880231275016792 1104
1711534662887 0.6738422537071327 1105
1711534668371 0.44285663409266596 1106
1711534673904 0.5253931610843027 1107
1711534679823 0.5640539532692159 1108
1711534685335 0.509090135026572 1109
1711534690877 0.5971805103884111 1110
1711534696435 0.5814014324466188 1111
1711534701962 0.4648496092313881 1112
1711534707510 0.5206154768191846 1113
1711534712997 0.5692171012946495 1114
1711534718515 0.6631952945043994 1115
1711534723992 0.5410351242290186 1116
1711534729920 0.5292863823334005 1117
1711534735440 0.44491911630659503 1118
1711534740987 0.6084181988099747 1119
1711534746530 0.573777823343059 1120
1711534752017 0.5686107804087379 1121
1711534757547 0.6666914807613801 1122
1711534763065 0.6125556356822048 1123
1711534768609 0.643314461501446 1124
1711534774173 0.6408788119498946 1125
1711534780118 0.5054286538406759 1126
1711534785651 0.6885917972339292 1127
1711534791247 0.679458330270145 1128
1711534796815 0.532275717026464 1129
1711534802339 0.4769394606963361 1130
1711534807820 0.40408883988778654 1131
1711534813319 0.682276549124103 1132
1711534818843 0.6172118981514495 1133
1711534824732 0.5732340373250786 1134
1711534830235 0.5324399893989905 1135
1711534835726 0.6821569578719463 1136
1711534841301 0.6190856295392285 1137
1711534846846 0.42202681012291815 1138
1711534852339 0.5834021458816189 1139
1711534857828 0.4950885709471699 1140
1711534863377 0.5729261397233109 1141
1711534868928 0.0 1142
1711534874870 0.0 1143
1711534880377 0.0 1144
1711534885959 0.0 1145
1711534891511 0.0 1146
1711534897080 0.0 1147
1711534902678 0.0 1148
1711534908277 0.0 1149
1711534918971 0.0 1150
1711534924938 0.0 1151
1711534930470 0.0 1152
1711534936000 0.0 1153
1711534941517 0.0 1154
1711534947006 0.0 1155
1711534952551 0.0 1156
1711534958143 0.0 1157
1711534963653 0.0 1158
1711534969465 0.0 1159
1711534974996 0.0 1160
1711534980629 0.0 1161
1711534986187 0.0 1162
1711534991739 0.0 1163
1711534997257 0.0 1164
1711535002776 0.0 1165
1711535008314 0.0 1166
1711535013817 0.0 1167
1711535019753 0.0 1168
1711535025297 0.0 1169
1711535030780 0.0 1170
1711535036266 0.0 1171
1711535041851 0.0 1172
1711535047353 0.0 1173
1711535052859 0.0 1174
1711535058450 0.0 1175
1711535064017 0.0 1176
1711535070022 0.0 1177
1711535075651 0.0 1178
1711535081124 0.0 1179
1711535086611 0.0 1180
1711535092184 0.0 1181
1711535097726 0.0 1182
1711535103245 0.0 1183
1711535108852 0.0 1184
1711535114790 0.0 1185
1711535120371 0.0 1186
1711535125937 0.0 1187
1711535131569 0.0 1188
1711535137120 0.0 1189
1711535142658 0.0 1190
1711535148218 0.0 1191
1711535153731 0.0 1192
1711535159215 0.0 1193
1711535165181 0.0 1194
1711535170684 0.0 1195
1711535176167 0.0 1196
1711535181645 0.0 1197
1711535187251 0.0 1198
1711535192824 0.0 1199
1711535203429 0.0 1200
1711535208941 0.0 1201
1711535214865 0.0 1202
1711535220640 0.0 1203
1711535226224 0.0 1204
1711535231767 0.0 1205
1711535237351 0.0 1206
1711535242840 0.0 1207
1711535248422 0.0 1208
1711535253978 0.0 1209
1711535259809 0.0 1210
1711535265365 0.0 1211
1711535270983 0.0 1212
1711535276618 0.0 1213
1711535282138 0.0 1214
1711535287653 0.0 1215
1711535293223 0.0 1216
1711535298745 0.0 1217
1711535304352 0.0 1218
1711535310347 0.0 1219
1711535315868 0.0 1220
1711535321419 0.0 1221
1711535326949 0.0 1222
1711535332427 0.0 1223
1711535337952 0.0 1224
1711535343458 0.0 1225
1711535348992 0.0 1226
1711535354498 0.0 1227
1711535360546 0.0 1228
1711535366085 0.0 1229
1711535371558 0.0 1230
1711535377077 0.0 1231
1711535382621 0.0 1232
1711535388219 0.0 1233
1711535393743 0.0 1234
1711535399277 0.0 1235
1711535405234 0.0 1236
1711535410737 0.0 1237
1711535416283 0.0 1238
1711535421780 0.0 1239
1711535427278 0.0 1240
1711535432757 0.0 1241
1711535438258 0.0 1242
1711535443772 0.0 1243
1711535449317 0.0 1244
1711535455326 0.0 1245
1711535460902 0.0 1246
1711535466470 0.0 1247
1711535472081 0.0 1248
1711535477599 0.0 1249
1711535488423 0.0 1250
1711535493952 0.0 1251
1711535499631 0.0 1252
1711535505585 0.0 1253
1711535511142 0.0 1254
1711535516647 0.0 1255
1711535522154 0.0 1256
1711535527679 0.0 1257
1711535533220 0.0 1258
1711535538790 0.0 1259
1711535544335 0.0 1260
1711535550079 0.0 1261
1711535555624 0.0 1262
1711535561208 0.0 1263
1711535566715 0.0 1264
1711535572263 0.0 1265
1711535577800 0.0 1266
1711535583334 0.0 1267
1711535588914 0.0 1268
1711535594446 0.0 1269
1711535600316 0.0 1270
1711535605824 0.0 1271
1711535611396 0.0 1272
1711535616900 0.0 1273
1711535622414 0.0 1274
1711535627909 0.0 1275
1711535633431 0.0 1276
1711535638945 0.0 1277
1711535644473 0.0 1278
1711535650445 0.0 1279
1711535656027 0.0 1280
1711535661523 0.0 1281
1711535667054 0.0 1282
1711535672573 0.0 1283
1711535678133 0.0 1284
1711535683648 0.0 1285
1711535689230 0.0 1286
1711535695208 0.0 1287
1711535700862 0.0 1288
1711535706410 0.0 1289
1711535712039 0.0 1290
1711535717667 0.0 1291
1711535723189 0.0 1292
1711535728714 0.0 1293
1711535734267 0.0 1294
1711535739815 0.0 1295
1711535745759 0.0 1296
1711535751237 0.0 1297
1711535756791 0.0 1298
1711535762361 0.0 1299
1711535773174 0.0 1300
1711535778702 0.0 1301
1711535784262 0.0 1302
1711535789811 0.0 1303
1711535795718 0.0 1304
1711535801217 0.0 1305
1711535806818 0.0 1306
1711535812300 0.0 1307
1711535817873 0.0 1308
1711535823376 0.0 1309
1711535828871 0.0 1310
1711535834391 0.0 1311
1711535839925 0.0 1312
1711535845887 0.0 1313
1711535851506 0.0 1314
1711535857001 0.0 1315
1711535862624 0.0 1316
1711535868140 0.0 1317
1711535873741 0.0 1318
1711535879241 0.0 1319
1711535884815 0.0 1320
1711535890751 0.0 1321
1711535896225 0.0 1322
1711535901820 0.0 1323
1711535907355 0.0 1324
1711535912877 0.0 1325
1711535918376 0.0 1326
1711535923880 0.0 1327
1711535929437 0.0 1328
1711535935025 0.0 1329
1711535940930 0.0 1330
1711535946475 0.0 1331
1711535952058 0.0 1332
1711535957686 0.0 1333
1711535963218 0.0 1334
1711535968804 0.0 1335
1711535974360 0.0 1336
1711535979889 0.0 1337
1711535985915 0.0 1338
1711535991559 0.0 1339
1711535997179 0.0 1340
1711536002731 0.0 1341
1711536008288 0.0 1342
1711536013852 0.0 1343
1711536019372 0.0 1344
1711536024870 0.0 1345
1711536030419 0.0 1346
1711536036357 0.0 1347
1711536041877 0.0 1348
1711536047452 0.0 1349
1711536058278 0.0 1350
1711536063884 0.0 1351
1711536069468 0.0 1352
1711536075049 0.0 1353
1711536081009 0.0 1354
1711536086587 0.0 1355
1711536092115 0.0 1356
1711536097692 0.0 1357
1711536103240 0.0 1358
1711536108853 0.0 1359
1711536114394 0.0 1360
1711536119964 0.0 1361
1711536125583 0.0 1362
1711536131572 0.0 1363
1711536137091 0.0 1364
1711536142643 0.0 1365
1711536148187 0.0 1366
1711536153768 0.0 1367
1711536159302 0.0 1368
1711536164859 0.0 1369
1711536170472 0.0 1370
1711536176434 0.0 1371
1711536182065 0.0 1372
1711536187670 0.0 1373
1711536193212 0.0 1374
1711536198789 0.0 1375
1711536204336 0.0 1376
1711536209878 0.0 1377
1711536215492 0.0 1378
1711536221453 0.0 1379
1711536227036 0.0 1380
1711536232609 0.0 1381
1711536238164 0.0 1382
1711536243727 0.0 1383
1711536249313 0.0 1384
1711536254868 0.0 1385
1711536260487 0.0 1386
1711536266028 0.0 1387
1711536272017 0.0 1388
1711536277523 0.0 1389
1711536283066 0.0 1390
1711536288622 0.0 1391
1711536294197 0.0 1392
1711536299813 0.0 1393
1711536305364 0.0 1394
1711536310884 0.0 1395
1711536316911 0.0 1396
1711536322523 0.0 1397
1711536328049 0.0 1398
1711536333613 0.0 1399
1711536344498 0.0 1400
1711536350028 0.0 1401
1711536355547 0.0 1402
1711536361084 0.0 1403
1711536367017 0.0 1404
1711536372518 0.0 1405
1711536378056 0.0 1406
1711536383581 0.0 1407
1711536389080 0.0 1408
1711536394671 0.0 1409
1711536400197 0.0 1410
1711536405765 0.0 1411
1711536411697 0.0 1412
1711536417241 0.0 1413
1711536422779 0.0 1414
1711536428326 0.0 1415
1711536433930 0.0 1416
1711536439488 0.0 1417
1711536445032 0.0 1418
1711536450575 0.0 1419
1711536456113 0.0 1420
1711536462217 0.0 1421
1711536467756 0.0 1422
1711536473334 0.0 1423
1711536478870 0.0 1424
1711536484438 0.0 1425
1711536489978 0.0 1426
1711536495553 0.0 1427
1711536501084 0.0 1428
1711536507063 0.0 1429
1711536512591 0.0 1430
1711536518121 0.0 1431
1711536523639 0.0 1432
1711536529192 0.0 1433
1711536534741 0.0 1434
1711536540237 0.0 1435
1711536545753 0.0 1436
1711536551524 0.0 1437
1711536557238 0.0 1438
1711536562750 0.0 1439
1711536568323 0.0 1440
1711536573871 0.0 1441
1711536579488 0.0 1442
1711536585069 0.0 1443
1711536590619 0.0 1444
1711536596205 0.0 1445
1711536602533 0.0 1446
1711536608123 0.0 1447
1711536613632 0.0 1448
1711536619221 0.0 1449
1711536629957 0.0 1450
1711536635470 0.0 1451
1711536641035 0.0 1452
1711536646614 0.0 1453
1711536652612 0.0 1454
1711536658132 0.0 1455
1711536663696 0.0 1456
1711536669236 0.0 1457
1711536674760 0.0 1458
1711536680318 0.0 1459
1711536685902 0.0 1460
1711536691458 0.0 1461
1711536697493 0.0 1462
1711536703031 0.0 1463
1711536708600 0.0 1464
1711536714126 0.0 1465
1711536719637 0.0 1466
1711536725215 0.0 1467
1711536730776 0.0 1468
1711536736383 0.0 1469
1711536742337 0.0 1470
1711536747887 0.0 1471
1711536753399 0.0 1472
1711536758959 0.0 1473
1711536764484 0.0 1474
1711536770043 0.0 1475
1711536775565 0.0 1476
1711536781264 0.0 1477
1711536786849 0.0 1478
1711536793269 0.0 1479
1711536798854 0.0 1480
1711536804514 0.0 1481
1711536810145 0.0 1482
1711536815719 0.0 1483
1711536821263 0.0 1484
1711536826785 0.0 1485
1711536832362 0.0 1486
1711536838672 0.0 1487
1711536844409 0.0 1488
1711536850036 0.0 1489
1711536855687 0.0 1490
1711536861366 0.0 1491
1711536866973 0.0 1492
1711536872551 0.0 1493
1711536878154 0.0 1494
1711536883725 0.0 1495
1711536889817 0.0 1496
1711536895405 0.0 1497
1711536900940 0.0 1498
1711536906483 0.0 1499
1711536917436 0.0 1500
1711536922954 0.0 1501
1711536928553 0.0 1502
1711536934449 0.0 1503
1711536939994 0.0 1504
1711536945585 0.0 1505
1711536951098 0.0 1506
1711536956674 0.0 1507
1711536962187 0.0 1508
1711536967711 0.0 1509
1711536973306 0.0 1510
1711536979162 0.0 1511
1711536984772 0.0 1512
1711536990292 0.0 1513
1711536995863 0.0 1514
1711537001402 0.0 1515
1711537006907 0.0 1516
1711537012487 0.0 1517
1711537017983 0.0 1518
1711537023910 0.0 1519
1711537029490 0.0 1520
1711537035099 0.0 1521
1711537040749 0.0 1522
1711537046287 0.0 1523
1711537051918 0.0 1524
1711537057507 0.0 1525
1711537063080 0.0 1526
1711537068665 0.0 1527
1711537074689 0.0 1528
1711537080262 0.0 1529
1711537085884 0.0 1530
1711537091516 0.0 1531
1711537097059 0.0 1532
1711537102644 0.0 1533
1711537108197 0.0 1534
1711537114180 0.0 1535
1711537119788 0.0 1536
1711537125318 0.0 1537
1711537130918 0.0 1538
1711537136483 0.0 1539
1711537142018 0.0 1540
1711537147663 0.0 1541
1711537153222 0.0 1542
1711537158799 0.0 1543
1711537164739 0.0 1544
1711537170299 0.0 1545
1711537175869 0.0 1546
1711537181422 0.0 1547
1711537187003 0.0 1548
1711537192588 0.0 1549
1711537203404 0.0 1550
1711537209337 0.0 1551
1711537214979 0.0 1552
1711537220618 0.0 1553
1711537226178 0.0 1554
1711537231816 0.0 1555
1711537237351 0.0 1556
1711537242905 0.0 1557
1711537248448 0.0 1558
1711537254450 0.0 1559
1711537259992 0.0 1560
1711537265557 0.0 1561
1711537271100 0.0 1562
1711537276685 0.0 1563
1711537282292 0.0 1564
1711537287867 0.0 1565
1711537293448 0.0 1566
1711537299412 0.0 1567
1711537305029 0.0 1568
1711537310648 0.0 1569
1711537316447 0.0 1570
1711537322032 0.0 1571
1711537327677 0.0 1572
1711537333274 0.0 1573
1711537338873 0.0 1574
1711537344852 0.0 1575
1711537350392 0.0 1576
1711537356015 0.0 1577
1711537361691 0.0 1578
1711537367339 0.0 1579
1711537372969 0.0 1580
1711537378560 0.0 1581
1711537384139 0.0 1582
1711537389983 0.0 1583
1711537395553 0.0 1584
1711537401178 0.0 1585
1711537406757 0.0 1586
1711537412408 0.0 1587
1711537418016 0.0 1588
1711537423621 0.0 1589
1711537429168 0.0 1590
1711537435190 0.0 1591
1711537440772 0.0 1592
1711537446362 0.0 1593
1711537451959 0.0 1594
1711537457595 0.0 1595
1711537463146 0.0 1596
1711537468720 0.0 1597
1711537474274 0.0 1598
1711537480312 0.0 1599
1711537491113 0.0 1600
1711537496640 0.0 1601
1711537502217 0.0 1602
1711537507758 0.0 1603
1711537513363 0.0 1604
1711537519013 0.0 1605
1711537524633 0.0 1606
1711537530647 0.0 1607
1711537536227 0.0 1608
1711537541730 0.0 1609
1711537547320 0.0 1610
1711537552872 0.0 1611
1711537558440 0.0 1612
1711537564040 0.0 1613
1711537569604 0.0 1614
1711537575652 0.0 1615
1711537581381 0.0 1616
1711537587058 0.0 1617
1711537592684 0.0 1618
1711537598277 0.0 1619
1711537603918 0.0 1620
1711537609569 0.0 1621
1711537615143 0.0 1622
1711537620980 0.0 1623
1711537626556 0.0 1624
1711537632116 0.0 1625
1711537637687 0.0 1626
1711537643239 0.0 1627
1711537648827 0.0 1628
1711537654379 0.0 1629
1711537659963 0.0 1630
1711537665538 0.0 1631
1711537671529 0.0 1632
1711537677171 0.0 1633
1711537682741 0.0 1634
1711537688327 0.0 1635
1711537693916 0.0 1636
1711537699463 0.0 1637
1711537704948 0.0 1638
1711537710794 0.0 1639
1711537716335 0.0 1640
1711537721857 0.0 1641
1711537727353 0.0 1642
1711537732854 0.0 1643
1711537738356 0.0 1644
1711537743862 0.0 1645
1711537749433 0.0 1646
1711537754965 0.0 1647
1711537760897 0.0 1648
1711537766389 0.0 1649
1711537777258 0.0 1650
1711537782794 0.0 1651
1711537788415 0.0 1652
1711537793892 0.0 1653
1711537799404 0.0 1654
1711537804926 0.0 1655
1711537810841 0.0 1656
1711537816290 0.0 1657
1711537821790 0.0 1658
1711537827366 0.0 1659
1711537832903 0.0 1660
1711537838363 0.0 1661
1711537843872 0.0 1662
1711537849355 0.0 1663
1711537855126 0.0 1664
1711537860596 0.0 1665
1711537866066 0.0 1666
1711537871538 0.0 1667
1711537877114 0.0 1668
1711537882686 0.0 1669
1711537888347 0.0 1670
1711537893915 0.0 1671
1711537899520 0.0 1672
1711537905538 0.0 1673
1711537911129 0.0 1674
1711537916667 0.0 1675
1711537922203 0.0 1676
1711537927790 0.0 1677
1711537933336 0.0 1678
1711537938901 0.0 1679
1711537944447 0.0 1680
1711537950387 0.0 1681
1711537955985 0.0 1682
1711537961515 0.0 1683
1711537967079 0.0 1684
1711537972654 0.0 1685
1711537978181 0.0 1686
1711537983723 0.0 1687
1711537989309 0.0 1688
1711537994842 0.0 1689
1711538000846 0.0 1690
1711538006332 0.0 1691
1711538011963 0.0 1692
1711538017604 0.0 1693
1711538023124 0.0 1694
1711538028649 0.0 1695
1711538034198 0.0 1696
1711538040056 0.0 1697
1711538045593 0.0 1698
1711538051178 0.0 1699
1711538062009 0.0 1700
1711538067577 0.0 1701
1711538073153 0.0 1702
1711538078682 0.0 1703
1711538084192 0.0 1704
1711538090193 0.0 1705
1711538095709 0.0 1706
1711538101223 0.0 1707
1711538106776 0.0 1708
1711538112269 0.0 1709
1711538117815 0.0 1710
1711538123349 0.0 1711
1711538128970 0.0 1712
1711538134953 0.0 1713
1711538140538 0.0 1714
1711538146045 0.0 1715
1711538151598 0.0 1716
1711538157132 0.0 1717
1711538162657 0.0 1718
1711538168208 0.0 1719
1711538173728 0.0 1720
1711538179268 0.0 1721
1711538185260 0.0 1722
1711538190892 0.0 1723
1711538196559 0.0 1724
1711538202097 0.0 1725
1711538207677 0.0 1726
1711538213240 0.0 1727
1711538218780 0.0 1728
1711538224401 0.0 1729
1711538230492 0.0 1730
1711538236050 0.0 1731
1711538241630 0.0 1732
1711538247197 0.0 1733
1711538252738 0.0 1734
1711538258251 0.0 1735
1711538263808 0.0 1736
1711538269340 0.0 1737
1711538275288 0.0 1738
1711538280893 0.0 1739
1711538286423 0.0 1740
1711538292018 0.0 1741
1711538297662 0.0 1742
1711538303361 0.0 1743
1711538308939 0.0 1744
1711538314495 0.0 1745
1711538320100 0.0 1746
1711538326154 0.0 1747
1711538331646 0.0 1748
1711538337225 0.0 1749
1711538348042 0.0 1750
1711538353540 0.0 1751
1711538359172 0.0 1752
1711538364769 0.0 1753
1711538370651 0.0 1754
1711538376228 0.0 1755
1711538381761 0.0 1756
1711538387276 0.0 1757
1711538392816 0.0 1758
1711538398332 0.0 1759
1711538403848 0.0 1760
1711538409423 0.0 1761
1711538415408 0.0 1762
1711538420993 0.0 1763
1711538426505 0.0 1764
1711538432132 0.0 1765
1711538437700 0.0 1766
1711538443257 0.0 1767
1711538448808 0.0 1768
1711538454332 0.0 1769
1711538459879 0.0 1770
1711538465854 0.0 1771
1711538471357 0.0 1772
1711538476913 0.0 1773
1711538482403 0.0 1774
1711538487909 0.0 1775
1711538493454 0.0 1776
1711538498996 0.0 1777
1711538504497 0.0 1778
1711538510455 0.0 1779
1711538516106 0.0 1780
1711538521655 0.0 1781
1711538527223 0.0 1782
1711538532760 0.0 1783
1711538538275 0.0 1784
1711538543876 0.0 1785
1711538549531 0.0 1786
1711538555642 0.0 1787
1711538561204 0.0 1788
1711538566780 0.0 1789
1711538572330 0.0 1790
1711538577840 0.0 1791
1711538583312 0.0 1792
1711538588826 0.0 1793
1711538594364 0.0 1794
1711538599986 0.0 1795
1711538605907 0.0 1796
1711538611396 0.0 1797
1711538616908 0.0 1798
1711538622412 0.0 1799
1711538633107 0.0 1800
1711538638606 0.0 1801
1711538644177 0.0 1802
1711538650146 0.0 1803
1711538655662 0.0 1804
1711538661206 0.0 1805
1711538666696 0.0 1806
1711538672228 0.0 1807
1711538677684 0.0 1808
1711538683183 0.0 1809
1711538688732 0.0 1810
1711538694316 0.0 1811
1711538700599 0.0 1812
1711538706131 0.0 1813
1711538711638 0.0 1814
1711538717157 0.0 1815
1711538722760 0.0 1816
1711538728321 0.0 1817
1711538733875 0.0 1818
1711538739415 0.0 1819
1711538745331 0.0 1820
1711538750882 0.0 1821
1711538756463 0.0 1822
1711538762144 0.0 1823
1711538767653 0.0 1824
1711538773170 0.0 1825
1711538778727 0.0 1826
1711538784256 0.0 1827
1711538789808 0.0 1828
1711538795800 0.0 1829
1711538801349 0.0 1830
1711538806896 0.0 1831
1711538812454 0.0 1832
1711538817994 0.0 1833
1711538823476 0.0 1834
1711538828978 0.0 1835
1711538834555 0.0 1836
1711538840055 0.0 1837
1711538846043 0.0 1838
1711538851530 0.0 1839
1711538856992 0.0 1840
1711538862565 0.0 1841
1711538868101 0.0 1842
1711538873642 0.0 1843
1711538879169 0.0 1844
1711538884687 0.0 1845
1711538890673 0.0 1846
1711538896175 0.0 1847
1711538901651 0.0 1848
1711538907110 0.0 1849
1711538917784 0.0 1850
1711538923322 0.0 1851
1711538928886 0.0 1852
1711538934375 0.0 1853
1711538940269 0.0 1854
1711538945781 0.0 1855
1711538951248 0.0 1856
1711538956814 0.0 1857
1711538962306 0.0 1858
1711538967783 0.0 1859
1711538973262 0.0 1860
1711538978805 0.0 1861
1711538984321 0.0 1862
1711538990274 0.0 1863
1711538995776 0.0 1864
1711539001336 0.0 1865
1711539006872 0.0 1866
1711539012373 0.0 1867
1711539017884 0.0 1868
1711539023389 0.0 1869
1711539028888 0.0 1870
1711539034648 0.0 1871
1711539040152 0.0 1872
1711539045656 0.0 1873
1711539051154 0.0 1874
1711539056724 0.0 1875
1711539062252 0.0 1876
1711539067767 0.0 1877
1711539073334 0.0 1878
1711539078806 0.0 1879
1711539084760 0.0 1880
1711539090277 0.0 1881
1711539095774 0.0 1882
1711539101221 0.0 1883
1711539106754 0.0 1884
1711539112275 0.0 1885
1711539117779 0.0 1886
1711539123253 0.0 1887
1711539128734 0.0 1888
1711539134730 0.0 1889
1711539140256 0.0 1890
1711539145825 0.0 1891
1711539151318 0.0 1892
1711539156824 0.0 1893
1711539162376 0.0 1894
1711539167901 0.0 1895
1711539173427 0.0 1896
1711539179357 0.0 1897
1711539184907 0.0 1898
1711539190410 0.0 1899
1711539201363 0.0 1900
1711539206866 0.0 1901
1711539212350 0.0 1902
1711539217871 0.0 1903
1711539223359 0.0 1904
1711539229348 0.0 1905
1711539234908 0.0 1906
1711539240439 0.0 1907
1711539245954 0.0 1908
1711539251484 0.0 1909
1711539257010 0.0 1910
1711539262510 0.0 1911
1711539268027 0.0 1912
1711539273856 0.0 1913
1711539279489 0.0 1914
1711539285012 0.0 1915
1711539290584 0.0 1916
1711539296176 0.0 1917
1711539301888 0.0 1918
1711539307508 0.0 1919
1711539313083 0.0 1920
1711539318671 0.0 1921
1711539324658 0.0 1922
1711539330191 0.0 1923
1711539335780 0.0 1924
1711539341353 0.0 1925
1711539346897 0.0 1926
1711539352507 0.0 1927
1711539358040 0.0 1928
1711539363642 0.0 1929
1711539369661 0.0 1930
1711539375195 0.0 1931
1711539380782 0.0 1932
1711539386308 0.0 1933
1711539391857 0.0 1934
1711539397375 0.0 1935
1711539402999 0.0 1936
1711539408539 0.0 1937
1711539414369 0.0 1938
1711539419875 0.0 1939
1711539425424 0.0 1940
1711539430988 0.0 1941
1711539436541 0.0 1942
1711539442073 0.0 1943
1711539447567 0.0 1944
1711539453150 0.0 1945
1711539458691 0.0 1946
1711539464731 0.0 1947
1711539470264 0.0 1948
1711539475830 0.0 1949
1711539486709 0.0 1950
1711539492248 0.0 1951
1711539497815 0.0 1952
1711539503447 0.0 1953
1711539509413 0.0 1954
1711539514938 0.0 1955
1711539520569 0.0 1956
1711539526107 0.0 1957
1711539531671 0.0 1958
1711539537210 0.0 1959
1711539542771 0.0 1960
1711539548398 0.0 1961
1711539553914 0.0 1962
1711539559941 0.0 1963
1711539565487 0.0 1964
1711539571081 0.0 1965
1711539576833 0.0 1966
1711539582457 0.0 1967
1711539588034 0.0 1968
1711539593639 0.0 1969
1711539599205 0.0 1970
1711539605167 0.0 1971
1711539610666 0.0 1972
1711539616163 0.0 1973
1711539621734 0.0 1974
1711539627272 0.0 1975
1711539632859 0.0 1976
1711539638375 0.0 1977
1711539643910 0.0 1978
1711539649849 0.0 1979
1711539655366 0.0 1980
1711539660949 0.0 1981
1711539666454 0.0 1982
1711539671954 0.0 1983
1711539677507 0.0 1984
1711539683070 0.0 1985
1711539688646 0.0 1986
1711539694195 0.0 1987
1711539700205 0.0 1988
1711539705744 0.0 1989
1711539711327 0.0 1990
1711539716826 0.0 1991
1711539722328 0.0 1992
1711539727939 0.0 1993
1711539733483 0.0 1994
1711539739100 0.0 1995
1711539745107 0.0 1996
1711539750673 0.0 1997
1711539756273 0.0 1998
1711539761836 0.0 1999
1711539772910 0.0 2000
1711539778475 0.0 2001
1711539784037 0.0 2002
1711539789595 0.0 2003
1711539795579 0.0 2004
1711539801072 0.0 2005
1711539806655 0.0 2006
1711539812180 0.0 2007
1711539817786 0.0 2008
1711539823335 0.0 2009
1711539828934 0.0 2010
1711539834433 0.0 2011
1711539840454 0.0 2012
1711539846189 0.0 2013
1711539851752 0.0 2014
1711539857335 0.0 2015
1711539862864 0.0 2016
1711539868412 0.0 2017
1711539873925 0.0 2018
1711539879496 0.0 2019
1711539885011 0.0 2020
1711539890985 0.0 2021
1711539896538 0.0 2022
1711539902077 0.0 2023
1711539907600 0.0 2024
1711539913211 0.0 2025
1711539918745 0.0 2026
1711539924297 0.0 2027
1711539930126 0.0 2028
1711539935716 0.0 2029
1711539941222 0.0 2030
1711539946787 0.0 2031
1711539952340 0.0 2032
1711539957979 0.0 2033
1711539963599 0.0 2034
1711539969135 0.0 2035
1711539974714 0.0 2036
1711539980677 0.0 2037
1711539986198 0.0 2038
1711539991761 0.0 2039
1711539997342 0.0 2040
1711540002861 0.0 2041
1711540008440 0.0 2042
1711540013999 0.0 2043
1711540019523 0.0 2044
1711540025491 0.0 2045
1711540030999 0.0 2046
1711540036461 0.0 2047
1711540041857 0.0 2048
1711540047240 0.0 2049
1711540057968 0.0 2050
1711540063352 0.0 2051
1711540068748 0.0 2052
1711540074204 0.0 2053
1711540080067 0.0 2054
1711540085519 0.0 2055
1711540090986 0.0 2056
1711540096395 0.0 2057
1711540101833 0.0 2058
1711540107246 0.0 2059
1711540112601 0.0 2060
1711540118022 0.0 2061
1711540123845 0.0 2062
1711540129238 0.0 2063
1711540134617 0.0 2064
1711540140007 0.0 2065
1711540145369 0.0 2066
1711540150811 0.0 2067
1711540156217 0.0 2068
1711540161675 0.0 2069
1711540167065 0.0 2070
1711540172752 0.0 2071
1711540178149 0.0 2072
1711540183602 0.0 2073
1711540189038 0.0 2074
1711540194435 0.0 2075
1711540199841 0.0 2076
1711540205237 0.0 2077
1711540210661 0.0 2078
1711540216105 0.0 2079
1711540221644 0.0 2080
1711540227645 0.0 2081
1711540233043 0.0 2082
1711540238504 0.0 2083
1711540243898 0.0 2084
1711540249332 0.0 2085
1711540254790 0.0 2086
1711540260244 0.0 2087
1711540265728 0.0 2088
1711540271197 0.0 2089
1711540277053 0.0 2090
1711540282471 0.0 2091
1711540287925 0.0 2092
1711540293327 0.0 2093
1711540298725 0.0 2094
1711540304157 0.0 2095
1711540309579 0.0 2096
1711540315020 0.0 2097
1711540320395 0.0 2098
1711540326207 0.0 2099
1711540336937 0.0 2100
1711540342372 0.0 2101
1711540347814 0.0 2102
1711540353258 0.0 2103
1711540358701 0.0 2104
1711540364232 0.0 2105
1711540369829 0.0 2106
1711540375223 0.0 2107
1711540380653 0.0 2108
1711540386055 0.0 2109
1711540391473 0.0 2110
1711540396855 0.0 2111
1711540402254 0.0 2112
1711540407651 0.0 2113
1711540413027 0.0 2114
1711540418862 0.0 2115
1711540424448 0.0 2116
1711540429866 0.0 2117
1711540435276 0.0 2118
1711540440708 0.0 2119
1711540446164 0.0 2120
1711540451540 0.0 2121
1711540456918 0.0 2122
1711540462398 0.0 2123
1711540468311 0.0 2124
1711540473789 0.0 2125
1711540479212 0.0 2126
1711540484756 0.0 2127
1711540490316 0.0 2128
1711540495772 0.0 2129
1711540501231 0.0 2130
1711540506696 0.0 2131
1711540512125 0.0 2132
1711540517506 0.0 2133
1711540523454 0.0 2134
1711540528904 0.0 2135
1711540534348 0.0 2136
1711540539822 0.0 2137
1711540545299 0.0 2138
1711540550818 0.0 2139
1711540556351 0.0 2140
1711540561868 0.0 2141
1711540567295 0.0 2142
1711540573207 0.0 2143
1711540578669 0.0 2144
1711540584156 0.0 2145
1711540589602 0.0 2146
1711540595010 0.0 2147
1711540600415 0.0 2148
1711540605794 0.0 2149
1711540616690 0.0 2150
1711540622716 0.0 2151
1711540628160 0.0 2152
1711540633560 0.0 2153
1711540639000 0.0 2154
1711540644464 0.0 2155
1711540649968 0.0 2156
1711540655468 0.0 2157
1711540660948 0.0 2158
1711540666403 0.0 2159
1711540672280 0.0 2160
1711540677682 0.0 2161
1711540683126 0.0 2162
1711540688609 0.0 2163
1711540694031 0.0 2164
1711540699452 0.0 2165
1711540704892 0.0 2166
1711540710472 0.0 2167
1711540715922 0.0 2168
1711540721859 0.0 2169
1711540727264 0.0 2170
1711540732698 0.0 2171
1711540738034 0.0 2172
1711540743474 0.0 2173
1711540748847 0.0 2174
1711540754242 0.0 2175
1711540759666 0.0 2176
1711540765239 0.0 2177
1711540771176 0.0 2178
1711540776560 0.0 2179
1711540781991 0.0 2180
1711540787437 0.0 2181
1711540792956 0.0 2182
1711540798350 0.0 2183
1711540803829 0.0 2184
1711540809217 0.0 2185
1711540814593 0.0 2186
1711540820490 0.0 2187
1711540825936 0.0 2188
1711540831342 0.0 2189
1711540836748 0.0 2190
1711540842149 0.0 2191
1711540847533 0.0 2192
1711540853029 0.0 2193
1711540858443 0.0 2194
1711540863818 0.0 2195
1711540869672 0.0 2196
1711540875028 0.0 2197
1711540880422 0.0 2198
1711540885783 0.0 2199
1711540896464 0.0 2200
1711540901898 0.0 2201
1711540907287 0.0 2202
1711540912710 0.0 2203
1711540918571 0.0 2204
1711540923980 0.0 2205
1711540929366 0.0 2206
1711540934863 0.0 2207
1711540940295 0.0 2208
1711540945782 0.0 2209
1711540951181 0.0 2210
1711540956675 0.0 2211
1711540962212 0.0 2212
1711540968085 0.0 2213
1711540973538 0.0 2214
1711540978923 0.0 2215
1711540984361 0.0 2216
1711540989751 0.0 2217
1711540995164 0.0 2218
1711541000571 0.0 2219
1711541006027 0.0 2220
1711541011387 0.0 2221
1711541017162 0.0 2222
1711541022581 0.0 2223
1711541028110 0.0 2224
1711541033534 0.0 2225
1711541038909 0.0 2226
1711541044309 0.0 2227
1711541049784 0.0 2228
1711541055197 0.0 2229
1711541060623 0.0 2230
1711541066527 0.0 2231
1711541071979 0.0 2232
1711541077369 0.0 2233
1711541082821 0.0 2234
1711541088234 0.0 2235
1711541093612 0.0 2236
1711541099071 0.0 2237
1711541104521 0.0 2238
1711541109951 0.0 2239
1711541115769 0.0 2240
1711541121229 0.0 2241
1711541126661 0.0 2242
1711541132089 0.0 2243
1711541137482 0.0 2244
1711541142846 0.0 2245
1711541148196 0.0 2246
1711541153547 0.0 2247
1711541158908 0.0 2248
1711541164578 0.0 2249
1711541175292 0.0 2250
1711541180760 0.0 2251
1711541186155 0.0 2252
1711541191556 0.0 2253
1711541196933 0.0 2254
1711541202354 0.0 2255
1711541207754 0.0 2256
1711541213373 0.0 2257
1711541218777 0.0 2258
1711541224154 0.0 2259
1711541229538 0.0 2260
1711541234958 0.0 2261
1711541240347 0.0 2262
1711541245680 0.0 2263
1711541251036 0.0 2264
1711541256389 0.0 2265
1711541261799 0.0 2266
1711541267617 0.0 2267
1711541273002 0.0 2268
1711541278430 0.0 2269
1711541283893 0.0 2270
1711541289261 0.0 2271
1711541294663 0.0 2272
1711541300026 0.0 2273
1711541305425 0.0 2274
1711541311251 0.0 2275
1711541316668 0.0 2276
1711541322090 0.0 2277
1711541327537 0.0 2278
1711541332943 0.0 2279
1711541338403 0.0 2280
1711541343785 0.0 2281
1711541349183 0.0 2282
1711541354607 0.0 2283
1711541360441 0.0 2284
1711541365820 0.0 2285
1711541371181 0.0 2286
1711541376701 0.0 2287
1711541382094 0.0 2288
1711541387566 0.0 2289
1711541392993 0.0 2290
1711541398421 0.0 2291
1711541403856 0.0 2292
1711541409755 0.0 2293
1711541415157 0.0 2294
1711541420544 0.0 2295
1711541425978 0.0 2296
1711541431355 0.0 2297
1711541436729 0.0 2298
1711541442177 0.0 2299
1711541453098 0.0 2300
1711541458499 0.0 2301
1711541464335 0.0 2302
1711541469782 0.0 2303
1711541475217 0.0 2304
1711541480674 0.0 2305
1711541486103 0.0 2306
1711541491498 0.0 2307
1711541496945 0.0 2308
1711541502396 0.0 2309
1711541507814 0.0 2310
1711541513742 0.0 2311
1711541519095 0.0 2312
1711541524499 0.0 2313
1711541529859 0.0 2314
1711541535234 0.0 2315
1711541540623 0.0 2316
1711541546054 0.0 2317
1711541551472 0.0 2318
1711541556893 0.0 2319
1711541562780 0.0 2320
1711541568199 0.0 2321
1711541573625 0.0 2322
1711541579136 0.0 2323
1711541584543 0.0 2324
1711541589981 0.0 2325
1711541595388 0.0 2326
1711541600844 0.0 2327
1711541606273 0.0 2328
1711541612077 0.0 2329
1711541617427 0.0 2330
1711541622857 0.0 2331
1711541628329 0.0 2332
1711541633809 0.0 2333
1711541639253 0.0 2334
1711541644729 0.0 2335
1711541650155 0.0 2336
1711541655637 0.0 2337
1711541661511 0.0 2338
1711541666920 0.0 2339
1711541672278 0.0 2340
1711541677689 0.0 2341
1711541683097 0.0 2342
1711541688506 0.0 2343
1711541693932 0.0 2344
1711541699354 0.0 2345
1711541704777 0.0 2346
1711541710673 0.0 2347
1711541716079 0.0 2348
1711541721558 0.0 2349
1711541732450 0.0 2350
1711541737907 0.0 2351
1711541743296 0.0 2352
1711541748673 0.0 2353
1711541754040 0.0 2354
1711541759905 0.0 2355
1711541765300 0.0 2356
1711541770671 0.0 2357
1711541776202 0.0 2358
1711541781614 0.0 2359
1711541787007 0.0 2360
1711541792420 0.0 2361
1711541797938 0.0 2362
1711541803409 0.0 2363
1711541809247 0.0 2364
1711541814638 0.0 2365
1711541820049 0.0 2366
1711541825486 0.0 2367
1711541830842 0.0 2368
1711541836229 0.0 2369
1711541841615 0.0 2370
1711541847000 0.0 2371
1711541852374 0.0 2372
1711541858264 0.0 2373
1711541863772 0.0 2374
1711541869261 0.0 2375
1711541874651 0.0 2376
1711541880004 0.0 2377
1711541885359 0.0 2378
1711541890727 0.0 2379
1711541896131 0.0 2380
1711541901529 0.0 2381
1711541907368 0.0 2382
1711541912786 0.0 2383
1711541918204 0.0 2384
1711541923637 0.0 2385
1711541929101 0.0 2386
1711541934468 0.0 2387
1711541939895 0.0 2388
1711541945321 0.0 2389
1711541950791 0.0 2390
1711541956743 0.0 2391
1711541962135 0.0 2392
1711541967560 0.0 2393
1711541972970 0.0 2394
1711541978410 0.0 2395
1711541983831 0.0 2396
1711541989206 0.0 2397
1711541994644 0.0 2398
1711542000054 0.0 2399
1711542011358 0.0 2400
1711542016779 0.0 2401
1711542022172 0.0 2402
1711542027623 0.0 2403
1711542033057 0.0 2404
1711542038495 0.0 2405
1711542043935 0.0 2406
1711542049389 0.0 2407
1711542055063 0.0 2408
1711542060526 0.0 2409
1711542065961 0.0 2410
1711542071370 0.0 2411
1711542076750 0.0 2412
1711542082249 0.0 2413
1711542087747 0.0 2414
1711542093257 0.0 2415
1711542098771 0.0 2416
1711542104586 0.0 2417
1711542110066 0.0 2418
1711542115538 0.0 2419
1711542120963 0.0 2420
1711542126413 0.0 2421
1711542131863 0.0 2422
1711542137306 0.0 2423
1711542142712 0.0 2424
1711542148129 0.0 2425
1711542154054 0.0 2426
1711542159488 0.0 2427
1711542164881 0.0 2428
1711542170363 0.0 2429
1711542175813 0.0 2430
1711542181325 0.0 2431
1711542186766 0.0 2432
1711542192293 0.0 2433
1711542197789 0.0 2434
1711542203748 0.0 2435
1711542209150 0.0 2436
1711542214622 0.0 2437
1711542220086 0.0 2438
1711542225534 0.0 2439
1711542231033 0.0 2440
1711542236432 0.0 2441
1711542241851 0.0 2442
1711542247304 0.0 2443
1711542253137 0.0 2444
1711542258513 0.0 2445
1711542263909 0.0 2446
1711542269385 0.0 2447
1711542274834 0.0 2448
1711542280295 0.0 2449
1711542291122 0.0 2450
1711542296514 0.0 2451
1711542302340 0.0 2452
1711542307814 0.0 2453
1711542313343 0.0 2454
1711542318837 0.0 2455
1711542324293 0.0 2456
1711542329793 0.0 2457
1711542335204 0.0 2458
1711542340658 0.0 2459
1711542346039 0.0 2460
1711542351906 0.0 2461
1711542357341 0.0 2462
1711542362848 0.0 2463
1711542368293 0.0 2464
1711542373732 0.0 2465
1711542379172 0.0 2466
1711542384644 0.0 2467
1711542390057 0.0 2468
1711542395507 0.0 2469
1711542401365 0.0 2470
1711542406823 0.0 2471
1711542412223 0.0 2472
1711542417666 0.0 2473
1711542423159 0.0 2474
1711542428585 0.0 2475
1711542434081 0.0 2476
1711542439464 0.0 2477
1711542444873 0.0 2478
1711542450733 0.0 2479
1711542456123 0.0 2480
1711542461511 0.0 2481
1711542466948 0.0 2482
1711542472363 0.0 2483
1711542477838 0.0 2484
1711542483304 0.0 2485
1711542488801 0.0 2486
1711542494694 0.0 2487
1711542500212 0.0 2488
1711542505657 0.0 2489
1711542511091 0.0 2490
1711542516542 0.0 2491
1711542521991 0.0 2492
1711542527396 0.0 2493
1711542532802 0.0 2494
1711542538275 0.0 2495
1711542544327 0.0 2496
1711542549841 0.0 2497
1711542555353 0.0 2498
1711542560774 0.0 2499
1711542571639 0.0 2500
1711542577059 0.0 2501
1711542582510 0.0 2502
1711542587979 0.0 2503
1711542593880 0.0 2504
1711542599317 0.0 2505
1711542604774 0.0 2506
1711542610257 0.0 2507
1711542615700 0.0 2508
1711542621139 0.0 2509
1711542626598 0.0 2510
1711542632032 0.0 2511
1711542637872 0.0 2512
1711542643257 0.0 2513
1711542648660 0.0 2514
1711542654128 0.0 2515
1711542659562 0.0 2516
1711542665018 0.0 2517
1711542670424 0.0 2518
1711542675845 0.0 2519
1711542681310 0.0 2520
1711542687126 0.0 2521
1711542692602 0.0 2522
1711542697999 0.0 2523
1711542703537 0.0 2524
